x,y,z,r
286.342,377.853,0,11.8143
897.156,879.044,0,19.0635
140.292,361.958,0,18.3653
971.899,421.019,0,5.49574
904.377,528.48,0,12.761
517.95,64.3285,0,14.7304
443.397,983.445,0,9.75727
205.327,293.306,0,16.9171
256.2,361.012,0,9.1033
816.367,171.986,0,8.39265
679.271,458.328,0,14.0604
133.559,355.484,0,12.2461
71.125,495.776,0,17.6755
962.148,467.675,0,8.99075
995.197,372.052,0,16.9179
512.595,890.002,0,17.8829
161.292,333.399,0,17.6345
478.443,538.726,0,7.03413
272.914,794.926,0,12.4493
546.467,611.293,0,15.0291
772.644,290.565,0,6.90403
376.673,424.123,0,12.2363
859.746,495.248,0,19.6729
704.777,457.396,0,11.6881
970.827,452.594,0,17.2688
765.357,965.189,0,15.6189
624.214,126.48,0,5.61985
466.517,604.923,0,13.7007
602.126,877.837,0,10.6246
98.7465,424.305,0,19.794
767.353,196.949,0,9.15251
894.288,573.622,0,15.5144
376.707,433.369,0,7.94309
354.903,138.146,0,14.804
800.774,108.973,0,6.59294
618.696,874.33,0,6.07077
326.621,498.544,0,7.96798
367.945,965.061,0,17.0418
947.994,567.187,0,15.2094
322.97,665.934,0,6.57395
309.24,433.287,0,9.52819
586.074,327.576,0,18.1325
287.031,704.283,0,9.63305
483.237,59.1861,0,11.7052
136.839,859.96,0,13.3398
243.035,478.656,0,11.4548
314.419,805.277,0,18.933
512.284,173.222,0,18.4089
315.072,121.216,0,11.9167
995.698,444.186,0,6.90569
100.628,753.426,0,13.405
402.508,339.5,0,18.3186
278.009,626.531,0,13.8829
586.879,109.767,0,14.7707
33.8958,246.606,0,12.6701
589.885,489.641,0,19.8499
20.2046,804.06,0,16.9291
949.068,316.344,0,19.5274
842.993,631.417,0,6.34562
304.105,627.115,0,13.0084
431.151,727.743,0,9.30981
991.484,130.251,0,14.4023
879.393,408.26,0,8.80027
471.585,995.139,0,10.4468
122.963,29.035,0,14.1459
634.301,618.92,0,6.49047
624.295,639.125,0,18.5514
419.566,588.193,0,8.29653
388.058,431.186,0,17.7678
477.767,735.291,0,12.1745
11.6613,166.442,0,8.09064
298.982,157.926,0,10.0444
925.802,37.319,0,16.1683
179.153,508.904,0,16.0954
542.272,631.867,0,16.5309
151.996,266.168,0,10.8147
251.361,890.463,0,5.40159
154.785,310.029,0,14.2245
374.554,698.088,0,5.69227
225.739,175.854,0,16.7216
704.039,187.516,0,19.2183
910.082,486.498,0,6.58716
246.375,412.3,0,7.14695
990.928,591.453,0,14.7805
730.621,133.725,0,9.25852
499.348,285.721,0,13.251
886.996,537.082,0,11.608
913.768,691.867,0,16.2584
528.734,66.4207,0,11.7297
574.885,292.16,0,14.3676
356.328,996.199,0,17.1803
304.213,906.281,0,9.47775
410.024,152.656,0,15.6622
553.154,143.584,0,9.53404
205.188,874.205,0,11.5399
489.089,373.553,0,15.8257
39.1582,260.548,0,8.88195
479.691,174.317,0,19.26
230.252,703.05,0,5.25627
678.901,277.936,0,9.63867
303.405,634.264,0,9.58165
115.424,938.477,0,8.17586
413.94,348.501,0,10.4657
124.756,901.655,0,12.6195
427.026,106.843,0,10.7325
863.02,595.932,0,16.3358
584.736,635.09,0,5.24405
843.533,114.781,0,7.8588
794.196,345.033,0,18.4046
811.281,23.934,0,7.57359
120.525,327.339,0,17.0876
425.968,442.762,0,16.1647
637.692,856.702,0,6.39222
2.07148,981.459,0,19.917
510.035,408.485,0,6.51968
892.204,271.505,0,15.4587
647.925,856.24,0,9.98501
664.195,699.773,0,11.7067
854.781,493.969,0,16.8822
748.418,305.25,0,17.2412
919.991,425.775,0,7.1513
725.828,851.743,0,13.7927
470.142,489.435,0,11.6433
562.957,491.507,0,11.3651
557.426,1.54195,0,17.4924
658.738,893.746,0,6.56498
355.982,541.671,0,19.4086
688.316,205.866,0,14.9052
135.43,60.6473,0,7.31472
927.577,809.066,0,11.8935
743.658,729.057,0,18.2801
887.078,454.885,0,16.0563
473.26,925.027,0,8.39778
916.144,487.983,0,15.7704
340.487,45.4092,0,15.7935
173.314,704.148,0,14.1997
277.647,60.13,0,7.32476
238.219,748.446,0,10.4127
898.565,883.877,0,11.3225
52.88,811.454,0,8.45844
512.445,555.112,0,19.3943
397.785,442.191,0,11.2176
134.868,915.451,0,10.093
361.387,831.595,0,17.4127
79.4125,172.082,0,18.0938
798.98,345.397,0,13.6561
412.293,623.043,0,14.558
567.277,861.263,0,10.7847
928.127,759.828,0,9.04285
349.624,812.708,0,6.21466
580.186,325.153,0,14.5413
539.806,722.938,0,6.17421
954.31,857.806,0,19.906
293.84,219.193,0,17.3799
121.354,298.606,0,19.9611
994.277,97.5856,0,10.1421
571.348,509.879,0,19.4877
208.548,77.1554,0,17.4067
594.195,5.28194,0,13.8041
863.718,354.905,0,10.9947
944.695,935.092,0,15.872
580.785,474.897,0,11.7161
659.065,429.207,0,9.58315
652.796,723.047,0,12.871
478.123,844.401,0,17.3501
475.531,838.678,0,18.8139
818.336,410.026,0,11.4621
784.184,618.574,0,12.6194
611.296,212.769,0,12.6987
198.235,76.4871,0,18.0222
597.881,21.1823,0,17.0486
322.681,601.967,0,9.17207
770.418,261.033,0,15.6102
75.9615,913.829,0,11.4559
600.698,391.951,0,9.1219
424.04,867.482,0,6.70208
344.968,685.818,0,12.8525
775.774,470.003,0,7.13108
283.736,81.2984,0,10.3226
796.98,279.533,0,11.4699
665.129,877.414,0,11.7877
468.37,200.095,0,5.81717
746.508,970.513,0,9.73266
453.853,46.4748,0,8.44009
884.245,647.173,0,14.3194
159.038,71.2131,0,12.3316
272.51,416.181,0,7.61888
796.008,191.956,0,14.6689
938.081,475.692,0,15.8884
292.922,272.672,0,5.08139
724.251,937.801,0,18.2426
176.761,406.17,0,6.24403
231.24,152.678,0,5.80173
546.75,606.531,0,6.49886
776.09,490.776,0,16.2064
397.381,649.814,0,17.2746
886.154,922.325,0,8.51736
60.7459,718.333,0,11.3967
705.34,656.414,0,18.5321
431.233,949.336,0,7.62215
436.659,673.586,0,6.68916
319.5,850.348,0,12.7817
402.435,81.5874,0,15.0719
455.884,628.338,0,9.16986
555.808,404.427,0,16.5315
302.905,801.808,0,11.2787
121.214,687.962,0,10.1136
355.705,748.708,0,5.88857
782.152,454.048,0,15.7348
684.29,885.282,0,14.9748
859.1,321.941,0,10.0786
971.711,641.441,0,7.83382
490.492,43.8767,0,9.05763
161.952,499.761,0,18.4827
439.942,55.5693,0,9.54911
208.708,358.474,0,6.57623
627.289,479.688,0,16.8957
968.194,835.393,0,13.1263
27.4321,617.545,0,19.937
743.084,301.835,0,18.2162
408.071,160.935,0,8.04536
746.645,132.646,0,17.667
935.566,623.138,0,18.3251
206.075,785.089,0,10.8215
104.921,225.032,0,11.6551
408.195,433.74,0,17.0322
513.277,61.0289,0,9.22752
306.321,29.2229,0,6.75842
848.073,56.6551,0,16.0216
843.874,799.739,0,5.54912
724.956,207.81,0,7.96315
927.98,954.455,0,9.95284
772.445,890.021,0,19.2999
660.786,96.0956,0,16.0763
48.8891,201.017,0,19.4517
492.561,609.212,0,10.9578
294.707,122.489,0,11.8733
576.542,428.81,0,12.3116
693.769,276.883,0,13.1614
428.542,120.757,0,10.1575
465.151,845.713,0,13.2747
662.694,773.692,0,12.5915
992.883,546.137,0,10.9418
946.211,206.923,0,12.3832
684.628,255.812,0,15.3985
648.076,748.373,0,9.53665
45.2646,43.0806,0,11.374
503.482,619.622,0,17.8061
990.922,313.391,0,6.95938
535.017,741.934,0,8.77073
878.851,207.084,0,6.45642
430.495,869.778,0,18.0618
936.594,862.662,0,11.2539
332.713,808.873,0,14.3577
824.928,493.501,0,18.1949
518.159,141.577,0,14.4205
820.603,186.841,0,15.0667
245.536,690.323,0,9.36104
99.2781,681.245,0,14.0619
229.904,216.262,0,10.1909
481.286,95.1131,0,13.2972
578.381,525.608,0,11.3439
449.168,462.202,0,9.28379
866.092,794.915,0,6.41688
489.939,619.842,0,13.8194
369.599,138.002,0,15.943
997.632,958.604,0,18.7457
668.745,204.14,0,14.1005
959.481,303.418,0,9.31918
563.608,533.322,0,12.5631
909.67,14.6077,0,13.9898
462.815,592.988,0,6.87393
885.739,42.1561,0,13.807
171.325,908.248,0,10.7307
265.784,398.187,0,5.02831
853.743,767.785,0,7.09834
583.279,765.417,0,6.4774
499.657,434.162,0,9.5395
106.357,393.644,0,14.0908
394.303,957.252,0,7.0906
898.51,866.922,0,7.30972
497.831,329.737,0,16.2045
622.76,215.476,0,16.8369
209.891,386.801,0,15.4606
591.936,652.585,0,6.4334
593.824,506.328,0,17.9502
733.713,89.607,0,14.4314
832.206,589.264,0,5.94387
134.84,695.621,0,11.8485
740.891,89.9235,0,11.2073
880.265,988.434,0,9.21113
34.2462,486.265,0,14.1572
781.216,109.025,0,17.3893
570.341,318.915,0,8.19133
267.715,910.851,0,17.9801
363.275,504.675,0,10.575
226.62,238.387,0,11.9191
855.383,70.5937,0,5.75808
918.307,205.434,0,16.1924
374.876,946.325,0,17.5413
788.696,826.59,0,17.3678
69.4375,860.836,0,9.66173
679.916,642.052,0,11.2971
505.871,212.394,0,16.0808
718.626,480.108,0,14.7436
583.967,843.383,0,7.31372
955.635,70.0037,0,10.8895
416.91,925.386,0,11.9484
467.449,843.694,0,15.0299
213.609,218.569,0,14.2248
49.6925,7.26511,0,11.6237
874.21,76.7026,0,9.53621
184.992,756.619,0,19.167
604.798,262.489,0,7.35289
343.52,981.116,0,14.5545
993.093,565.082,0,12.2053
147.341,520.717,0,13.2553
539.976,937.627,0,12.1361
3.20561,405.077,0,9.79153
671.868,618.686,0,13.0701
286.856,668.378,0,13.179
728.434,542.588,0,14.3296
30.8476,727.58,0,10.6789
975.314,332.378,0,14.6162
132.173,675.898,0,14.3329
769.141,668.991,0,7.80917
249.492,816.332,0,15.6199
799.847,356.308,0,14.6843
275.589,359.514,0,5.76049
595.024,31.3823,0,15.0408
133.028,318.238,0,10.0665
678.298,46.6718,0,18.2053
300.27,77.5194,0,14.119
678.861,52.8331,0,19.1046
319.941,185.006,0,14.2431
942.137,954.147,0,9.27796
129.415,203.64,0,6.52294
837.41,3.48691,0,11.8676
483.033,279.075,0,17.2603
533.732,874.099,0,17.731
203.117,7.12712,0,7.50458
540.881,685.425,0,8.20466
421.233,985.695,0,9.36745
29.1639,664.555,0,10.1599
969.473,984.496,0,12.935
585.679,926.633,0,12.2472
870.877,56.0479,0,15.3018
972.406,893.458,0,15.3541
430.243,376.491,0,19.5403
247.595,910.223,0,17.6518
96.3287,113.34,0,17.7587
263.301,654.221,0,13.04
476.945,75.4539,0,12.8255
768.108,104.618,0,7.79379
112.104,74.0906,0,7.56123
641.107,659.77,0,6.46073
124.257,530.646,0,7.30145
811.046,503.052,0,5.70332
501.323,933.295,0,11.3507
470.675,180.89,0,10.004
314.126,277.219,0,11.7041
164.704,540.52,0,6.51743
700.707,17.4643,0,7.64924
222.404,785.572,0,9.2185
408.657,897.676,0,10.3299
579.406,538.783,0,5.22641
676.788,663.039,0,13.1861
830.217,474.086,0,5.73189
877.105,975.408,0,19.7313
300.483,446.083,0,7.44467
634.084,760.208,0,11.603
81.0251,924.912,0,19.7108
182.187,625.619,0,19.9727
358.803,848.022,0,16.7563
640.036,256.679,0,15.2214
995.361,836.085,0,8.30318
10.4545,512.872,0,18.2488
556.195,343.09,0,10.3601
604.987,220.195,0,9.99118
587.075,520.678,0,16.6824
750.054,154.762,0,13.0856
190.251,235.787,0,11.9592
170.968,417.974,0,6.34351
169.149,776.777,0,19.0638
952.902,416.814,0,7.91403
634.332,412.174,0,5.4553
854.544,422.629,0,13.1484
737.796,978.824,0,18.2947
95.1332,583.811,0,6.59765
427.879,170.886,0,14.4078
206.707,920.94,0,16.7293
745.744,111.191,0,5.26607
209.693,282.158,0,11.5357
299.26,451.307,0,8.18734
236.85,404.21,0,14.4395
431.119,38.5414,0,5.62215
461.472,893.085,0,11.9616
4.6978,630.881,0,11.6439
891.013,726.015,0,5.4011
997.523,153.893,0,7.96439
624.711,360.6,0,6.77849
406.661,106.344,0,8.44635
424.399,316.037,0,12.6787
860.111,615.297,0,19.4483
72.6005,852.147,0,10.5115
701.903,283.266,0,11.0896
743.38,744.738,0,9.48588
207.486,749.435,0,18.9491
650.415,640.448,0,14.8393
677.155,637.971,0,17.1477
874.781,262.682,0,7.55672
993.347,669.344,0,9.15189
223.103,93.7428,0,13.8924
735.018,953.854,0,8.1219
698.24,26.4544,0,5.9041
65.6712,728.358,0,10.1531
471.644,471.738,0,6.32415
770.703,679.223,0,17.5657
700.642,329.638,0,12.1724
356.597,6.79248,0,6.74198
166.444,881.573,0,10.6822
336.892,874.92,0,5.72237
613.685,98.0227,0,7.12851
206.514,833.04,0,6.43632
414.641,531.28,0,6.83314
474.914,596.951,0,17.7585
818.453,68.5955,0,9.83457
906.729,839.298,0,5.02292
744.441,539.941,0,9.96749
222.602,896.537,0,10.0694
338.734,62.9818,0,8.29297
717.548,399.874,0,6.41677
765.706,13.5591,0,7.88711
907.607,220.073,0,5.38272
3.36157,634.714,0,13.3519
125.571,109.628,0,7.30619
976.137,928.081,0,8.33512
298.442,834.81,0,5.92459
299.97,579.252,0,14.0237
631.136,801.854,0,12.4718
969.094,140.587,0,13.4165
188.626,858.136,0,19.4146
283.077,623.842,0,19.618
475.551,531.449,0,7.91909
501.065,534.81,0,17.4398
57.8596,660.381,0,19.0842
211.605,636.518,0,18.0054
433.946,934.96,0,15.5276
495.586,234.93,0,9.21637
97.1658,866.066,0,6.24417
595.283,835.16,0,8.35298
156.382,23.7862,0,6.22502
117.356,306.863,0,15.5826
91.8883,782.414,0,8.55437
286.494,283.479,0,16.5765
115.814,341.339,0,11.4822
54.7619,552.944,0,6.03001
921.791,986.891,0,5.05442
623.63,482.477,0,8.57837
904.721,579.642,0,6.56937
987.666,174.926,0,19.0968
211.198,331.308,0,19.4536
292.866,448.664,0,9.05651
998.375,540.552,0,5.79272
235.333,827.046,0,10.0449
7.10144,942.86,0,15.165
439.251,997.622,0,8.45916
507.918,919.413,0,8.26252
511.546,543.043,0,15.4997
750.104,447.764,0,9.19431
854.729,435.43,0,11.8182
794.514,646.628,0,16.7878
758.085,939.493,0,8.51777
28.5193,937.868,0,16.6261
81.3676,173.202,0,14.0317
417.695,180.303,0,13.1746
95.3617,619.554,0,13.139
325.973,127.472,0,11.9302
543.474,639.018,0,5.07582
243.452,389.122,0,11.7923
523.073,243.851,0,18.3237
977.619,38.3648,0,13.0231
763.473,796.45,0,12.1155
997.991,824.969,0,11.1836
773.061,906.337,0,13.7816
375.178,324.032,0,16.4861
920.154,419.394,0,10.7794
462.753,745.366,0,12.6915
924.765,288.84,0,7.27678
929.819,532.292,0,13.1136
382.638,55.365,0,16.7714
270.887,32.9837,0,17.3468
805.763,796.457,0,14.2936
280.132,794.448,0,11.6681
692.37,567.509,0,10.2632
277.81,942.687,0,15.1237
43.552,862.842,0,6.41456
428.848,325.595,0,17.5951
941.615,250.36,0,6.92766
93.4008,180.179,0,14.912
634.308,562.817,0,15.7425
419.066,833.704,0,16.2373
242.189,639.466,0,13.1841
861.762,919.599,0,10.1008
306.304,611.969,0,18.6135
657.183,889.779,0,17.7538
332.094,933.331,0,15.6964
426.398,362.178,0,5.58033
266.068,303.794,0,9.33572
394.579,397.195,0,12.0384
55.3816,31.5028,0,5.48066
771.549,450.569,0,17.9862
520.701,692.759,0,12.5782
66.3093,554.521,0,11.3722
406.365,860.825,0,5.55173
313.931,518.008,0,18.8984
164.183,850.102,0,17.8984
877.277,276.5,0,8.33104
915.966,542.568,0,12.8879
205.014,937.147,0,18.8459
674.241,992.528,0,19.3184
706.285,764.078,0,11.0769
572.033,284.779,0,6.46833
77.247,351.088,0,14.7861
502.06,757.453,0,12.6985
538.842,71.3839,0,5.46865
465.402,235.567,0,18.2202
325.293,112.844,0,7.36767
547.363,28.8096,0,15.5062
73.2258,233.823,0,14.5634
996.284,908.064,0,14.4513
950.844,614.349,0,10.9125
355.974,186.382,0,15.1842
453.863,263.629,0,5.45047
106.272,765.689,0,16.8123
619.507,304.531,0,17.883
650.75,769.933,0,6.41654
532.095,95.2261,0,8.10919
689.94,642.589,0,8.54134
390.353,715.814,0,12.0487
27.9119,712.098,0,10.6697
657.999,662.943,0,19.8849
52.1646,18.9169,0,7.68062
731.108,472.78,0,11.6351
761.14,579.052,0,8.12039
548.625,198.559,0,12.6884
407.493,849.309,0,9.23735
501.929,381.405,0,10.6657
709.209,71.3446,0,5.30457
945.298,461.697,0,16.0418
415.21,489.609,0,11.7233
793.187,147.609,0,6.6674
785.513,199.773,0,6.95115
964.222,930.881,0,14.0428
406.559,692.021,0,7.72863
614.585,240.646,0,10.707
127.142,648.139,0,8.44666
409.632,150.068,0,14.1677
787.347,859.277,0,15.2379
807.652,804.575,0,7.16336
543.771,219.785,0,14.5075
991.988,12.9726,0,16.7216
103.148,798.486,0,19.7182
233.224,762.708,0,18.6814
836.081,169.267,0,14.0618
17.9894,783.851,0,17.6714
398.457,910.993,0,12.3935
628.234,320.625,0,14.6446
239.416,107.972,0,12.5337
921.943,915.624,0,9.60234
66.1665,459.395,0,12.8991
699.999,451.383,0,13.0937
481.441,554.531,0,10.071
462.655,787.755,0,6.51162
374.751,623.836,0,9.05061
978.869,641.825,0,5.80839
823.632,40.2827,0,19.4733
316.534,668.517,0,9.28266
959.505,907.934,0,10.9022
461.753,829.876,0,9.6366
768.576,896.043,0,16.5275
295.183,596.042,0,8.29828
834.764,77.483,0,16.6162
172.831,540.138,0,13.4326
273.605,914.889,0,7.79012
543.646,893.758,0,17.4175
597.538,717.39,0,18.0217
562.424,33.9241,0,13.0495
847.935,993.429,0,11.6685
241.417,455.182,0,9.11665
550.524,223.758,0,7.5573
319.026,518.941,0,16.4979
538.912,353.705,0,17.6602
313.328,526.536,0,10.7623
875.5,800.141,0,9.48559
61.5084,343.787,0,7.89196
889.342,941.326,0,18.6528
757.458,503.75,0,19.1617
294.092,351.684,0,19.0631
738.659,593.102,0,10.8908
13.1021,143.626,0,14.2472
183.589,462.652,0,7.03133
950.117,1.56423,0,12.3369
794.129,314.893,0,5.23496
178.279,190.393,0,17.2371
477.319,251.902,0,7.39388
670.117,141.244,0,6.51377
580.304,898.702,0,14.07
524.416,192.793,0,19.3453
461.957,931.452,0,13.2418
854.68,944.554,0,15.3962
471.161,128.143,0,7.33598
606.583,78.2602,0,7.35945
95.7108,872.39,0,12.0828
111.375,50.669,0,14.9387
927.18,527.988,0,18.7173
86.7719,198.105,0,5.83591
187.69,778.409,0,19.3164
792.358,302.825,0,7.20833
748.71,764.781,0,6.18011
298.164,619.461,0,5.34843
991.244,90.6221,0,7.27057
146.976,697.205,0,8.44447
304.272,792.916,0,6.53032
776.461,904.291,0,7.29035
439.044,831.47,0,15.2102
353.527,918.242,0,18.1817
409.254,105.932,0,14.8579
363.683,898.29,0,19.4002
510.906,647,0,15.872
589.58,945.164,0,10.1639
612.808,936.408,0,11.5232
764.18,83.3839,0,6.9813
993.811,387.656,0,18.875
95.8323,164.118,0,17.4394
248.522,603.161,0,14.9115
929.2,956.688,0,13.6851
807.983,365.943,0,15.2741
465.175,729.626,0,13.7484
425.192,240.532,0,8.45342
149.989,830.112,0,7.63088
494.249,442.92,0,6.677
929.13,207.1,0,7.92776
61.2167,200.911,0,13.7426
986.219,296.743,0,16.2044
815.513,545.266,0,10.2518
476.277,474.466,0,9.60211
55.2824,282.449,0,15.0913
740.22,747.624,0,11.0356
323.448,172.816,0,14.6436
553.676,322.805,0,12.0953
729.068,817.054,0,18.7391
840.868,746.184,0,6.84558
36.0515,807.401,0,9.85924
618.892,793.62,0,14.3104
365.849,609.133,0,7.48938
715.968,85.4095,0,14.6064
22.7755,140.692,0,18.8431
695.526,880.912,0,15.0575
97.9016,204.36,0,17.6497
740.809,758.036,0,7.49178
213.829,487.104,0,19.7476
129.768,327.972,0,15.9403
252.806,364.023,0,13.0514
576.756,982.915,0,9.95565
197.449,348.764,0,19.0926
363.407,64.7324,0,5.37379
3.83169,87.5079,0,7.48417
926.705,783.033,0,5.69785
597.203,880.935,0,8.76325
440.517,621.744,0,5.13379
606.635,835.573,0,12.4403
589.808,965.341,0,17.3599
319.164,218.147,0,7.82027
855.921,794.903,0,7.56399
186.298,992.352,0,12.7955
125.808,355.759,0,13.7664
150.727,359.591,0,15.0791
316.338,286.296,0,11.8246
362.861,883.499,0,10.0386
613.745,324.016,0,19.3648
622.664,930.651,0,16.8983
118.687,520.459,0,16.3785
942.682,839.623,0,19.6507
130.7,695.543,0,16.5742
301.633,881.841,0,16.4595
821.33,7.64878,0,6.79588
405.76,158.376,0,12.1898
77.6969,474.714,0,16.4842
532.668,837.575,0,14.7367
868.573,451.32,0,19.5969
826.223,73.9835,0,18.5567
619.447,192.671,0,11.3636
378.01,135.353,0,8.95792
354.721,266.053,0,19.3911
126.335,567.686,0,17.6187
890.301,389.017,0,17.7334
10.027,794.776,0,5.10905
489.344,872.473,0,12.2298
254.957,405.141,0,9.79338
904.069,273.714,0,16.5632
877.198,99.9377,0,17.6729
780.978,719.384,0,5.56299
205.216,97.3946,0,7.59328
469.077,452.116,0,11.5841
428.482,578.451,0,5.09938
269.727,468.752,0,10.9346
118.622,478.779,0,7.85628
125.892,968.123,0,5.94338
607.876,223.08,0,12.0205
927.435,127.149,0,16.1262
698.313,4.34722,0,17.6253
543.175,785.325,0,13.416
580.708,990.541,0,14.877
753.593,459.618,0,6.65869
192.532,888.1,0,15.3355
199.158,157.827,0,7.36674
594.8,276.449,0,14.5484
785.218,402.341,0,14.0703
848.11,10.2164,0,17.4165
316.143,937.651,0,19.3237
57.8894,635.964,0,19.3889
899.574,179.139,0,16.1688
460.643,759.847,0,16.0269
119.106,513.44,0,7.92117
229.685,705.972,0,6.24267
918.715,905.13,0,8.61007
76.4977,499.93,0,12.7568
713.06,285.148,0,18.7919
317.744,133.258,0,18.9452
145.509,449.401,0,18.0099
100.423,507.29,0,12.5494
59.6846,406.864,0,15.2365
804.271,867.507,0,11.6342
539.398,986.613,0,19.3358
734.143,216.298,0,14.9254
816.987,135.013,0,13.5023
57.6585,211.511,0,6.00125
574.779,924.57,0,10.2785
494.239,242.315,0,12.2773
423.916,387.824,0,19.0183
291.244,488.247,0,11.6277
794.536,547.932,0,17.7307
476.967,352.203,0,15.7433
919.245,891.6,0,15.5424
874.963,625.743,0,18.7869
536.654,442.73,0,5.8121
103.474,500.389,0,8.98476
170.224,75.1672,0,7.85331
522.122,569.406,0,11.488
7.27752,993.322,0,17.3054
941.834,284.566,0,9.62909
383.681,79.1024,0,17.8481
232.391,556.07,0,8.13111
948.608,475.315,0,6.50511
651.438,350.278,0,15.8913
570.565,886.932,0,7.53221
624.705,990.406,0,15.038
890.355,160.63,0,16.1655
80.5756,682.751,0,9.70664
513.111,690.029,0,9.60648
333.47,631.863,0,13.875
642.076,15.5433,0,15.0615
498.613,247.934,0,8.40255
707.354,196.543,0,15.5323
807.695,847.98,0,5.78645
533.778,418.545,0,19.0904
702.592,43.2497,0,18.9465
371.795,933.605,0,6.35596
116.165,14.1805,0,16.5972
429.941,527.291,0,11.9477
737.039,860.761,0,6.4256
328.704,502.836,0,6.65875
999.471,1.44979,0,10.3778
226.307,708.804,0,13.3259
928.459,516.498,0,11.0456
980.889,50.2764,0,17.3238
920.251,752.869,0,17.9725
850.019,124.663,0,16.9766
940.417,240.828,0,17.1893
713.565,670.768,0,10.0987
176.743,407.807,0,8.01009
271.783,736.511,0,15.5526
382.366,735.981,0,15.5744
740.884,962.289,0,11.2064
295.944,890.747,0,18.9539
698.985,871.636,0,19.7081
520.571,791.888,0,16.0011
385.406,641.907,0,17.871
183.846,582.323,0,6.48345
996.467,295.888,0,16.545
336.378,472.631,0,7.66208
537.051,744.413,0,18.7097
240.56,126.78,0,14.7495
945.518,867.664,0,14.1838
359.281,163.608,0,12.545
289.541,862.593,0,10.6196
270.078,383.164,0,7.49787
3.48328,768.57,0,17.1265
861.552,952.416,0,10.8613
960.448,948.882,0,15.2996
730.113,285.261,0,7.3891
907.586,822.312,0,18.5553
821.569,62.8714,0,5.457
471.533,8.38982,0,18.472
83.7867,367.67,0,5.92607
586.787,657.212,0,18.865
961.425,927.289,0,9.61243
127.949,930.773,0,6.14097
936.381,792.325,0,5.42721
327.135,752.773,0,19.6604
13.7781,482.886,0,8.93935
173.052,390.472,0,6.27403
76.7387,212.04,0,7.2171
107.205,683.574,0,7.34295
5.3356,767.361,0,12.858
67.0739,354.148,0,7.71618
991.405,315.573,0,6.62552
298.9,443.522,0,5.58711
374.965,379.903,0,17.472
403.445,707.038,0,13.7636
380.808,720.816,0,6.00687
643.432,893.868,0,11.8639
728.367,970.607,0,15.0445
876.173,77.8121,0,10.2982
32.3695,83.1477,0,6.80856
556.236,150.222,0,12.1208
737.315,141.627,0,16.8544
845.683,440.527,0,8.5072
884.823,815.492,0,14.2057
716.288,218.937,0,9.81132
300.526,599.746,0,5.62357
367.651,243.177,0,19.0316
825.247,971.544,0,18.5907
494.883,847.717,0,19.7579
848.094,880.086,0,6.00509
968.665,436.323,0,8.25841
443.384,173.637,0,10.3828
233.675,19.32,0,16.9907
467.489,904.143,0,14.2231
81.2053,620.431,0,17.5072
401.96,920.957,0,11.5033
443.532,288.608,0,15.151
378.971,113.854,0,14.7242
285.017,608.738,0,12.4399
268.876,456.831,0,10.6412
335.881,425.496,0,17.186
553.109,868.88,0,19.7906
911.963,102.555,0,5.08041
711.345,570.043,0,18.6426
326.218,651.249,0,12.949
160.029,53.209,0,11.7634
593.586,496.741,0,16.0925
270.32,875.712,0,17.8003
918.597,160.729,0,11.9314
414.591,429.605,0,18.7838
790.671,765.486,0,10.1663
603.074,318.595,0,8.19948
589.115,230.558,0,9.7378
594.476,941.903,0,18.2885
503.979,268.122,0,13.0572
33.914,428.151,0,13.8553
484.806,21.7371,0,6.30642
224.306,292.057,0,19.4421
77.6599,210.653,0,6.85303
539.752,625.244,0,13.2971
458.675,415.916,0,9.77939
803.094,18.9901,0,14.5583
16.3931,608.105,0,18.0167
332.246,202.581,0,17.1452
218.143,706.56,0,6.16707
755.289,740.474,0,12.5893
345.643,225.28,0,12.9154
432.738,449.586,0,17.2962
395.545,527.246,0,5.45604
519.08,66.9975,0,14.8347
72.2204,525.673,0,6.07344
390.847,328.767,0,6.35829
28.0678,345.16,0,15.4799
895.847,677.406,0,18.5186
705.53,895.549,0,14.117
783.335,650.838,0,10.2241
289.29,996.481,0,13.6033
816.983,429.219,0,5.34709
636.732,824.763,0,13.2558
667.134,343.843,0,14.2607
322.782,416.064,0,7.14582
394.344,806.91,0,12.0773
484.897,834.978,0,17.2547
183.555,730.825,0,12.4158
84.7941,436.356,0,10.8491
692.593,219.69,0,5.61163
40.8665,508.98,0,5.55884
614.42,325.963,0,11.9971
637.559,962.695,0,9.36857
187.944,629.829,0,14.5262
805.326,952.611,0,5.76718
948.381,346.955,0,17.8708
420.202,831.852,0,15.3955
237.184,15.4073,0,11.3579
731.571,100.201,0,17.9032
121.509,792.795,0,6.19857
162.284,833.661,0,13.8333
199.54,448.081,0,18.7227
666.015,85.6401,0,18.1631
957.252,273.584,0,12.6106
592.334,78.9098,0,11.8997
643.479,27.2905,0,17.1041
501.534,447.493,0,14.5819
194.568,684.676,0,14.813
618.426,416.248,0,16.316
478.641,537.756,0,13.2079
558.546,700.04,0,10.7128
147.431,899.58,0,17.434
62.2794,565.594,0,18.7186
939.822,522.847,0,7.8224
447.195,115.181,0,9.00605
907.178,758.659,0,9.41541
714.116,260.194,0,16.1278
352.907,454.761,0,11.3979
7.10444,73.1877,0,17.6417
761.504,551.829,0,10.708
308.697,110.375,0,6.2086
689.552,257.806,0,19.7023
518.489,320.085,0,13.1862
433.065,259.907,0,6.02892
621.225,707.102,0,7.75662
888.295,614.28,0,19.1365
182.655,328.396,0,8.03942
924.509,681.303,0,14.8608
351.038,688.408,0,15.9587
193.815,449.911,0,9.23608
574.349,758.609,0,10.8917
654.922,448.161,0,14.7588
635.075,966.65,0,19.5601
180.823,399.714,0,8.45867
249.417,20.9395,0,19.0652
433.192,909.234,0,13.2794
375.627,91.8899,0,18.2054
578.255,16.3986,0,13.4249
235.644,367.437,0,8.75102
966.221,561.252,0,15.4997
248.627,135.601,0,11.8788
641.407,790.523,0,18.6012
291.993,425.599,0,18.101
262.664,606.422,0,9.09669
493.242,855.839,0,9.41078
430.923,289.032,0,8.0493
982.883,664.659,0,9.42765
863.24,242.914,0,9.67363
424.901,478.558,0,15.1852
674.968,444.779,0,8.60396
374.947,693.406,0,10.638
833.535,334.813,0,7.49583
740.283,626.806,0,13.8798
613.681,889.47,0,7.97614
886.794,382.712,0,5.81373
180.846,813.635,0,10.1492
384.133,796.518,0,5.11909
679.309,659.758,0,8.76279
990.885,84.6589,0,15.9412
669.897,759.627,0,7.61284
910.161,134.574,0,18.0139
286.026,968.109,0,8.03613
452.415,708.392,0,17.4382
44.4025,322.074,0,15.7803
242.812,208.868,0,6.52095
297.061,389.714,0,18.7255
640.341,773.847,0,15.6732
648.28,453.156,0,10.5696
899.133,444.041,0,11.8395
628.544,113.937,0,8.2339
802.733,24.0983,0,10.2525
670.329,310.125,0,9.77416
872.738,762.54,0,5.40004
701.952,806.942,0,10.2311
420.637,49.7541,0,13.3642
522.033,346.815,0,19.2099
437.065,987.156,0,15.8176
148.614,635.437,0,7.6149
519.921,534.57,0,14.2755
975.888,163.114,0,15.9846
191.482,965.847,0,16.346
541.65,636.176,0,5.99792
859.927,508.913,0,17.436
886.596,210.866,0,14.5401
235.339,631.502,0,15.2865
792.949,153.536,0,5.48868
740.273,590.601,0,5.29602
461.444,739.214,0,14.8276
635.771,259.136,0,7.84612
254.138,235.024,0,10.2928
986.443,426.505,0,9.78053
742.846,968.155,0,19.3232
809.374,828.081,0,11.9569
638.441,714.677,0,15.1198
274.451,950.016,0,9.59239
960.215,742.965,0,11.8954
992.793,483.238,0,5.75443
12.5282,944.682,0,16.8426
667.7,580.452,0,5.72969
857.441,834.59,0,9.25504
210.296,821.033,0,15.6526
528.998,563.879,0,15.1749
483.876,373.253,0,12.5962
947.667,11.6949,0,8.31632
622.323,286.146,0,7.56656
928.482,246.361,0,18.711
388.177,239.154,0,10.9596
438.473,251.682,0,10.1298
227.983,919.382,0,18.8366
276.629,776.823,0,16.3555
560.298,987.119,0,13.671
270.473,516.117,0,7.12914
948.803,999.993,0,12.7279
455.214,947.66,0,12.9034
676.303,569.983,0,17.1956
847.406,498.466,0,5.89096
761.475,886.643,0,9.47828
158.781,325.116,0,13.2535
500.769,553.099,0,12.0442
423.209,829.728,0,8.69659
180.239,390.026,0,8.50338
758.302,660.5,0,16.2451
900.245,609.303,0,16.245
415.441,64.517,0,15.4599
942.332,740.82,0,9.00969
755.369,588.226,0,16.4867
814.767,349.701,0,14.7863
113.319,508.482,0,19.6631
663.553,9.25148,0,12.9596
133.169,432.46,0,10.4055
379.608,612.7,0,16.2559
613.167,371.002,0,11.1634
362.843,271.247,0,5.3029
112.512,686.689,0,6.27066
809.841,629.021,0,17.383
77.1539,384.391,0,11.2063
842.932,199.158,0,16.4519
495.354,312.476,0,9.0791
472.892,976.029,0,9.21787
3.52938,109.198,0,15.7048
363.894,488.806,0,9.89527
114.286,101.973,0,15.4603
525.177,464.816,0,19.529
545.37,577.328,0,14.8293
630.081,387.169,0,9.26465
455.611,464.323,0,15.0305
869.367,307.255,0,18.0179
632.825,802.609,0,7.70502
904.765,275.502,0,7.34546
185.956,279.031,0,8.98343
899.608,642.925,0,16.3155
225.959,757.211,0,17.8451
923.312,282.388,0,9.81735
891.913,827.758,0,18.4773
547.202,457.839,0,9.2848
831.512,913.45,0,16.2496
500.212,782.817,0,5.85847
368.07,415.642,0,17.8976
548.405,320.407,0,7.03013
704.769,506.363,0,11.2156
970.331,405.971,0,5.85948
724.699,631.93,0,17.2176
581.04,555.243,0,6.45346
902.197,447.155,0,18.8698
800.681,994.357,0,10.7374
86.3339,825.869,0,9.43914
836.31,326.081,0,6.1814
893.541,694.152,0,12.416
753.381,242.557,0,17.2221
888.723,947.326,0,9.81758
303.096,917.657,0,15.9071
360.395,642.356,0,10.3861
174.904,223.396,0,18.7147
271.801,125.593,0,10.4221
196.456,926.274,0,10.3374
578.949,12.6078,0,7.72546
874.892,848.917,0,12.6167
953.652,742.458,0,8.02895
448.054,495.839,0,11.6673
262.863,384.562,0,10.8772
584.036,687.659,0,9.64204
311.179,48.0531,0,19.2774
670.252,222.957,0,7.62833
584.567,494.758,0,9.51222
946.039,691.214,0,8.40633
301.867,270.163,0,8.59545
483.564,145.055,0,6.32921
991.342,98.7071,0,17.4661
193.272,546.762,0,9.90367
637.759,809.625,0,15.6721
29.5718,393.661,0,10.987
339.041,704.839,0,11.7078
290.867,375.091,0,15.0521
466.089,959.658,0,7.47351
766.903,905.697,0,17.8417
993.992,207.564,0,6.89416
233.689,691.128,0,9.06998
322.302,682.47,0,10.5506
153.375,875.743,0,18.752
480.286,513.502,0,15.8964
191.76,543.074,0,6.8013
590.892,882.115,0,17.3739
38.0775,172.982,0,8.00025
708.22,639.07,0,7.39512
873.121,405.974,0,5.98057
729.235,399.966,0,9.09402
855.513,633.654,0,19.4609
126.845,955.957,0,14.698
496.884,109.331,0,12.8341
413.685,589.617,0,5.53666
140.111,781.377,0,13.6828
260.198,372.269,0,11.9145
85.1234,410.346,0,14.5092
285.14,118.567,0,9.09526
444.814,991.687,0,15.1849
510.186,720.922,0,6.18435
783.121,576.435,0,15.6892
747.183,703.28,0,15.0285
393.716,200.164,0,16.6685
915.991,613.85,0,10.5127
951.768,753.961,0,7.23339
530.619,14.1587,0,12.8174
991.585,99.282,0,18.9726
625.532,384.422,0,5.75112
898.55,829.236,0,5.62643
577.541,339.422,0,16.4403
656.498,122.542,0,10.0868
369.109,869.725,0,5.63599
37.676,263.441,0,8.63845
815.575,179.432,0,17.8462
183.09,131.201,0,14.1556
331.983,661.82,0,14.368
853.145,653.405,0,15.8572
784.653,278.937,0,6.62355
834.727,177.487,0,19.0621
876.489,755.028,0,9.15342
639.174,411.526,0,10.9915
978.293,780.635,0,9.03743
20.6923,818.311,0,12.989
263.256,633.885,0,15.6805
119.669,816.976,0,17.6485
730.043,148.959,0,12.5758
354.576,2.10317,0,7.37691
78.391,786.756,0,11.561
186.628,621.483,0,14.2233
124.1,497.973,0,10.5487
400.995,137.146,0,16.7216
800.431,115.439,0,13.4311
69.5933,136.132,0,10.7058
602.196,399.388,0,5.21406
314.232,519.057,0,17.4687
157.468,249.1,0,19.7031
662.524,603.676,0,19.7346
820.985,682.067,0,16.536
258.383,868.695,0,10.8582
873.269,992.795,0,18.3278
243.183,393.79,0,5.38499
24.6235,194.221,0,7.11658
586.698,263.815,0,9.15855
967.084,866.011,0,15.1494
981.355,180.243,0,7.93522
812.601,337.71,0,11.6717
792.806,0.233913,0,5.72686
775.113,821.218,0,15.9579
544.177,79.6014,0,13.9883
934.724,952.87,0,13.8802
823.244,196.053,0,19.7871
848.91,220.677,0,7.7004
990.015,807.375,0,11.6576
267.252,774.459,0,9.64778
943.877,755.814,0,12.3514
139.558,568.415,0,17.4171
584.339,361.22,0,17.4206
632.796,136.333,0,14.7389
363.321,680.511,0,15.9329
962.541,615.235,0,15.2259
554.556,438.479,0,18.1667
540.361,287.389,0,6.4769
720.388,277.405,0,18.5875
164.229,544.657,0,15.2044
474.081,488.534,0,11.5416
964.176,628.091,0,5.06784
791.981,212.43,0,10.4861
620.021,845.227,0,12.5311
269.278,208.548,0,7.7388
998.138,171.089,0,16.9673
679.867,725.645,0,8.54452
557.65,266.006,0,12.8554
656.11,986.394,0,17.0164
561.944,150.622,0,10.1863
242.239,624.703,0,17.5143
678.346,588.879,0,11.9357
682.869,380.861,0,15.1221
48.6111,0.881578,0,12.8005
550.687,270.16,0,15.9287
733.274,268.298,0,18.4951
531.095,948.165,0,14.3798
767.396,505.815,0,18.3698
291.087,161.924,0,18.1657
92.1821,723.869,0,5.42508
437.934,966.107,0,14.7956
272.221,644.453,0,8.62883
734.598,327.322,0,14.3417
409.406,375.933,0,14.355
929.441,926.62,0,18.4074
658.024,659.894,0,7.43183
557.696,190.989,0,6.6543
183.013,958.385,0,14.2415
74.336,249.472,0,16.6704
952.053,341.654,0,12.5284
980.392,779.589,0,12.02
633.434,51.8095,0,6.68681
875.356,786.408,0,11.5966
498.138,195.814,0,17.2356
121.803,125.255,0,16.1349
15.6268,783.279,0,11.0334
177.749,340.975,0,13.8982
288.035,523.988,0,13.274
904.136,598.325,0,17.0161
682.161,550.377,0,7.14087
184.055,530.769,0,18.8347
652.056,164.203,0,19.6118
764.51,39.5583,0,16.408
204.287,537.697,0,19.3452
19.9964,659.499,0,6.224
762.326,675.126,0,17.9732
164.55,852.875,0,8.08782
757.762,140.91,0,15.9476
309.36,45.0461,0,9.92252
110.43,727.208,0,18.1782
253.155,911.263,0,11.1397
175.469,563.319,0,13.6027
149.592,327.829,0,14.1961
910.122,532.116,0,7.26157
866.467,552.113,0,17.1541
948.067,314.439,0,12.2809
812.946,478.988,0,10.0741
18.8012,236.75,0,12.1877
748.644,546.111,0,12.8634
76.8123,656.541,0,8.77152
955.357,909.696,0,7.44047
364.671,85.1646,0,15.8902
938.188,234.756,0,5.80769
551.262,144.878,0,13.7894
702.034,11.3453,0,7.07112
512.304,959.412,0,11.7877
997.701,772.359,0,18.9725
335.972,791.16,0,7.52378
815.153,539.804,0,15.7154
339.381,616.617,0,10.5636
590.815,571.974,0,9.209
753.513,936.645,0,10.4865
479.53,874.833,0,14.0078
533.376,426.095,0,16.181
119.338,128.129,0,16.3512
257.413,640.433,0,15.7423
709.926,638.134,0,12.3277
641.428,974.106,0,9.19513
809.68,789.259,0,17.2922
524.043,128.64,0,11.5414
894.947,719.455,0,5.12105
175.546,472.968,0,19.1707
541.311,952.498,0,17.2932
141.832,485.874,0,8.68464
887.231,605.211,0,10.6066
643.975,862.624,0,5.21307
360.131,572.55,0,14.7851
848.647,213.978,0,14.3967
128.322,23.6582,0,11.2356
947.801,547.701,0,13.1652
383.897,442.648,0,8.95698
391.967,618.194,0,16.0515
336.683,159.505,0,15.339
156.231,301.337,0,7.62708
401.874,188.567,0,16.7052
775.645,832.542,0,14.6446
789.85,192.673,0,8.23286
442.189,41.3201,0,11.4425
68.6331,169.642,0,11.7974
484.337,117.443,0,5.01292
28.6804,501.341,0,11.6526
292.479,893.308,0,5.92555
29.2462,229.991,0,8.31812
718.511,386.221,0,12.8382
893.65,788.095,0,15.6667
673.999,563.74,0,13.1548
316.973,353.591,0,16.0449
532.497,795.779,0,16.6647
962,864.412,0,19.2093
415.16,348.749,0,5.97099
416.021,377.429,0,13.4911
859.53,669.909,0,11.8907
921.233,699.155,0,15.3406
142.441,417.666,0,6.1339
664.986,311.316,0,17.9553
376.098,985.315,0,11.4114
919.752,302.288,0,16.7153
656.079,834.786,0,13.652
433.726,796.785,0,11.6182
381.015,211.945,0,16.8494
445.748,627.966,0,7.51083
11.821,487.497,0,17.5595
471.202,408.73,0,13.0468
160.574,551.171,0,19.3118
236.167,216.157,0,8.98151
99.8554,592.255,0,8.76123
527.284,512.006,0,13.2956
308.304,168.085,0,10.8173
885.102,601.811,0,7.76912
326.312,982.827,0,10.9483
116.272,428.575,0,5.36779
283.661,440.396,0,12.6802
120.958,911.598,0,18.8112
657.41,72.1717,0,12.0788
611.528,308.339,0,15.3211
876.962,408.194,0,9.20493
127.711,935.478,0,16.885
680.748,243.782,0,19.4063
68.5705,128.884,0,13.4335
253.179,455.196,0,13.1759
649.732,571.468,0,19.6045
674.251,855.128,0,11.2104
186.268,976.086,0,9.8844
107.014,633.496,0,10.967
578.93,245.024,0,15.5921
267.004,121.986,0,6.71497
547.333,249.697,0,5.74714
339.668,930.445,0,9.40387
300.087,999.015,0,11.3371
862.319,252.194,0,18.1651
407.377,901.926,0,11.7371
381.01,576.177,0,9.564
795.038,762.445,0,9.2053
120.665,869.458,0,18.7077
518.463,448.389,0,7.38311
224.6,715.393,0,9.2129
338.932,262.726,0,12.9584
388.741,602.393,0,11.915
682.332,902.481,0,11.9003
104.807,764.799,0,15.6832
982.478,172.176,0,14.2121
431.617,553.186,0,7.85471
735.884,348.224,0,19.2914
16.2372,468.889,0,17.3333
930.087,987.353,0,9.05908
88.9603,211.953,0,19.79
369.821,550.885,0,8.73086
900.378,939.626,0,17.7668
361.38,621.958,0,16.304
821.398,726.765,0,12.7759
533.609,709.244,0,15.3586
147.746,140.861,0,8.65638
338.06,876.745,0,13.8797
290.818,892.982,0,5.91308
113.035,823.069,0,5.72337
383.64,912.029,0,8.90267
369.638,281.85,0,17.1659
618.362,182.228,0,16.2603
469.479,543.608,0,10.5897
223.076,365.005,0,6.49117
741.473,898.614,0,17.1298
432.046,46.3601,0,19.2427
675.804,384.42,0,17.3939
267.787,675.238,0,15.7886
328.659,788.274,0,13.1347
376.884,171.914,0,11.8151
637.062,541.552,0,16.0429
448.124,159.915,0,18.7763
198.812,629.394,0,11.9304
571.458,852.47,0,17.4055
670.87,593.943,0,15.8847
479.525,25.9885,0,16.5801
429.04,701.793,0,7.34638
255.301,969.58,0,17.475
974.544,298.239,0,14.2991
516.856,675.123,0,16.8778
971.197,312.184,0,10.0011
707.388,760.308,0,12.3998
625.806,959.121,0,6.84068
87.8317,530.579,0,19.6277
914.863,201.448,0,13.5369
640.508,680.973,0,13.9267
412.513,110.013,0,9.45359
568.938,365.315,0,8.99728
400.602,339.859,0,13.4709
20.5396,856.715,0,8.5977
812.391,827.912,0,13.2805
145.795,535.3,0,9.68509
639.113,161.106,0,9.0719
761.825,248.938,0,17.0306
737.006,163.8,0,5.0523
306.131,804.308,0,15.2669
901.244,216.821,0,16.9171
198.15,785.76,0,7.39681
464.635,186.362,0,12.4947
29.3587,206.902,0,10.3454
269.205,19.2924,0,7.7641
821.236,165.087,0,15.7936
133.575,804.2,0,18.2102
405.034,566.024,0,6.94426
207.073,303.031,0,9.40126
210.56,609.162,0,6.46589
895.02,510.405,0,9.71821
689.493,708.555,0,6.5046
849.28,173.19,0,9.30003
348.927,202.549,0,12.4036
705.288,471.754,0,12.6929
889.562,292.989,0,15.1692
609.135,426.564,0,12.2322
489.815,831.598,0,5.72261
619.432,38.6714,0,10.2681
912.85,249.231,0,19.4055
10.5755,144.251,0,12.0616
325.123,833.744,0,7.6899
425.43,683.024,0,10.2878
712.099,31.9506,0,13.326
205.669,737.239,0,5.40229
718.532,626.801,0,9.79713
396.482,235.936,0,16.1956
878.632,725.751,0,13.6696
926.806,345.183,0,14.2496
278.01,258.033,0,17.9881
238.377,268.608,0,5.15187
709.148,593.731,0,17.658
888.475,19.1607,0,12.9034
240.992,731.259,0,13.3826
796.057,936.928,0,9.44122
822.877,655.461,0,18.8432
142.685,51.9428,0,7.38227
889.058,930.575,0,18.2685
467.029,857.38,0,8.44628
83.6715,135.391,0,12.3168
949.545,373.768,0,16.3459
959.67,82.9161,0,10.2519
803.538,971.391,0,10.5393
330.43,212.383,0,6.50817
889.273,8.44084,0,5.5621
185.354,831.317,0,15.394
108.236,974.003,0,16.1731
267.054,863.06,0,15.1318
151.623,330.089,0,12.9925
381.375,413.761,0,15.0233
869.16,363.306,0,5.62985
625.554,322.976,0,6.8736
975.678,126.514,0,6.44447
344.964,456.944,0,9.63022
445.508,346.217,0,9.75683
482.981,531.571,0,7.22659
175.915,639.807,0,6.83663
920.792,906.861,0,19.7825
596.243,58.4837,0,9.73388
129.075,439.859,0,15.9403
797.297,309.019,0,6.38988
839.288,934.573,0,11.2345
964.194,910.252,0,13.1322
60.492,255.215,0,19.9864
369.173,700.724,0,10.1796
686.295,183.705,0,18.1532
834.735,359.621,0,12.7503
957.177,280.412,0,11.3532
942.679,876.655,0,12.2305
258.271,5.73024,0,18.8283
987.624,803.028,0,8.46364
80.2822,642.315,0,7.48224
495.917,606.51,0,6.13601
38.0656,667.002,0,9.96424
37.1583,36.1749,0,5.4751
382.468,722.47,0,8.23068
259.348,557.205,0,13.625
776.034,514.382,0,17.8312
199.582,457.061,0,15.981
681.613,715.332,0,16.067
603.502,702.956,0,13.1124
834.412,783.238,0,7.74711
999.894,279.155,0,16.8447
75.6279,317.22,0,11.8498
406.577,354.379,0,12.3924
438.251,736.846,0,8.22945
653.629,996.194,0,16.5875
228.628,772.228,0,9.30326
84.04,971.81,0,16.1592
816.107,653.423,0,11.8892
553.905,256.925,0,7.4335
94.7295,91.3365,0,19.1821
277.87,91.2304,0,8.3694
67.5198,166.858,0,13.1277
524.171,573.436,0,18.4434
16.9976,11.6864,0,14.4961
232.294,665.316,0,14.439
4.79598,893.944,0,11.0224
291.68,977.984,0,10.5996
35.6252,794.091,0,5.40091
494.903,347.996,0,9.25479
657.137,442.725,0,10.6248
602.608,720.595,0,11.9933
827.235,788.115,0,14.4962
369.082,312.286,0,8.0977
265.308,329.284,0,8.273
