0,248,248, 2
1,247,247, 3
2,247,247, 3
3,247,247, 3
4,247,247, 3
5,247,247, 3
6,247,247, 3
7,247,247, 3
8,247,247, 3
9,247,247, 3
10,247,247, 3
11,247,247, 3
12,247,247, 3
13,247,247, 3
14,247,247, 3
15,247,247, 3
16,247,247, 3
17,247,247, 3
18,247,247, 3
19,247,247, 3
20,247,247, 3
21,247,247, 3
22,247,247, 3
23,247,247, 3
24,247,247, 3
25,247,247, 3
26,247,247, 3
27,247,247, 3
28,247,247, 3
29,247,247, 3
30,247,247, 3
31,247,247, 3
32,247,247, 3
33,245,245, 5
34,245,245, 5
35,245,245, 5
36,245,245, 5
37,245,245, 5
38,245,245, 5
39,245,245, 5
40,245,245, 5
41,245,245, 5
42,245,245, 5
43,245,245, 5
44,245,245, 5
45,244,244, 6
46,244,244, 6
47,244,244, 6
48,244,244, 6
49,244,244, 6
50,244,244, 6
51,244,244, 6
52,244,244, 6
53,244,244, 6
54,244,244, 6
55,244,244, 6
56,244,244, 6
57,244,244, 6
58,244,244, 6
59,244,244, 6
60,244,244, 6
61,244,244, 6
62,244,244, 6
63,244,244, 6
64,244,244, 6
65,244,244, 6
66,244,244, 6
67,244,244, 6
68,244,244, 6
69,244,244, 6
70,244,244, 6
71,244,244, 6
72,244,244, 6
73,244,244, 6
74,244,244, 6
75,244,244, 6
76,243,243, 7
77,242,242, 8
78,242,242, 8
79,242,242, 8
80,242,242, 8
81,242,242, 8
82,242,242, 8
83,242,242, 8
84,242,242, 8
85,242,242, 8
86,242,242, 8
87,242,242, 8
88,242,242, 8
89,242,242, 8
90,242,242, 8
91,242,242, 8
92,242,242, 8
93,242,242, 8
94,242,242, 8
95,242,242, 8
96,242,242, 8
97,242,242, 8
98,241,241, 9
99,241,241, 9
100,241,241, 9
101,241,241, 9
102,241,241, 9
103,241,241, 9
104,241,241, 9
105,241,241, 9
106,241,241, 9
107,241,241, 9
108,241,241, 9
109,241,241, 9
110,241,241, 9
111,241,241, 9
112,241,241, 9
113,241,241, 9
114,241,241, 9
115,241,241, 9
116,241,241, 9
117,241,241, 9
118,241,241, 9
119,241,241, 9
120,241,241, 9
121,241,241, 9
122,241,241, 9
123,241,241, 9
124,241,241, 9
125,241,241, 9
126,241,241, 9
127,241,241, 9
128,241,241, 9
129,241,241, 9
130,241,241, 9
131,241,241, 9
132,241,241, 9
133,241,241, 9
134,241,241, 9
135,241,241, 9
136,241,241, 9
137,241,241, 9
138,241,241, 9
139,241,241, 9
140,241,241, 9
141,241,241, 9
142,241,241, 9
143,241,241, 9
144,241,241, 9
145,241,241, 9
146,241,241, 9
147,241,241, 9
148,241,241, 9
149,241,241, 9
150,241,241, 9
151,241,241, 9
152,241,241, 9
153,241,241, 9
154,241,241, 9
155,241,241, 9
156,241,241, 9
157,241,241, 9
158,241,241, 9
159,241,241, 9
160,240,240, 10
161,240,240, 10
162,240,240, 10
163,240,240, 10
164,240,240, 10
165,240,240, 10
166,240,240, 10
167,240,240, 10
168,240,240, 10
169,239,239, 11
170,239,239, 11
171,239,239, 11
172,239,239, 11
173,239,239, 11
174,239,239, 11
175,239,239, 11
176,239,239, 11
177,239,239, 11
178,239,239, 11
179,239,239, 11
180,239,239, 11
181,239,239, 11
182,239,239, 11
183,239,239, 11
184,239,239, 11
185,239,239, 11
186,239,239, 11
187,239,239, 11
188,239,239, 11
189,239,239, 11
190,239,239, 11
191,239,239, 11
192,239,239, 11
193,239,239, 11
194,239,239, 11
195,239,239, 11
196,239,239, 11
197,238,238, 12
198,238,238, 12
199,238,238, 12
200,238,238, 12
201,238,238, 12
202,238,238, 12
203,238,238, 12
204,238,238, 12
205,238,238, 12
206,238,238, 12
207,238,238, 12
208,238,238, 12
209,238,238, 12
210,237,237, 13
211,236,236, 14
212,236,236, 14
213,236,236, 14
214,236,236, 14
215,236,236, 14
216,234,234, 16
217,234,234, 16
218,234,234, 16
219,234,234, 16
220,234,234, 16
221,234,234, 16
222,234,234, 16
223,234,234, 16
224,233,233, 17
225,233,233, 17
226,233,233, 17
227,233,233, 17
228,233,233, 17
229,233,233, 17
230,232,232, 18
231,232,232, 18
232,232,232, 18
233,232,232, 18
234,232,232, 18
235,232,232, 18
236,232,232, 18
237,232,232, 18
238,232,232, 18
239,232,232, 18
240,232,232, 18
241,232,232, 18
242,232,232, 18
243,231,231, 19
244,230,230, 20
245,230,230, 20
246,230,230, 20
247,230,230, 20
248,230,230, 20
249,230,230, 20
250,230,230, 20
251,230,230, 20
252,230,230, 20
253,230,230, 20
254,230,230, 20
255,230,230, 20
256,230,230, 20
257,230,230, 20
258,230,230, 20
259,230,230, 20
260,230,230, 20
261,230,230, 20
262,230,230, 20
263,230,230, 20
264,230,230, 20
265,230,230, 20
266,230,230, 20
267,230,230, 20
268,230,230, 20
269,230,230, 20
270,230,230, 20
271,230,230, 20
272,230,230, 20
273,230,230, 20
274,230,230, 20
275,230,230, 20
276,230,230, 20
277,230,230, 20
278,230,230, 20
279,230,230, 20
280,230,230, 20
281,230,230, 20
282,230,230, 20
283,230,230, 20
284,230,230, 20
285,230,230, 20
286,230,230, 20
287,230,230, 20
288,230,230, 20
289,230,230, 20
290,230,230, 20
291,230,230, 20
292,230,230, 20
293,230,230, 20
294,230,230, 20
295,230,230, 20
296,230,230, 20
297,230,230, 20
298,230,230, 20
299,230,230, 20
300,230,230, 20
301,230,230, 20
302,230,230, 20
303,230,230, 20
304,230,230, 20
305,230,230, 20
306,230,230, 20
307,230,230, 20
308,230,230, 20
309,230,230, 20
310,230,230, 20
311,230,230, 20
312,230,230, 20
313,230,230, 20
314,229,229, 21
315,229,229, 21
316,229,229, 21
317,229,229, 21
318,229,229, 21
319,229,229, 21
320,229,229, 21
321,229,229, 21
322,229,229, 21
323,229,229, 21
324,229,229, 21
325,229,229, 21
326,229,229, 21
327,229,229, 21
328,229,229, 21
329,229,229, 21
330,229,229, 21
331,229,229, 21
332,229,229, 21
333,229,229, 21
334,229,229, 21
335,229,229, 21
336,229,229, 21
337,229,229, 21
338,229,229, 21
339,229,229, 21
340,229,229, 21
341,228,228, 22
342,227,227, 23
343,227,227, 23
344,227,227, 23
345,227,227, 23
346,227,227, 23
347,227,227, 23
348,227,227, 23
349,227,227, 23
350,227,227, 23
351,227,227, 23
352,227,227, 23
353,227,227, 23
354,227,227, 23
355,227,227, 23
356,227,227, 23
357,227,227, 23
358,227,227, 23
359,227,227, 23
360,226,226, 24
361,226,226, 24
362,226,226, 24
363,226,226, 24
364,226,226, 24
365,226,226, 24
366,226,226, 24
367,226,226, 24
368,226,226, 24
369,226,226, 24
370,226,226, 24
371,226,226, 24
372,226,226, 24
373,226,226, 24
374,226,226, 24
375,226,226, 24
376,226,226, 24
377,226,226, 24
378,226,226, 24
379,225,225, 25
380,225,225, 25
381,225,225, 25
382,225,225, 25
383,225,225, 25
384,225,225, 25
385,225,225, 25
386,225,225, 25
387,225,225, 25
388,225,225, 25
389,225,225, 25
390,225,225, 25
391,225,225, 25
392,225,225, 25
393,225,225, 25
394,225,225, 25
395,225,225, 25
396,225,225, 25
397,225,225, 25
398,224,224, 26
399,224,224, 26
400,224,224, 26
401,224,224, 26
402,224,224, 26
403,224,224, 26
404,224,224, 26
405,224,224, 26
406,224,224, 26
407,224,224, 26
408,224,224, 26
409,224,224, 26
410,224,224, 26
411,224,224, 26
412,224,224, 26
413,224,224, 26
414,224,224, 26
415,224,224, 26
416,223,223, 27
417,223,223, 27
418,223,223, 27
419,223,223, 27
420,223,223, 27
421,223,223, 27
422,223,223, 27
423,223,223, 27
424,223,223, 27
425,223,223, 27
426,223,223, 27
427,223,223, 27
428,223,223, 27
429,223,223, 27
430,223,223, 27
431,223,223, 27
432,223,223, 27
433,223,223, 27
434,223,223, 27
435,222,222, 28
436,222,222, 28
437,222,222, 28
438,222,222, 28
439,222,222, 28
440,222,222, 28
441,222,222, 28
442,222,222, 28
443,222,222, 28
444,222,222, 28
445,222,222, 28
446,222,222, 28
447,222,222, 28
448,222,222, 28
449,222,222, 28
450,222,222, 28
451,222,222, 28
452,222,222, 28
453,222,222, 28
454,222,222, 28
455,222,222, 28
456,222,222, 28
457,222,222, 28
458,222,222, 28
459,222,222, 28
460,222,222, 28
461,222,222, 28
462,222,222, 28
463,222,222, 28
464,222,222, 28
465,222,222, 28
466,222,222, 28
467,222,222, 28
468,222,222, 28
469,222,222, 28
470,222,222, 28
471,222,222, 28
472,222,222, 28
473,222,222, 28
474,222,222, 28
475,222,222, 28
476,222,222, 28
477,222,222, 28
478,222,222, 28
479,222,222, 28
480,220,220, 30
481,220,220, 30
482,220,220, 30
483,220,220, 30
484,220,220, 30
485,220,220, 30
486,220,220, 30
487,220,220, 30
488,220,220, 30
489,220,220, 30
490,220,220, 30
491,220,220, 30
492,220,220, 30
493,220,220, 30
494,220,220, 30
495,220,220, 30
496,220,220, 30
497,220,220, 30
498,220,220, 30
499,220,220, 30
500,220,220, 30
501,220,220, 30
502,220,220, 30
503,220,220, 30
504,220,220, 30
505,220,220, 30
506,220,220, 30
507,220,220, 30
508,220,220, 30
509,220,220, 30
510,220,220, 30
511,220,220, 30
512,220,220, 30
513,220,220, 30
514,220,220, 30
515,220,220, 30
516,220,220, 30
517,220,220, 30
518,220,220, 30
519,220,220, 30
520,220,220, 30
521,220,220, 30
522,220,220, 30
523,220,220, 30
524,220,220, 30
525,220,220, 30
526,220,220, 30
527,220,220, 30
528,220,220, 30
529,220,220, 30
530,220,220, 30
531,220,220, 30
532,220,220, 30
533,220,220, 30
534,220,220, 30
535,220,220, 30
536,220,220, 30
537,220,220, 30
538,220,220, 30
539,220,220, 30
540,220,220, 30
541,220,220, 30
542,220,220, 30
543,220,220, 30
544,220,220, 30
545,220,220, 30
546,220,220, 30
547,220,220, 30
548,220,220, 30
549,220,220, 30
550,220,220, 30
551,220,220, 30
552,220,220, 30
553,219,219, 31
554,219,219, 31
555,219,219, 31
556,219,219, 31
557,219,219, 31
558,219,219, 31
559,219,219, 31
560,219,219, 31
561,219,219, 31
562,219,219, 31
563,219,219, 31
564,219,219, 31
565,219,219, 31
566,219,219, 31
567,219,219, 31
568,219,219, 31
569,219,219, 31
570,219,219, 31
571,219,219, 31
572,219,219, 31
573,219,219, 31
574,219,219, 31
575,219,219, 31
576,219,219, 31
577,219,219, 31
578,219,219, 31
579,219,219, 31
580,219,219, 31
581,219,219, 31
582,219,219, 31
583,219,219, 31
584,219,219, 31
585,219,219, 31
586,219,219, 31
587,219,219, 31
588,219,219, 31
589,219,219, 31
590,219,219, 31
591,219,219, 31
592,219,219, 31
593,219,219, 31
594,219,219, 31
595,219,219, 31
596,219,219, 31
597,219,219, 31
598,219,219, 31
599,219,219, 31
600,219,219, 31
601,219,219, 31
602,219,219, 31
603,219,219, 31
604,219,219, 31
605,219,219, 31
606,219,219, 31
607,219,219, 31
608,218,218, 32
609,218,218, 32
610,218,218, 32
611,218,218, 32
612,218,218, 32
613,218,218, 32
614,218,218, 32
615,218,218, 32
616,218,218, 32
617,218,218, 32
618,218,218, 32
619,218,218, 32
620,218,218, 32
621,218,218, 32
622,218,218, 32
623,218,218, 32
624,218,218, 32
625,218,218, 32
626,218,218, 32
627,218,218, 32
628,218,218, 32
629,218,218, 32
630,218,218, 32
631,218,218, 32
632,218,218, 32
633,218,218, 32
634,217,217, 33
635,217,217, 33
636,217,217, 33
637,217,217, 33
638,217,217, 33
639,217,217, 33
640,217,217, 33
641,217,217, 33
642,217,217, 33
643,217,217, 33
644,217,217, 33
645,217,217, 33
646,217,217, 33
647,217,217, 33
648,217,217, 33
649,217,217, 33
650,217,217, 33
651,217,217, 33
652,217,217, 33
653,217,217, 33
654,217,217, 33
655,217,217, 33
656,217,217, 33
657,217,217, 33
658,217,217, 33
659,217,217, 33
660,217,217, 33
661,217,217, 33
662,217,217, 33
663,217,217, 33
664,217,217, 33
665,217,217, 33
666,217,217, 33
667,217,217, 33
668,217,217, 33
669,217,217, 33
670,217,217, 33
671,217,217, 33
672,217,217, 33
673,217,217, 33
674,217,217, 33
675,217,217, 33
676,217,217, 33
677,217,217, 33
678,217,217, 33
679,217,217, 33
680,217,217, 33
681,217,217, 33
682,217,217, 33
683,217,217, 33
684,217,217, 33
685,217,217, 33
686,217,217, 33
687,217,217, 33
688,217,217, 33
689,217,217, 33
690,216,216, 34
691,216,216, 34
692,216,216, 34
693,216,216, 34
694,216,216, 34
695,216,216, 34
696,216,216, 34
697,216,216, 34
698,216,216, 34
699,216,216, 34
700,216,216, 34
701,216,216, 34
702,216,216, 34
703,216,216, 34
704,216,216, 34
705,216,216, 34
706,216,216, 34
707,216,216, 34
708,216,216, 34
709,216,216, 34
710,216,216, 34
711,216,216, 34
712,216,216, 34
713,216,216, 34
714,216,216, 34
715,216,216, 34
716,216,216, 34
717,216,216, 34
718,216,216, 34
719,216,216, 34
720,216,216, 34
721,216,216, 34
722,216,216, 34
723,216,216, 34
724,216,216, 34
725,216,216, 34
726,216,216, 34
727,216,216, 34
728,216,216, 34
729,216,216, 34
730,216,216, 34
731,216,216, 34
732,216,216, 34
733,216,216, 34
734,216,216, 34
735,216,216, 34
736,216,216, 34
737,216,216, 34
738,216,216, 34
739,216,216, 34
740,216,216, 34
741,216,216, 34
742,216,216, 34
743,216,216, 34
744,216,216, 34
745,216,216, 34
746,216,216, 34
747,216,216, 34
748,216,216, 34
749,216,216, 34
750,216,216, 34
751,216,216, 34
752,216,216, 34
753,216,216, 34
754,216,216, 34
755,216,216, 34
756,216,216, 34
757,216,216, 34
758,216,216, 34
759,216,216, 34
760,216,216, 34
761,216,216, 34
762,216,216, 34
763,216,216, 34
764,216,216, 34
765,216,216, 34
766,216,216, 34
767,216,216, 34
768,216,216, 34
769,216,216, 34
770,216,216, 34
771,216,216, 34
772,216,216, 34
773,216,216, 34
774,216,216, 34
775,216,216, 34
776,216,216, 34
777,216,216, 34
778,216,216, 34
779,216,216, 34
780,216,216, 34
781,216,216, 34
782,216,216, 34
783,216,216, 34
784,216,216, 34
785,216,216, 34
786,216,216, 34
787,216,216, 34
788,216,216, 34
789,216,216, 34
790,216,216, 34
791,216,216, 34
792,216,216, 34
793,216,216, 34
794,216,216, 34
795,216,216, 34
796,216,216, 34
797,216,216, 34
798,216,216, 34
799,216,216, 34
800,216,216, 34
801,216,216, 34
802,216,216, 34
803,216,216, 34
804,216,216, 34
805,216,216, 34
806,216,216, 34
807,216,216, 34
808,216,216, 34
809,216,216, 34
810,216,216, 34
811,216,216, 34
812,216,216, 34
813,216,216, 34
814,216,216, 34
815,216,216, 34
816,216,216, 34
817,216,216, 34
818,216,216, 34
819,216,216, 34
820,216,216, 34
821,216,216, 34
822,216,216, 34
823,216,216, 34
824,216,216, 34
825,216,216, 34
826,216,216, 34
827,216,216, 34
828,216,216, 34
829,216,216, 34
830,216,216, 34
831,216,216, 34
832,216,216, 34
833,216,216, 34
834,216,216, 34
835,216,216, 34
836,216,216, 34
837,216,216, 34
838,216,216, 34
839,216,216, 34
840,216,216, 34
841,216,216, 34
842,216,216, 34
843,216,216, 34
844,216,216, 34
845,216,216, 34
846,216,216, 34
847,216,216, 34
848,215,215, 35
849,215,215, 35
850,215,215, 35
851,215,215, 35
852,215,215, 35
853,215,215, 35
854,215,215, 35
855,215,215, 35
856,215,215, 35
857,215,215, 35
858,215,215, 35
859,215,215, 35
860,215,215, 35
861,215,215, 35
862,215,215, 35
863,215,215, 35
864,215,215, 35
865,215,215, 35
866,215,215, 35
867,215,215, 35
868,215,215, 35
869,215,215, 35
870,215,215, 35
871,215,215, 35
872,215,215, 35
873,215,215, 35
874,215,215, 35
875,215,215, 35
876,215,215, 35
877,215,215, 35
878,215,215, 35
879,215,215, 35
880,215,215, 35
881,215,215, 35
882,215,215, 35
883,215,215, 35
884,215,215, 35
885,215,215, 35
886,215,215, 35
887,215,215, 35
888,215,215, 35
889,215,215, 35
890,215,215, 35
891,215,215, 35
892,215,215, 35
893,215,215, 35
894,215,215, 35
895,215,215, 35
896,215,215, 35
897,215,215, 35
898,215,215, 35
899,214,214, 36
900,214,214, 36
901,214,214, 36
902,214,214, 36
903,214,214, 36
904,214,214, 36
905,214,214, 36
906,214,214, 36
907,214,214, 36
908,214,214, 36
909,214,214, 36
910,214,214, 36
911,214,214, 36
912,214,214, 36
913,214,214, 36
914,214,214, 36
915,214,214, 36
916,213,213, 37
917,213,213, 37
918,213,213, 37
919,213,213, 37
920,213,213, 37
921,213,213, 37
922,213,213, 37
923,213,213, 37
924,213,213, 37
925,213,213, 37
926,213,213, 37
927,213,213, 37
928,213,213, 37
929,212,212, 38
930,212,212, 38
931,212,212, 38
932,212,212, 38
933,212,212, 38
934,212,212, 38
935,212,212, 38
936,212,212, 38
937,212,212, 38
938,212,212, 38
939,212,212, 38
940,212,212, 38
941,212,212, 38
942,212,212, 38
943,212,212, 38
944,212,212, 38
945,212,212, 38
946,212,212, 38
947,212,212, 38
948,212,212, 38
949,212,212, 38
950,212,212, 38
951,212,212, 38
952,212,212, 38
953,212,212, 38
954,212,212, 38
955,212,212, 38
956,212,212, 38
957,212,212, 38
958,212,212, 38
959,212,212, 38
960,212,212, 38
961,212,212, 38
962,212,212, 38
963,212,212, 38
964,212,212, 38
965,212,212, 38
966,212,212, 38
967,212,212, 38
968,212,212, 38
969,212,212, 38
970,212,212, 38
971,212,212, 38
972,212,212, 38
973,212,212, 38
974,212,212, 38
975,212,212, 38
976,212,212, 38
977,212,212, 38
978,212,212, 38
979,212,212, 38
980,212,212, 38
981,212,212, 38
982,212,212, 38
983,212,212, 38
984,212,212, 38
985,212,212, 38
986,212,212, 38
987,212,212, 38
988,212,212, 38
989,212,212, 38
990,212,212, 38
991,212,212, 38
992,212,212, 38
993,212,212, 38
994,212,212, 38
995,212,212, 38
996,212,212, 38
997,212,212, 38
998,212,212, 38
999,212,212, 38
1000,212,212, 38
1001,212,212, 38
1002,212,212, 38
1003,212,212, 38
1004,212,212, 38
1005,212,212, 38
1006,212,212, 38
1007,212,212, 38
1008,212,212, 38
1009,212,212, 38
1010,212,212, 38
1011,212,212, 38
1012,212,212, 38
1013,212,212, 38
1014,212,212, 38
1015,212,212, 38
1016,212,212, 38
1017,212,212, 38
1018,212,212, 38
1019,212,212, 38
1020,212,212, 38
1021,212,212, 38
1022,212,212, 38
1023,212,212, 38
1024,212,212, 38
1025,212,212, 38
1026,212,212, 38
1027,212,212, 38
1028,212,212, 38
1029,212,212, 38
1030,212,212, 38
1031,212,212, 38
1032,212,212, 38
1033,212,212, 38
1034,212,212, 38
1035,212,212, 38
1036,212,212, 38
1037,212,212, 38
1038,212,212, 38
1039,212,212, 38
1040,212,212, 38
1041,212,212, 38
1042,212,212, 38
1043,212,212, 38
1044,212,212, 38
1045,212,212, 38
1046,212,212, 38
1047,212,212, 38
1048,212,212, 38
1049,212,212, 38
1050,212,212, 38
1051,212,212, 38
1052,212,212, 38
1053,212,212, 38
1054,212,212, 38
1055,212,212, 38
1056,212,212, 38
1057,211,211, 39
1058,211,211, 39
1059,211,211, 39
1060,211,211, 39
1061,211,211, 39
1062,211,211, 39
1063,211,211, 39
1064,211,211, 39
1065,211,211, 39
1066,211,211, 39
1067,211,211, 39
1068,211,211, 39
1069,209,209, 41
1070,209,209, 41
1071,209,209, 41
1072,209,209, 41
1073,209,209, 41
1074,209,209, 41
1075,209,209, 41
1076,209,209, 41
1077,209,209, 41
1078,209,209, 41
1079,209,209, 41
1080,209,209, 41
1081,209,209, 41
1082,209,209, 41
1083,209,209, 41
1084,209,209, 41
1085,209,209, 41
1086,209,209, 41
1087,209,209, 41
1088,209,209, 41
1089,209,209, 41
1090,209,209, 41
1091,209,209, 41
1092,209,209, 41
1093,208,208, 42
1094,208,208, 42
1095,208,208, 42
1096,208,208, 42
1097,208,208, 42
1098,208,208, 42
1099,208,208, 42
1100,208,208, 42
1101,208,208, 42
1102,208,208, 42
1103,208,208, 42
1104,208,208, 42
1105,208,208, 42
1106,208,208, 42
1107,208,208, 42
1108,208,208, 42
1109,208,208, 42
1110,208,208, 42
1111,208,208, 42
1112,208,208, 42
1113,208,208, 42
1114,208,208, 42
1115,208,208, 42
1116,208,208, 42
1117,208,208, 42
1118,208,208, 42
1119,208,208, 42
1120,208,208, 42
1121,208,208, 42
1122,208,208, 42
1123,208,208, 42
1124,208,208, 42
1125,208,208, 42
1126,208,208, 42
1127,208,208, 42
1128,208,208, 42
1129,208,208, 42
1130,208,208, 42
1131,208,208, 42
1132,208,208, 42
1133,208,208, 42
1134,208,208, 42
1135,208,208, 42
1136,208,208, 42
1137,208,208, 42
1138,208,208, 42
1139,208,208, 42
1140,208,208, 42
1141,208,208, 42
1142,208,208, 42
1143,208,208, 42
1144,207,207, 43
1145,207,207, 43
1146,205,205, 45
1147,205,205, 45
1148,205,205, 45
1149,205,205, 45
1150,205,205, 45
1151,205,205, 45
1152,205,205, 45
1153,205,205, 45
1154,205,205, 45
1155,205,205, 45
1156,205,205, 45
1157,204,204, 46
1158,204,204, 46
1159,204,204, 46
1160,204,204, 46
1161,203,203, 47
1162,203,203, 47
1163,203,203, 47
1164,203,203, 47
1165,203,203, 47
1166,203,203, 47
1167,203,203, 47
1168,203,203, 47
1169,203,203, 47
1170,203,203, 47
1171,203,203, 47
1172,203,203, 47
1173,203,203, 47
1174,203,203, 47
1175,203,203, 47
1176,203,203, 47
1177,203,203, 47
1178,203,203, 47
1179,203,203, 47
1180,203,203, 47
1181,203,203, 47
1182,202,202, 48
1183,202,202, 48
1184,202,202, 48
1185,202,202, 48
1186,202,202, 48
1187,202,202, 48
1188,202,202, 48
1189,202,202, 48
1190,202,202, 48
1191,202,202, 48
1192,202,202, 48
1193,202,202, 48
1194,202,202, 48
1195,202,202, 48
1196,202,202, 48
1197,202,202, 48
1198,202,202, 48
1199,202,202, 48
1200,202,202, 48
1201,201,201, 49
1202,201,201, 49
1203,201,201, 49
1204,201,201, 49
1205,201,201, 49
1206,201,201, 49
1207,201,201, 49
1208,201,201, 49
1209,201,201, 49
1210,201,201, 49
1211,201,201, 49
1212,201,201, 49
1213,201,201, 49
1214,201,201, 49
1215,201,201, 49
1216,201,201, 49
1217,201,201, 49
1218,201,201, 49
1219,201,201, 49
1220,201,201, 49
1221,201,201, 49
1222,201,201, 49
1223,201,201, 49
1224,201,201, 49
1225,201,201, 49
1226,201,201, 49
1227,201,201, 49
1228,201,201, 49
1229,201,201, 49
1230,201,201, 49
1231,201,201, 49
1232,201,201, 49
1233,201,201, 49
1234,201,201, 49
1235,201,201, 49
1236,201,201, 49
1237,201,201, 49
1238,201,201, 49
1239,201,201, 49
1240,201,201, 49
1241,201,201, 49
1242,201,201, 49
1243,201,201, 49
1244,201,201, 49
1245,201,201, 49
1246,201,201, 49
1247,201,201, 49
1248,201,201, 49
1249,201,201, 49
1250,201,201, 49
1251,201,201, 49
1252,201,201, 49
1253,201,201, 49
1254,201,201, 49
1255,201,201, 49
1256,201,201, 49
1257,201,201, 49
1258,201,201, 49
1259,201,201, 49
1260,201,201, 49
1261,201,201, 49
1262,201,201, 49
1263,201,201, 49
1264,201,201, 49
1265,201,201, 49
1266,201,201, 49
1267,201,201, 49
1268,201,201, 49
1269,201,201, 49
1270,201,201, 49
1271,201,201, 49
1272,201,201, 49
1273,201,201, 49
1274,201,201, 49
1275,201,201, 49
1276,201,201, 49
1277,201,201, 49
1278,201,201, 49
1279,201,201, 49
1280,201,201, 49
1281,201,201, 49
1282,201,201, 49
1283,201,201, 49
1284,201,201, 49
1285,201,201, 49
1286,201,201, 49
1287,201,201, 49
1288,201,201, 49
1289,201,201, 49
1290,201,201, 49
1291,201,201, 49
1292,201,201, 49
1293,201,201, 49
1294,201,201, 49
1295,201,201, 49
1296,201,201, 49
1297,201,201, 49
1298,201,201, 49
1299,201,201, 49
1300,201,201, 49
1301,201,201, 49
1302,201,201, 49
1303,201,201, 49
1304,201,201, 49
1305,201,201, 49
1306,201,201, 49
1307,201,201, 49
1308,201,201, 49
1309,201,201, 49
1310,201,201, 49
1311,201,201, 49
1312,201,201, 49
1313,201,201, 49
1314,201,201, 49
1315,201,201, 49
1316,201,201, 49
1317,201,201, 49
1318,201,201, 49
1319,201,201, 49
1320,201,201, 49
1321,201,201, 49
1322,201,201, 49
1323,201,201, 49
1324,201,201, 49
1325,201,201, 49
1326,201,201, 49
1327,201,201, 49
1328,201,201, 49
1329,201,201, 49
1330,201,201, 49
1331,201,201, 49
1332,201,201, 49
1333,201,201, 49
1334,201,201, 49
1335,201,201, 49
1336,201,201, 49
1337,201,201, 49
1338,201,201, 49
1339,201,201, 49
1340,201,201, 49
1341,201,201, 49
1342,201,201, 49
1343,200,200, 50
1344,200,200, 50
1345,200,200, 50
1346,200,200, 50
1347,200,200, 50
1348,200,200, 50
1349,200,200, 50
1350,200,200, 50
1351,200,200, 50
1352,200,200, 50
1353,200,200, 50
1354,200,200, 50
1355,200,200, 50
1356,200,200, 50
1357,200,200, 50
1358,200,200, 50
1359,200,200, 50
1360,200,200, 50
1361,200,200, 50
1362,200,200, 50
1363,200,200, 50
1364,200,200, 50
1365,200,200, 50
1366,200,200, 50
1367,200,200, 50
1368,200,200, 50
1369,200,200, 50
1370,200,200, 50
1371,200,200, 50
1372,200,200, 50
1373,200,200, 50
1374,200,200, 50
1375,200,200, 50
1376,200,200, 50
1377,200,200, 50
1378,200,200, 50
1379,200,200, 50
1380,200,200, 50
1381,200,200, 50
1382,200,200, 50
1383,200,200, 50
1384,200,200, 50
1385,200,200, 50
1386,200,200, 50
1387,200,200, 50
1388,200,200, 50
1389,200,200, 50
1390,200,200, 50
1391,200,200, 50
1392,200,200, 50
1393,200,200, 50
1394,200,200, 50
1395,200,200, 50
1396,200,200, 50
1397,200,200, 50
1398,200,200, 50
1399,200,200, 50
1400,200,200, 50
1401,200,200, 50
1402,200,200, 50
1403,200,200, 50
1404,200,200, 50
1405,200,200, 50
1406,200,200, 50
1407,200,200, 50
1408,200,200, 50
1409,200,200, 50
1410,199,199, 51
1411,199,199, 51
1412,199,199, 51
1413,199,199, 51
1414,199,199, 51
1415,199,199, 51
1416,199,199, 51
1417,199,199, 51
1418,199,199, 51
1419,199,199, 51
1420,199,199, 51
1421,199,199, 51
1422,199,199, 51
1423,199,199, 51
1424,199,199, 51
1425,199,199, 51
1426,199,199, 51
1427,199,199, 51
1428,199,199, 51
1429,199,199, 51
1430,199,199, 51
1431,199,199, 51
1432,198,198, 52
1433,198,198, 52
1434,198,198, 52
1435,198,198, 52
1436,198,198, 52
1437,198,198, 52
1438,198,198, 52
1439,198,198, 52
1440,198,198, 52
1441,196,196, 54
1442,196,196, 54
1443,196,196, 54
1444,196,196, 54
1445,196,196, 54
1446,196,196, 54
1447,196,196, 54
1448,196,196, 54
1449,196,196, 54
1450,196,196, 54
1451,196,196, 54
1452,196,196, 54
1453,196,196, 54
1454,196,196, 54
1455,196,196, 54
1456,196,196, 54
1457,196,196, 54
1458,196,196, 54
1459,196,196, 54
1460,196,196, 54
1461,196,196, 54
1462,196,196, 54
1463,196,196, 54
1464,196,196, 54
1465,196,196, 54
1466,196,196, 54
1467,196,196, 54
1468,196,196, 54
1469,196,196, 54
1470,196,196, 54
1471,195,195, 55
1472,195,195, 55
1473,195,195, 55
1474,195,195, 55
1475,195,195, 55
1476,195,195, 55
1477,195,195, 55
1478,195,195, 55
1479,195,195, 55
1480,195,195, 55
1481,195,195, 55
1482,195,195, 55
1483,195,195, 55
1484,195,195, 55
1485,195,195, 55
1486,195,195, 55
1487,195,195, 55
1488,195,195, 55
1489,195,195, 55
1490,194,194, 56
1491,194,194, 56
1492,194,194, 56
1493,194,194, 56
1494,194,194, 56
1495,194,194, 56
1496,194,194, 56
1497,193,193, 57
1498,193,193, 57
1499,193,193, 57
