0,250,250, 0
1,250,250, 0
2,250,250, 0
3,250,250, 0
4,250,250, 0
5,250,250, 0
6,250,250, 0
7,250,250, 0
8,250,250, 0
9,250,250, 0
10,250,250, 0
11,249,249, 1
12,249,249, 1
13,249,249, 1
14,249,249, 1
15,249,249, 1
16,249,249, 1
17,249,249, 1
18,249,249, 1
19,249,249, 1
20,249,249, 1
21,249,249, 1
22,249,249, 1
23,249,249, 1
24,249,249, 1
25,249,249, 1
26,249,249, 1
27,249,249, 1
28,249,249, 1
29,249,249, 1
30,249,249, 1
31,249,249, 1
32,249,249, 1
33,249,249, 1
34,249,249, 1
35,249,249, 1
36,249,249, 1
37,249,249, 1
38,249,249, 1
39,249,249, 1
40,249,249, 1
41,249,249, 1
42,249,249, 1
43,249,249, 1
44,249,249, 1
45,249,249, 1
46,249,249, 1
47,249,249, 1
48,249,249, 1
49,249,249, 1
50,249,249, 1
51,249,249, 1
52,249,249, 1
53,249,249, 1
54,249,249, 1
55,249,249, 1
56,249,249, 1
57,249,249, 1
58,249,249, 1
59,249,249, 1
60,249,249, 1
61,249,249, 1
62,249,249, 1
63,249,249, 1
64,249,249, 1
65,249,249, 1
66,249,249, 1
67,249,249, 1
68,249,249, 1
69,249,249, 1
70,249,249, 1
71,249,249, 1
72,249,249, 1
73,249,249, 1
74,249,249, 1
75,249,249, 1
76,249,249, 1
77,249,249, 1
78,249,249, 1
79,249,249, 1
80,249,249, 1
81,247,247, 3
82,247,247, 3
83,247,247, 3
84,247,247, 3
85,247,247, 3
86,247,247, 3
87,247,247, 3
88,247,247, 3
89,247,247, 3
90,247,247, 3
91,247,247, 3
92,247,247, 3
93,247,247, 3
94,246,246, 4
95,246,246, 4
96,246,246, 4
97,246,246, 4
98,246,246, 4
99,246,246, 4
100,246,246, 4
101,246,246, 4
102,246,246, 4
103,246,246, 4
104,246,246, 4
105,244,244, 6
106,244,244, 6
107,244,244, 6
108,244,244, 6
109,244,244, 6
110,244,244, 6
111,244,244, 6
112,244,244, 6
113,244,244, 6
114,244,244, 6
115,243,243, 7
116,243,243, 7
117,243,243, 7
118,243,243, 7
119,243,243, 7
120,243,243, 7
121,243,243, 7
122,243,243, 7
123,243,243, 7
124,243,243, 7
125,243,243, 7
126,243,243, 7
127,243,243, 7
128,243,243, 7
129,243,243, 7
130,243,243, 7
131,243,243, 7
132,243,243, 7
133,243,243, 7
134,243,243, 7
135,243,243, 7
136,243,243, 7
137,243,243, 7
138,243,243, 7
139,243,243, 7
140,243,243, 7
141,243,243, 7
142,243,243, 7
143,243,243, 7
144,243,243, 7
145,243,243, 7
146,243,243, 7
147,243,243, 7
148,243,243, 7
149,243,243, 7
150,243,243, 7
151,243,243, 7
152,243,243, 7
153,243,243, 7
154,243,243, 7
155,243,243, 7
156,243,243, 7
157,243,243, 7
158,243,243, 7
159,243,243, 7
160,243,243, 7
161,243,243, 7
162,243,243, 7
163,243,243, 7
164,243,243, 7
165,243,243, 7
166,243,243, 7
167,243,243, 7
168,243,243, 7
169,243,243, 7
170,243,243, 7
171,243,243, 7
172,243,243, 7
173,243,243, 7
174,243,243, 7
175,243,243, 7
176,243,243, 7
177,243,243, 7
178,243,243, 7
179,243,243, 7
180,243,243, 7
181,243,243, 7
182,243,243, 7
183,243,243, 7
184,243,243, 7
185,243,243, 7
186,243,243, 7
187,243,243, 7
188,243,243, 7
189,243,243, 7
190,243,243, 7
191,243,243, 7
192,243,243, 7
193,243,243, 7
194,243,243, 7
195,243,243, 7
196,243,243, 7
197,243,243, 7
198,243,243, 7
199,243,243, 7
200,243,243, 7
201,243,243, 7
202,243,243, 7
203,243,243, 7
204,243,243, 7
205,243,243, 7
206,243,243, 7
207,243,243, 7
208,243,243, 7
209,243,243, 7
210,243,243, 7
211,243,243, 7
212,243,243, 7
213,243,243, 7
214,243,243, 7
215,243,243, 7
216,243,243, 7
217,243,243, 7
218,243,243, 7
219,243,243, 7
220,243,243, 7
221,243,243, 7
222,243,243, 7
223,243,243, 7
224,243,243, 7
225,243,243, 7
226,243,243, 7
227,243,243, 7
228,243,243, 7
229,243,243, 7
230,243,243, 7
231,243,243, 7
232,243,243, 7
233,243,243, 7
234,243,243, 7
235,243,243, 7
236,243,243, 7
237,243,243, 7
238,242,242, 8
239,241,241, 9
240,241,241, 9
241,241,241, 9
242,241,241, 9
243,241,241, 9
244,241,241, 9
245,241,241, 9
246,241,241, 9
247,241,241, 9
248,241,241, 9
249,241,241, 9
250,241,241, 9
251,241,241, 9
252,241,241, 9
253,241,241, 9
254,241,241, 9
255,241,241, 9
256,241,241, 9
257,241,241, 9
258,241,241, 9
259,241,241, 9
260,241,241, 9
261,241,241, 9
262,241,241, 9
263,241,241, 9
264,241,241, 9
265,241,241, 9
266,241,241, 9
267,241,241, 9
268,241,241, 9
269,241,241, 9
270,241,241, 9
271,241,241, 9
272,241,241, 9
273,241,241, 9
274,241,241, 9
275,241,241, 9
276,241,241, 9
277,239,239, 11
278,239,239, 11
279,239,239, 11
280,239,239, 11
281,239,239, 11
282,239,239, 11
283,239,239, 11
284,239,239, 11
285,239,239, 11
286,239,239, 11
287,239,239, 11
288,239,239, 11
289,239,239, 11
290,239,239, 11
291,239,239, 11
292,239,239, 11
293,239,239, 11
294,239,239, 11
295,239,239, 11
296,239,239, 11
297,239,239, 11
298,239,239, 11
299,238,238, 12
300,238,238, 12
301,238,238, 12
302,238,238, 12
303,238,238, 12
304,238,238, 12
305,238,238, 12
306,238,238, 12
307,238,238, 12
308,238,238, 12
309,238,238, 12
310,238,238, 12
311,238,238, 12
312,238,238, 12
313,238,238, 12
314,238,238, 12
315,238,238, 12
316,238,238, 12
317,238,238, 12
318,236,236, 14
319,236,236, 14
320,236,236, 14
321,236,236, 14
322,236,236, 14
323,236,236, 14
324,236,236, 14
325,236,236, 14
326,236,236, 14
327,236,236, 14
328,236,236, 14
329,236,236, 14
330,236,236, 14
331,236,236, 14
332,235,235, 15
333,235,235, 15
334,235,235, 15
335,235,235, 15
336,235,235, 15
337,235,235, 15
338,235,235, 15
339,235,235, 15
340,235,235, 15
341,235,235, 15
342,235,235, 15
343,235,235, 15
344,235,235, 15
345,235,235, 15
346,234,234, 16
347,234,234, 16
348,234,234, 16
349,234,234, 16
350,234,234, 16
351,234,234, 16
352,234,234, 16
353,234,234, 16
354,234,234, 16
355,234,234, 16
356,234,234, 16
357,234,234, 16
358,234,234, 16
359,234,234, 16
360,234,234, 16
361,233,233, 17
362,232,232, 18
363,232,232, 18
364,232,232, 18
365,232,232, 18
366,232,232, 18
367,232,232, 18
368,232,232, 18
369,232,232, 18
370,232,232, 18
371,232,232, 18
372,232,232, 18
373,232,232, 18
374,232,232, 18
375,232,232, 18
376,232,232, 18
377,232,232, 18
378,232,232, 18
379,232,232, 18
380,232,232, 18
381,232,232, 18
382,232,232, 18
383,232,232, 18
384,232,232, 18
385,232,232, 18
386,232,232, 18
387,232,232, 18
388,232,232, 18
389,232,232, 18
390,232,232, 18
391,232,232, 18
392,232,232, 18
393,232,232, 18
394,232,232, 18
395,232,232, 18
396,232,232, 18
397,232,232, 18
398,232,232, 18
399,232,232, 18
400,232,232, 18
401,232,232, 18
402,232,232, 18
403,232,232, 18
404,232,232, 18
405,232,232, 18
406,232,232, 18
407,232,232, 18
408,232,232, 18
409,232,232, 18
410,232,232, 18
411,232,232, 18
412,232,232, 18
413,232,232, 18
414,232,232, 18
415,232,232, 18
416,232,232, 18
417,232,232, 18
418,232,232, 18
419,232,232, 18
420,232,232, 18
421,232,232, 18
422,232,232, 18
423,232,232, 18
424,232,232, 18
425,232,232, 18
426,232,232, 18
427,232,232, 18
428,232,232, 18
429,231,231, 19
430,231,231, 19
431,231,231, 19
432,231,231, 19
433,231,231, 19
434,231,231, 19
435,231,231, 19
436,231,231, 19
437,231,231, 19
438,231,231, 19
439,231,231, 19
440,231,231, 19
441,231,231, 19
442,231,231, 19
443,229,229, 21
444,229,229, 21
445,229,229, 21
446,229,229, 21
447,229,229, 21
448,229,229, 21
449,229,229, 21
450,229,229, 21
451,229,229, 21
452,229,229, 21
453,229,229, 21
454,229,229, 21
455,229,229, 21
456,229,229, 21
457,229,229, 21
458,229,229, 21
459,229,229, 21
460,229,229, 21
461,229,229, 21
462,229,229, 21
463,229,229, 21
464,229,229, 21
465,229,229, 21
466,229,229, 21
467,229,229, 21
468,229,229, 21
469,229,229, 21
470,229,229, 21
471,229,229, 21
472,229,229, 21
473,229,229, 21
474,229,229, 21
475,228,228, 22
476,228,228, 22
477,227,227, 23
478,227,227, 23
479,227,227, 23
480,227,227, 23
481,227,227, 23
482,227,227, 23
483,227,227, 23
484,227,227, 23
485,227,227, 23
486,227,227, 23
487,227,227, 23
488,227,227, 23
489,227,227, 23
490,227,227, 23
491,227,227, 23
492,227,227, 23
493,226,226, 24
494,225,225, 25
495,225,225, 25
496,225,225, 25
497,225,225, 25
498,225,225, 25
499,225,225, 25
500,225,225, 25
501,225,225, 25
502,225,225, 25
503,225,225, 25
504,225,225, 25
505,225,225, 25
506,225,225, 25
507,225,225, 25
508,225,225, 25
509,225,225, 25
510,225,225, 25
511,225,225, 25
512,225,225, 25
513,225,225, 25
514,225,225, 25
515,225,225, 25
516,225,225, 25
517,225,225, 25
518,225,225, 25
519,224,224, 26
520,224,224, 26
521,224,224, 26
522,224,224, 26
523,224,224, 26
524,224,224, 26
525,224,224, 26
526,224,224, 26
527,224,224, 26
528,224,224, 26
529,224,224, 26
530,224,224, 26
531,224,224, 26
532,224,224, 26
533,224,224, 26
534,224,224, 26
535,224,224, 26
536,224,224, 26
537,224,224, 26
538,224,224, 26
539,224,224, 26
540,224,224, 26
541,224,224, 26
542,224,224, 26
543,224,224, 26
544,224,224, 26
545,224,224, 26
546,224,224, 26
547,224,224, 26
548,224,224, 26
549,224,224, 26
550,224,224, 26
551,224,224, 26
552,224,224, 26
553,224,224, 26
554,224,224, 26
555,224,224, 26
556,224,224, 26
557,224,224, 26
558,224,224, 26
559,224,224, 26
560,224,224, 26
561,224,224, 26
562,224,224, 26
563,224,224, 26
564,224,224, 26
565,224,224, 26
566,224,224, 26
567,224,224, 26
568,224,224, 26
569,224,224, 26
570,224,224, 26
571,224,224, 26
572,224,224, 26
573,224,224, 26
574,224,224, 26
575,224,224, 26
576,224,224, 26
577,224,224, 26
578,224,224, 26
579,224,224, 26
580,224,224, 26
581,224,224, 26
582,224,224, 26
583,224,224, 26
584,224,224, 26
585,224,224, 26
586,224,224, 26
587,224,224, 26
588,224,224, 26
589,224,224, 26
590,223,223, 27
591,222,222, 28
592,222,222, 28
593,222,222, 28
594,222,222, 28
595,222,222, 28
596,222,222, 28
597,222,222, 28
598,221,221, 29
599,221,221, 29
600,221,221, 29
601,221,221, 29
602,220,220, 30
603,220,220, 30
604,220,220, 30
605,220,220, 30
606,220,220, 30
607,220,220, 30
608,220,220, 30
609,220,220, 30
610,220,220, 30
611,220,220, 30
612,220,220, 30
613,220,220, 30
614,220,220, 30
615,220,220, 30
616,220,220, 30
617,220,220, 30
618,220,220, 30
619,220,220, 30
620,220,220, 30
621,220,220, 30
622,220,220, 30
623,220,220, 30
624,220,220, 30
625,220,220, 30
626,220,220, 30
627,220,220, 30
628,220,220, 30
629,220,220, 30
630,220,220, 30
631,220,220, 30
632,220,220, 30
633,220,220, 30
634,220,220, 30
635,220,220, 30
636,220,220, 30
637,220,220, 30
638,220,220, 30
639,220,220, 30
640,220,220, 30
641,220,220, 30
642,220,220, 30
643,220,220, 30
644,220,220, 30
645,220,220, 30
646,220,220, 30
647,220,220, 30
648,220,220, 30
649,220,220, 30
650,220,220, 30
651,219,219, 31
652,219,219, 31
653,219,219, 31
654,219,219, 31
655,219,219, 31
656,219,219, 31
657,219,219, 31
658,219,219, 31
659,219,219, 31
660,219,219, 31
661,219,219, 31
662,219,219, 31
663,219,219, 31
664,219,219, 31
665,219,219, 31
666,219,219, 31
667,219,219, 31
668,219,219, 31
669,219,219, 31
670,219,219, 31
671,219,219, 31
672,219,219, 31
673,219,219, 31
674,219,219, 31
675,219,219, 31
676,219,219, 31
677,219,219, 31
678,219,219, 31
679,219,219, 31
680,219,219, 31
681,219,219, 31
682,219,219, 31
683,219,219, 31
684,219,219, 31
685,219,219, 31
686,219,219, 31
687,219,219, 31
688,219,219, 31
689,219,219, 31
690,219,219, 31
691,219,219, 31
692,219,219, 31
693,219,219, 31
694,219,219, 31
695,219,219, 31
696,219,219, 31
697,219,219, 31
698,219,219, 31
699,219,219, 31
700,219,219, 31
701,219,219, 31
702,219,219, 31
703,219,219, 31
704,219,219, 31
705,219,219, 31
706,219,219, 31
707,219,219, 31
708,219,219, 31
709,219,219, 31
710,219,219, 31
711,219,219, 31
712,219,219, 31
713,219,219, 31
714,219,219, 31
715,219,219, 31
716,219,219, 31
717,219,219, 31
718,218,218, 32
719,218,218, 32
720,218,218, 32
721,218,218, 32
722,218,218, 32
723,218,218, 32
724,218,218, 32
725,218,218, 32
726,218,218, 32
727,218,218, 32
728,218,218, 32
729,218,218, 32
730,218,218, 32
731,218,218, 32
732,218,218, 32
733,218,218, 32
734,218,218, 32
735,218,218, 32
736,218,218, 32
737,218,218, 32
738,218,218, 32
739,218,218, 32
740,218,218, 32
741,218,218, 32
742,218,218, 32
743,218,218, 32
744,218,218, 32
745,216,216, 34
746,216,216, 34
747,216,216, 34
748,216,216, 34
749,216,216, 34
750,216,216, 34
751,216,216, 34
752,216,216, 34
753,216,216, 34
754,216,216, 34
755,216,216, 34
756,216,216, 34
757,216,216, 34
758,216,216, 34
759,216,216, 34
760,216,216, 34
761,216,216, 34
762,216,216, 34
763,216,216, 34
764,216,216, 34
765,216,216, 34
766,216,216, 34
767,216,216, 34
768,216,216, 34
769,216,216, 34
770,216,216, 34
771,216,216, 34
772,216,216, 34
773,216,216, 34
774,216,216, 34
775,216,216, 34
776,216,216, 34
777,216,216, 34
778,216,216, 34
779,216,216, 34
780,216,216, 34
781,215,215, 35
782,215,215, 35
783,215,215, 35
784,215,215, 35
785,215,215, 35
786,215,215, 35
787,215,215, 35
788,215,215, 35
789,215,215, 35
790,215,215, 35
791,215,215, 35
792,215,215, 35
793,215,215, 35
794,215,215, 35
795,215,215, 35
796,215,215, 35
797,215,215, 35
798,215,215, 35
799,214,214, 36
800,213,213, 37
801,213,213, 37
802,213,213, 37
803,213,213, 37
804,213,213, 37
805,213,213, 37
806,213,213, 37
807,213,213, 37
808,213,213, 37
809,213,213, 37
810,213,213, 37
811,213,213, 37
812,213,213, 37
813,213,213, 37
814,212,212, 38
815,212,212, 38
816,212,212, 38
817,211,211, 39
818,211,211, 39
819,210,210, 40
820,210,210, 40
821,210,210, 40
822,210,210, 40
823,210,210, 40
824,210,210, 40
825,210,210, 40
826,210,210, 40
827,210,210, 40
828,210,210, 40
829,210,210, 40
830,210,210, 40
831,210,210, 40
832,210,210, 40
833,209,209, 41
834,209,209, 41
835,209,209, 41
836,209,209, 41
837,209,209, 41
838,209,209, 41
839,209,209, 41
840,209,209, 41
841,209,209, 41
842,209,209, 41
843,209,209, 41
844,209,209, 41
845,209,209, 41
846,209,209, 41
847,209,209, 41
848,209,209, 41
849,209,209, 41
850,209,209, 41
851,209,209, 41
852,209,209, 41
853,209,209, 41
854,209,209, 41
855,209,209, 41
856,209,209, 41
857,209,209, 41
858,209,209, 41
859,209,209, 41
860,209,209, 41
861,209,209, 41
862,209,209, 41
863,209,209, 41
864,209,209, 41
865,209,209, 41
866,209,209, 41
867,209,209, 41
868,209,209, 41
869,209,209, 41
870,209,209, 41
871,209,209, 41
872,209,209, 41
873,209,209, 41
874,209,209, 41
875,209,209, 41
876,209,209, 41
877,209,209, 41
878,209,209, 41
879,209,209, 41
880,209,209, 41
881,209,209, 41
882,209,209, 41
883,209,209, 41
884,209,209, 41
885,209,209, 41
886,209,209, 41
887,209,209, 41
888,209,209, 41
889,209,209, 41
890,209,209, 41
891,209,209, 41
892,209,209, 41
893,209,209, 41
894,209,209, 41
895,209,209, 41
896,209,209, 41
897,209,209, 41
898,209,209, 41
899,209,209, 41
900,209,209, 41
901,208,208, 42
902,207,207, 43
903,207,207, 43
904,207,207, 43
905,207,207, 43
906,207,207, 43
907,207,207, 43
908,207,207, 43
909,207,207, 43
910,207,207, 43
911,207,207, 43
912,207,207, 43
913,207,207, 43
914,207,207, 43
915,207,207, 43
916,207,207, 43
917,206,206, 44
918,206,206, 44
919,206,206, 44
920,206,206, 44
921,206,206, 44
922,206,206, 44
923,206,206, 44
924,206,206, 44
925,206,206, 44
926,206,206, 44
927,206,206, 44
928,206,206, 44
929,206,206, 44
930,206,206, 44
931,206,206, 44
932,206,206, 44
933,206,206, 44
934,206,206, 44
935,206,206, 44
936,206,206, 44
937,206,206, 44
938,206,206, 44
939,206,206, 44
940,206,206, 44
941,206,206, 44
942,206,206, 44
943,206,206, 44
944,206,206, 44
945,206,206, 44
946,206,206, 44
947,206,206, 44
948,206,206, 44
949,206,206, 44
950,206,206, 44
951,206,206, 44
952,206,206, 44
953,206,206, 44
954,206,206, 44
955,206,206, 44
956,206,206, 44
957,206,206, 44
958,206,206, 44
959,206,206, 44
960,206,206, 44
961,206,206, 44
962,206,206, 44
963,206,206, 44
964,206,206, 44
965,206,206, 44
966,206,206, 44
967,206,206, 44
968,206,206, 44
969,206,206, 44
970,206,206, 44
971,206,206, 44
972,206,206, 44
973,206,206, 44
974,206,206, 44
975,206,206, 44
976,206,206, 44
977,206,206, 44
978,206,206, 44
979,206,206, 44
980,206,206, 44
981,206,206, 44
982,206,206, 44
983,206,206, 44
984,206,206, 44
985,206,206, 44
986,206,206, 44
987,206,206, 44
988,206,206, 44
989,206,206, 44
990,205,205, 45
991,205,205, 45
992,205,205, 45
993,205,205, 45
994,205,205, 45
995,205,205, 45
996,205,205, 45
997,205,205, 45
998,205,205, 45
999,205,205, 45
1000,205,205, 45
1001,205,205, 45
1002,205,205, 45
1003,205,205, 45
1004,205,205, 45
1005,205,205, 45
1006,205,205, 45
1007,205,205, 45
1008,205,205, 45
1009,205,205, 45
1010,205,205, 45
1011,204,204, 46
1012,204,204, 46
1013,204,204, 46
1014,204,204, 46
1015,204,204, 46
1016,204,204, 46
1017,204,204, 46
1018,204,204, 46
1019,204,204, 46
1020,204,204, 46
1021,204,204, 46
1022,204,204, 46
1023,204,204, 46
1024,204,204, 46
1025,204,204, 46
1026,204,204, 46
1027,204,204, 46
1028,204,204, 46
1029,204,204, 46
1030,204,204, 46
1031,204,204, 46
1032,204,204, 46
1033,204,204, 46
1034,204,204, 46
1035,204,204, 46
1036,204,204, 46
1037,204,204, 46
1038,204,204, 46
1039,204,204, 46
1040,204,204, 46
1041,204,204, 46
1042,204,204, 46
1043,204,204, 46
1044,204,204, 46
1045,204,204, 46
1046,204,204, 46
1047,204,204, 46
1048,204,204, 46
1049,204,204, 46
1050,204,204, 46
1051,203,203, 47
1052,203,203, 47
1053,203,203, 47
1054,203,203, 47
1055,203,203, 47
1056,203,203, 47
1057,203,203, 47
1058,203,203, 47
1059,203,203, 47
1060,203,203, 47
1061,203,203, 47
1062,203,203, 47
1063,203,203, 47
1064,203,203, 47
1065,203,203, 47
1066,203,203, 47
1067,203,203, 47
1068,203,203, 47
1069,203,203, 47
1070,203,203, 47
1071,203,203, 47
1072,203,203, 47
1073,203,203, 47
1074,203,203, 47
1075,203,203, 47
1076,203,203, 47
1077,203,203, 47
1078,203,203, 47
1079,203,203, 47
1080,203,203, 47
1081,203,203, 47
1082,203,203, 47
1083,203,203, 47
1084,203,203, 47
1085,203,203, 47
1086,203,203, 47
1087,203,203, 47
1088,203,203, 47
1089,203,203, 47
1090,203,203, 47
1091,203,203, 47
1092,203,203, 47
1093,203,203, 47
1094,203,203, 47
1095,203,203, 47
1096,203,203, 47
1097,203,203, 47
1098,203,203, 47
1099,203,203, 47
1100,203,203, 47
1101,203,203, 47
1102,203,203, 47
1103,203,203, 47
1104,203,203, 47
1105,203,203, 47
1106,203,203, 47
1107,203,203, 47
1108,203,203, 47
1109,203,203, 47
1110,203,203, 47
1111,203,203, 47
1112,203,203, 47
1113,203,203, 47
1114,203,203, 47
1115,203,203, 47
1116,203,203, 47
1117,203,203, 47
1118,203,203, 47
1119,203,203, 47
1120,203,203, 47
1121,203,203, 47
1122,203,203, 47
1123,203,203, 47
1124,203,203, 47
1125,203,203, 47
1126,203,203, 47
1127,203,203, 47
1128,203,203, 47
1129,203,203, 47
1130,203,203, 47
1131,203,203, 47
1132,203,203, 47
1133,203,203, 47
1134,203,203, 47
1135,203,203, 47
1136,203,203, 47
1137,203,203, 47
1138,203,203, 47
1139,203,203, 47
1140,203,203, 47
1141,203,203, 47
1142,203,203, 47
1143,203,203, 47
1144,203,203, 47
1145,203,203, 47
1146,203,203, 47
1147,203,203, 47
1148,203,203, 47
1149,203,203, 47
1150,203,203, 47
1151,203,203, 47
1152,203,203, 47
1153,203,203, 47
1154,203,203, 47
1155,203,203, 47
1156,203,203, 47
1157,203,203, 47
1158,203,203, 47
1159,203,203, 47
1160,203,203, 47
1161,203,203, 47
1162,203,203, 47
1163,203,203, 47
1164,203,203, 47
1165,203,203, 47
1166,203,203, 47
1167,203,203, 47
1168,203,203, 47
1169,203,203, 47
1170,203,203, 47
1171,203,203, 47
1172,203,203, 47
1173,203,203, 47
1174,203,203, 47
1175,203,203, 47
1176,203,203, 47
1177,203,203, 47
1178,203,203, 47
1179,203,203, 47
1180,203,203, 47
1181,203,203, 47
1182,203,203, 47
1183,203,203, 47
1184,203,203, 47
1185,203,203, 47
1186,203,203, 47
1187,203,203, 47
1188,203,203, 47
1189,203,203, 47
1190,203,203, 47
1191,203,203, 47
1192,203,203, 47
1193,203,203, 47
1194,203,203, 47
1195,203,203, 47
1196,203,203, 47
1197,203,203, 47
1198,203,203, 47
1199,203,203, 47
1200,203,203, 47
1201,203,203, 47
1202,203,203, 47
1203,203,203, 47
1204,203,203, 47
1205,203,203, 47
1206,203,203, 47
1207,203,203, 47
1208,203,203, 47
1209,203,203, 47
1210,203,203, 47
1211,203,203, 47
1212,203,203, 47
1213,203,203, 47
1214,203,203, 47
1215,203,203, 47
1216,203,203, 47
1217,203,203, 47
1218,203,203, 47
1219,203,203, 47
1220,203,203, 47
1221,203,203, 47
1222,203,203, 47
1223,203,203, 47
1224,203,203, 47
1225,203,203, 47
1226,203,203, 47
1227,203,203, 47
1228,203,203, 47
1229,203,203, 47
1230,203,203, 47
1231,203,203, 47
1232,203,203, 47
1233,203,203, 47
1234,203,203, 47
1235,203,203, 47
1236,202,202, 48
1237,202,202, 48
1238,202,202, 48
1239,202,202, 48
1240,202,202, 48
1241,202,202, 48
1242,202,202, 48
1243,202,202, 48
1244,202,202, 48
1245,202,202, 48
1246,202,202, 48
1247,201,201, 49
1248,201,201, 49
1249,201,201, 49
1250,201,201, 49
1251,201,201, 49
1252,201,201, 49
1253,201,201, 49
1254,201,201, 49
1255,201,201, 49
1256,201,201, 49
1257,201,201, 49
1258,201,201, 49
1259,201,201, 49
1260,201,201, 49
1261,201,201, 49
1262,199,199, 51
1263,199,199, 51
1264,199,199, 51
1265,199,199, 51
1266,199,199, 51
1267,199,199, 51
1268,199,199, 51
1269,199,199, 51
1270,199,199, 51
1271,199,199, 51
1272,199,199, 51
1273,199,199, 51
1274,198,198, 52
1275,198,198, 52
1276,197,197, 53
1277,197,197, 53
1278,197,197, 53
1279,197,197, 53
1280,197,197, 53
1281,197,197, 53
1282,197,197, 53
1283,197,197, 53
1284,197,197, 53
1285,197,197, 53
1286,197,197, 53
1287,197,197, 53
1288,197,197, 53
1289,197,197, 53
1290,197,197, 53
1291,197,197, 53
1292,197,197, 53
1293,197,197, 53
1294,197,197, 53
1295,197,197, 53
1296,197,197, 53
1297,197,197, 53
1298,197,197, 53
1299,197,197, 53
1300,197,197, 53
1301,197,197, 53
1302,197,197, 53
1303,197,197, 53
1304,197,197, 53
1305,197,197, 53
1306,197,197, 53
1307,197,197, 53
1308,197,197, 53
1309,197,197, 53
1310,197,197, 53
1311,197,197, 53
1312,197,197, 53
1313,197,197, 53
1314,197,197, 53
1315,197,197, 53
1316,197,197, 53
1317,197,197, 53
1318,197,197, 53
1319,197,197, 53
1320,197,197, 53
1321,197,197, 53
1322,197,197, 53
1323,197,197, 53
1324,197,197, 53
1325,197,197, 53
1326,197,197, 53
1327,197,197, 53
1328,197,197, 53
1329,197,197, 53
1330,197,197, 53
1331,197,197, 53
1332,197,197, 53
1333,197,197, 53
1334,197,197, 53
1335,197,197, 53
1336,197,197, 53
1337,197,197, 53
1338,197,197, 53
1339,197,197, 53
1340,197,197, 53
1341,197,197, 53
1342,197,197, 53
1343,197,197, 53
1344,197,197, 53
1345,197,197, 53
1346,197,197, 53
1347,197,197, 53
1348,197,197, 53
1349,197,197, 53
1350,197,197, 53
1351,197,197, 53
1352,197,197, 53
1353,197,197, 53
1354,197,197, 53
1355,197,197, 53
1356,197,197, 53
1357,197,197, 53
1358,197,197, 53
1359,197,197, 53
1360,197,197, 53
1361,197,197, 53
1362,197,197, 53
1363,197,197, 53
1364,197,197, 53
1365,197,197, 53
1366,197,197, 53
1367,197,197, 53
1368,197,197, 53
1369,197,197, 53
1370,197,197, 53
1371,197,197, 53
1372,197,197, 53
1373,197,197, 53
1374,197,197, 53
1375,197,197, 53
1376,197,197, 53
1377,197,197, 53
1378,197,197, 53
1379,197,197, 53
1380,197,197, 53
1381,197,197, 53
1382,197,197, 53
1383,197,197, 53
1384,197,197, 53
1385,197,197, 53
1386,195,195, 55
1387,195,195, 55
1388,195,195, 55
1389,195,195, 55
1390,194,194, 56
1391,194,194, 56
1392,194,194, 56
1393,194,194, 56
1394,194,194, 56
1395,194,194, 56
1396,194,194, 56
1397,194,194, 56
1398,194,194, 56
1399,194,194, 56
1400,194,194, 56
1401,194,194, 56
1402,194,194, 56
1403,194,194, 56
1404,194,194, 56
1405,194,194, 56
1406,194,194, 56
1407,194,194, 56
1408,194,194, 56
1409,194,194, 56
1410,194,194, 56
1411,194,194, 56
1412,194,194, 56
1413,194,194, 56
1414,194,194, 56
1415,194,194, 56
1416,194,194, 56
1417,194,194, 56
1418,194,194, 56
1419,194,194, 56
1420,194,194, 56
1421,194,194, 56
1422,194,194, 56
1423,194,194, 56
1424,194,194, 56
1425,194,194, 56
1426,194,194, 56
1427,194,194, 56
1428,194,194, 56
1429,194,194, 56
1430,194,194, 56
1431,194,194, 56
1432,194,194, 56
1433,194,194, 56
1434,194,194, 56
1435,194,194, 56
1436,194,194, 56
1437,194,194, 56
1438,194,194, 56
1439,194,194, 56
1440,194,194, 56
1441,194,194, 56
1442,194,194, 56
1443,194,194, 56
1444,194,194, 56
1445,194,194, 56
1446,194,194, 56
1447,194,194, 56
1448,194,194, 56
1449,194,194, 56
1450,194,194, 56
1451,194,194, 56
1452,194,194, 56
1453,194,194, 56
1454,194,194, 56
1455,194,194, 56
1456,194,194, 56
1457,194,194, 56
1458,194,194, 56
1459,194,194, 56
1460,194,194, 56
1461,194,194, 56
1462,194,194, 56
1463,194,194, 56
1464,194,194, 56
1465,194,194, 56
1466,194,194, 56
1467,194,194, 56
1468,194,194, 56
1469,194,194, 56
1470,194,194, 56
1471,194,194, 56
1472,194,194, 56
1473,194,194, 56
1474,194,194, 56
1475,194,194, 56
1476,194,194, 56
1477,194,194, 56
1478,194,194, 56
1479,194,194, 56
1480,194,194, 56
1481,194,194, 56
1482,194,194, 56
1483,194,194, 56
1484,194,194, 56
1485,194,194, 56
1486,194,194, 56
1487,194,194, 56
1488,194,194, 56
1489,194,194, 56
1490,194,194, 56
1491,194,194, 56
1492,194,194, 56
1493,194,194, 56
1494,194,194, 56
1495,194,194, 56
1496,194,194, 56
1497,194,194, 56
1498,194,194, 56
1499,194,194, 56
