0,249,249, 1
1,249,249, 1
2,249,249, 1
3,249,249, 1
4,249,249, 1
5,249,249, 1
6,249,249, 1
7,249,249, 1
8,248,248, 2
9,248,248, 2
10,248,248, 2
11,248,248, 2
12,248,248, 2
13,248,248, 2
14,248,248, 2
15,248,248, 2
16,247,247, 3
17,247,247, 3
18,247,247, 3
19,247,247, 3
20,246,246, 4
21,246,246, 4
22,246,246, 4
23,246,246, 4
24,246,246, 4
25,246,246, 4
26,246,246, 4
27,246,246, 4
28,246,246, 4
29,246,246, 4
30,246,246, 4
31,246,246, 4
32,246,246, 4
33,246,246, 4
34,246,246, 4
35,246,246, 4
36,245,245, 5
37,245,245, 5
38,245,245, 5
39,245,245, 5
40,245,245, 5
41,245,245, 5
42,245,245, 5
43,245,245, 5
44,245,245, 5
45,245,245, 5
46,244,244, 6
47,244,244, 6
48,244,244, 6
49,244,244, 6
50,244,244, 6
51,244,244, 6
52,244,244, 6
53,244,244, 6
54,243,243, 7
55,243,243, 7
56,243,243, 7
57,243,243, 7
58,243,243, 7
59,243,243, 7
60,243,243, 7
61,243,243, 7
62,243,243, 7
63,243,243, 7
64,243,243, 7
65,242,242, 8
66,242,242, 8
67,242,242, 8
68,242,242, 8
69,242,242, 8
70,242,242, 8
71,242,242, 8
72,242,242, 8
73,242,242, 8
74,242,242, 8
75,242,242, 8
76,242,242, 8
77,242,242, 8
78,242,242, 8
79,242,242, 8
80,242,242, 8
81,242,242, 8
82,242,242, 8
83,242,242, 8
84,242,242, 8
85,242,242, 8
86,242,242, 8
87,242,242, 8
88,242,242, 8
89,242,242, 8
90,242,242, 8
91,242,242, 8
92,242,242, 8
93,242,242, 8
94,242,242, 8
95,242,242, 8
96,242,242, 8
97,242,242, 8
98,242,242, 8
99,242,242, 8
100,242,242, 8
101,242,242, 8
102,242,242, 8
103,242,242, 8
104,242,242, 8
105,242,242, 8
106,242,242, 8
107,242,242, 8
108,242,242, 8
109,242,242, 8
110,242,242, 8
111,241,241, 9
112,241,241, 9
113,241,241, 9
114,241,241, 9
115,241,241, 9
116,241,241, 9
117,241,241, 9
118,241,241, 9
119,241,241, 9
120,241,241, 9
121,241,241, 9
122,241,241, 9
123,240,240, 10
124,240,240, 10
125,240,240, 10
126,240,240, 10
127,240,240, 10
128,240,240, 10
129,240,240, 10
130,240,240, 10
131,240,240, 10
132,240,240, 10
133,240,240, 10
134,240,240, 10
135,240,240, 10
136,240,240, 10
137,240,240, 10
138,240,240, 10
139,240,240, 10
140,240,240, 10
141,240,240, 10
142,240,240, 10
143,240,240, 10
144,240,240, 10
145,240,240, 10
146,240,240, 10
147,240,240, 10
148,240,240, 10
149,240,240, 10
150,240,240, 10
151,240,240, 10
152,240,240, 10
153,240,240, 10
154,240,240, 10
155,240,240, 10
156,240,240, 10
157,240,240, 10
158,239,239, 11
159,239,239, 11
160,239,239, 11
161,239,239, 11
162,239,239, 11
163,239,239, 11
164,239,239, 11
165,239,239, 11
166,239,239, 11
167,239,239, 11
168,239,239, 11
169,239,239, 11
170,239,239, 11
171,239,239, 11
172,239,239, 11
173,239,239, 11
174,239,239, 11
175,239,239, 11
176,239,239, 11
177,239,239, 11
178,239,239, 11
179,239,239, 11
180,239,239, 11
181,239,239, 11
182,239,239, 11
183,239,239, 11
184,239,239, 11
185,239,239, 11
186,238,238, 12
187,238,238, 12
188,238,238, 12
189,238,238, 12
190,238,238, 12
191,238,238, 12
192,238,238, 12
193,238,238, 12
194,238,238, 12
195,238,238, 12
196,238,238, 12
197,238,238, 12
198,238,238, 12
199,238,238, 12
200,238,238, 12
201,238,238, 12
202,238,238, 12
203,238,238, 12
204,238,238, 12
205,238,238, 12
206,238,238, 12
207,238,238, 12
208,238,238, 12
209,238,238, 12
210,238,238, 12
211,238,238, 12
212,238,238, 12
213,238,238, 12
214,238,238, 12
215,238,238, 12
216,238,238, 12
217,238,238, 12
218,238,238, 12
219,238,238, 12
220,238,238, 12
221,238,238, 12
222,237,237, 13
223,237,237, 13
224,237,237, 13
225,237,237, 13
226,237,237, 13
227,237,237, 13
228,237,237, 13
229,237,237, 13
230,237,237, 13
231,237,237, 13
232,237,237, 13
233,237,237, 13
234,237,237, 13
235,237,237, 13
236,237,237, 13
237,237,237, 13
238,237,237, 13
239,237,237, 13
240,237,237, 13
241,237,237, 13
242,237,237, 13
243,237,237, 13
244,237,237, 13
245,237,237, 13
246,237,237, 13
247,237,237, 13
248,237,237, 13
249,237,237, 13
250,237,237, 13
251,237,237, 13
252,237,237, 13
253,237,237, 13
254,237,237, 13
255,237,237, 13
256,237,237, 13
257,237,237, 13
258,237,237, 13
259,237,237, 13
260,237,237, 13
261,237,237, 13
262,237,237, 13
263,237,237, 13
264,237,237, 13
265,237,237, 13
266,237,237, 13
267,237,237, 13
268,237,237, 13
269,237,237, 13
270,237,237, 13
271,237,237, 13
272,237,237, 13
273,237,237, 13
274,237,237, 13
275,237,237, 13
276,237,237, 13
277,237,237, 13
278,237,237, 13
279,237,237, 13
280,237,237, 13
281,237,237, 13
282,237,237, 13
283,237,237, 13
284,237,237, 13
285,237,237, 13
286,237,237, 13
287,236,236, 14
288,236,236, 14
289,236,236, 14
290,236,236, 14
291,236,236, 14
292,236,236, 14
293,236,236, 14
294,236,236, 14
295,236,236, 14
296,236,236, 14
297,236,236, 14
298,236,236, 14
299,236,236, 14
300,236,236, 14
301,236,236, 14
302,236,236, 14
303,236,236, 14
304,236,236, 14
305,236,236, 14
306,236,236, 14
307,236,236, 14
308,236,236, 14
309,236,236, 14
310,235,235, 15
311,235,235, 15
312,235,235, 15
313,235,235, 15
314,235,235, 15
315,235,235, 15
316,235,235, 15
317,235,235, 15
318,235,235, 15
319,235,235, 15
320,235,235, 15
321,235,235, 15
322,235,235, 15
323,235,235, 15
324,235,235, 15
325,235,235, 15
326,235,235, 15
327,235,235, 15
328,235,235, 15
329,235,235, 15
330,235,235, 15
331,235,235, 15
332,235,235, 15
333,235,235, 15
334,235,235, 15
335,235,235, 15
336,235,235, 15
337,235,235, 15
338,235,235, 15
339,235,235, 15
340,235,235, 15
341,235,235, 15
342,235,235, 15
343,235,235, 15
344,235,235, 15
345,235,235, 15
346,234,234, 16
347,234,234, 16
348,234,234, 16
349,234,234, 16
350,234,234, 16
351,234,234, 16
352,234,234, 16
353,234,234, 16
354,234,234, 16
355,234,234, 16
356,234,234, 16
357,234,234, 16
358,234,234, 16
359,234,234, 16
360,234,234, 16
361,234,234, 16
362,234,234, 16
363,234,234, 16
364,234,234, 16
365,234,234, 16
366,234,234, 16
367,234,234, 16
368,234,234, 16
369,234,234, 16
370,234,234, 16
371,234,234, 16
372,234,234, 16
373,234,234, 16
374,234,234, 16
375,234,234, 16
376,234,234, 16
377,234,234, 16
378,234,234, 16
379,234,234, 16
380,234,234, 16
381,234,234, 16
382,234,234, 16
383,234,234, 16
384,234,234, 16
385,234,234, 16
386,234,234, 16
387,234,234, 16
388,234,234, 16
389,234,234, 16
390,234,234, 16
391,234,234, 16
392,234,234, 16
393,234,234, 16
394,234,234, 16
395,234,234, 16
396,234,234, 16
397,234,234, 16
398,234,234, 16
399,234,234, 16
400,234,234, 16
401,233,233, 17
402,233,233, 17
403,233,233, 17
404,233,233, 17
405,233,233, 17
406,233,233, 17
407,233,233, 17
408,233,233, 17
409,233,233, 17
410,233,233, 17
411,233,233, 17
412,233,233, 17
413,233,233, 17
414,233,233, 17
415,233,233, 17
416,233,233, 17
417,233,233, 17
418,233,233, 17
419,233,233, 17
420,233,233, 17
421,233,233, 17
422,233,233, 17
423,233,233, 17
424,233,233, 17
425,233,233, 17
426,233,233, 17
427,233,233, 17
428,233,233, 17
429,233,233, 17
430,233,233, 17
431,233,233, 17
432,233,233, 17
433,233,233, 17
434,233,233, 17
435,233,233, 17
436,233,233, 17
437,233,233, 17
438,233,233, 17
439,233,233, 17
440,233,233, 17
441,233,233, 17
442,233,233, 17
443,233,233, 17
444,233,233, 17
445,233,233, 17
446,233,233, 17
447,233,233, 17
448,233,233, 17
449,233,233, 17
450,233,233, 17
451,233,233, 17
452,233,233, 17
453,233,233, 17
454,233,233, 17
455,233,233, 17
456,233,233, 17
457,233,233, 17
458,233,233, 17
459,233,233, 17
460,233,233, 17
461,233,233, 17
462,233,233, 17
463,233,233, 17
464,233,233, 17
465,233,233, 17
466,233,233, 17
467,233,233, 17
468,233,233, 17
469,233,233, 17
470,233,233, 17
471,233,233, 17
472,233,233, 17
473,233,233, 17
474,233,233, 17
475,233,233, 17
476,233,233, 17
477,233,233, 17
478,233,233, 17
479,233,233, 17
480,233,233, 17
481,233,233, 17
482,233,233, 17
483,233,233, 17
484,233,233, 17
485,233,233, 17
486,233,233, 17
487,233,233, 17
488,233,233, 17
489,233,233, 17
490,233,233, 17
491,233,233, 17
492,233,233, 17
493,233,233, 17
494,233,233, 17
495,233,233, 17
496,233,233, 17
497,233,233, 17
498,233,233, 17
499,233,233, 17
500,233,233, 17
501,233,233, 17
502,233,233, 17
503,233,233, 17
504,233,233, 17
505,233,233, 17
506,233,233, 17
507,233,233, 17
508,233,233, 17
509,233,233, 17
510,233,233, 17
511,233,233, 17
512,233,233, 17
513,233,233, 17
514,233,233, 17
515,233,233, 17
516,233,233, 17
517,233,233, 17
518,233,233, 17
519,233,233, 17
520,233,233, 17
521,233,233, 17
522,233,233, 17
523,233,233, 17
524,233,233, 17
525,233,233, 17
526,233,233, 17
527,233,233, 17
528,233,233, 17
529,233,233, 17
530,233,233, 17
531,233,233, 17
532,233,233, 17
533,233,233, 17
534,233,233, 17
535,233,233, 17
536,233,233, 17
537,233,233, 17
538,233,233, 17
539,233,233, 17
540,233,233, 17
541,233,233, 17
542,233,233, 17
543,233,233, 17
544,233,233, 17
545,233,233, 17
546,233,233, 17
547,233,233, 17
548,233,233, 17
549,233,233, 17
550,233,233, 17
551,233,233, 17
552,233,233, 17
553,233,233, 17
554,233,233, 17
555,233,233, 17
556,233,233, 17
557,233,233, 17
558,233,233, 17
559,233,233, 17
560,233,233, 17
561,233,233, 17
562,233,233, 17
563,233,233, 17
564,233,233, 17
565,233,233, 17
566,233,233, 17
567,233,233, 17
568,233,233, 17
569,233,233, 17
570,233,233, 17
571,233,233, 17
572,233,233, 17
573,233,233, 17
574,233,233, 17
575,233,233, 17
576,233,233, 17
577,233,233, 17
578,233,233, 17
579,233,233, 17
580,233,233, 17
581,233,233, 17
582,233,233, 17
583,233,233, 17
584,233,233, 17
585,233,233, 17
586,233,233, 17
587,233,233, 17
588,233,233, 17
589,233,233, 17
590,233,233, 17
591,233,233, 17
592,233,233, 17
593,233,233, 17
594,233,233, 17
595,233,233, 17
596,233,233, 17
597,233,233, 17
598,233,233, 17
599,233,233, 17
600,233,233, 17
601,233,233, 17
602,233,233, 17
603,233,233, 17
604,233,233, 17
605,233,233, 17
606,233,233, 17
607,233,233, 17
608,233,233, 17
609,233,233, 17
610,233,233, 17
611,233,233, 17
612,233,233, 17
613,233,233, 17
614,233,233, 17
615,233,233, 17
616,233,233, 17
617,233,233, 17
618,233,233, 17
619,233,233, 17
620,233,233, 17
621,233,233, 17
622,233,233, 17
623,233,233, 17
624,233,233, 17
625,233,233, 17
626,233,233, 17
627,233,233, 17
628,233,233, 17
629,233,233, 17
630,233,233, 17
631,233,233, 17
632,233,233, 17
633,233,233, 17
634,233,233, 17
635,233,233, 17
636,233,233, 17
637,233,233, 17
638,233,233, 17
639,233,233, 17
640,233,233, 17
641,233,233, 17
642,233,233, 17
643,233,233, 17
644,233,233, 17
645,233,233, 17
646,233,233, 17
647,233,233, 17
648,233,233, 17
649,233,233, 17
650,233,233, 17
651,233,233, 17
652,233,233, 17
653,233,233, 17
654,233,233, 17
655,233,233, 17
656,233,233, 17
657,233,233, 17
658,233,233, 17
659,233,233, 17
660,233,233, 17
661,233,233, 17
662,233,233, 17
663,232,232, 18
664,232,232, 18
665,232,232, 18
666,232,232, 18
667,232,232, 18
668,232,232, 18
669,232,232, 18
670,232,232, 18
671,232,232, 18
672,232,232, 18
673,232,232, 18
674,232,232, 18
675,232,232, 18
676,232,232, 18
677,232,232, 18
678,232,232, 18
679,232,232, 18
680,232,232, 18
681,232,232, 18
682,232,232, 18
683,232,232, 18
684,232,232, 18
685,232,232, 18
686,232,232, 18
687,232,232, 18
688,232,232, 18
689,232,232, 18
690,232,232, 18
691,232,232, 18
692,232,232, 18
693,232,232, 18
694,231,231, 19
695,231,231, 19
696,231,231, 19
697,231,231, 19
698,231,231, 19
699,231,231, 19
700,231,231, 19
701,231,231, 19
702,231,231, 19
703,231,231, 19
704,231,231, 19
705,231,231, 19
706,231,231, 19
707,231,231, 19
708,231,231, 19
709,231,231, 19
710,231,231, 19
711,231,231, 19
712,231,231, 19
713,231,231, 19
714,231,231, 19
715,231,231, 19
716,231,231, 19
717,231,231, 19
718,231,231, 19
719,231,231, 19
720,231,231, 19
721,231,231, 19
722,231,231, 19
723,231,231, 19
724,231,231, 19
725,231,231, 19
726,231,231, 19
727,231,231, 19
728,231,231, 19
729,231,231, 19
730,231,231, 19
731,231,231, 19
732,231,231, 19
733,231,231, 19
734,231,231, 19
735,231,231, 19
736,231,231, 19
737,231,231, 19
738,231,231, 19
739,231,231, 19
740,231,231, 19
741,231,231, 19
742,231,231, 19
743,231,231, 19
744,231,231, 19
745,231,231, 19
746,231,231, 19
747,231,231, 19
748,231,231, 19
749,231,231, 19
750,231,231, 19
751,231,231, 19
752,231,231, 19
753,231,231, 19
754,231,231, 19
755,231,231, 19
756,231,231, 19
757,231,231, 19
758,231,231, 19
759,231,231, 19
760,231,231, 19
761,231,231, 19
762,231,231, 19
763,231,231, 19
764,231,231, 19
765,231,231, 19
766,231,231, 19
767,231,231, 19
768,231,231, 19
769,231,231, 19
770,231,231, 19
771,231,231, 19
772,231,231, 19
773,231,231, 19
774,231,231, 19
775,231,231, 19
776,231,231, 19
777,231,231, 19
778,231,231, 19
779,231,231, 19
780,231,231, 19
781,231,231, 19
782,231,231, 19
783,231,231, 19
784,231,231, 19
785,231,231, 19
786,231,231, 19
787,231,231, 19
788,231,231, 19
789,231,231, 19
790,231,231, 19
791,231,231, 19
792,231,231, 19
793,231,231, 19
794,231,231, 19
795,231,231, 19
796,231,231, 19
797,231,231, 19
798,231,231, 19
799,231,231, 19
800,231,231, 19
801,231,231, 19
802,231,231, 19
803,231,231, 19
804,231,231, 19
805,231,231, 19
806,231,231, 19
807,231,231, 19
808,231,231, 19
809,231,231, 19
810,231,231, 19
811,231,231, 19
812,231,231, 19
813,231,231, 19
814,231,231, 19
815,231,231, 19
816,231,231, 19
817,231,231, 19
818,231,231, 19
819,231,231, 19
820,231,231, 19
821,231,231, 19
822,231,231, 19
823,231,231, 19
824,231,231, 19
825,231,231, 19
826,231,231, 19
827,231,231, 19
828,231,231, 19
829,231,231, 19
830,231,231, 19
831,231,231, 19
832,231,231, 19
833,231,231, 19
834,231,231, 19
835,231,231, 19
836,231,231, 19
837,231,231, 19
838,231,231, 19
839,231,231, 19
840,231,231, 19
841,231,231, 19
842,231,231, 19
843,231,231, 19
844,231,231, 19
845,231,231, 19
846,231,231, 19
847,231,231, 19
848,231,231, 19
849,231,231, 19
850,231,231, 19
851,231,231, 19
852,231,231, 19
853,231,231, 19
854,231,231, 19
855,231,231, 19
856,231,231, 19
857,231,231, 19
858,230,230, 20
859,230,230, 20
860,230,230, 20
861,230,230, 20
862,230,230, 20
863,230,230, 20
864,230,230, 20
865,230,230, 20
866,230,230, 20
867,230,230, 20
868,230,230, 20
869,230,230, 20
870,230,230, 20
871,230,230, 20
872,230,230, 20
873,230,230, 20
874,230,230, 20
875,230,230, 20
876,230,230, 20
877,230,230, 20
878,230,230, 20
879,230,230, 20
880,230,230, 20
881,230,230, 20
882,230,230, 20
883,230,230, 20
884,230,230, 20
885,230,230, 20
886,230,230, 20
887,230,230, 20
888,229,229, 21
889,229,229, 21
890,229,229, 21
891,229,229, 21
892,229,229, 21
893,229,229, 21
894,229,229, 21
895,229,229, 21
896,229,229, 21
897,229,229, 21
898,229,229, 21
899,229,229, 21
900,229,229, 21
901,229,229, 21
902,229,229, 21
903,229,229, 21
904,229,229, 21
905,229,229, 21
906,229,229, 21
907,229,229, 21
908,229,229, 21
909,229,229, 21
910,229,229, 21
911,229,229, 21
912,229,229, 21
913,229,229, 21
914,229,229, 21
915,229,229, 21
916,229,229, 21
917,229,229, 21
918,229,229, 21
919,229,229, 21
920,229,229, 21
921,229,229, 21
922,229,229, 21
923,229,229, 21
924,229,229, 21
925,229,229, 21
926,229,229, 21
927,229,229, 21
928,229,229, 21
929,229,229, 21
930,229,229, 21
931,229,229, 21
932,229,229, 21
933,228,228, 22
934,228,228, 22
935,228,228, 22
936,228,228, 22
937,228,228, 22
938,228,228, 22
939,228,228, 22
940,228,228, 22
941,228,228, 22
942,228,228, 22
943,228,228, 22
944,228,228, 22
945,228,228, 22
946,228,228, 22
947,228,228, 22
948,228,228, 22
949,228,228, 22
950,228,228, 22
951,228,228, 22
952,228,228, 22
953,228,228, 22
954,228,228, 22
955,228,228, 22
956,228,228, 22
957,228,228, 22
958,228,228, 22
959,228,228, 22
960,228,228, 22
961,228,228, 22
962,228,228, 22
963,228,228, 22
964,228,228, 22
965,228,228, 22
966,228,228, 22
967,228,228, 22
968,228,228, 22
969,228,228, 22
970,228,228, 22
971,228,228, 22
972,228,228, 22
973,228,228, 22
974,228,228, 22
975,228,228, 22
976,228,228, 22
977,228,228, 22
978,228,228, 22
979,228,228, 22
980,228,228, 22
981,228,228, 22
982,228,228, 22
983,228,228, 22
984,228,228, 22
985,228,228, 22
986,228,228, 22
987,228,228, 22
988,228,228, 22
989,228,228, 22
990,228,228, 22
991,228,228, 22
992,228,228, 22
993,228,228, 22
994,228,228, 22
995,228,228, 22
996,228,228, 22
997,228,228, 22
998,228,228, 22
999,228,228, 22
1000,228,228, 22
1001,228,228, 22
1002,228,228, 22
1003,228,228, 22
1004,228,228, 22
1005,228,228, 22
1006,228,228, 22
1007,228,228, 22
1008,228,228, 22
1009,228,228, 22
1010,228,228, 22
1011,228,228, 22
1012,228,228, 22
1013,228,228, 22
1014,228,228, 22
1015,228,228, 22
1016,228,228, 22
1017,228,228, 22
1018,228,228, 22
1019,228,228, 22
1020,228,228, 22
1021,228,228, 22
1022,228,228, 22
1023,228,228, 22
1024,228,228, 22
1025,228,228, 22
1026,228,228, 22
1027,228,228, 22
1028,228,228, 22
1029,228,228, 22
1030,228,228, 22
1031,228,228, 22
1032,228,228, 22
1033,228,228, 22
1034,228,228, 22
1035,228,228, 22
1036,228,228, 22
1037,228,228, 22
1038,228,228, 22
1039,228,228, 22
1040,228,228, 22
1041,228,228, 22
1042,228,228, 22
1043,228,228, 22
1044,228,228, 22
1045,228,228, 22
1046,228,228, 22
1047,228,228, 22
1048,228,228, 22
1049,228,228, 22
1050,228,228, 22
1051,228,228, 22
1052,228,228, 22
1053,228,228, 22
1054,228,228, 22
1055,228,228, 22
1056,228,228, 22
1057,228,228, 22
1058,228,228, 22
1059,228,228, 22
1060,228,228, 22
1061,228,228, 22
1062,228,228, 22
1063,228,228, 22
1064,228,228, 22
1065,228,228, 22
1066,228,228, 22
1067,228,228, 22
1068,228,228, 22
1069,228,228, 22
1070,228,228, 22
1071,228,228, 22
1072,228,228, 22
1073,227,227, 23
1074,227,227, 23
1075,227,227, 23
1076,227,227, 23
1077,227,227, 23
1078,227,227, 23
1079,227,227, 23
1080,227,227, 23
1081,227,227, 23
1082,227,227, 23
1083,227,227, 23
1084,227,227, 23
1085,227,227, 23
1086,227,227, 23
1087,227,227, 23
1088,227,227, 23
1089,227,227, 23
1090,227,227, 23
1091,227,227, 23
1092,227,227, 23
1093,227,227, 23
1094,227,227, 23
1095,227,227, 23
1096,227,227, 23
1097,227,227, 23
1098,227,227, 23
1099,227,227, 23
1100,227,227, 23
1101,227,227, 23
1102,227,227, 23
1103,227,227, 23
1104,227,227, 23
1105,227,227, 23
1106,227,227, 23
1107,227,227, 23
1108,227,227, 23
1109,227,227, 23
1110,227,227, 23
1111,227,227, 23
1112,227,227, 23
1113,227,227, 23
1114,227,227, 23
1115,227,227, 23
1116,227,227, 23
1117,227,227, 23
1118,227,227, 23
1119,227,227, 23
1120,227,227, 23
1121,227,227, 23
1122,227,227, 23
1123,227,227, 23
1124,227,227, 23
1125,227,227, 23
1126,227,227, 23
1127,227,227, 23
1128,227,227, 23
1129,227,227, 23
1130,227,227, 23
1131,227,227, 23
1132,227,227, 23
1133,227,227, 23
1134,227,227, 23
1135,227,227, 23
1136,227,227, 23
1137,227,227, 23
1138,227,227, 23
1139,227,227, 23
1140,227,227, 23
1141,227,227, 23
1142,227,227, 23
1143,227,227, 23
1144,227,227, 23
1145,227,227, 23
1146,227,227, 23
1147,227,227, 23
1148,227,227, 23
1149,227,227, 23
1150,227,227, 23
1151,227,227, 23
1152,227,227, 23
1153,227,227, 23
1154,227,227, 23
1155,227,227, 23
1156,227,227, 23
1157,227,227, 23
1158,227,227, 23
1159,227,227, 23
1160,227,227, 23
1161,227,227, 23
1162,227,227, 23
1163,227,227, 23
1164,227,227, 23
1165,227,227, 23
1166,227,227, 23
1167,227,227, 23
1168,227,227, 23
1169,227,227, 23
1170,227,227, 23
1171,227,227, 23
1172,227,227, 23
1173,227,227, 23
1174,227,227, 23
1175,227,227, 23
1176,227,227, 23
1177,227,227, 23
1178,227,227, 23
1179,227,227, 23
1180,227,227, 23
1181,227,227, 23
1182,227,227, 23
1183,227,227, 23
1184,227,227, 23
1185,227,227, 23
1186,227,227, 23
1187,227,227, 23
1188,227,227, 23
1189,227,227, 23
1190,227,227, 23
1191,227,227, 23
1192,227,227, 23
1193,227,227, 23
1194,227,227, 23
1195,227,227, 23
1196,227,227, 23
1197,227,227, 23
1198,227,227, 23
1199,227,227, 23
1200,227,227, 23
1201,227,227, 23
1202,227,227, 23
1203,227,227, 23
1204,227,227, 23
1205,227,227, 23
1206,227,227, 23
1207,227,227, 23
1208,227,227, 23
1209,227,227, 23
1210,227,227, 23
1211,227,227, 23
1212,227,227, 23
1213,227,227, 23
1214,227,227, 23
1215,227,227, 23
1216,227,227, 23
1217,227,227, 23
1218,227,227, 23
1219,227,227, 23
1220,227,227, 23
1221,227,227, 23
1222,227,227, 23
1223,227,227, 23
1224,227,227, 23
1225,227,227, 23
1226,227,227, 23
1227,227,227, 23
1228,227,227, 23
1229,227,227, 23
1230,227,227, 23
1231,227,227, 23
1232,227,227, 23
1233,227,227, 23
1234,227,227, 23
1235,227,227, 23
1236,227,227, 23
1237,227,227, 23
1238,227,227, 23
1239,227,227, 23
1240,227,227, 23
1241,227,227, 23
1242,227,227, 23
1243,227,227, 23
1244,227,227, 23
1245,227,227, 23
1246,227,227, 23
1247,227,227, 23
1248,227,227, 23
1249,227,227, 23
1250,227,227, 23
1251,227,227, 23
1252,227,227, 23
1253,226,226, 24
1254,226,226, 24
1255,226,226, 24
1256,226,226, 24
1257,226,226, 24
1258,226,226, 24
1259,226,226, 24
1260,226,226, 24
1261,226,226, 24
1262,226,226, 24
1263,226,226, 24
1264,226,226, 24
1265,226,226, 24
1266,226,226, 24
1267,226,226, 24
1268,226,226, 24
1269,226,226, 24
1270,226,226, 24
1271,226,226, 24
1272,226,226, 24
1273,226,226, 24
1274,226,226, 24
1275,226,226, 24
1276,226,226, 24
1277,226,226, 24
1278,226,226, 24
1279,226,226, 24
1280,226,226, 24
1281,226,226, 24
1282,226,226, 24
1283,226,226, 24
1284,226,226, 24
1285,226,226, 24
1286,226,226, 24
1287,226,226, 24
1288,226,226, 24
1289,226,226, 24
1290,226,226, 24
1291,226,226, 24
1292,226,226, 24
1293,226,226, 24
1294,226,226, 24
1295,226,226, 24
1296,226,226, 24
1297,226,226, 24
1298,226,226, 24
1299,226,226, 24
1300,226,226, 24
1301,226,226, 24
1302,226,226, 24
1303,226,226, 24
1304,226,226, 24
1305,226,226, 24
1306,226,226, 24
1307,226,226, 24
1308,226,226, 24
1309,226,226, 24
1310,226,226, 24
1311,226,226, 24
1312,225,225, 25
1313,225,225, 25
1314,225,225, 25
1315,225,225, 25
1316,225,225, 25
1317,225,225, 25
1318,225,225, 25
1319,225,225, 25
1320,225,225, 25
1321,225,225, 25
1322,225,225, 25
1323,225,225, 25
1324,225,225, 25
1325,225,225, 25
1326,225,225, 25
1327,225,225, 25
1328,225,225, 25
1329,225,225, 25
1330,225,225, 25
1331,225,225, 25
1332,225,225, 25
1333,225,225, 25
1334,225,225, 25
1335,225,225, 25
1336,225,225, 25
1337,225,225, 25
1338,225,225, 25
1339,225,225, 25
1340,225,225, 25
1341,225,225, 25
1342,225,225, 25
1343,225,225, 25
1344,225,225, 25
1345,225,225, 25
1346,225,225, 25
1347,225,225, 25
1348,225,225, 25
1349,225,225, 25
1350,225,225, 25
1351,225,225, 25
1352,225,225, 25
1353,225,225, 25
1354,225,225, 25
1355,225,225, 25
1356,225,225, 25
1357,225,225, 25
1358,225,225, 25
1359,225,225, 25
1360,225,225, 25
1361,225,225, 25
1362,225,225, 25
1363,225,225, 25
1364,225,225, 25
1365,225,225, 25
1366,225,225, 25
1367,225,225, 25
1368,225,225, 25
1369,225,225, 25
1370,225,225, 25
1371,225,225, 25
1372,225,225, 25
1373,225,225, 25
1374,225,225, 25
1375,225,225, 25
1376,225,225, 25
1377,225,225, 25
1378,225,225, 25
1379,225,225, 25
1380,225,225, 25
1381,225,225, 25
1382,225,225, 25
1383,225,225, 25
1384,225,225, 25
1385,225,225, 25
1386,225,225, 25
1387,225,225, 25
1388,225,225, 25
1389,225,225, 25
1390,225,225, 25
1391,225,225, 25
1392,225,225, 25
1393,225,225, 25
1394,225,225, 25
1395,225,225, 25
1396,225,225, 25
1397,225,225, 25
1398,225,225, 25
1399,225,225, 25
1400,225,225, 25
1401,225,225, 25
1402,225,225, 25
1403,225,225, 25
1404,225,225, 25
1405,225,225, 25
1406,225,225, 25
1407,225,225, 25
1408,225,225, 25
1409,225,225, 25
1410,225,225, 25
1411,225,225, 25
1412,225,225, 25
1413,225,225, 25
1414,225,225, 25
1415,225,225, 25
1416,225,225, 25
1417,225,225, 25
1418,225,225, 25
1419,225,225, 25
1420,225,225, 25
1421,225,225, 25
1422,225,225, 25
1423,225,225, 25
1424,225,225, 25
1425,225,225, 25
1426,225,225, 25
1427,225,225, 25
1428,225,225, 25
1429,225,225, 25
1430,225,225, 25
1431,225,225, 25
1432,225,225, 25
1433,225,225, 25
1434,225,225, 25
1435,225,225, 25
1436,225,225, 25
1437,225,225, 25
1438,225,225, 25
1439,225,225, 25
1440,225,225, 25
1441,225,225, 25
1442,225,225, 25
1443,225,225, 25
1444,225,225, 25
1445,225,225, 25
1446,225,225, 25
1447,225,225, 25
1448,225,225, 25
1449,225,225, 25
1450,225,225, 25
1451,225,225, 25
1452,225,225, 25
1453,225,225, 25
1454,225,225, 25
1455,225,225, 25
1456,225,225, 25
1457,225,225, 25
1458,225,225, 25
1459,225,225, 25
1460,225,225, 25
1461,225,225, 25
1462,225,225, 25
1463,225,225, 25
1464,225,225, 25
1465,225,225, 25
1466,225,225, 25
1467,225,225, 25
1468,225,225, 25
1469,225,225, 25
1470,225,225, 25
1471,225,225, 25
1472,225,225, 25
1473,225,225, 25
1474,225,225, 25
1475,225,225, 25
1476,225,225, 25
1477,225,225, 25
1478,225,225, 25
1479,225,225, 25
1480,225,225, 25
1481,225,225, 25
1482,225,225, 25
1483,225,225, 25
1484,225,225, 25
1485,225,225, 25
1486,225,225, 25
1487,225,225, 25
1488,225,225, 25
1489,225,225, 25
1490,225,225, 25
1491,225,225, 25
1492,225,225, 25
1493,225,225, 25
1494,225,225, 25
1495,225,225, 25
1496,225,225, 25
1497,225,225, 25
1498,225,225, 25
1499,225,225, 25
