0,250,250, 0
1,250,250, 0
2,250,250, 0
3,250,250, 0
4,250,250, 0
5,250,250, 0
6,250,250, 0
7,250,250, 0
8,250,250, 0
9,250,250, 0
10,250,250, 0
11,250,250, 0
12,249,249, 1
13,249,249, 1
14,249,249, 1
15,249,249, 1
16,249,249, 1
17,248,248, 2
18,247,247, 3
19,247,247, 3
20,247,247, 3
21,247,247, 3
22,247,247, 3
23,247,247, 3
24,247,247, 3
25,247,247, 3
26,247,247, 3
27,247,247, 3
28,247,247, 3
29,247,247, 3
30,247,247, 3
31,247,247, 3
32,247,247, 3
33,247,247, 3
34,247,247, 3
35,247,247, 3
36,247,247, 3
37,246,246, 4
38,246,246, 4
39,246,246, 4
40,246,246, 4
41,246,246, 4
42,246,246, 4
43,246,246, 4
44,246,246, 4
45,246,246, 4
46,246,246, 4
47,246,246, 4
48,245,245, 5
49,245,245, 5
50,245,245, 5
51,245,245, 5
52,245,245, 5
53,245,245, 5
54,245,245, 5
55,244,244, 6
56,244,244, 6
57,244,244, 6
58,244,244, 6
59,244,244, 6
60,244,244, 6
61,244,244, 6
62,244,244, 6
63,244,244, 6
64,244,244, 6
65,244,244, 6
66,244,244, 6
67,244,244, 6
68,244,244, 6
69,244,244, 6
70,244,244, 6
71,244,244, 6
72,244,244, 6
73,244,244, 6
74,244,244, 6
75,244,244, 6
76,244,244, 6
77,244,244, 6
78,244,244, 6
79,244,244, 6
80,244,244, 6
81,244,244, 6
82,244,244, 6
83,244,244, 6
84,244,244, 6
85,244,244, 6
86,244,244, 6
87,244,244, 6
88,244,244, 6
89,244,244, 6
90,244,244, 6
91,244,244, 6
92,244,244, 6
93,244,244, 6
94,244,244, 6
95,244,244, 6
96,244,244, 6
97,244,244, 6
98,244,244, 6
99,244,244, 6
100,244,244, 6
101,244,244, 6
102,244,244, 6
103,244,244, 6
104,244,244, 6
105,244,244, 6
106,244,244, 6
107,244,244, 6
108,244,244, 6
109,244,244, 6
110,244,244, 6
111,244,244, 6
112,244,244, 6
113,244,244, 6
114,244,244, 6
115,243,243, 7
116,243,243, 7
117,243,243, 7
118,243,243, 7
119,243,243, 7
120,243,243, 7
121,243,243, 7
122,243,243, 7
123,243,243, 7
124,243,243, 7
125,243,243, 7
126,243,243, 7
127,243,243, 7
128,243,243, 7
129,243,243, 7
130,243,243, 7
131,243,243, 7
132,243,243, 7
133,243,243, 7
134,243,243, 7
135,243,243, 7
136,243,243, 7
137,243,243, 7
138,243,243, 7
139,243,243, 7
140,243,243, 7
141,243,243, 7
142,243,243, 7
143,242,242, 8
144,242,242, 8
145,242,242, 8
146,242,242, 8
147,242,242, 8
148,242,242, 8
149,242,242, 8
150,241,241, 9
151,241,241, 9
152,241,241, 9
153,241,241, 9
154,241,241, 9
155,241,241, 9
156,241,241, 9
157,241,241, 9
158,241,241, 9
159,241,241, 9
160,241,241, 9
161,241,241, 9
162,241,241, 9
163,241,241, 9
164,241,241, 9
165,241,241, 9
166,241,241, 9
167,241,241, 9
168,241,241, 9
169,241,241, 9
170,241,241, 9
171,241,241, 9
172,241,241, 9
173,241,241, 9
174,241,241, 9
175,241,241, 9
176,241,241, 9
177,241,241, 9
178,241,241, 9
179,241,241, 9
180,241,241, 9
181,241,241, 9
182,241,241, 9
183,241,241, 9
184,241,241, 9
185,240,240, 10
186,240,240, 10
187,240,240, 10
188,240,240, 10
189,240,240, 10
190,240,240, 10
191,240,240, 10
192,240,240, 10
193,240,240, 10
194,240,240, 10
195,240,240, 10
196,240,240, 10
197,240,240, 10
198,240,240, 10
199,240,240, 10
200,240,240, 10
201,240,240, 10
202,240,240, 10
203,240,240, 10
204,240,240, 10
205,240,240, 10
206,240,240, 10
207,240,240, 10
208,240,240, 10
209,240,240, 10
210,240,240, 10
211,240,240, 10
212,240,240, 10
213,240,240, 10
214,240,240, 10
215,240,240, 10
216,240,240, 10
217,240,240, 10
218,240,240, 10
219,240,240, 10
220,240,240, 10
221,240,240, 10
222,240,240, 10
223,240,240, 10
224,240,240, 10
225,240,240, 10
226,240,240, 10
227,240,240, 10
228,240,240, 10
229,240,240, 10
230,240,240, 10
231,239,239, 11
232,239,239, 11
233,239,239, 11
234,239,239, 11
235,239,239, 11
236,239,239, 11
237,239,239, 11
238,239,239, 11
239,239,239, 11
240,239,239, 11
241,239,239, 11
242,239,239, 11
243,239,239, 11
244,239,239, 11
245,239,239, 11
246,239,239, 11
247,239,239, 11
248,239,239, 11
249,239,239, 11
250,239,239, 11
251,239,239, 11
252,239,239, 11
253,239,239, 11
254,239,239, 11
255,239,239, 11
256,239,239, 11
257,239,239, 11
258,239,239, 11
259,239,239, 11
260,239,239, 11
261,239,239, 11
262,239,239, 11
263,239,239, 11
264,239,239, 11
265,239,239, 11
266,239,239, 11
267,239,239, 11
268,239,239, 11
269,239,239, 11
270,239,239, 11
271,239,239, 11
272,239,239, 11
273,239,239, 11
274,239,239, 11
275,239,239, 11
276,239,239, 11
277,239,239, 11
278,239,239, 11
279,239,239, 11
280,239,239, 11
281,239,239, 11
282,239,239, 11
283,239,239, 11
284,239,239, 11
285,239,239, 11
286,239,239, 11
287,239,239, 11
288,239,239, 11
289,239,239, 11
290,239,239, 11
291,239,239, 11
292,239,239, 11
293,239,239, 11
294,239,239, 11
295,239,239, 11
296,239,239, 11
297,239,239, 11
298,239,239, 11
299,239,239, 11
300,239,239, 11
301,239,239, 11
302,239,239, 11
303,239,239, 11
304,239,239, 11
305,239,239, 11
306,239,239, 11
307,239,239, 11
308,239,239, 11
309,239,239, 11
310,239,239, 11
311,239,239, 11
312,239,239, 11
313,239,239, 11
314,239,239, 11
315,239,239, 11
316,239,239, 11
317,239,239, 11
318,239,239, 11
319,239,239, 11
320,239,239, 11
321,239,239, 11
322,239,239, 11
323,239,239, 11
324,238,238, 12
325,238,238, 12
326,238,238, 12
327,238,238, 12
328,238,238, 12
329,238,238, 12
330,238,238, 12
331,238,238, 12
332,238,238, 12
333,238,238, 12
334,238,238, 12
335,238,238, 12
336,238,238, 12
337,238,238, 12
338,238,238, 12
339,238,238, 12
340,238,238, 12
341,238,238, 12
342,238,238, 12
343,238,238, 12
344,238,238, 12
345,238,238, 12
346,238,238, 12
347,238,238, 12
348,238,238, 12
349,238,238, 12
350,238,238, 12
351,238,238, 12
352,238,238, 12
353,238,238, 12
354,238,238, 12
355,238,238, 12
356,238,238, 12
357,238,238, 12
358,238,238, 12
359,238,238, 12
360,238,238, 12
361,238,238, 12
362,238,238, 12
363,238,238, 12
364,238,238, 12
365,238,238, 12
366,238,238, 12
367,238,238, 12
368,238,238, 12
369,238,238, 12
370,237,237, 13
371,237,237, 13
372,237,237, 13
373,237,237, 13
374,237,237, 13
375,237,237, 13
376,237,237, 13
377,237,237, 13
378,237,237, 13
379,237,237, 13
380,237,237, 13
381,237,237, 13
382,237,237, 13
383,237,237, 13
384,237,237, 13
385,237,237, 13
386,237,237, 13
387,237,237, 13
388,237,237, 13
389,237,237, 13
390,237,237, 13
391,237,237, 13
392,237,237, 13
393,237,237, 13
394,237,237, 13
395,237,237, 13
396,237,237, 13
397,237,237, 13
398,237,237, 13
399,237,237, 13
400,237,237, 13
401,237,237, 13
402,237,237, 13
403,237,237, 13
404,237,237, 13
405,237,237, 13
406,237,237, 13
407,237,237, 13
408,237,237, 13
409,237,237, 13
410,237,237, 13
411,237,237, 13
412,237,237, 13
413,237,237, 13
414,237,237, 13
415,237,237, 13
416,237,237, 13
417,237,237, 13
418,237,237, 13
419,237,237, 13
420,237,237, 13
421,237,237, 13
422,237,237, 13
423,237,237, 13
424,237,237, 13
425,237,237, 13
426,237,237, 13
427,237,237, 13
428,237,237, 13
429,237,237, 13
430,237,237, 13
431,237,237, 13
432,237,237, 13
433,237,237, 13
434,237,237, 13
435,237,237, 13
436,237,237, 13
437,237,237, 13
438,237,237, 13
439,237,237, 13
440,237,237, 13
441,237,237, 13
442,237,237, 13
443,237,237, 13
444,237,237, 13
445,237,237, 13
446,237,237, 13
447,237,237, 13
448,237,237, 13
449,237,237, 13
450,237,237, 13
451,237,237, 13
452,237,237, 13
453,237,237, 13
454,237,237, 13
455,237,237, 13
456,237,237, 13
457,237,237, 13
458,237,237, 13
459,237,237, 13
460,237,237, 13
461,237,237, 13
462,237,237, 13
463,237,237, 13
464,237,237, 13
465,237,237, 13
466,237,237, 13
467,237,237, 13
468,237,237, 13
469,237,237, 13
470,237,237, 13
471,237,237, 13
472,237,237, 13
473,237,237, 13
474,237,237, 13
475,237,237, 13
476,237,237, 13
477,237,237, 13
478,237,237, 13
479,237,237, 13
480,237,237, 13
481,237,237, 13
482,237,237, 13
483,237,237, 13
484,237,237, 13
485,237,237, 13
486,237,237, 13
487,237,237, 13
488,237,237, 13
489,237,237, 13
490,237,237, 13
491,237,237, 13
492,237,237, 13
493,237,237, 13
494,237,237, 13
495,237,237, 13
496,237,237, 13
497,237,237, 13
498,237,237, 13
499,237,237, 13
500,237,237, 13
501,237,237, 13
502,237,237, 13
503,237,237, 13
504,237,237, 13
505,237,237, 13
506,237,237, 13
507,237,237, 13
508,237,237, 13
509,237,237, 13
510,237,237, 13
511,237,237, 13
512,237,237, 13
513,237,237, 13
514,237,237, 13
515,237,237, 13
516,237,237, 13
517,237,237, 13
518,237,237, 13
519,237,237, 13
520,237,237, 13
521,237,237, 13
522,237,237, 13
523,237,237, 13
524,237,237, 13
525,237,237, 13
526,237,237, 13
527,237,237, 13
528,237,237, 13
529,237,237, 13
530,237,237, 13
531,237,237, 13
532,237,237, 13
533,237,237, 13
534,237,237, 13
535,237,237, 13
536,237,237, 13
537,237,237, 13
538,237,237, 13
539,237,237, 13
540,237,237, 13
541,237,237, 13
542,237,237, 13
543,236,236, 14
544,236,236, 14
545,236,236, 14
546,236,236, 14
547,236,236, 14
548,236,236, 14
549,236,236, 14
550,236,236, 14
551,236,236, 14
552,236,236, 14
553,236,236, 14
554,236,236, 14
555,236,236, 14
556,236,236, 14
557,236,236, 14
558,236,236, 14
559,236,236, 14
560,236,236, 14
561,236,236, 14
562,236,236, 14
563,236,236, 14
564,236,236, 14
565,236,236, 14
566,236,236, 14
567,236,236, 14
568,236,236, 14
569,236,236, 14
570,236,236, 14
571,236,236, 14
572,236,236, 14
573,236,236, 14
574,236,236, 14
575,236,236, 14
576,236,236, 14
577,236,236, 14
578,236,236, 14
579,236,236, 14
580,236,236, 14
581,236,236, 14
582,236,236, 14
583,236,236, 14
584,236,236, 14
585,236,236, 14
586,236,236, 14
587,236,236, 14
588,236,236, 14
589,236,236, 14
590,236,236, 14
591,236,236, 14
592,236,236, 14
593,236,236, 14
594,236,236, 14
595,236,236, 14
596,236,236, 14
597,236,236, 14
598,236,236, 14
599,236,236, 14
600,236,236, 14
601,236,236, 14
602,236,236, 14
603,236,236, 14
604,236,236, 14
605,236,236, 14
606,236,236, 14
607,236,236, 14
608,236,236, 14
609,236,236, 14
610,236,236, 14
611,236,236, 14
612,236,236, 14
613,236,236, 14
614,236,236, 14
615,236,236, 14
616,236,236, 14
617,236,236, 14
618,236,236, 14
619,236,236, 14
620,236,236, 14
621,236,236, 14
622,236,236, 14
623,236,236, 14
624,236,236, 14
625,236,236, 14
626,236,236, 14
627,236,236, 14
628,236,236, 14
629,236,236, 14
630,236,236, 14
631,236,236, 14
632,236,236, 14
633,236,236, 14
634,236,236, 14
635,236,236, 14
636,236,236, 14
637,236,236, 14
638,236,236, 14
639,236,236, 14
640,236,236, 14
641,236,236, 14
642,236,236, 14
643,236,236, 14
644,236,236, 14
645,236,236, 14
646,236,236, 14
647,236,236, 14
648,236,236, 14
649,236,236, 14
650,236,236, 14
651,236,236, 14
652,236,236, 14
653,236,236, 14
654,236,236, 14
655,236,236, 14
656,236,236, 14
657,236,236, 14
658,236,236, 14
659,236,236, 14
660,236,236, 14
661,236,236, 14
662,236,236, 14
663,236,236, 14
664,236,236, 14
665,236,236, 14
666,236,236, 14
667,236,236, 14
668,236,236, 14
669,236,236, 14
670,236,236, 14
671,236,236, 14
672,236,236, 14
673,236,236, 14
674,236,236, 14
675,236,236, 14
676,236,236, 14
677,236,236, 14
678,236,236, 14
679,236,236, 14
680,236,236, 14
681,236,236, 14
682,236,236, 14
683,236,236, 14
684,236,236, 14
685,236,236, 14
686,236,236, 14
687,236,236, 14
688,236,236, 14
689,236,236, 14
690,236,236, 14
691,236,236, 14
692,236,236, 14
693,236,236, 14
694,236,236, 14
695,236,236, 14
696,236,236, 14
697,236,236, 14
698,236,236, 14
699,236,236, 14
700,236,236, 14
701,236,236, 14
702,236,236, 14
703,236,236, 14
704,236,236, 14
705,236,236, 14
706,236,236, 14
707,236,236, 14
708,236,236, 14
709,236,236, 14
710,236,236, 14
711,236,236, 14
712,236,236, 14
713,236,236, 14
714,236,236, 14
715,236,236, 14
716,236,236, 14
717,236,236, 14
718,236,236, 14
719,236,236, 14
720,236,236, 14
721,236,236, 14
722,236,236, 14
723,236,236, 14
724,236,236, 14
725,236,236, 14
726,236,236, 14
727,236,236, 14
728,236,236, 14
729,236,236, 14
730,236,236, 14
731,236,236, 14
732,236,236, 14
733,236,236, 14
734,236,236, 14
735,236,236, 14
736,236,236, 14
737,236,236, 14
738,236,236, 14
739,236,236, 14
740,236,236, 14
741,236,236, 14
742,236,236, 14
743,236,236, 14
744,236,236, 14
745,236,236, 14
746,236,236, 14
747,236,236, 14
748,236,236, 14
749,236,236, 14
750,236,236, 14
751,236,236, 14
752,236,236, 14
753,236,236, 14
754,236,236, 14
755,236,236, 14
756,236,236, 14
757,236,236, 14
758,236,236, 14
759,236,236, 14
760,236,236, 14
761,236,236, 14
762,236,236, 14
763,236,236, 14
764,236,236, 14
765,236,236, 14
766,236,236, 14
767,236,236, 14
768,236,236, 14
769,236,236, 14
770,236,236, 14
771,236,236, 14
772,236,236, 14
773,236,236, 14
774,236,236, 14
775,236,236, 14
776,236,236, 14
777,236,236, 14
778,236,236, 14
779,236,236, 14
780,236,236, 14
781,236,236, 14
782,236,236, 14
783,236,236, 14
784,236,236, 14
785,236,236, 14
786,236,236, 14
787,236,236, 14
788,236,236, 14
789,236,236, 14
790,236,236, 14
791,236,236, 14
792,236,236, 14
793,236,236, 14
794,236,236, 14
795,236,236, 14
796,236,236, 14
797,236,236, 14
798,236,236, 14
799,236,236, 14
800,236,236, 14
801,236,236, 14
802,236,236, 14
803,236,236, 14
804,236,236, 14
805,236,236, 14
806,236,236, 14
807,236,236, 14
808,236,236, 14
809,236,236, 14
810,236,236, 14
811,236,236, 14
812,236,236, 14
813,236,236, 14
814,236,236, 14
815,236,236, 14
816,236,236, 14
817,236,236, 14
818,236,236, 14
819,236,236, 14
820,236,236, 14
821,236,236, 14
822,236,236, 14
823,236,236, 14
824,236,236, 14
825,236,236, 14
826,236,236, 14
827,236,236, 14
828,236,236, 14
829,236,236, 14
830,236,236, 14
831,236,236, 14
832,236,236, 14
833,236,236, 14
834,236,236, 14
835,236,236, 14
836,236,236, 14
837,236,236, 14
838,236,236, 14
839,236,236, 14
840,236,236, 14
841,236,236, 14
842,236,236, 14
843,236,236, 14
844,236,236, 14
845,236,236, 14
846,236,236, 14
847,236,236, 14
848,236,236, 14
849,236,236, 14
850,236,236, 14
851,236,236, 14
852,236,236, 14
853,236,236, 14
854,236,236, 14
855,236,236, 14
856,236,236, 14
857,236,236, 14
858,236,236, 14
859,236,236, 14
860,236,236, 14
861,236,236, 14
862,236,236, 14
863,236,236, 14
864,236,236, 14
865,236,236, 14
866,236,236, 14
867,236,236, 14
868,236,236, 14
869,236,236, 14
870,236,236, 14
871,236,236, 14
872,236,236, 14
873,236,236, 14
874,236,236, 14
875,236,236, 14
876,236,236, 14
877,236,236, 14
878,236,236, 14
879,236,236, 14
880,236,236, 14
881,236,236, 14
882,236,236, 14
883,236,236, 14
884,236,236, 14
885,236,236, 14
886,236,236, 14
887,236,236, 14
888,236,236, 14
889,236,236, 14
890,236,236, 14
891,236,236, 14
892,236,236, 14
893,236,236, 14
894,236,236, 14
895,236,236, 14
896,236,236, 14
897,236,236, 14
898,236,236, 14
899,236,236, 14
900,236,236, 14
901,236,236, 14
902,236,236, 14
903,236,236, 14
904,236,236, 14
905,235,235, 15
906,235,235, 15
907,235,235, 15
908,235,235, 15
909,235,235, 15
910,235,235, 15
911,235,235, 15
912,235,235, 15
913,235,235, 15
914,235,235, 15
915,235,235, 15
916,235,235, 15
917,235,235, 15
918,235,235, 15
919,235,235, 15
920,235,235, 15
921,235,235, 15
922,235,235, 15
923,235,235, 15
924,235,235, 15
925,235,235, 15
926,235,235, 15
927,235,235, 15
928,235,235, 15
929,235,235, 15
930,235,235, 15
931,235,235, 15
932,235,235, 15
933,235,235, 15
934,235,235, 15
935,235,235, 15
936,235,235, 15
937,235,235, 15
938,235,235, 15
939,235,235, 15
940,235,235, 15
941,235,235, 15
942,235,235, 15
943,235,235, 15
944,235,235, 15
945,235,235, 15
946,235,235, 15
947,235,235, 15
948,235,235, 15
949,235,235, 15
950,235,235, 15
951,235,235, 15
952,235,235, 15
953,235,235, 15
954,235,235, 15
955,235,235, 15
956,235,235, 15
957,235,235, 15
958,235,235, 15
959,235,235, 15
960,235,235, 15
961,235,235, 15
962,235,235, 15
963,235,235, 15
964,235,235, 15
965,235,235, 15
966,235,235, 15
967,235,235, 15
968,235,235, 15
969,235,235, 15
970,235,235, 15
971,235,235, 15
972,235,235, 15
973,235,235, 15
974,235,235, 15
975,235,235, 15
976,235,235, 15
977,235,235, 15
978,235,235, 15
979,235,235, 15
980,235,235, 15
981,235,235, 15
982,235,235, 15
983,235,235, 15
984,235,235, 15
985,235,235, 15
986,235,235, 15
987,235,235, 15
988,235,235, 15
989,235,235, 15
990,235,235, 15
991,235,235, 15
992,235,235, 15
993,235,235, 15
994,235,235, 15
995,235,235, 15
996,235,235, 15
997,235,235, 15
998,235,235, 15
999,235,235, 15
1000,235,235, 15
1001,235,235, 15
1002,235,235, 15
1003,235,235, 15
1004,235,235, 15
1005,235,235, 15
1006,235,235, 15
1007,235,235, 15
1008,235,235, 15
1009,235,235, 15
1010,235,235, 15
1011,235,235, 15
1012,235,235, 15
1013,235,235, 15
1014,235,235, 15
1015,235,235, 15
1016,235,235, 15
1017,235,235, 15
1018,235,235, 15
1019,235,235, 15
1020,235,235, 15
1021,235,235, 15
1022,235,235, 15
1023,235,235, 15
1024,235,235, 15
1025,235,235, 15
1026,235,235, 15
1027,235,235, 15
1028,235,235, 15
1029,235,235, 15
1030,235,235, 15
1031,235,235, 15
1032,235,235, 15
1033,235,235, 15
1034,235,235, 15
1035,235,235, 15
1036,235,235, 15
1037,235,235, 15
1038,235,235, 15
1039,235,235, 15
1040,235,235, 15
1041,235,235, 15
1042,235,235, 15
1043,235,235, 15
1044,235,235, 15
1045,235,235, 15
1046,235,235, 15
1047,235,235, 15
1048,235,235, 15
1049,235,235, 15
1050,235,235, 15
1051,235,235, 15
1052,235,235, 15
1053,235,235, 15
1054,235,235, 15
1055,235,235, 15
1056,235,235, 15
1057,235,235, 15
1058,235,235, 15
1059,235,235, 15
1060,235,235, 15
1061,235,235, 15
1062,235,235, 15
1063,235,235, 15
1064,235,235, 15
1065,235,235, 15
1066,235,235, 15
1067,235,235, 15
1068,235,235, 15
1069,235,235, 15
1070,235,235, 15
1071,235,235, 15
1072,235,235, 15
1073,235,235, 15
1074,235,235, 15
1075,235,235, 15
1076,235,235, 15
1077,235,235, 15
1078,235,235, 15
1079,235,235, 15
1080,235,235, 15
1081,235,235, 15
1082,235,235, 15
1083,235,235, 15
1084,235,235, 15
1085,235,235, 15
1086,235,235, 15
1087,235,235, 15
1088,235,235, 15
1089,235,235, 15
1090,235,235, 15
1091,235,235, 15
1092,235,235, 15
1093,235,235, 15
1094,235,235, 15
1095,235,235, 15
1096,235,235, 15
1097,235,235, 15
1098,235,235, 15
1099,235,235, 15
1100,235,235, 15
1101,235,235, 15
1102,235,235, 15
1103,235,235, 15
1104,235,235, 15
1105,235,235, 15
1106,235,235, 15
1107,235,235, 15
1108,235,235, 15
1109,235,235, 15
1110,235,235, 15
1111,235,235, 15
1112,235,235, 15
1113,235,235, 15
1114,235,235, 15
1115,235,235, 15
1116,235,235, 15
1117,235,235, 15
1118,235,235, 15
1119,235,235, 15
1120,235,235, 15
1121,235,235, 15
1122,235,235, 15
1123,235,235, 15
1124,235,235, 15
1125,235,235, 15
1126,235,235, 15
1127,235,235, 15
1128,235,235, 15
1129,235,235, 15
1130,235,235, 15
1131,235,235, 15
1132,235,235, 15
1133,235,235, 15
1134,235,235, 15
1135,235,235, 15
1136,235,235, 15
1137,235,235, 15
1138,235,235, 15
1139,235,235, 15
1140,235,235, 15
1141,235,235, 15
1142,235,235, 15
1143,235,235, 15
1144,235,235, 15
1145,235,235, 15
1146,235,235, 15
1147,235,235, 15
1148,235,235, 15
1149,235,235, 15
1150,235,235, 15
1151,235,235, 15
1152,235,235, 15
1153,235,235, 15
1154,235,235, 15
1155,235,235, 15
1156,235,235, 15
1157,235,235, 15
1158,235,235, 15
1159,235,235, 15
1160,235,235, 15
1161,235,235, 15
1162,235,235, 15
1163,235,235, 15
1164,235,235, 15
1165,235,235, 15
1166,235,235, 15
1167,235,235, 15
1168,235,235, 15
1169,235,235, 15
1170,235,235, 15
1171,235,235, 15
1172,235,235, 15
1173,235,235, 15
1174,235,235, 15
1175,235,235, 15
1176,235,235, 15
1177,235,235, 15
1178,235,235, 15
1179,235,235, 15
1180,235,235, 15
1181,235,235, 15
1182,235,235, 15
1183,235,235, 15
1184,235,235, 15
1185,235,235, 15
1186,235,235, 15
1187,235,235, 15
1188,235,235, 15
1189,235,235, 15
1190,235,235, 15
1191,235,235, 15
1192,235,235, 15
1193,235,235, 15
1194,235,235, 15
1195,235,235, 15
1196,235,235, 15
1197,235,235, 15
1198,235,235, 15
1199,235,235, 15
1200,235,235, 15
1201,235,235, 15
1202,235,235, 15
1203,235,235, 15
1204,235,235, 15
1205,235,235, 15
1206,235,235, 15
1207,235,235, 15
1208,235,235, 15
1209,235,235, 15
1210,235,235, 15
1211,235,235, 15
1212,235,235, 15
1213,235,235, 15
1214,235,235, 15
1215,235,235, 15
1216,235,235, 15
1217,235,235, 15
1218,235,235, 15
1219,235,235, 15
1220,235,235, 15
1221,235,235, 15
1222,235,235, 15
1223,235,235, 15
1224,235,235, 15
1225,235,235, 15
1226,235,235, 15
1227,235,235, 15
1228,235,235, 15
1229,235,235, 15
1230,235,235, 15
1231,235,235, 15
1232,235,235, 15
1233,235,235, 15
1234,235,235, 15
1235,235,235, 15
1236,235,235, 15
1237,235,235, 15
1238,235,235, 15
1239,235,235, 15
1240,235,235, 15
1241,235,235, 15
1242,235,235, 15
1243,235,235, 15
1244,235,235, 15
1245,235,235, 15
1246,235,235, 15
1247,235,235, 15
1248,235,235, 15
1249,235,235, 15
1250,235,235, 15
1251,235,235, 15
1252,235,235, 15
1253,235,235, 15
1254,235,235, 15
1255,235,235, 15
1256,235,235, 15
1257,235,235, 15
1258,235,235, 15
1259,235,235, 15
1260,235,235, 15
1261,235,235, 15
1262,235,235, 15
1263,235,235, 15
1264,235,235, 15
1265,235,235, 15
1266,235,235, 15
1267,235,235, 15
1268,235,235, 15
1269,235,235, 15
1270,235,235, 15
1271,235,235, 15
1272,235,235, 15
1273,235,235, 15
1274,235,235, 15
1275,235,235, 15
1276,235,235, 15
1277,235,235, 15
1278,235,235, 15
1279,235,235, 15
1280,235,235, 15
1281,235,235, 15
1282,235,235, 15
1283,235,235, 15
1284,235,235, 15
1285,235,235, 15
1286,235,235, 15
1287,235,235, 15
1288,235,235, 15
1289,235,235, 15
1290,235,235, 15
1291,235,235, 15
1292,235,235, 15
1293,235,235, 15
1294,235,235, 15
1295,235,235, 15
1296,235,235, 15
1297,235,235, 15
1298,235,235, 15
1299,235,235, 15
1300,235,235, 15
1301,235,235, 15
1302,235,235, 15
1303,235,235, 15
1304,235,235, 15
1305,235,235, 15
1306,235,235, 15
1307,235,235, 15
1308,235,235, 15
1309,235,235, 15
1310,235,235, 15
1311,235,235, 15
1312,235,235, 15
1313,235,235, 15
1314,235,235, 15
1315,235,235, 15
1316,235,235, 15
1317,235,235, 15
1318,235,235, 15
1319,235,235, 15
1320,235,235, 15
1321,235,235, 15
1322,235,235, 15
1323,235,235, 15
1324,235,235, 15
1325,235,235, 15
1326,235,235, 15
1327,235,235, 15
1328,235,235, 15
1329,235,235, 15
1330,235,235, 15
1331,235,235, 15
1332,235,235, 15
1333,235,235, 15
1334,235,235, 15
1335,235,235, 15
1336,235,235, 15
1337,235,235, 15
1338,235,235, 15
1339,235,235, 15
1340,235,235, 15
1341,235,235, 15
1342,235,235, 15
1343,235,235, 15
1344,235,235, 15
1345,235,235, 15
1346,235,235, 15
1347,235,235, 15
1348,235,235, 15
1349,235,235, 15
1350,235,235, 15
1351,235,235, 15
1352,235,235, 15
1353,235,235, 15
1354,235,235, 15
1355,235,235, 15
1356,235,235, 15
1357,235,235, 15
1358,235,235, 15
1359,235,235, 15
1360,235,235, 15
1361,235,235, 15
1362,235,235, 15
1363,235,235, 15
1364,235,235, 15
1365,235,235, 15
1366,235,235, 15
1367,235,235, 15
1368,235,235, 15
1369,235,235, 15
1370,235,235, 15
1371,235,235, 15
1372,235,235, 15
1373,235,235, 15
1374,235,235, 15
1375,235,235, 15
1376,235,235, 15
1377,235,235, 15
1378,235,235, 15
1379,235,235, 15
1380,235,235, 15
1381,235,235, 15
1382,235,235, 15
1383,235,235, 15
1384,235,235, 15
1385,235,235, 15
1386,235,235, 15
1387,235,235, 15
1388,235,235, 15
1389,235,235, 15
1390,235,235, 15
1391,235,235, 15
1392,235,235, 15
1393,235,235, 15
1394,235,235, 15
1395,235,235, 15
1396,235,235, 15
1397,235,235, 15
1398,235,235, 15
1399,235,235, 15
1400,235,235, 15
1401,235,235, 15
1402,235,235, 15
1403,235,235, 15
1404,235,235, 15
1405,235,235, 15
1406,235,235, 15
1407,235,235, 15
1408,235,235, 15
1409,235,235, 15
1410,235,235, 15
1411,235,235, 15
1412,235,235, 15
1413,235,235, 15
1414,235,235, 15
1415,235,235, 15
1416,235,235, 15
1417,235,235, 15
1418,235,235, 15
1419,235,235, 15
1420,235,235, 15
1421,235,235, 15
1422,235,235, 15
1423,235,235, 15
1424,235,235, 15
1425,235,235, 15
1426,235,235, 15
1427,235,235, 15
1428,235,235, 15
1429,235,235, 15
1430,235,235, 15
1431,235,235, 15
1432,235,235, 15
1433,235,235, 15
1434,235,235, 15
1435,235,235, 15
1436,235,235, 15
1437,235,235, 15
1438,235,235, 15
1439,235,235, 15
1440,235,235, 15
1441,235,235, 15
1442,235,235, 15
1443,235,235, 15
1444,235,235, 15
1445,235,235, 15
1446,235,235, 15
1447,235,235, 15
1448,235,235, 15
1449,235,235, 15
1450,235,235, 15
1451,235,235, 15
1452,235,235, 15
1453,235,235, 15
1454,235,235, 15
1455,235,235, 15
1456,235,235, 15
1457,235,235, 15
1458,235,235, 15
1459,235,235, 15
1460,235,235, 15
1461,235,235, 15
1462,235,235, 15
1463,235,235, 15
1464,235,235, 15
1465,235,235, 15
1466,235,235, 15
1467,235,235, 15
1468,235,235, 15
1469,235,235, 15
1470,235,235, 15
1471,235,235, 15
1472,235,235, 15
1473,235,235, 15
1474,235,235, 15
1475,235,235, 15
1476,235,235, 15
1477,235,235, 15
1478,235,235, 15
1479,235,235, 15
1480,235,235, 15
1481,235,235, 15
1482,235,235, 15
1483,235,235, 15
1484,235,235, 15
1485,235,235, 15
1486,235,235, 15
1487,235,235, 15
1488,235,235, 15
1489,235,235, 15
1490,235,235, 15
1491,235,235, 15
1492,235,235, 15
1493,235,235, 15
1494,235,235, 15
1495,235,235, 15
1496,235,235, 15
1497,235,235, 15
1498,235,235, 15
1499,235,235, 15
