0,250,250, 0
1,250,250, 0
2,250,250, 0
3,250,250, 0
4,250,250, 0
5,250,250, 0
6,250,250, 0
7,250,250, 0
8,250,250, 0
9,250,250, 0
10,250,250, 0
11,250,250, 0
12,250,250, 0
13,250,250, 0
14,249,249, 1
15,248,248, 2
16,248,248, 2
17,248,248, 2
18,248,248, 2
19,248,248, 2
20,248,248, 2
21,248,248, 2
22,248,248, 2
23,248,248, 2
24,248,248, 2
25,248,248, 2
26,248,248, 2
27,248,248, 2
28,248,248, 2
29,248,248, 2
30,248,248, 2
31,248,248, 2
32,248,248, 2
33,248,248, 2
34,248,248, 2
35,248,248, 2
36,248,248, 2
37,248,248, 2
38,248,248, 2
39,248,248, 2
40,247,247, 3
41,247,247, 3
42,247,247, 3
43,247,247, 3
44,247,247, 3
45,247,247, 3
46,247,247, 3
47,247,247, 3
48,247,247, 3
49,247,247, 3
50,247,247, 3
51,247,247, 3
52,247,247, 3
53,247,247, 3
54,247,247, 3
55,247,247, 3
56,247,247, 3
57,247,247, 3
58,247,247, 3
59,247,247, 3
60,247,247, 3
61,247,247, 3
62,247,247, 3
63,247,247, 3
64,247,247, 3
65,247,247, 3
66,247,247, 3
67,247,247, 3
68,247,247, 3
69,247,247, 3
70,247,247, 3
71,247,247, 3
72,247,247, 3
73,247,247, 3
74,247,247, 3
75,247,247, 3
76,247,247, 3
77,247,247, 3
78,247,247, 3
79,247,247, 3
80,247,247, 3
81,247,247, 3
82,247,247, 3
83,247,247, 3
84,247,247, 3
85,247,247, 3
86,247,247, 3
87,247,247, 3
88,247,247, 3
89,247,247, 3
90,247,247, 3
91,247,247, 3
92,247,247, 3
93,247,247, 3
94,247,247, 3
95,247,247, 3
96,247,247, 3
97,247,247, 3
98,247,247, 3
99,247,247, 3
100,247,247, 3
101,246,246, 4
102,246,246, 4
103,246,246, 4
104,246,246, 4
105,246,246, 4
106,246,246, 4
107,246,246, 4
108,246,246, 4
109,246,246, 4
110,246,246, 4
111,246,246, 4
112,246,246, 4
113,246,246, 4
114,246,246, 4
115,246,246, 4
116,246,246, 4
117,246,246, 4
118,246,246, 4
119,246,246, 4
120,246,246, 4
121,246,246, 4
122,246,246, 4
123,246,246, 4
124,246,246, 4
125,246,246, 4
126,246,246, 4
127,246,246, 4
128,246,246, 4
129,246,246, 4
130,246,246, 4
131,245,245, 5
132,245,245, 5
133,245,245, 5
134,245,245, 5
135,245,245, 5
136,245,245, 5
137,245,245, 5
138,245,245, 5
139,245,245, 5
140,245,245, 5
141,245,245, 5
142,245,245, 5
143,245,245, 5
144,245,245, 5
145,245,245, 5
146,245,245, 5
147,245,245, 5
148,245,245, 5
149,245,245, 5
150,245,245, 5
151,245,245, 5
152,245,245, 5
153,245,245, 5
154,245,245, 5
155,245,245, 5
156,245,245, 5
157,245,245, 5
158,245,245, 5
159,245,245, 5
160,244,244, 6
161,243,243, 7
162,243,243, 7
163,243,243, 7
164,243,243, 7
165,243,243, 7
166,243,243, 7
167,243,243, 7
168,243,243, 7
169,243,243, 7
170,243,243, 7
171,243,243, 7
172,243,243, 7
173,243,243, 7
174,243,243, 7
175,243,243, 7
176,243,243, 7
177,243,243, 7
178,243,243, 7
179,243,243, 7
180,243,243, 7
181,243,243, 7
182,243,243, 7
183,243,243, 7
184,243,243, 7
185,243,243, 7
186,244,244, 6
187,244,244, 6
188,244,244, 6
189,244,244, 6
190,244,244, 6
191,244,244, 6
192,244,244, 6
193,244,244, 6
194,244,244, 6
195,244,244, 6
196,244,244, 6
197,244,244, 6
198,244,244, 6
199,244,244, 6
200,244,244, 6
201,244,244, 6
202,244,244, 6
203,244,244, 6
204,244,244, 6
205,244,244, 6
206,244,244, 6
207,244,244, 6
208,244,244, 6
209,244,244, 6
210,244,244, 6
211,244,244, 6
212,244,244, 6
213,244,244, 6
214,244,244, 6
215,244,244, 6
216,244,244, 6
217,244,244, 6
218,244,244, 6
219,244,244, 6
220,244,244, 6
221,244,244, 6
222,244,244, 6
223,244,244, 6
224,244,244, 6
225,244,244, 6
226,244,244, 6
227,244,244, 6
228,244,244, 6
229,244,244, 6
230,244,244, 6
231,244,244, 6
232,244,244, 6
233,243,243, 7
234,243,243, 7
235,243,243, 7
236,243,243, 7
237,243,243, 7
238,243,243, 7
239,243,243, 7
240,243,243, 7
241,243,243, 7
242,243,243, 7
243,243,243, 7
244,243,243, 7
245,243,243, 7
246,243,243, 7
247,243,243, 7
248,243,243, 7
249,243,243, 7
250,243,243, 7
251,243,243, 7
252,243,243, 7
253,243,243, 7
254,243,243, 7
255,243,243, 7
256,243,243, 7
257,243,243, 7
258,243,243, 7
259,243,243, 7
260,243,243, 7
261,243,243, 7
262,243,243, 7
263,243,243, 7
264,243,243, 7
265,243,243, 7
266,243,243, 7
267,243,243, 7
268,243,243, 7
269,243,243, 7
270,243,243, 7
271,243,243, 7
272,243,243, 7
273,243,243, 7
274,243,243, 7
275,243,243, 7
276,243,243, 7
277,243,243, 7
278,243,243, 7
279,243,243, 7
280,243,243, 7
281,242,242, 8
282,242,242, 8
283,242,242, 8
284,242,242, 8
285,242,242, 8
286,242,242, 8
287,242,242, 8
288,242,242, 8
289,242,242, 8
290,242,242, 8
291,242,242, 8
292,242,242, 8
293,242,242, 8
294,242,242, 8
295,242,242, 8
296,242,242, 8
297,242,242, 8
298,242,242, 8
299,242,242, 8
300,242,242, 8
301,242,242, 8
302,242,242, 8
303,242,242, 8
304,242,242, 8
305,242,242, 8
306,242,242, 8
307,242,242, 8
308,242,242, 8
309,242,242, 8
310,242,242, 8
311,242,242, 8
312,242,242, 8
313,242,242, 8
314,242,242, 8
315,242,242, 8
316,242,242, 8
317,242,242, 8
318,242,242, 8
319,242,242, 8
320,242,242, 8
321,242,242, 8
322,242,242, 8
323,242,242, 8
324,242,242, 8
325,242,242, 8
326,242,242, 8
327,242,242, 8
328,242,242, 8
329,242,242, 8
330,242,242, 8
331,242,242, 8
332,242,242, 8
333,242,242, 8
334,242,242, 8
335,242,242, 8
336,242,242, 8
337,242,242, 8
338,242,242, 8
339,242,242, 8
340,242,242, 8
341,242,242, 8
342,242,242, 8
343,242,242, 8
344,242,242, 8
345,242,242, 8
346,242,242, 8
347,242,242, 8
348,242,242, 8
349,242,242, 8
350,242,242, 8
351,242,242, 8
352,242,242, 8
353,242,242, 8
354,242,242, 8
355,242,242, 8
356,242,242, 8
357,242,242, 8
358,242,242, 8
359,242,242, 8
360,242,242, 8
361,242,242, 8
362,242,242, 8
363,242,242, 8
364,242,242, 8
365,242,242, 8
366,242,242, 8
367,242,242, 8
368,242,242, 8
369,242,242, 8
370,242,242, 8
371,242,242, 8
372,242,242, 8
373,242,242, 8
374,242,242, 8
375,242,242, 8
376,241,241, 9
377,241,241, 9
378,241,241, 9
379,241,241, 9
380,241,241, 9
381,241,241, 9
382,241,241, 9
383,241,241, 9
384,241,241, 9
385,241,241, 9
386,241,241, 9
387,241,241, 9
388,241,241, 9
389,241,241, 9
390,241,241, 9
391,241,241, 9
392,241,241, 9
393,241,241, 9
394,241,241, 9
395,241,241, 9
396,241,241, 9
397,241,241, 9
398,241,241, 9
399,241,241, 9
400,241,241, 9
401,241,241, 9
402,241,241, 9
403,241,241, 9
404,241,241, 9
405,241,241, 9
406,241,241, 9
407,241,241, 9
408,241,241, 9
409,241,241, 9
410,241,241, 9
411,241,241, 9
412,241,241, 9
413,241,241, 9
414,241,241, 9
415,241,241, 9
416,241,241, 9
417,241,241, 9
418,241,241, 9
419,241,241, 9
420,241,241, 9
421,241,241, 9
422,241,241, 9
423,241,241, 9
424,241,241, 9
425,241,241, 9
426,241,241, 9
427,241,241, 9
428,241,241, 9
429,241,241, 9
430,241,241, 9
431,241,241, 9
432,241,241, 9
433,241,241, 9
434,241,241, 9
435,241,241, 9
436,241,241, 9
437,241,241, 9
438,241,241, 9
439,241,241, 9
440,241,241, 9
441,241,241, 9
442,241,241, 9
443,241,241, 9
444,241,241, 9
445,241,241, 9
446,241,241, 9
447,241,241, 9
448,241,241, 9
449,241,241, 9
450,241,241, 9
451,241,241, 9
452,241,241, 9
453,241,241, 9
454,241,241, 9
455,241,241, 9
456,241,241, 9
457,241,241, 9
458,241,241, 9
459,241,241, 9
460,241,241, 9
461,241,241, 9
462,241,241, 9
463,241,241, 9
464,241,241, 9
465,241,241, 9
466,241,241, 9
467,241,241, 9
468,241,241, 9
469,241,241, 9
470,241,241, 9
471,241,241, 9
472,241,241, 9
473,241,241, 9
474,241,241, 9
475,241,241, 9
476,241,241, 9
477,241,241, 9
478,241,241, 9
479,241,241, 9
480,241,241, 9
481,241,241, 9
482,241,241, 9
483,241,241, 9
484,241,241, 9
485,241,241, 9
486,241,241, 9
487,241,241, 9
488,241,241, 9
489,241,241, 9
490,241,241, 9
491,241,241, 9
492,241,241, 9
493,241,241, 9
494,241,241, 9
495,241,241, 9
496,241,241, 9
497,241,241, 9
498,241,241, 9
499,241,241, 9
500,241,241, 9
501,241,241, 9
502,241,241, 9
503,241,241, 9
504,240,240, 10
505,240,240, 10
506,240,240, 10
507,240,240, 10
508,240,240, 10
509,240,240, 10
510,240,240, 10
511,240,240, 10
512,240,240, 10
513,240,240, 10
514,240,240, 10
515,240,240, 10
516,240,240, 10
517,240,240, 10
518,240,240, 10
519,240,240, 10
520,240,240, 10
521,240,240, 10
522,240,240, 10
523,240,240, 10
524,240,240, 10
525,240,240, 10
526,240,240, 10
527,240,240, 10
528,240,240, 10
529,240,240, 10
530,240,240, 10
531,240,240, 10
532,240,240, 10
533,240,240, 10
534,240,240, 10
535,240,240, 10
536,240,240, 10
537,240,240, 10
538,240,240, 10
539,240,240, 10
540,240,240, 10
541,240,240, 10
542,240,240, 10
543,240,240, 10
544,240,240, 10
545,240,240, 10
546,240,240, 10
547,240,240, 10
548,240,240, 10
549,240,240, 10
550,240,240, 10
551,240,240, 10
552,240,240, 10
553,240,240, 10
554,240,240, 10
555,240,240, 10
556,240,240, 10
557,240,240, 10
558,240,240, 10
559,240,240, 10
560,240,240, 10
561,240,240, 10
562,240,240, 10
563,240,240, 10
564,240,240, 10
565,240,240, 10
566,240,240, 10
567,240,240, 10
568,240,240, 10
569,240,240, 10
570,240,240, 10
571,240,240, 10
572,240,240, 10
573,240,240, 10
574,240,240, 10
575,240,240, 10
576,240,240, 10
577,240,240, 10
578,240,240, 10
579,240,240, 10
580,240,240, 10
581,240,240, 10
582,240,240, 10
583,240,240, 10
584,240,240, 10
585,240,240, 10
586,240,240, 10
587,240,240, 10
588,240,240, 10
589,240,240, 10
590,240,240, 10
591,240,240, 10
592,240,240, 10
593,240,240, 10
594,240,240, 10
595,240,240, 10
596,240,240, 10
597,240,240, 10
598,240,240, 10
599,240,240, 10
600,240,240, 10
601,240,240, 10
602,240,240, 10
603,240,240, 10
604,240,240, 10
605,240,240, 10
606,240,240, 10
607,240,240, 10
608,240,240, 10
609,240,240, 10
610,240,240, 10
611,240,240, 10
612,240,240, 10
613,240,240, 10
614,240,240, 10
615,240,240, 10
616,240,240, 10
617,240,240, 10
618,240,240, 10
619,240,240, 10
620,240,240, 10
621,240,240, 10
622,240,240, 10
623,240,240, 10
624,240,240, 10
625,240,240, 10
626,240,240, 10
627,240,240, 10
628,240,240, 10
629,240,240, 10
630,240,240, 10
631,240,240, 10
632,240,240, 10
633,240,240, 10
634,240,240, 10
635,240,240, 10
636,240,240, 10
637,240,240, 10
638,240,240, 10
639,240,240, 10
640,240,240, 10
641,240,240, 10
642,240,240, 10
643,240,240, 10
644,240,240, 10
645,239,239, 11
646,239,239, 11
647,239,239, 11
648,239,239, 11
649,239,239, 11
650,239,239, 11
651,239,239, 11
652,239,239, 11
653,239,239, 11
654,239,239, 11
655,239,239, 11
656,239,239, 11
657,239,239, 11
658,239,239, 11
659,239,239, 11
660,239,239, 11
661,239,239, 11
662,239,239, 11
663,239,239, 11
664,239,239, 11
665,239,239, 11
666,239,239, 11
667,239,239, 11
668,239,239, 11
669,239,239, 11
670,239,239, 11
671,239,239, 11
672,239,239, 11
673,239,239, 11
674,239,239, 11
675,239,239, 11
676,239,239, 11
677,239,239, 11
678,239,239, 11
679,239,239, 11
680,239,239, 11
681,239,239, 11
682,239,239, 11
683,239,239, 11
684,239,239, 11
685,239,239, 11
686,239,239, 11
687,239,239, 11
688,239,239, 11
689,239,239, 11
690,239,239, 11
691,239,239, 11
692,239,239, 11
693,239,239, 11
694,239,239, 11
695,239,239, 11
696,239,239, 11
697,239,239, 11
698,239,239, 11
699,239,239, 11
700,239,239, 11
701,239,239, 11
702,239,239, 11
703,239,239, 11
704,239,239, 11
705,239,239, 11
706,239,239, 11
707,239,239, 11
708,239,239, 11
709,239,239, 11
710,239,239, 11
711,239,239, 11
712,239,239, 11
713,239,239, 11
714,239,239, 11
715,239,239, 11
716,239,239, 11
717,239,239, 11
718,239,239, 11
719,239,239, 11
720,239,239, 11
721,239,239, 11
722,239,239, 11
723,239,239, 11
724,239,239, 11
725,239,239, 11
726,239,239, 11
727,239,239, 11
728,239,239, 11
729,239,239, 11
730,239,239, 11
731,239,239, 11
732,239,239, 11
733,239,239, 11
734,239,239, 11
735,239,239, 11
736,239,239, 11
737,239,239, 11
738,239,239, 11
739,239,239, 11
740,239,239, 11
741,239,239, 11
742,239,239, 11
743,239,239, 11
744,239,239, 11
745,239,239, 11
746,239,239, 11
747,239,239, 11
748,239,239, 11
749,239,239, 11
750,239,239, 11
751,239,239, 11
752,239,239, 11
753,239,239, 11
754,239,239, 11
755,239,239, 11
756,239,239, 11
757,239,239, 11
758,239,239, 11
759,239,239, 11
760,239,239, 11
761,239,239, 11
762,239,239, 11
763,239,239, 11
764,239,239, 11
765,239,239, 11
766,239,239, 11
767,239,239, 11
768,239,239, 11
769,239,239, 11
770,239,239, 11
771,239,239, 11
772,239,239, 11
773,239,239, 11
774,239,239, 11
775,239,239, 11
776,239,239, 11
777,239,239, 11
778,239,239, 11
779,239,239, 11
780,239,239, 11
781,239,239, 11
782,239,239, 11
783,239,239, 11
784,239,239, 11
785,239,239, 11
786,239,239, 11
787,239,239, 11
788,239,239, 11
789,239,239, 11
790,239,239, 11
791,239,239, 11
792,239,239, 11
793,239,239, 11
794,239,239, 11
795,239,239, 11
796,239,239, 11
797,239,239, 11
798,239,239, 11
799,239,239, 11
800,239,239, 11
801,239,239, 11
802,239,239, 11
803,239,239, 11
804,239,239, 11
805,239,239, 11
806,239,239, 11
807,239,239, 11
808,239,239, 11
809,239,239, 11
810,239,239, 11
811,239,239, 11
812,239,239, 11
813,239,239, 11
814,239,239, 11
815,239,239, 11
816,239,239, 11
817,239,239, 11
818,239,239, 11
819,239,239, 11
820,239,239, 11
821,239,239, 11
822,239,239, 11
823,239,239, 11
824,239,239, 11
825,239,239, 11
826,239,239, 11
827,239,239, 11
828,239,239, 11
829,239,239, 11
830,239,239, 11
831,239,239, 11
832,239,239, 11
833,239,239, 11
834,239,239, 11
835,239,239, 11
836,238,238, 12
837,238,238, 12
838,238,238, 12
839,238,238, 12
840,238,238, 12
841,238,238, 12
842,238,238, 12
843,238,238, 12
844,238,238, 12
845,238,238, 12
846,238,238, 12
847,238,238, 12
848,238,238, 12
849,238,238, 12
850,238,238, 12
851,238,238, 12
852,238,238, 12
853,238,238, 12
854,238,238, 12
855,238,238, 12
856,238,238, 12
857,238,238, 12
858,238,238, 12
859,238,238, 12
860,238,238, 12
861,238,238, 12
862,238,238, 12
863,238,238, 12
864,238,238, 12
865,238,238, 12
866,238,238, 12
867,238,238, 12
868,238,238, 12
869,238,238, 12
870,238,238, 12
871,238,238, 12
872,238,238, 12
873,238,238, 12
874,238,238, 12
875,238,238, 12
876,238,238, 12
877,238,238, 12
878,238,238, 12
879,238,238, 12
880,238,238, 12
881,238,238, 12
882,238,238, 12
883,238,238, 12
884,238,238, 12
885,238,238, 12
886,238,238, 12
887,238,238, 12
888,238,238, 12
889,238,238, 12
890,238,238, 12
891,237,237, 13
892,237,237, 13
893,237,237, 13
894,237,237, 13
895,237,237, 13
896,237,237, 13
897,237,237, 13
898,237,237, 13
899,237,237, 13
900,237,237, 13
901,237,237, 13
902,237,237, 13
903,236,236, 14
904,236,236, 14
905,236,236, 14
906,236,236, 14
907,236,236, 14
908,236,236, 14
909,236,236, 14
910,236,236, 14
911,236,236, 14
912,236,236, 14
913,236,236, 14
914,236,236, 14
915,236,236, 14
916,236,236, 14
917,236,236, 14
918,236,236, 14
919,236,236, 14
920,236,236, 14
921,236,236, 14
922,236,236, 14
923,236,236, 14
924,236,236, 14
925,236,236, 14
926,236,236, 14
927,236,236, 14
928,236,236, 14
929,236,236, 14
930,236,236, 14
931,236,236, 14
932,236,236, 14
933,236,236, 14
934,236,236, 14
935,236,236, 14
936,236,236, 14
937,236,236, 14
938,236,236, 14
939,236,236, 14
940,236,236, 14
941,236,236, 14
942,236,236, 14
943,236,236, 14
944,236,236, 14
945,236,236, 14
946,236,236, 14
947,236,236, 14
948,236,236, 14
949,236,236, 14
950,236,236, 14
951,236,236, 14
952,236,236, 14
953,236,236, 14
954,236,236, 14
955,236,236, 14
956,236,236, 14
957,236,236, 14
958,236,236, 14
959,236,236, 14
960,236,236, 14
961,236,236, 14
962,236,236, 14
963,236,236, 14
964,236,236, 14
965,236,236, 14
966,236,236, 14
967,236,236, 14
968,236,236, 14
969,236,236, 14
970,236,236, 14
971,236,236, 14
972,236,236, 14
973,236,236, 14
974,236,236, 14
975,236,236, 14
976,236,236, 14
977,236,236, 14
978,236,236, 14
979,236,236, 14
980,236,236, 14
981,236,236, 14
982,236,236, 14
983,236,236, 14
984,236,236, 14
985,236,236, 14
986,236,236, 14
987,236,236, 14
988,236,236, 14
989,236,236, 14
990,236,236, 14
991,236,236, 14
992,236,236, 14
993,236,236, 14
994,236,236, 14
995,236,236, 14
996,236,236, 14
997,236,236, 14
998,236,236, 14
999,236,236, 14
1000,236,236, 14
1001,236,236, 14
1002,236,236, 14
1003,236,236, 14
1004,236,236, 14
1005,236,236, 14
1006,236,236, 14
1007,236,236, 14
1008,236,236, 14
1009,236,236, 14
1010,236,236, 14
1011,236,236, 14
1012,236,236, 14
1013,236,236, 14
1014,236,236, 14
1015,236,236, 14
1016,236,236, 14
1017,236,236, 14
1018,236,236, 14
1019,236,236, 14
1020,236,236, 14
1021,236,236, 14
1022,236,236, 14
1023,236,236, 14
1024,236,236, 14
1025,236,236, 14
1026,236,236, 14
1027,237,237, 13
1028,237,237, 13
1029,237,237, 13
1030,237,237, 13
1031,237,237, 13
1032,237,237, 13
1033,237,237, 13
1034,237,237, 13
1035,237,237, 13
1036,237,237, 13
1037,237,237, 13
1038,237,237, 13
1039,237,237, 13
1040,237,237, 13
1041,237,237, 13
1042,237,237, 13
1043,237,237, 13
1044,237,237, 13
1045,237,237, 13
1046,237,237, 13
1047,237,237, 13
1048,237,237, 13
1049,237,237, 13
1050,237,237, 13
1051,237,237, 13
1052,237,237, 13
1053,237,237, 13
1054,237,237, 13
1055,237,237, 13
1056,237,237, 13
1057,237,237, 13
1058,237,237, 13
1059,237,237, 13
1060,237,237, 13
1061,237,237, 13
1062,237,237, 13
1063,237,237, 13
1064,237,237, 13
1065,237,237, 13
1066,237,237, 13
1067,237,237, 13
1068,237,237, 13
1069,237,237, 13
1070,237,237, 13
1071,237,237, 13
1072,237,237, 13
1073,237,237, 13
1074,237,237, 13
1075,237,237, 13
1076,237,237, 13
1077,237,237, 13
1078,237,237, 13
1079,237,237, 13
1080,237,237, 13
1081,237,237, 13
1082,237,237, 13
1083,237,237, 13
1084,237,237, 13
1085,237,237, 13
1086,237,237, 13
1087,237,237, 13
1088,237,237, 13
1089,237,237, 13
1090,237,237, 13
1091,237,237, 13
1092,237,237, 13
1093,237,237, 13
1094,237,237, 13
1095,237,237, 13
1096,237,237, 13
1097,237,237, 13
1098,237,237, 13
1099,237,237, 13
1100,237,237, 13
1101,237,237, 13
1102,237,237, 13
1103,237,237, 13
1104,237,237, 13
1105,237,237, 13
1106,237,237, 13
1107,237,237, 13
1108,236,236, 14
1109,236,236, 14
1110,236,236, 14
1111,236,236, 14
1112,236,236, 14
1113,236,236, 14
1114,236,236, 14
1115,236,236, 14
1116,236,236, 14
1117,236,236, 14
1118,236,236, 14
1119,236,236, 14
1120,236,236, 14
1121,236,236, 14
1122,236,236, 14
1123,236,236, 14
1124,236,236, 14
1125,236,236, 14
1126,236,236, 14
1127,236,236, 14
1128,236,236, 14
1129,236,236, 14
1130,236,236, 14
1131,236,236, 14
1132,236,236, 14
1133,236,236, 14
1134,236,236, 14
1135,236,236, 14
1136,236,236, 14
1137,236,236, 14
1138,236,236, 14
1139,236,236, 14
1140,236,236, 14
1141,236,236, 14
1142,236,236, 14
1143,236,236, 14
1144,236,236, 14
1145,236,236, 14
1146,236,236, 14
1147,235,235, 15
1148,235,235, 15
1149,235,235, 15
1150,235,235, 15
1151,235,235, 15
1152,235,235, 15
1153,235,235, 15
1154,235,235, 15
1155,235,235, 15
1156,235,235, 15
1157,235,235, 15
1158,235,235, 15
1159,235,235, 15
1160,235,235, 15
1161,235,235, 15
1162,235,235, 15
1163,235,235, 15
1164,235,235, 15
1165,235,235, 15
1166,235,235, 15
1167,235,235, 15
1168,235,235, 15
1169,235,235, 15
1170,235,235, 15
1171,235,235, 15
1172,235,235, 15
1173,235,235, 15
1174,235,235, 15
1175,235,235, 15
1176,235,235, 15
1177,235,235, 15
1178,235,235, 15
1179,235,235, 15
1180,235,235, 15
1181,235,235, 15
1182,235,235, 15
1183,235,235, 15
1184,235,235, 15
1185,235,235, 15
1186,235,235, 15
1187,235,235, 15
1188,235,235, 15
1189,235,235, 15
1190,235,235, 15
1191,235,235, 15
1192,235,235, 15
1193,235,235, 15
1194,235,235, 15
1195,235,235, 15
1196,235,235, 15
1197,235,235, 15
1198,235,235, 15
1199,235,235, 15
1200,235,235, 15
1201,235,235, 15
1202,235,235, 15
1203,235,235, 15
1204,235,235, 15
1205,235,235, 15
1206,235,235, 15
1207,235,235, 15
1208,235,235, 15
1209,235,235, 15
1210,235,235, 15
1211,235,235, 15
1212,235,235, 15
1213,235,235, 15
1214,235,235, 15
1215,235,235, 15
1216,235,235, 15
1217,235,235, 15
1218,235,235, 15
1219,235,235, 15
1220,235,235, 15
1221,235,235, 15
1222,235,235, 15
1223,235,235, 15
1224,235,235, 15
1225,235,235, 15
1226,235,235, 15
1227,235,235, 15
1228,235,235, 15
1229,235,235, 15
1230,235,235, 15
1231,235,235, 15
1232,235,235, 15
1233,235,235, 15
1234,235,235, 15
1235,235,235, 15
1236,235,235, 15
1237,235,235, 15
1238,235,235, 15
1239,235,235, 15
1240,235,235, 15
1241,235,235, 15
1242,235,235, 15
1243,235,235, 15
1244,235,235, 15
1245,235,235, 15
1246,235,235, 15
1247,235,235, 15
1248,235,235, 15
1249,235,235, 15
1250,235,235, 15
1251,235,235, 15
1252,235,235, 15
1253,235,235, 15
1254,235,235, 15
1255,235,235, 15
1256,235,235, 15
1257,235,235, 15
1258,235,235, 15
1259,235,235, 15
1260,235,235, 15
1261,235,235, 15
1262,235,235, 15
1263,235,235, 15
1264,235,235, 15
1265,235,235, 15
1266,235,235, 15
1267,235,235, 15
1268,235,235, 15
1269,235,235, 15
1270,235,235, 15
1271,235,235, 15
1272,235,235, 15
1273,235,235, 15
1274,235,235, 15
1275,235,235, 15
1276,235,235, 15
1277,235,235, 15
1278,235,235, 15
1279,235,235, 15
1280,235,235, 15
1281,235,235, 15
1282,235,235, 15
1283,235,235, 15
1284,235,235, 15
1285,235,235, 15
1286,235,235, 15
1287,235,235, 15
1288,235,235, 15
1289,235,235, 15
1290,235,235, 15
1291,235,235, 15
1292,235,235, 15
1293,235,235, 15
1294,235,235, 15
1295,235,235, 15
1296,235,235, 15
1297,235,235, 15
1298,235,235, 15
1299,235,235, 15
1300,235,235, 15
1301,235,235, 15
1302,235,235, 15
1303,235,235, 15
1304,235,235, 15
1305,235,235, 15
1306,235,235, 15
1307,235,235, 15
1308,235,235, 15
1309,235,235, 15
1310,235,235, 15
1311,235,235, 15
1312,235,235, 15
1313,235,235, 15
1314,235,235, 15
1315,235,235, 15
1316,235,235, 15
1317,235,235, 15
1318,235,235, 15
1319,235,235, 15
1320,235,235, 15
1321,235,235, 15
1322,235,235, 15
1323,235,235, 15
1324,235,235, 15
1325,235,235, 15
1326,235,235, 15
1327,235,235, 15
1328,235,235, 15
1329,235,235, 15
1330,235,235, 15
1331,235,235, 15
1332,235,235, 15
1333,235,235, 15
1334,235,235, 15
1335,235,235, 15
1336,235,235, 15
1337,235,235, 15
1338,235,235, 15
1339,235,235, 15
1340,235,235, 15
1341,235,235, 15
1342,235,235, 15
1343,235,235, 15
1344,235,235, 15
1345,235,235, 15
1346,235,235, 15
1347,235,235, 15
1348,235,235, 15
1349,235,235, 15
1350,235,235, 15
1351,235,235, 15
1352,235,235, 15
1353,235,235, 15
1354,235,235, 15
1355,235,235, 15
1356,235,235, 15
1357,235,235, 15
1358,235,235, 15
1359,235,235, 15
1360,235,235, 15
1361,235,235, 15
1362,235,235, 15
1363,235,235, 15
1364,235,235, 15
1365,235,235, 15
1366,235,235, 15
1367,235,235, 15
1368,235,235, 15
1369,235,235, 15
1370,235,235, 15
1371,235,235, 15
1372,235,235, 15
1373,235,235, 15
1374,235,235, 15
1375,235,235, 15
1376,235,235, 15
1377,235,235, 15
1378,235,235, 15
1379,235,235, 15
1380,235,235, 15
1381,235,235, 15
1382,235,235, 15
1383,235,235, 15
1384,235,235, 15
1385,235,235, 15
1386,235,235, 15
1387,235,235, 15
1388,235,235, 15
1389,235,235, 15
1390,235,235, 15
1391,235,235, 15
1392,235,235, 15
1393,235,235, 15
1394,235,235, 15
1395,235,235, 15
1396,235,235, 15
1397,235,235, 15
1398,235,235, 15
1399,235,235, 15
1400,235,235, 15
1401,235,235, 15
1402,235,235, 15
1403,235,235, 15
1404,235,235, 15
1405,235,235, 15
1406,235,235, 15
1407,235,235, 15
1408,235,235, 15
1409,235,235, 15
1410,235,235, 15
1411,235,235, 15
1412,235,235, 15
1413,235,235, 15
1414,235,235, 15
1415,235,235, 15
1416,235,235, 15
1417,235,235, 15
1418,235,235, 15
1419,235,235, 15
1420,235,235, 15
1421,235,235, 15
1422,235,235, 15
1423,235,235, 15
1424,235,235, 15
1425,235,235, 15
1426,235,235, 15
1427,235,235, 15
1428,235,235, 15
1429,235,235, 15
1430,235,235, 15
1431,235,235, 15
1432,235,235, 15
1433,235,235, 15
1434,235,235, 15
1435,235,235, 15
1436,235,235, 15
1437,235,235, 15
1438,235,235, 15
1439,235,235, 15
1440,235,235, 15
1441,235,235, 15
1442,235,235, 15
1443,235,235, 15
1444,235,235, 15
1445,235,235, 15
1446,235,235, 15
1447,235,235, 15
1448,235,235, 15
1449,235,235, 15
1450,235,235, 15
1451,235,235, 15
1452,235,235, 15
1453,235,235, 15
1454,235,235, 15
1455,235,235, 15
1456,235,235, 15
1457,235,235, 15
1458,235,235, 15
1459,235,235, 15
1460,235,235, 15
1461,235,235, 15
1462,235,235, 15
1463,235,235, 15
1464,235,235, 15
1465,235,235, 15
1466,235,235, 15
1467,235,235, 15
1468,235,235, 15
1469,235,235, 15
1470,235,235, 15
1471,235,235, 15
1472,235,235, 15
1473,235,235, 15
1474,235,235, 15
1475,235,235, 15
1476,235,235, 15
1477,235,235, 15
1478,235,235, 15
1479,235,235, 15
1480,235,235, 15
1481,235,235, 15
1482,235,235, 15
1483,235,235, 15
1484,235,235, 15
1485,235,235, 15
1486,235,235, 15
1487,235,235, 15
1488,235,235, 15
1489,235,235, 15
1490,235,235, 15
1491,235,235, 15
1492,235,235, 15
1493,235,235, 15
1494,235,235, 15
1495,235,235, 15
1496,235,235, 15
1497,235,235, 15
1498,235,235, 15
1499,235,235, 15
