0,250,250, 0
1,250,250, 0
2,250,250, 0
3,250,250, 0
4,249,249, 1
5,249,249, 1
6,249,249, 1
7,249,249, 1
8,249,249, 1
9,248,248, 2
10,248,248, 2
11,248,248, 2
12,248,248, 2
13,248,248, 2
14,248,248, 2
15,248,248, 2
16,248,248, 2
17,248,248, 2
18,248,248, 2
19,248,248, 2
20,248,248, 2
21,248,248, 2
22,248,248, 2
23,248,248, 2
24,248,248, 2
25,248,248, 2
26,248,248, 2
27,248,248, 2
28,248,248, 2
29,248,248, 2
30,248,248, 2
31,248,248, 2
32,248,248, 2
33,248,248, 2
34,248,248, 2
35,248,248, 2
36,248,248, 2
37,248,248, 2
38,248,248, 2
39,248,248, 2
40,248,248, 2
41,248,248, 2
42,248,248, 2
43,248,248, 2
44,248,248, 2
45,247,247, 3
46,247,247, 3
47,247,247, 3
48,246,246, 4
49,246,246, 4
50,246,246, 4
51,246,246, 4
52,246,246, 4
53,246,246, 4
54,246,246, 4
55,246,246, 4
56,246,246, 4
57,246,246, 4
58,246,246, 4
59,246,246, 4
60,246,246, 4
61,246,246, 4
62,246,246, 4
63,246,246, 4
64,246,246, 4
65,246,246, 4
66,246,246, 4
67,246,246, 4
68,246,246, 4
69,245,245, 5
70,245,245, 5
71,245,245, 5
72,245,245, 5
73,245,245, 5
74,245,245, 5
75,245,245, 5
76,245,245, 5
77,245,245, 5
78,245,245, 5
79,245,245, 5
80,245,245, 5
81,245,245, 5
82,245,245, 5
83,245,245, 5
84,244,244, 6
85,244,244, 6
86,244,244, 6
87,244,244, 6
88,244,244, 6
89,243,243, 7
90,243,243, 7
91,243,243, 7
92,243,243, 7
93,243,243, 7
94,243,243, 7
95,243,243, 7
96,243,243, 7
97,243,243, 7
98,243,243, 7
99,243,243, 7
100,243,243, 7
101,243,243, 7
102,243,243, 7
103,243,243, 7
104,243,243, 7
105,243,243, 7
106,243,243, 7
107,243,243, 7
108,243,243, 7
109,243,243, 7
110,243,243, 7
111,243,243, 7
112,243,243, 7
113,243,243, 7
114,243,243, 7
115,243,243, 7
116,243,243, 7
117,243,243, 7
118,243,243, 7
119,243,243, 7
120,243,243, 7
121,243,243, 7
122,243,243, 7
123,243,243, 7
124,243,243, 7
125,243,243, 7
126,242,242, 8
127,242,242, 8
128,242,242, 8
129,242,242, 8
130,242,242, 8
131,242,242, 8
132,242,242, 8
133,242,242, 8
134,242,242, 8
135,242,242, 8
136,242,242, 8
137,242,242, 8
138,242,242, 8
139,242,242, 8
140,242,242, 8
141,242,242, 8
142,242,242, 8
143,242,242, 8
144,242,242, 8
145,242,242, 8
146,242,242, 8
147,242,242, 8
148,242,242, 8
149,242,242, 8
150,242,242, 8
151,242,242, 8
152,242,242, 8
153,242,242, 8
154,242,242, 8
155,242,242, 8
156,242,242, 8
157,242,242, 8
158,242,242, 8
159,242,242, 8
160,242,242, 8
161,242,242, 8
162,242,242, 8
163,242,242, 8
164,242,242, 8
165,242,242, 8
166,241,241, 9
167,241,241, 9
168,241,241, 9
169,241,241, 9
170,241,241, 9
171,241,241, 9
172,241,241, 9
173,241,241, 9
174,241,241, 9
175,241,241, 9
176,241,241, 9
177,241,241, 9
178,241,241, 9
179,241,241, 9
180,241,241, 9
181,241,241, 9
182,241,241, 9
183,241,241, 9
184,241,241, 9
185,241,241, 9
186,241,241, 9
187,241,241, 9
188,241,241, 9
189,241,241, 9
190,241,241, 9
191,241,241, 9
192,241,241, 9
193,241,241, 9
194,241,241, 9
195,241,241, 9
196,241,241, 9
197,241,241, 9
198,241,241, 9
199,241,241, 9
200,241,241, 9
201,241,241, 9
202,241,241, 9
203,241,241, 9
204,241,241, 9
205,241,241, 9
206,241,241, 9
207,241,241, 9
208,241,241, 9
209,241,241, 9
210,241,241, 9
211,241,241, 9
212,241,241, 9
213,241,241, 9
214,241,241, 9
215,241,241, 9
216,241,241, 9
217,241,241, 9
218,241,241, 9
219,241,241, 9
220,241,241, 9
221,241,241, 9
222,241,241, 9
223,241,241, 9
224,241,241, 9
225,241,241, 9
226,241,241, 9
227,241,241, 9
228,241,241, 9
229,241,241, 9
230,241,241, 9
231,241,241, 9
232,241,241, 9
233,241,241, 9
234,241,241, 9
235,241,241, 9
236,241,241, 9
237,241,241, 9
238,240,240, 10
239,240,240, 10
240,240,240, 10
241,240,240, 10
242,240,240, 10
243,240,240, 10
244,240,240, 10
245,240,240, 10
246,240,240, 10
247,240,240, 10
248,240,240, 10
249,240,240, 10
250,240,240, 10
251,239,239, 11
252,239,239, 11
253,239,239, 11
254,239,239, 11
255,239,239, 11
256,239,239, 11
257,239,239, 11
258,239,239, 11
259,239,239, 11
260,239,239, 11
261,239,239, 11
262,239,239, 11
263,239,239, 11
264,239,239, 11
265,239,239, 11
266,239,239, 11
267,239,239, 11
268,239,239, 11
269,239,239, 11
270,239,239, 11
271,239,239, 11
272,239,239, 11
273,239,239, 11
274,239,239, 11
275,239,239, 11
276,239,239, 11
277,239,239, 11
278,239,239, 11
279,238,238, 12
280,238,238, 12
281,238,238, 12
282,238,238, 12
283,238,238, 12
284,238,238, 12
285,238,238, 12
286,238,238, 12
287,238,238, 12
288,238,238, 12
289,238,238, 12
290,238,238, 12
291,238,238, 12
292,238,238, 12
293,238,238, 12
294,238,238, 12
295,238,238, 12
296,238,238, 12
297,238,238, 12
298,238,238, 12
299,238,238, 12
300,238,238, 12
301,238,238, 12
302,238,238, 12
303,238,238, 12
304,238,238, 12
305,238,238, 12
306,238,238, 12
307,238,238, 12
308,238,238, 12
309,238,238, 12
310,238,238, 12
311,238,238, 12
312,238,238, 12
313,238,238, 12
314,238,238, 12
315,238,238, 12
316,238,238, 12
317,238,238, 12
318,238,238, 12
319,238,238, 12
320,238,238, 12
321,238,238, 12
322,238,238, 12
323,238,238, 12
324,238,238, 12
325,238,238, 12
326,238,238, 12
327,238,238, 12
328,238,238, 12
329,238,238, 12
330,238,238, 12
331,238,238, 12
332,238,238, 12
333,238,238, 12
334,238,238, 12
335,238,238, 12
336,238,238, 12
337,238,238, 12
338,238,238, 12
339,238,238, 12
340,238,238, 12
341,238,238, 12
342,238,238, 12
343,238,238, 12
344,238,238, 12
345,238,238, 12
346,238,238, 12
347,237,237, 13
348,237,237, 13
349,237,237, 13
350,237,237, 13
351,237,237, 13
352,237,237, 13
353,237,237, 13
354,237,237, 13
355,237,237, 13
356,237,237, 13
357,237,237, 13
358,237,237, 13
359,237,237, 13
360,236,236, 14
361,236,236, 14
362,236,236, 14
363,236,236, 14
364,236,236, 14
365,236,236, 14
366,236,236, 14
367,236,236, 14
368,236,236, 14
369,236,236, 14
370,236,236, 14
371,236,236, 14
372,236,236, 14
373,236,236, 14
374,236,236, 14
375,236,236, 14
376,236,236, 14
377,236,236, 14
378,236,236, 14
379,236,236, 14
380,236,236, 14
381,236,236, 14
382,236,236, 14
383,236,236, 14
384,236,236, 14
385,236,236, 14
386,236,236, 14
387,236,236, 14
388,236,236, 14
389,236,236, 14
390,236,236, 14
391,236,236, 14
392,236,236, 14
393,236,236, 14
394,236,236, 14
395,235,235, 15
396,235,235, 15
397,235,235, 15
398,235,235, 15
399,235,235, 15
400,235,235, 15
401,235,235, 15
402,235,235, 15
403,235,235, 15
404,235,235, 15
405,235,235, 15
406,235,235, 15
407,235,235, 15
408,235,235, 15
409,235,235, 15
410,235,235, 15
411,235,235, 15
412,235,235, 15
413,235,235, 15
414,235,235, 15
415,235,235, 15
416,235,235, 15
417,235,235, 15
418,235,235, 15
419,235,235, 15
420,235,235, 15
421,235,235, 15
422,235,235, 15
423,235,235, 15
424,235,235, 15
425,235,235, 15
426,235,235, 15
427,235,235, 15
428,235,235, 15
429,235,235, 15
430,235,235, 15
431,235,235, 15
432,235,235, 15
433,235,235, 15
434,235,235, 15
435,235,235, 15
436,235,235, 15
437,235,235, 15
438,235,235, 15
439,234,234, 16
440,234,234, 16
441,234,234, 16
442,234,234, 16
443,234,234, 16
444,234,234, 16
445,234,234, 16
446,234,234, 16
447,234,234, 16
448,234,234, 16
449,234,234, 16
450,234,234, 16
451,234,234, 16
452,234,234, 16
453,234,234, 16
454,234,234, 16
455,234,234, 16
456,234,234, 16
457,234,234, 16
458,234,234, 16
459,234,234, 16
460,234,234, 16
461,234,234, 16
462,234,234, 16
463,234,234, 16
464,234,234, 16
465,234,234, 16
466,234,234, 16
467,234,234, 16
468,234,234, 16
469,234,234, 16
470,234,234, 16
471,234,234, 16
472,234,234, 16
473,234,234, 16
474,234,234, 16
475,234,234, 16
476,234,234, 16
477,234,234, 16
478,234,234, 16
479,234,234, 16
480,234,234, 16
481,234,234, 16
482,234,234, 16
483,234,234, 16
484,234,234, 16
485,234,234, 16
486,234,234, 16
487,234,234, 16
488,234,234, 16
489,234,234, 16
490,234,234, 16
491,234,234, 16
492,234,234, 16
493,234,234, 16
494,234,234, 16
495,234,234, 16
496,234,234, 16
497,234,234, 16
498,234,234, 16
499,234,234, 16
500,234,234, 16
501,234,234, 16
502,234,234, 16
503,234,234, 16
504,234,234, 16
505,234,234, 16
506,234,234, 16
507,234,234, 16
508,234,234, 16
509,234,234, 16
510,234,234, 16
511,234,234, 16
512,234,234, 16
513,233,233, 17
514,233,233, 17
515,233,233, 17
516,233,233, 17
517,233,233, 17
518,233,233, 17
519,233,233, 17
520,233,233, 17
521,233,233, 17
522,233,233, 17
523,233,233, 17
524,233,233, 17
525,233,233, 17
526,233,233, 17
527,233,233, 17
528,233,233, 17
529,233,233, 17
530,233,233, 17
531,233,233, 17
532,233,233, 17
533,233,233, 17
534,233,233, 17
535,233,233, 17
536,233,233, 17
537,233,233, 17
538,233,233, 17
539,233,233, 17
540,233,233, 17
541,233,233, 17
542,233,233, 17
543,233,233, 17
544,233,233, 17
545,233,233, 17
546,233,233, 17
547,233,233, 17
548,233,233, 17
549,233,233, 17
550,233,233, 17
551,233,233, 17
552,233,233, 17
553,233,233, 17
554,233,233, 17
555,233,233, 17
556,233,233, 17
557,233,233, 17
558,233,233, 17
559,233,233, 17
560,233,233, 17
561,233,233, 17
562,233,233, 17
563,233,233, 17
564,233,233, 17
565,233,233, 17
566,233,233, 17
567,233,233, 17
568,233,233, 17
569,233,233, 17
570,233,233, 17
571,233,233, 17
572,233,233, 17
573,233,233, 17
574,233,233, 17
575,233,233, 17
576,233,233, 17
577,233,233, 17
578,233,233, 17
579,233,233, 17
580,233,233, 17
581,233,233, 17
582,233,233, 17
583,233,233, 17
584,233,233, 17
585,233,233, 17
586,233,233, 17
587,233,233, 17
588,233,233, 17
589,233,233, 17
590,233,233, 17
591,233,233, 17
592,233,233, 17
593,233,233, 17
594,233,233, 17
595,233,233, 17
596,233,233, 17
597,233,233, 17
598,233,233, 17
599,233,233, 17
600,233,233, 17
601,233,233, 17
602,233,233, 17
603,233,233, 17
604,233,233, 17
605,233,233, 17
606,233,233, 17
607,233,233, 17
608,233,233, 17
609,233,233, 17
610,233,233, 17
611,233,233, 17
612,233,233, 17
613,233,233, 17
614,233,233, 17
615,233,233, 17
616,233,233, 17
617,233,233, 17
618,233,233, 17
619,233,233, 17
620,233,233, 17
621,233,233, 17
622,233,233, 17
623,233,233, 17
624,233,233, 17
625,233,233, 17
626,233,233, 17
627,233,233, 17
628,233,233, 17
629,233,233, 17
630,233,233, 17
631,233,233, 17
632,233,233, 17
633,233,233, 17
634,233,233, 17
635,233,233, 17
636,233,233, 17
637,233,233, 17
638,233,233, 17
639,233,233, 17
640,233,233, 17
641,233,233, 17
642,233,233, 17
643,233,233, 17
644,233,233, 17
645,233,233, 17
646,233,233, 17
647,233,233, 17
648,233,233, 17
649,233,233, 17
650,233,233, 17
651,233,233, 17
652,233,233, 17
653,233,233, 17
654,233,233, 17
655,233,233, 17
656,233,233, 17
657,233,233, 17
658,233,233, 17
659,233,233, 17
660,233,233, 17
661,233,233, 17
662,233,233, 17
663,233,233, 17
664,233,233, 17
665,233,233, 17
666,233,233, 17
667,233,233, 17
668,233,233, 17
669,233,233, 17
670,233,233, 17
671,233,233, 17
672,233,233, 17
673,233,233, 17
674,233,233, 17
675,233,233, 17
676,233,233, 17
677,233,233, 17
678,233,233, 17
679,233,233, 17
680,233,233, 17
681,233,233, 17
682,232,232, 18
683,232,232, 18
684,232,232, 18
685,232,232, 18
686,232,232, 18
687,232,232, 18
688,232,232, 18
689,232,232, 18
690,232,232, 18
691,232,232, 18
692,232,232, 18
693,232,232, 18
694,232,232, 18
695,232,232, 18
696,232,232, 18
697,232,232, 18
698,232,232, 18
699,232,232, 18
700,232,232, 18
701,232,232, 18
702,232,232, 18
703,232,232, 18
704,231,231, 19
705,231,231, 19
706,231,231, 19
707,231,231, 19
708,231,231, 19
709,231,231, 19
710,231,231, 19
711,231,231, 19
712,231,231, 19
713,231,231, 19
714,231,231, 19
715,231,231, 19
716,231,231, 19
717,231,231, 19
718,231,231, 19
719,231,231, 19
720,231,231, 19
721,231,231, 19
722,231,231, 19
723,231,231, 19
724,231,231, 19
725,231,231, 19
726,231,231, 19
727,231,231, 19
728,231,231, 19
729,231,231, 19
730,231,231, 19
731,231,231, 19
732,231,231, 19
733,231,231, 19
734,231,231, 19
735,231,231, 19
736,231,231, 19
737,231,231, 19
738,231,231, 19
739,231,231, 19
740,231,231, 19
741,231,231, 19
742,231,231, 19
743,231,231, 19
744,231,231, 19
745,231,231, 19
746,231,231, 19
747,231,231, 19
748,231,231, 19
749,231,231, 19
750,231,231, 19
751,231,231, 19
752,231,231, 19
753,231,231, 19
754,231,231, 19
755,231,231, 19
756,231,231, 19
757,231,231, 19
758,231,231, 19
759,231,231, 19
760,230,230, 20
761,230,230, 20
762,230,230, 20
763,230,230, 20
764,230,230, 20
765,230,230, 20
766,230,230, 20
767,230,230, 20
768,230,230, 20
769,230,230, 20
770,230,230, 20
771,230,230, 20
772,230,230, 20
773,230,230, 20
774,230,230, 20
775,230,230, 20
776,230,230, 20
777,230,230, 20
778,230,230, 20
779,230,230, 20
780,230,230, 20
781,230,230, 20
782,230,230, 20
783,230,230, 20
784,230,230, 20
785,230,230, 20
786,230,230, 20
787,230,230, 20
788,230,230, 20
789,230,230, 20
790,230,230, 20
791,230,230, 20
792,230,230, 20
793,230,230, 20
794,230,230, 20
795,230,230, 20
796,230,230, 20
797,230,230, 20
798,230,230, 20
799,230,230, 20
800,230,230, 20
801,230,230, 20
802,230,230, 20
803,230,230, 20
804,230,230, 20
805,230,230, 20
806,230,230, 20
807,230,230, 20
808,230,230, 20
809,230,230, 20
810,230,230, 20
811,230,230, 20
812,230,230, 20
813,230,230, 20
814,230,230, 20
815,230,230, 20
816,230,230, 20
817,230,230, 20
818,230,230, 20
819,230,230, 20
820,230,230, 20
821,230,230, 20
822,230,230, 20
823,230,230, 20
824,230,230, 20
825,230,230, 20
826,230,230, 20
827,230,230, 20
828,230,230, 20
829,230,230, 20
830,230,230, 20
831,230,230, 20
832,230,230, 20
833,230,230, 20
834,230,230, 20
835,230,230, 20
836,230,230, 20
837,230,230, 20
838,230,230, 20
839,230,230, 20
840,230,230, 20
841,230,230, 20
842,230,230, 20
843,230,230, 20
844,230,230, 20
845,230,230, 20
846,230,230, 20
847,230,230, 20
848,230,230, 20
849,230,230, 20
850,230,230, 20
851,230,230, 20
852,230,230, 20
853,230,230, 20
854,230,230, 20
855,230,230, 20
856,230,230, 20
857,230,230, 20
858,230,230, 20
859,230,230, 20
860,230,230, 20
861,230,230, 20
862,230,230, 20
863,230,230, 20
864,230,230, 20
865,230,230, 20
866,230,230, 20
867,230,230, 20
868,230,230, 20
869,230,230, 20
870,230,230, 20
871,230,230, 20
872,230,230, 20
873,230,230, 20
874,230,230, 20
875,230,230, 20
876,230,230, 20
877,230,230, 20
878,230,230, 20
879,230,230, 20
880,230,230, 20
881,230,230, 20
882,230,230, 20
883,230,230, 20
884,230,230, 20
885,230,230, 20
886,230,230, 20
887,230,230, 20
888,230,230, 20
889,230,230, 20
890,230,230, 20
891,230,230, 20
892,230,230, 20
893,230,230, 20
894,230,230, 20
895,230,230, 20
896,230,230, 20
897,230,230, 20
898,230,230, 20
899,230,230, 20
900,230,230, 20
901,230,230, 20
902,230,230, 20
903,230,230, 20
904,230,230, 20
905,230,230, 20
906,230,230, 20
907,230,230, 20
908,230,230, 20
909,230,230, 20
910,230,230, 20
911,230,230, 20
912,230,230, 20
913,230,230, 20
914,230,230, 20
915,230,230, 20
916,230,230, 20
917,230,230, 20
918,230,230, 20
919,230,230, 20
920,230,230, 20
921,230,230, 20
922,230,230, 20
923,230,230, 20
924,230,230, 20
925,230,230, 20
926,230,230, 20
927,230,230, 20
928,230,230, 20
929,230,230, 20
930,230,230, 20
931,230,230, 20
932,230,230, 20
933,230,230, 20
934,230,230, 20
935,230,230, 20
936,230,230, 20
937,230,230, 20
938,230,230, 20
939,230,230, 20
940,230,230, 20
941,230,230, 20
942,230,230, 20
943,230,230, 20
944,230,230, 20
945,230,230, 20
946,230,230, 20
947,230,230, 20
948,230,230, 20
949,230,230, 20
950,230,230, 20
951,230,230, 20
952,230,230, 20
953,230,230, 20
954,230,230, 20
955,230,230, 20
956,230,230, 20
957,230,230, 20
958,230,230, 20
959,230,230, 20
960,230,230, 20
961,230,230, 20
962,230,230, 20
963,230,230, 20
964,230,230, 20
965,230,230, 20
966,230,230, 20
967,230,230, 20
968,230,230, 20
969,230,230, 20
970,230,230, 20
971,230,230, 20
972,230,230, 20
973,230,230, 20
974,230,230, 20
975,230,230, 20
976,230,230, 20
977,230,230, 20
978,230,230, 20
979,230,230, 20
980,230,230, 20
981,230,230, 20
982,230,230, 20
983,230,230, 20
984,230,230, 20
985,230,230, 20
986,230,230, 20
987,230,230, 20
988,230,230, 20
989,229,229, 21
990,229,229, 21
991,229,229, 21
992,229,229, 21
993,229,229, 21
994,229,229, 21
995,229,229, 21
996,229,229, 21
997,229,229, 21
998,229,229, 21
999,229,229, 21
1000,229,229, 21
1001,229,229, 21
1002,229,229, 21
1003,229,229, 21
1004,229,229, 21
1005,229,229, 21
1006,229,229, 21
1007,229,229, 21
1008,229,229, 21
1009,229,229, 21
1010,229,229, 21
1011,229,229, 21
1012,229,229, 21
1013,229,229, 21
1014,229,229, 21
1015,229,229, 21
1016,229,229, 21
1017,229,229, 21
1018,229,229, 21
1019,229,229, 21
1020,229,229, 21
1021,229,229, 21
1022,228,228, 22
1023,228,228, 22
1024,228,228, 22
1025,228,228, 22
1026,228,228, 22
1027,228,228, 22
1028,228,228, 22
1029,228,228, 22
1030,228,228, 22
1031,228,228, 22
1032,228,228, 22
1033,228,228, 22
1034,228,228, 22
1035,228,228, 22
1036,228,228, 22
1037,228,228, 22
1038,228,228, 22
1039,228,228, 22
1040,228,228, 22
1041,228,228, 22
1042,228,228, 22
1043,228,228, 22
1044,228,228, 22
1045,228,228, 22
1046,228,228, 22
1047,228,228, 22
1048,228,228, 22
1049,228,228, 22
1050,228,228, 22
1051,228,228, 22
1052,228,228, 22
1053,228,228, 22
1054,228,228, 22
1055,228,228, 22
1056,228,228, 22
1057,228,228, 22
1058,228,228, 22
1059,228,228, 22
1060,228,228, 22
1061,228,228, 22
1062,228,228, 22
1063,228,228, 22
1064,228,228, 22
1065,228,228, 22
1066,228,228, 22
1067,228,228, 22
1068,228,228, 22
1069,228,228, 22
1070,228,228, 22
1071,228,228, 22
1072,228,228, 22
1073,228,228, 22
1074,228,228, 22
1075,228,228, 22
1076,228,228, 22
1077,228,228, 22
1078,228,228, 22
1079,228,228, 22
1080,228,228, 22
1081,228,228, 22
1082,228,228, 22
1083,228,228, 22
1084,228,228, 22
1085,228,228, 22
1086,228,228, 22
1087,228,228, 22
1088,228,228, 22
1089,228,228, 22
1090,228,228, 22
1091,228,228, 22
1092,228,228, 22
1093,228,228, 22
1094,228,228, 22
1095,228,228, 22
1096,228,228, 22
1097,228,228, 22
1098,228,228, 22
1099,228,228, 22
1100,228,228, 22
1101,228,228, 22
1102,228,228, 22
1103,228,228, 22
1104,228,228, 22
1105,228,228, 22
1106,228,228, 22
1107,228,228, 22
1108,228,228, 22
1109,228,228, 22
1110,228,228, 22
1111,228,228, 22
1112,228,228, 22
1113,228,228, 22
1114,228,228, 22
1115,228,228, 22
1116,228,228, 22
1117,228,228, 22
1118,228,228, 22
1119,228,228, 22
1120,228,228, 22
1121,228,228, 22
1122,228,228, 22
1123,228,228, 22
1124,228,228, 22
1125,228,228, 22
1126,228,228, 22
1127,228,228, 22
1128,228,228, 22
1129,228,228, 22
1130,228,228, 22
1131,228,228, 22
1132,228,228, 22
1133,228,228, 22
1134,228,228, 22
1135,228,228, 22
1136,228,228, 22
1137,228,228, 22
1138,228,228, 22
1139,228,228, 22
1140,228,228, 22
1141,228,228, 22
1142,228,228, 22
1143,228,228, 22
1144,228,228, 22
1145,228,228, 22
1146,228,228, 22
1147,228,228, 22
1148,228,228, 22
1149,228,228, 22
1150,228,228, 22
1151,228,228, 22
1152,228,228, 22
1153,228,228, 22
1154,228,228, 22
1155,228,228, 22
1156,228,228, 22
1157,228,228, 22
1158,228,228, 22
1159,228,228, 22
1160,228,228, 22
1161,228,228, 22
1162,228,228, 22
1163,228,228, 22
1164,228,228, 22
1165,228,228, 22
1166,228,228, 22
1167,228,228, 22
1168,228,228, 22
1169,228,228, 22
1170,228,228, 22
1171,228,228, 22
1172,228,228, 22
1173,228,228, 22
1174,228,228, 22
1175,228,228, 22
1176,228,228, 22
1177,228,228, 22
1178,228,228, 22
1179,228,228, 22
1180,228,228, 22
1181,228,228, 22
1182,228,228, 22
1183,228,228, 22
1184,228,228, 22
1185,228,228, 22
1186,228,228, 22
1187,228,228, 22
1188,228,228, 22
1189,228,228, 22
1190,228,228, 22
1191,228,228, 22
1192,228,228, 22
1193,228,228, 22
1194,228,228, 22
1195,228,228, 22
1196,228,228, 22
1197,228,228, 22
1198,228,228, 22
1199,228,228, 22
1200,228,228, 22
1201,228,228, 22
1202,228,228, 22
1203,228,228, 22
1204,228,228, 22
1205,228,228, 22
1206,228,228, 22
1207,228,228, 22
1208,228,228, 22
1209,228,228, 22
1210,228,228, 22
1211,228,228, 22
1212,228,228, 22
1213,228,228, 22
1214,228,228, 22
1215,228,228, 22
1216,228,228, 22
1217,228,228, 22
1218,228,228, 22
1219,228,228, 22
1220,228,228, 22
1221,228,228, 22
1222,228,228, 22
1223,228,228, 22
1224,228,228, 22
1225,228,228, 22
1226,228,228, 22
1227,228,228, 22
1228,228,228, 22
1229,228,228, 22
1230,228,228, 22
1231,228,228, 22
1232,228,228, 22
1233,228,228, 22
1234,228,228, 22
1235,228,228, 22
1236,228,228, 22
1237,228,228, 22
1238,228,228, 22
1239,228,228, 22
1240,228,228, 22
1241,228,228, 22
1242,228,228, 22
1243,228,228, 22
1244,228,228, 22
1245,228,228, 22
1246,228,228, 22
1247,228,228, 22
1248,228,228, 22
1249,228,228, 22
1250,228,228, 22
1251,228,228, 22
1252,228,228, 22
1253,228,228, 22
1254,228,228, 22
1255,228,228, 22
1256,228,228, 22
1257,228,228, 22
1258,228,228, 22
1259,228,228, 22
1260,228,228, 22
1261,228,228, 22
1262,228,228, 22
1263,228,228, 22
1264,228,228, 22
1265,228,228, 22
1266,228,228, 22
1267,228,228, 22
1268,228,228, 22
1269,228,228, 22
1270,228,228, 22
1271,228,228, 22
1272,228,228, 22
1273,228,228, 22
1274,228,228, 22
1275,228,228, 22
1276,228,228, 22
1277,228,228, 22
1278,228,228, 22
1279,228,228, 22
1280,228,228, 22
1281,228,228, 22
1282,228,228, 22
1283,228,228, 22
1284,228,228, 22
1285,228,228, 22
1286,228,228, 22
1287,228,228, 22
1288,228,228, 22
1289,228,228, 22
1290,228,228, 22
1291,228,228, 22
1292,228,228, 22
1293,228,228, 22
1294,228,228, 22
1295,228,228, 22
1296,228,228, 22
1297,228,228, 22
1298,228,228, 22
1299,228,228, 22
1300,228,228, 22
1301,228,228, 22
1302,228,228, 22
1303,228,228, 22
1304,228,228, 22
1305,228,228, 22
1306,227,227, 23
1307,227,227, 23
1308,227,227, 23
1309,227,227, 23
1310,227,227, 23
1311,227,227, 23
1312,227,227, 23
1313,227,227, 23
1314,227,227, 23
1315,227,227, 23
1316,227,227, 23
1317,227,227, 23
1318,227,227, 23
1319,227,227, 23
1320,227,227, 23
1321,227,227, 23
1322,227,227, 23
1323,227,227, 23
1324,227,227, 23
1325,227,227, 23
1326,227,227, 23
1327,227,227, 23
1328,227,227, 23
1329,227,227, 23
1330,227,227, 23
1331,227,227, 23
1332,227,227, 23
1333,227,227, 23
1334,227,227, 23
1335,227,227, 23
1336,227,227, 23
1337,227,227, 23
1338,227,227, 23
1339,227,227, 23
1340,227,227, 23
1341,227,227, 23
1342,227,227, 23
1343,227,227, 23
1344,227,227, 23
1345,227,227, 23
1346,227,227, 23
1347,227,227, 23
1348,227,227, 23
1349,227,227, 23
1350,227,227, 23
1351,227,227, 23
1352,227,227, 23
1353,227,227, 23
1354,227,227, 23
1355,227,227, 23
1356,227,227, 23
1357,227,227, 23
1358,227,227, 23
1359,227,227, 23
1360,227,227, 23
1361,227,227, 23
1362,227,227, 23
1363,227,227, 23
1364,227,227, 23
1365,227,227, 23
1366,227,227, 23
1367,227,227, 23
1368,227,227, 23
1369,227,227, 23
1370,227,227, 23
1371,227,227, 23
1372,227,227, 23
1373,227,227, 23
1374,227,227, 23
1375,227,227, 23
1376,227,227, 23
1377,227,227, 23
1378,227,227, 23
1379,227,227, 23
1380,227,227, 23
1381,227,227, 23
1382,227,227, 23
1383,227,227, 23
1384,227,227, 23
1385,227,227, 23
1386,227,227, 23
1387,227,227, 23
1388,227,227, 23
1389,227,227, 23
1390,227,227, 23
1391,227,227, 23
1392,227,227, 23
1393,227,227, 23
1394,227,227, 23
1395,227,227, 23
1396,227,227, 23
1397,227,227, 23
1398,227,227, 23
1399,227,227, 23
1400,227,227, 23
1401,227,227, 23
1402,227,227, 23
1403,227,227, 23
1404,227,227, 23
1405,227,227, 23
1406,227,227, 23
1407,227,227, 23
1408,227,227, 23
1409,227,227, 23
1410,227,227, 23
1411,227,227, 23
1412,227,227, 23
1413,227,227, 23
1414,227,227, 23
1415,227,227, 23
1416,227,227, 23
1417,227,227, 23
1418,227,227, 23
1419,227,227, 23
1420,227,227, 23
1421,227,227, 23
1422,227,227, 23
1423,227,227, 23
1424,227,227, 23
1425,227,227, 23
1426,227,227, 23
1427,227,227, 23
1428,227,227, 23
1429,227,227, 23
1430,227,227, 23
1431,227,227, 23
1432,227,227, 23
1433,227,227, 23
1434,227,227, 23
1435,227,227, 23
1436,227,227, 23
1437,227,227, 23
1438,227,227, 23
1439,227,227, 23
1440,227,227, 23
1441,227,227, 23
1442,227,227, 23
1443,227,227, 23
1444,227,227, 23
1445,227,227, 23
1446,227,227, 23
1447,227,227, 23
1448,227,227, 23
1449,227,227, 23
1450,227,227, 23
1451,227,227, 23
1452,227,227, 23
1453,227,227, 23
1454,227,227, 23
1455,227,227, 23
1456,227,227, 23
1457,227,227, 23
1458,227,227, 23
1459,227,227, 23
1460,227,227, 23
1461,227,227, 23
1462,227,227, 23
1463,227,227, 23
1464,227,227, 23
1465,227,227, 23
1466,227,227, 23
1467,227,227, 23
1468,227,227, 23
1469,227,227, 23
1470,227,227, 23
1471,227,227, 23
1472,227,227, 23
1473,227,227, 23
1474,227,227, 23
1475,227,227, 23
1476,227,227, 23
1477,227,227, 23
1478,227,227, 23
1479,227,227, 23
1480,227,227, 23
1481,227,227, 23
1482,227,227, 23
1483,227,227, 23
1484,227,227, 23
1485,227,227, 23
1486,227,227, 23
1487,227,227, 23
1488,227,227, 23
1489,227,227, 23
1490,227,227, 23
1491,227,227, 23
1492,227,227, 23
1493,227,227, 23
1494,227,227, 23
1495,227,227, 23
1496,227,227, 23
1497,227,227, 23
1498,227,227, 23
1499,227,227, 23
