0,250,250, 0
1,249,249, 1
2,249,249, 1
3,249,249, 1
4,249,249, 1
5,249,249, 1
6,249,249, 1
7,249,249, 1
8,249,249, 1
9,249,249, 1
10,249,249, 1
11,249,249, 1
12,249,249, 1
13,249,249, 1
14,249,249, 1
15,249,249, 1
16,249,249, 1
17,249,249, 1
18,249,249, 1
19,249,249, 1
20,249,249, 1
21,249,249, 1
22,249,249, 1
23,249,249, 1
24,249,249, 1
25,249,249, 1
26,249,249, 1
27,249,249, 1
28,249,249, 1
29,249,249, 1
30,249,249, 1
31,248,248, 2
32,248,248, 2
33,248,248, 2
34,248,248, 2
35,248,248, 2
36,248,248, 2
37,248,248, 2
38,248,248, 2
39,248,248, 2
40,248,248, 2
41,248,248, 2
42,248,248, 2
43,248,248, 2
44,247,247, 3
45,247,247, 3
46,247,247, 3
47,247,247, 3
48,247,247, 3
49,247,247, 3
50,247,247, 3
51,247,247, 3
52,247,247, 3
53,247,247, 3
54,247,247, 3
55,247,247, 3
56,247,247, 3
57,247,247, 3
58,247,247, 3
59,247,247, 3
60,247,247, 3
61,247,247, 3
62,247,247, 3
63,247,247, 3
64,247,247, 3
65,247,247, 3
66,247,247, 3
67,247,247, 3
68,247,247, 3
69,247,247, 3
70,247,247, 3
71,247,247, 3
72,247,247, 3
73,247,247, 3
74,247,247, 3
75,247,247, 3
76,247,247, 3
77,247,247, 3
78,247,247, 3
79,247,247, 3
80,247,247, 3
81,247,247, 3
82,247,247, 3
83,247,247, 3
84,247,247, 3
85,247,247, 3
86,247,247, 3
87,247,247, 3
88,247,247, 3
89,247,247, 3
90,247,247, 3
91,247,247, 3
92,247,247, 3
93,247,247, 3
94,247,247, 3
95,247,247, 3
96,247,247, 3
97,247,247, 3
98,247,247, 3
99,247,247, 3
100,247,247, 3
101,247,247, 3
102,247,247, 3
103,247,247, 3
104,247,247, 3
105,247,247, 3
106,247,247, 3
107,247,247, 3
108,247,247, 3
109,247,247, 3
110,247,247, 3
111,247,247, 3
112,247,247, 3
113,247,247, 3
114,247,247, 3
115,247,247, 3
116,247,247, 3
117,247,247, 3
118,247,247, 3
119,247,247, 3
120,247,247, 3
121,247,247, 3
122,247,247, 3
123,247,247, 3
124,247,247, 3
125,247,247, 3
126,247,247, 3
127,247,247, 3
128,247,247, 3
129,247,247, 3
130,247,247, 3
131,247,247, 3
132,247,247, 3
133,246,246, 4
134,246,246, 4
135,246,246, 4
136,246,246, 4
137,246,246, 4
138,246,246, 4
139,246,246, 4
140,246,246, 4
141,246,246, 4
142,246,246, 4
143,246,246, 4
144,246,246, 4
145,245,245, 5
146,245,245, 5
147,245,245, 5
148,245,245, 5
149,245,245, 5
150,245,245, 5
151,245,245, 5
152,245,245, 5
153,245,245, 5
154,245,245, 5
155,245,245, 5
156,245,245, 5
157,245,245, 5
158,245,245, 5
159,245,245, 5
160,244,244, 6
161,244,244, 6
162,244,244, 6
163,244,244, 6
164,244,244, 6
165,244,244, 6
166,244,244, 6
167,244,244, 6
168,244,244, 6
169,244,244, 6
170,244,244, 6
171,244,244, 6
172,244,244, 6
173,244,244, 6
174,244,244, 6
175,244,244, 6
176,244,244, 6
177,244,244, 6
178,244,244, 6
179,244,244, 6
180,244,244, 6
181,244,244, 6
182,244,244, 6
183,244,244, 6
184,244,244, 6
185,244,244, 6
186,244,244, 6
187,244,244, 6
188,244,244, 6
189,244,244, 6
190,244,244, 6
191,244,244, 6
192,244,244, 6
193,244,244, 6
194,244,244, 6
195,244,244, 6
196,244,244, 6
197,244,244, 6
198,244,244, 6
199,244,244, 6
200,244,244, 6
201,244,244, 6
202,244,244, 6
203,244,244, 6
204,244,244, 6
205,244,244, 6
206,243,243, 7
207,243,243, 7
208,243,243, 7
209,243,243, 7
210,243,243, 7
211,243,243, 7
212,243,243, 7
213,243,243, 7
214,243,243, 7
215,243,243, 7
216,243,243, 7
217,243,243, 7
218,243,243, 7
219,243,243, 7
220,243,243, 7
221,243,243, 7
222,243,243, 7
223,243,243, 7
224,243,243, 7
225,243,243, 7
226,243,243, 7
227,243,243, 7
228,243,243, 7
229,243,243, 7
230,243,243, 7
231,243,243, 7
232,243,243, 7
233,243,243, 7
234,243,243, 7
235,243,243, 7
236,243,243, 7
237,243,243, 7
238,243,243, 7
239,243,243, 7
240,243,243, 7
241,243,243, 7
242,243,243, 7
243,243,243, 7
244,243,243, 7
245,243,243, 7
246,242,242, 8
247,242,242, 8
248,242,242, 8
249,242,242, 8
250,242,242, 8
251,242,242, 8
252,242,242, 8
253,241,241, 9
254,241,241, 9
255,241,241, 9
256,241,241, 9
257,241,241, 9
258,241,241, 9
259,241,241, 9
260,241,241, 9
261,241,241, 9
262,241,241, 9
263,241,241, 9
264,241,241, 9
265,241,241, 9
266,241,241, 9
267,241,241, 9
268,241,241, 9
269,241,241, 9
270,241,241, 9
271,241,241, 9
272,241,241, 9
273,241,241, 9
274,241,241, 9
275,241,241, 9
276,241,241, 9
277,241,241, 9
278,241,241, 9
279,241,241, 9
280,241,241, 9
281,241,241, 9
282,241,241, 9
283,241,241, 9
284,241,241, 9
285,241,241, 9
286,241,241, 9
287,241,241, 9
288,241,241, 9
289,241,241, 9
290,241,241, 9
291,241,241, 9
292,241,241, 9
293,241,241, 9
294,241,241, 9
295,241,241, 9
296,241,241, 9
297,241,241, 9
298,241,241, 9
299,241,241, 9
300,241,241, 9
301,241,241, 9
302,241,241, 9
303,241,241, 9
304,241,241, 9
305,241,241, 9
306,241,241, 9
307,241,241, 9
308,241,241, 9
309,241,241, 9
310,241,241, 9
311,241,241, 9
312,241,241, 9
313,241,241, 9
314,241,241, 9
315,241,241, 9
316,241,241, 9
317,241,241, 9
318,241,241, 9
319,240,240, 10
320,240,240, 10
321,240,240, 10
322,240,240, 10
323,240,240, 10
324,240,240, 10
325,240,240, 10
326,240,240, 10
327,240,240, 10
328,240,240, 10
329,240,240, 10
330,240,240, 10
331,240,240, 10
332,240,240, 10
333,240,240, 10
334,240,240, 10
335,240,240, 10
336,240,240, 10
337,240,240, 10
338,240,240, 10
339,240,240, 10
340,240,240, 10
341,240,240, 10
342,240,240, 10
343,240,240, 10
344,240,240, 10
345,240,240, 10
346,240,240, 10
347,240,240, 10
348,240,240, 10
349,240,240, 10
350,240,240, 10
351,240,240, 10
352,240,240, 10
353,240,240, 10
354,240,240, 10
355,240,240, 10
356,240,240, 10
357,240,240, 10
358,240,240, 10
359,240,240, 10
360,240,240, 10
361,240,240, 10
362,240,240, 10
363,240,240, 10
364,240,240, 10
365,240,240, 10
366,240,240, 10
367,240,240, 10
368,240,240, 10
369,240,240, 10
370,240,240, 10
371,240,240, 10
372,240,240, 10
373,240,240, 10
374,240,240, 10
375,240,240, 10
376,240,240, 10
377,240,240, 10
378,240,240, 10
379,240,240, 10
380,240,240, 10
381,240,240, 10
382,240,240, 10
383,240,240, 10
384,240,240, 10
385,240,240, 10
386,240,240, 10
387,240,240, 10
388,240,240, 10
389,239,239, 11
390,238,238, 12
391,238,238, 12
392,238,238, 12
393,238,238, 12
394,238,238, 12
395,238,238, 12
396,238,238, 12
397,238,238, 12
398,238,238, 12
399,238,238, 12
400,238,238, 12
401,238,238, 12
402,238,238, 12
403,238,238, 12
404,238,238, 12
405,238,238, 12
406,238,238, 12
407,238,238, 12
408,238,238, 12
409,238,238, 12
410,238,238, 12
411,238,238, 12
412,238,238, 12
413,238,238, 12
414,238,238, 12
415,238,238, 12
416,238,238, 12
417,238,238, 12
418,238,238, 12
419,238,238, 12
420,238,238, 12
421,238,238, 12
422,238,238, 12
423,238,238, 12
424,238,238, 12
425,238,238, 12
426,238,238, 12
427,238,238, 12
428,238,238, 12
429,238,238, 12
430,238,238, 12
431,238,238, 12
432,238,238, 12
433,238,238, 12
434,238,238, 12
435,238,238, 12
436,238,238, 12
437,238,238, 12
438,238,238, 12
439,238,238, 12
440,238,238, 12
441,238,238, 12
442,238,238, 12
443,238,238, 12
444,238,238, 12
445,238,238, 12
446,238,238, 12
447,238,238, 12
448,238,238, 12
449,238,238, 12
450,238,238, 12
451,238,238, 12
452,238,238, 12
453,238,238, 12
454,238,238, 12
455,238,238, 12
456,238,238, 12
457,238,238, 12
458,238,238, 12
459,238,238, 12
460,238,238, 12
461,238,238, 12
462,238,238, 12
463,238,238, 12
464,238,238, 12
465,238,238, 12
466,238,238, 12
467,238,238, 12
468,238,238, 12
469,238,238, 12
470,238,238, 12
471,238,238, 12
472,238,238, 12
473,238,238, 12
474,238,238, 12
475,238,238, 12
476,238,238, 12
477,238,238, 12
478,238,238, 12
479,238,238, 12
480,238,238, 12
481,238,238, 12
482,238,238, 12
483,238,238, 12
484,238,238, 12
485,238,238, 12
486,238,238, 12
487,237,237, 13
488,237,237, 13
489,237,237, 13
490,237,237, 13
491,237,237, 13
492,237,237, 13
493,237,237, 13
494,237,237, 13
495,237,237, 13
496,237,237, 13
497,237,237, 13
498,237,237, 13
499,237,237, 13
500,237,237, 13
501,237,237, 13
502,237,237, 13
503,237,237, 13
504,237,237, 13
505,237,237, 13
506,237,237, 13
507,237,237, 13
508,237,237, 13
509,237,237, 13
510,236,236, 14
511,236,236, 14
512,236,236, 14
513,236,236, 14
514,236,236, 14
515,236,236, 14
516,236,236, 14
517,236,236, 14
518,236,236, 14
519,236,236, 14
520,235,235, 15
521,235,235, 15
522,235,235, 15
523,235,235, 15
524,235,235, 15
525,235,235, 15
526,235,235, 15
527,235,235, 15
528,235,235, 15
529,235,235, 15
530,235,235, 15
531,235,235, 15
532,235,235, 15
533,235,235, 15
534,235,235, 15
535,235,235, 15
536,235,235, 15
537,235,235, 15
538,235,235, 15
539,235,235, 15
540,235,235, 15
541,235,235, 15
542,235,235, 15
543,234,234, 16
544,234,234, 16
545,234,234, 16
546,234,234, 16
547,234,234, 16
548,234,234, 16
549,234,234, 16
550,234,234, 16
551,234,234, 16
552,234,234, 16
553,234,234, 16
554,234,234, 16
555,234,234, 16
556,234,234, 16
557,234,234, 16
558,233,233, 17
559,233,233, 17
560,232,232, 18
561,232,232, 18
562,232,232, 18
563,232,232, 18
564,232,232, 18
565,232,232, 18
566,232,232, 18
567,232,232, 18
568,232,232, 18
569,232,232, 18
570,232,232, 18
571,232,232, 18
572,232,232, 18
573,232,232, 18
574,232,232, 18
575,232,232, 18
576,232,232, 18
577,232,232, 18
578,232,232, 18
579,232,232, 18
580,232,232, 18
581,232,232, 18
582,232,232, 18
583,232,232, 18
584,232,232, 18
585,232,232, 18
586,232,232, 18
587,232,232, 18
588,232,232, 18
589,232,232, 18
590,232,232, 18
591,232,232, 18
592,232,232, 18
593,232,232, 18
594,232,232, 18
595,232,232, 18
596,231,231, 19
597,231,231, 19
598,231,231, 19
599,231,231, 19
600,231,231, 19
601,231,231, 19
602,231,231, 19
603,231,231, 19
604,231,231, 19
605,231,231, 19
606,231,231, 19
607,231,231, 19
608,231,231, 19
609,231,231, 19
610,231,231, 19
611,231,231, 19
612,231,231, 19
613,231,231, 19
614,231,231, 19
615,231,231, 19
616,231,231, 19
617,231,231, 19
618,230,230, 20
619,230,230, 20
620,230,230, 20
621,230,230, 20
622,230,230, 20
623,230,230, 20
624,230,230, 20
625,230,230, 20
626,230,230, 20
627,230,230, 20
628,230,230, 20
629,230,230, 20
630,230,230, 20
631,230,230, 20
632,230,230, 20
633,230,230, 20
634,230,230, 20
635,230,230, 20
636,230,230, 20
637,230,230, 20
638,230,230, 20
639,230,230, 20
640,230,230, 20
641,230,230, 20
642,230,230, 20
643,230,230, 20
644,230,230, 20
645,230,230, 20
646,230,230, 20
647,230,230, 20
648,230,230, 20
649,230,230, 20
650,230,230, 20
651,230,230, 20
652,230,230, 20
653,230,230, 20
654,230,230, 20
655,230,230, 20
656,230,230, 20
657,230,230, 20
658,230,230, 20
659,230,230, 20
660,230,230, 20
661,230,230, 20
662,230,230, 20
663,230,230, 20
664,230,230, 20
665,230,230, 20
666,230,230, 20
667,230,230, 20
668,230,230, 20
669,230,230, 20
670,230,230, 20
671,230,230, 20
672,230,230, 20
673,230,230, 20
674,230,230, 20
675,230,230, 20
676,230,230, 20
677,230,230, 20
678,230,230, 20
679,230,230, 20
680,230,230, 20
681,230,230, 20
682,230,230, 20
683,230,230, 20
684,230,230, 20
685,230,230, 20
686,230,230, 20
687,230,230, 20
688,229,229, 21
689,229,229, 21
690,229,229, 21
691,229,229, 21
692,229,229, 21
693,229,229, 21
694,229,229, 21
695,229,229, 21
696,229,229, 21
697,229,229, 21
698,229,229, 21
699,229,229, 21
700,229,229, 21
701,229,229, 21
702,229,229, 21
703,229,229, 21
704,229,229, 21
705,229,229, 21
706,229,229, 21
707,228,228, 22
708,228,228, 22
709,228,228, 22
710,228,228, 22
711,228,228, 22
712,228,228, 22
713,228,228, 22
714,228,228, 22
715,228,228, 22
716,228,228, 22
717,228,228, 22
718,228,228, 22
719,228,228, 22
720,228,228, 22
721,228,228, 22
722,228,228, 22
723,228,228, 22
724,228,228, 22
725,228,228, 22
726,228,228, 22
727,228,228, 22
728,228,228, 22
729,228,228, 22
730,228,228, 22
731,228,228, 22
732,228,228, 22
733,228,228, 22
734,228,228, 22
735,228,228, 22
736,228,228, 22
737,228,228, 22
738,228,228, 22
739,228,228, 22
740,228,228, 22
741,228,228, 22
742,228,228, 22
743,228,228, 22
744,228,228, 22
745,228,228, 22
746,228,228, 22
747,228,228, 22
748,228,228, 22
749,228,228, 22
750,228,228, 22
751,228,228, 22
752,228,228, 22
753,228,228, 22
754,228,228, 22
755,228,228, 22
756,228,228, 22
757,228,228, 22
758,228,228, 22
759,228,228, 22
760,228,228, 22
761,228,228, 22
762,228,228, 22
763,228,228, 22
764,228,228, 22
765,228,228, 22
766,228,228, 22
767,228,228, 22
768,228,228, 22
769,228,228, 22
770,228,228, 22
771,228,228, 22
772,228,228, 22
773,228,228, 22
774,228,228, 22
775,228,228, 22
776,228,228, 22
777,228,228, 22
778,228,228, 22
779,228,228, 22
780,228,228, 22
781,228,228, 22
782,228,228, 22
783,228,228, 22
784,228,228, 22
785,228,228, 22
786,228,228, 22
787,228,228, 22
788,228,228, 22
789,228,228, 22
790,228,228, 22
791,228,228, 22
792,228,228, 22
793,228,228, 22
794,228,228, 22
795,228,228, 22
796,228,228, 22
797,228,228, 22
798,228,228, 22
799,228,228, 22
800,228,228, 22
801,228,228, 22
802,228,228, 22
803,228,228, 22
804,228,228, 22
805,228,228, 22
806,228,228, 22
807,228,228, 22
808,228,228, 22
809,228,228, 22
810,228,228, 22
811,228,228, 22
812,228,228, 22
813,228,228, 22
814,228,228, 22
815,228,228, 22
816,228,228, 22
817,228,228, 22
818,227,227, 23
819,227,227, 23
820,227,227, 23
821,227,227, 23
822,227,227, 23
823,227,227, 23
824,227,227, 23
825,227,227, 23
826,227,227, 23
827,227,227, 23
828,227,227, 23
829,227,227, 23
830,227,227, 23
831,227,227, 23
832,227,227, 23
833,227,227, 23
834,227,227, 23
835,227,227, 23
836,227,227, 23
837,227,227, 23
838,227,227, 23
839,227,227, 23
840,227,227, 23
841,227,227, 23
842,227,227, 23
843,227,227, 23
844,227,227, 23
845,227,227, 23
846,227,227, 23
847,227,227, 23
848,227,227, 23
849,227,227, 23
850,227,227, 23
851,227,227, 23
852,227,227, 23
853,227,227, 23
854,227,227, 23
855,227,227, 23
856,227,227, 23
857,227,227, 23
858,227,227, 23
859,227,227, 23
860,227,227, 23
861,227,227, 23
862,227,227, 23
863,227,227, 23
864,227,227, 23
865,227,227, 23
866,227,227, 23
867,227,227, 23
868,227,227, 23
869,227,227, 23
870,227,227, 23
871,227,227, 23
872,228,228, 22
873,228,228, 22
874,228,228, 22
875,228,228, 22
876,228,228, 22
877,228,228, 22
878,228,228, 22
879,228,228, 22
880,228,228, 22
881,228,228, 22
882,228,228, 22
883,228,228, 22
884,228,228, 22
885,228,228, 22
886,228,228, 22
887,228,228, 22
888,228,228, 22
889,228,228, 22
890,228,228, 22
891,228,228, 22
892,228,228, 22
893,228,228, 22
894,228,228, 22
895,228,228, 22
896,228,228, 22
897,228,228, 22
898,228,228, 22
899,228,228, 22
900,228,228, 22
901,228,228, 22
902,228,228, 22
903,228,228, 22
904,228,228, 22
905,228,228, 22
906,228,228, 22
907,228,228, 22
908,228,228, 22
909,228,228, 22
910,228,228, 22
911,228,228, 22
912,228,228, 22
913,228,228, 22
914,228,228, 22
915,228,228, 22
916,228,228, 22
917,228,228, 22
918,228,228, 22
919,228,228, 22
920,228,228, 22
921,228,228, 22
922,228,228, 22
923,228,228, 22
924,228,228, 22
925,228,228, 22
926,228,228, 22
927,228,228, 22
928,228,228, 22
929,228,228, 22
930,228,228, 22
931,228,228, 22
932,228,228, 22
933,228,228, 22
934,228,228, 22
935,228,228, 22
936,228,228, 22
937,228,228, 22
938,228,228, 22
939,228,228, 22
940,228,228, 22
941,228,228, 22
942,228,228, 22
943,228,228, 22
944,228,228, 22
945,228,228, 22
946,228,228, 22
947,228,228, 22
948,228,228, 22
949,228,228, 22
950,228,228, 22
951,228,228, 22
952,228,228, 22
953,228,228, 22
954,228,228, 22
955,228,228, 22
956,228,228, 22
957,228,228, 22
958,228,228, 22
959,228,228, 22
960,228,228, 22
961,228,228, 22
962,228,228, 22
963,228,228, 22
964,228,228, 22
965,228,228, 22
966,228,228, 22
967,228,228, 22
968,228,228, 22
969,228,228, 22
970,228,228, 22
971,228,228, 22
972,228,228, 22
973,228,228, 22
974,228,228, 22
975,228,228, 22
976,228,228, 22
977,228,228, 22
978,228,228, 22
979,228,228, 22
980,228,228, 22
981,228,228, 22
982,228,228, 22
983,228,228, 22
984,228,228, 22
985,228,228, 22
986,228,228, 22
987,228,228, 22
988,228,228, 22
989,228,228, 22
990,228,228, 22
991,228,228, 22
992,228,228, 22
993,228,228, 22
994,228,228, 22
995,228,228, 22
996,228,228, 22
997,228,228, 22
998,228,228, 22
999,228,228, 22
1000,228,228, 22
1001,228,228, 22
1002,228,228, 22
1003,228,228, 22
1004,228,228, 22
1005,228,228, 22
1006,228,228, 22
1007,228,228, 22
1008,228,228, 22
1009,228,228, 22
1010,228,228, 22
1011,228,228, 22
1012,227,227, 23
1013,227,227, 23
1014,227,227, 23
1015,227,227, 23
1016,227,227, 23
1017,227,227, 23
1018,227,227, 23
1019,227,227, 23
1020,227,227, 23
1021,227,227, 23
1022,227,227, 23
1023,227,227, 23
1024,227,227, 23
1025,227,227, 23
1026,227,227, 23
1027,227,227, 23
1028,227,227, 23
1029,227,227, 23
1030,227,227, 23
1031,227,227, 23
1032,227,227, 23
1033,227,227, 23
1034,227,227, 23
1035,227,227, 23
1036,227,227, 23
1037,227,227, 23
1038,227,227, 23
1039,227,227, 23
1040,227,227, 23
1041,227,227, 23
1042,227,227, 23
1043,227,227, 23
1044,227,227, 23
1045,227,227, 23
1046,227,227, 23
1047,227,227, 23
1048,227,227, 23
1049,227,227, 23
1050,227,227, 23
1051,227,227, 23
1052,227,227, 23
1053,227,227, 23
1054,227,227, 23
1055,227,227, 23
1056,227,227, 23
1057,227,227, 23
1058,227,227, 23
1059,227,227, 23
1060,227,227, 23
1061,227,227, 23
1062,227,227, 23
1063,227,227, 23
1064,227,227, 23
1065,227,227, 23
1066,227,227, 23
1067,227,227, 23
1068,227,227, 23
1069,227,227, 23
1070,227,227, 23
1071,227,227, 23
1072,227,227, 23
1073,227,227, 23
1074,227,227, 23
1075,227,227, 23
1076,227,227, 23
1077,227,227, 23
1078,227,227, 23
1079,227,227, 23
1080,227,227, 23
1081,227,227, 23
1082,227,227, 23
1083,227,227, 23
1084,227,227, 23
1085,227,227, 23
1086,227,227, 23
1087,227,227, 23
1088,227,227, 23
1089,227,227, 23
1090,227,227, 23
1091,227,227, 23
1092,227,227, 23
1093,227,227, 23
1094,227,227, 23
1095,227,227, 23
1096,227,227, 23
1097,227,227, 23
1098,226,226, 24
1099,226,226, 24
1100,226,226, 24
1101,226,226, 24
1102,226,226, 24
1103,226,226, 24
1104,226,226, 24
1105,225,225, 25
1106,225,225, 25
1107,225,225, 25
1108,225,225, 25
1109,225,225, 25
1110,225,225, 25
1111,225,225, 25
1112,225,225, 25
1113,225,225, 25
1114,225,225, 25
1115,225,225, 25
1116,224,224, 26
1117,224,224, 26
1118,224,224, 26
1119,224,224, 26
1120,224,224, 26
1121,224,224, 26
1122,224,224, 26
1123,224,224, 26
1124,224,224, 26
1125,224,224, 26
1126,224,224, 26
1127,224,224, 26
1128,224,224, 26
1129,224,224, 26
1130,224,224, 26
1131,224,224, 26
1132,224,224, 26
1133,224,224, 26
1134,224,224, 26
1135,224,224, 26
1136,224,224, 26
1137,223,223, 27
1138,223,223, 27
1139,223,223, 27
1140,223,223, 27
1141,223,223, 27
1142,223,223, 27
1143,223,223, 27
1144,223,223, 27
1145,223,223, 27
1146,223,223, 27
1147,223,223, 27
1148,223,223, 27
1149,222,222, 28
1150,222,222, 28
1151,222,222, 28
1152,222,222, 28
1153,222,222, 28
1154,222,222, 28
1155,222,222, 28
1156,222,222, 28
1157,222,222, 28
1158,222,222, 28
1159,222,222, 28
1160,222,222, 28
1161,222,222, 28
1162,222,222, 28
1163,222,222, 28
1164,222,222, 28
1165,222,222, 28
1166,222,222, 28
1167,222,222, 28
1168,222,222, 28
1169,222,222, 28
1170,222,222, 28
1171,222,222, 28
1172,222,222, 28
1173,222,222, 28
1174,222,222, 28
1175,222,222, 28
1176,222,222, 28
1177,222,222, 28
1178,222,222, 28
1179,222,222, 28
1180,222,222, 28
1181,222,222, 28
1182,222,222, 28
1183,222,222, 28
1184,222,222, 28
1185,222,222, 28
1186,222,222, 28
1187,222,222, 28
1188,222,222, 28
1189,222,222, 28
1190,222,222, 28
1191,222,222, 28
1192,222,222, 28
1193,222,222, 28
1194,222,222, 28
1195,222,222, 28
1196,222,222, 28
1197,222,222, 28
1198,222,222, 28
1199,222,222, 28
1200,222,222, 28
1201,222,222, 28
1202,222,222, 28
1203,222,222, 28
1204,222,222, 28
1205,222,222, 28
1206,222,222, 28
1207,222,222, 28
1208,222,222, 28
1209,222,222, 28
1210,222,222, 28
1211,222,222, 28
1212,222,222, 28
1213,222,222, 28
1214,222,222, 28
1215,222,222, 28
1216,222,222, 28
1217,222,222, 28
1218,222,222, 28
1219,222,222, 28
1220,222,222, 28
1221,222,222, 28
1222,222,222, 28
1223,222,222, 28
1224,222,222, 28
1225,222,222, 28
1226,222,222, 28
1227,222,222, 28
1228,222,222, 28
1229,222,222, 28
1230,222,222, 28
1231,222,222, 28
1232,222,222, 28
1233,222,222, 28
1234,222,222, 28
1235,222,222, 28
1236,222,222, 28
1237,222,222, 28
1238,222,222, 28
1239,222,222, 28
1240,222,222, 28
1241,222,222, 28
1242,222,222, 28
1243,222,222, 28
1244,222,222, 28
1245,222,222, 28
1246,222,222, 28
1247,222,222, 28
1248,222,222, 28
1249,222,222, 28
1250,222,222, 28
1251,222,222, 28
1252,222,222, 28
1253,222,222, 28
1254,222,222, 28
1255,222,222, 28
1256,222,222, 28
1257,222,222, 28
1258,222,222, 28
1259,222,222, 28
1260,222,222, 28
1261,222,222, 28
1262,222,222, 28
1263,222,222, 28
1264,222,222, 28
1265,222,222, 28
1266,222,222, 28
1267,222,222, 28
1268,222,222, 28
1269,222,222, 28
1270,222,222, 28
1271,222,222, 28
1272,222,222, 28
1273,222,222, 28
1274,222,222, 28
1275,222,222, 28
1276,222,222, 28
1277,222,222, 28
1278,222,222, 28
1279,222,222, 28
1280,222,222, 28
1281,222,222, 28
1282,222,222, 28
1283,222,222, 28
1284,222,222, 28
1285,222,222, 28
1286,222,222, 28
1287,222,222, 28
1288,222,222, 28
1289,222,222, 28
1290,222,222, 28
1291,222,222, 28
1292,222,222, 28
1293,222,222, 28
1294,222,222, 28
1295,222,222, 28
1296,222,222, 28
1297,222,222, 28
1298,222,222, 28
1299,222,222, 28
1300,222,222, 28
1301,222,222, 28
1302,222,222, 28
1303,222,222, 28
1304,222,222, 28
1305,222,222, 28
1306,222,222, 28
1307,222,222, 28
1308,222,222, 28
1309,222,222, 28
1310,222,222, 28
1311,222,222, 28
1312,222,222, 28
1313,222,222, 28
1314,222,222, 28
1315,222,222, 28
1316,222,222, 28
1317,222,222, 28
1318,222,222, 28
1319,222,222, 28
1320,222,222, 28
1321,222,222, 28
1322,222,222, 28
1323,222,222, 28
1324,222,222, 28
1325,222,222, 28
1326,222,222, 28
1327,222,222, 28
1328,222,222, 28
1329,222,222, 28
1330,222,222, 28
1331,222,222, 28
1332,222,222, 28
1333,222,222, 28
1334,222,222, 28
1335,222,222, 28
1336,222,222, 28
1337,222,222, 28
1338,222,222, 28
1339,222,222, 28
1340,222,222, 28
1341,222,222, 28
1342,222,222, 28
1343,222,222, 28
1344,222,222, 28
1345,222,222, 28
1346,222,222, 28
1347,222,222, 28
1348,222,222, 28
1349,222,222, 28
1350,222,222, 28
1351,222,222, 28
1352,222,222, 28
1353,222,222, 28
1354,222,222, 28
1355,222,222, 28
1356,222,222, 28
1357,222,222, 28
1358,222,222, 28
1359,222,222, 28
1360,222,222, 28
1361,222,222, 28
1362,222,222, 28
1363,222,222, 28
1364,222,222, 28
1365,222,222, 28
1366,222,222, 28
1367,222,222, 28
1368,222,222, 28
1369,222,222, 28
1370,222,222, 28
1371,222,222, 28
1372,222,222, 28
1373,222,222, 28
1374,222,222, 28
1375,222,222, 28
1376,222,222, 28
1377,222,222, 28
1378,222,222, 28
1379,222,222, 28
1380,222,222, 28
1381,222,222, 28
1382,222,222, 28
1383,222,222, 28
1384,222,222, 28
1385,222,222, 28
1386,222,222, 28
1387,222,222, 28
1388,222,222, 28
1389,222,222, 28
1390,222,222, 28
1391,222,222, 28
1392,222,222, 28
1393,222,222, 28
1394,222,222, 28
1395,222,222, 28
1396,222,222, 28
1397,222,222, 28
1398,222,222, 28
1399,222,222, 28
1400,222,222, 28
1401,222,222, 28
1402,222,222, 28
1403,222,222, 28
1404,222,222, 28
1405,222,222, 28
1406,222,222, 28
1407,222,222, 28
1408,222,222, 28
1409,222,222, 28
1410,222,222, 28
1411,222,222, 28
1412,222,222, 28
1413,222,222, 28
1414,222,222, 28
1415,222,222, 28
1416,222,222, 28
1417,222,222, 28
1418,222,222, 28
1419,222,222, 28
1420,222,222, 28
1421,222,222, 28
1422,222,222, 28
1423,222,222, 28
1424,222,222, 28
1425,222,222, 28
1426,222,222, 28
1427,222,222, 28
1428,222,222, 28
1429,222,222, 28
1430,222,222, 28
1431,222,222, 28
1432,222,222, 28
1433,222,222, 28
1434,222,222, 28
1435,222,222, 28
1436,222,222, 28
1437,222,222, 28
1438,222,222, 28
1439,222,222, 28
1440,222,222, 28
1441,222,222, 28
1442,222,222, 28
1443,222,222, 28
1444,222,222, 28
1445,222,222, 28
1446,222,222, 28
1447,222,222, 28
1448,222,222, 28
1449,222,222, 28
1450,222,222, 28
1451,222,222, 28
1452,222,222, 28
1453,222,222, 28
1454,222,222, 28
1455,222,222, 28
1456,222,222, 28
1457,222,222, 28
1458,222,222, 28
1459,222,222, 28
1460,222,222, 28
1461,222,222, 28
1462,222,222, 28
1463,222,222, 28
1464,222,222, 28
1465,222,222, 28
1466,222,222, 28
1467,222,222, 28
1468,222,222, 28
1469,222,222, 28
1470,222,222, 28
1471,222,222, 28
1472,222,222, 28
1473,222,222, 28
1474,222,222, 28
1475,222,222, 28
1476,222,222, 28
1477,222,222, 28
1478,222,222, 28
1479,222,222, 28
1480,222,222, 28
1481,222,222, 28
1482,222,222, 28
1483,222,222, 28
1484,222,222, 28
1485,222,222, 28
1486,222,222, 28
1487,222,222, 28
1488,222,222, 28
1489,222,222, 28
1490,222,222, 28
1491,222,222, 28
1492,222,222, 28
1493,222,222, 28
1494,222,222, 28
1495,222,222, 28
1496,222,222, 28
1497,222,222, 28
1498,222,222, 28
1499,222,222, 28
