0,250,250, 0
1,250,250, 0
2,250,250, 0
3,250,250, 0
4,250,250, 0
5,250,250, 0
6,250,250, 0
7,250,250, 0
8,250,250, 0
9,250,250, 0
10,250,250, 0
11,250,250, 0
12,250,250, 0
13,249,249, 1
14,249,249, 1
15,249,249, 1
16,249,249, 1
17,249,249, 1
18,249,249, 1
19,249,249, 1
20,249,249, 1
21,249,249, 1
22,249,249, 1
23,249,249, 1
24,249,249, 1
25,249,249, 1
26,249,249, 1
27,249,249, 1
28,247,247, 3
29,247,247, 3
30,247,247, 3
31,247,247, 3
32,247,247, 3
33,247,247, 3
34,247,247, 3
35,247,247, 3
36,247,247, 3
37,247,247, 3
38,247,247, 3
39,247,247, 3
40,247,247, 3
41,247,247, 3
42,246,246, 4
43,246,246, 4
44,246,246, 4
45,246,246, 4
46,246,246, 4
47,246,246, 4
48,245,245, 5
49,245,245, 5
50,245,245, 5
51,245,245, 5
52,245,245, 5
53,244,244, 6
54,244,244, 6
55,244,244, 6
56,244,244, 6
57,244,244, 6
58,244,244, 6
59,244,244, 6
60,244,244, 6
61,244,244, 6
62,244,244, 6
63,244,244, 6
64,244,244, 6
65,244,244, 6
66,244,244, 6
67,244,244, 6
68,244,244, 6
69,243,243, 7
70,243,243, 7
71,243,243, 7
72,243,243, 7
73,243,243, 7
74,243,243, 7
75,243,243, 7
76,243,243, 7
77,243,243, 7
78,243,243, 7
79,243,243, 7
80,243,243, 7
81,243,243, 7
82,243,243, 7
83,243,243, 7
84,243,243, 7
85,242,242, 8
86,242,242, 8
87,242,242, 8
88,242,242, 8
89,242,242, 8
90,241,241, 9
91,241,241, 9
92,241,241, 9
93,241,241, 9
94,241,241, 9
95,241,241, 9
96,241,241, 9
97,241,241, 9
98,241,241, 9
99,241,241, 9
100,241,241, 9
101,241,241, 9
102,241,241, 9
103,241,241, 9
104,241,241, 9
105,241,241, 9
106,241,241, 9
107,241,241, 9
108,241,241, 9
109,241,241, 9
110,241,241, 9
111,241,241, 9
112,241,241, 9
113,241,241, 9
114,241,241, 9
115,240,240, 10
116,240,240, 10
117,240,240, 10
118,240,240, 10
119,240,240, 10
120,240,240, 10
121,240,240, 10
122,240,240, 10
123,240,240, 10
124,240,240, 10
125,240,240, 10
126,240,240, 10
127,240,240, 10
128,240,240, 10
129,240,240, 10
130,240,240, 10
131,240,240, 10
132,240,240, 10
133,240,240, 10
134,240,240, 10
135,240,240, 10
136,240,240, 10
137,240,240, 10
138,240,240, 10
139,239,239, 11
140,239,239, 11
141,239,239, 11
142,239,239, 11
143,239,239, 11
144,239,239, 11
145,239,239, 11
146,239,239, 11
147,239,239, 11
148,239,239, 11
149,239,239, 11
150,239,239, 11
151,239,239, 11
152,239,239, 11
153,239,239, 11
154,238,238, 12
155,238,238, 12
156,238,238, 12
157,238,238, 12
158,238,238, 12
159,238,238, 12
160,238,238, 12
161,238,238, 12
162,238,238, 12
163,238,238, 12
164,238,238, 12
165,238,238, 12
166,238,238, 12
167,238,238, 12
168,238,238, 12
169,238,238, 12
170,238,238, 12
171,238,238, 12
172,238,238, 12
173,238,238, 12
174,238,238, 12
175,238,238, 12
176,238,238, 12
177,238,238, 12
178,238,238, 12
179,238,238, 12
180,238,238, 12
181,238,238, 12
182,238,238, 12
183,238,238, 12
184,238,238, 12
185,238,238, 12
186,238,238, 12
187,238,238, 12
188,238,238, 12
189,238,238, 12
190,238,238, 12
191,238,238, 12
192,238,238, 12
193,238,238, 12
194,238,238, 12
195,238,238, 12
196,238,238, 12
197,238,238, 12
198,238,238, 12
199,238,238, 12
200,238,238, 12
201,238,238, 12
202,238,238, 12
203,238,238, 12
204,238,238, 12
205,238,238, 12
206,238,238, 12
207,238,238, 12
208,238,238, 12
209,238,238, 12
210,238,238, 12
211,238,238, 12
212,238,238, 12
213,238,238, 12
214,238,238, 12
215,238,238, 12
216,238,238, 12
217,238,238, 12
218,238,238, 12
219,238,238, 12
220,238,238, 12
221,238,238, 12
222,238,238, 12
223,237,237, 13
224,237,237, 13
225,237,237, 13
226,237,237, 13
227,237,237, 13
228,237,237, 13
229,237,237, 13
230,237,237, 13
231,237,237, 13
232,237,237, 13
233,237,237, 13
234,237,237, 13
235,237,237, 13
236,236,236, 14
237,236,236, 14
238,236,236, 14
239,236,236, 14
240,236,236, 14
241,236,236, 14
242,236,236, 14
243,236,236, 14
244,236,236, 14
245,236,236, 14
246,236,236, 14
247,236,236, 14
248,236,236, 14
249,236,236, 14
250,236,236, 14
251,236,236, 14
252,236,236, 14
253,236,236, 14
254,236,236, 14
255,236,236, 14
256,236,236, 14
257,236,236, 14
258,236,236, 14
259,236,236, 14
260,236,236, 14
261,236,236, 14
262,236,236, 14
263,236,236, 14
264,236,236, 14
265,236,236, 14
266,236,236, 14
267,236,236, 14
268,236,236, 14
269,236,236, 14
270,236,236, 14
271,236,236, 14
272,236,236, 14
273,236,236, 14
274,236,236, 14
275,236,236, 14
276,236,236, 14
277,236,236, 14
278,236,236, 14
279,236,236, 14
280,236,236, 14
281,236,236, 14
282,236,236, 14
283,236,236, 14
284,236,236, 14
285,236,236, 14
286,236,236, 14
287,236,236, 14
288,236,236, 14
289,236,236, 14
290,236,236, 14
291,236,236, 14
292,236,236, 14
293,236,236, 14
294,236,236, 14
295,236,236, 14
296,236,236, 14
297,236,236, 14
298,236,236, 14
299,236,236, 14
300,236,236, 14
301,236,236, 14
302,236,236, 14
303,236,236, 14
304,236,236, 14
305,236,236, 14
306,236,236, 14
307,236,236, 14
308,236,236, 14
309,236,236, 14
310,235,235, 15
311,235,235, 15
312,235,235, 15
313,235,235, 15
314,235,235, 15
315,235,235, 15
316,235,235, 15
317,235,235, 15
318,235,235, 15
319,235,235, 15
320,235,235, 15
321,235,235, 15
322,235,235, 15
323,235,235, 15
324,235,235, 15
325,235,235, 15
326,235,235, 15
327,235,235, 15
328,235,235, 15
329,235,235, 15
330,235,235, 15
331,235,235, 15
332,234,234, 16
333,234,234, 16
334,234,234, 16
335,234,234, 16
336,234,234, 16
337,234,234, 16
338,234,234, 16
339,234,234, 16
340,234,234, 16
341,234,234, 16
342,234,234, 16
343,234,234, 16
344,234,234, 16
345,234,234, 16
346,234,234, 16
347,234,234, 16
348,234,234, 16
349,234,234, 16
350,234,234, 16
351,234,234, 16
352,234,234, 16
353,234,234, 16
354,234,234, 16
355,234,234, 16
356,234,234, 16
357,234,234, 16
358,234,234, 16
359,234,234, 16
360,234,234, 16
361,234,234, 16
362,234,234, 16
363,234,234, 16
364,234,234, 16
365,234,234, 16
366,234,234, 16
367,234,234, 16
368,234,234, 16
369,234,234, 16
370,234,234, 16
371,234,234, 16
372,234,234, 16
373,234,234, 16
374,234,234, 16
375,234,234, 16
376,234,234, 16
377,234,234, 16
378,234,234, 16
379,234,234, 16
380,234,234, 16
381,234,234, 16
382,234,234, 16
383,234,234, 16
384,234,234, 16
385,234,234, 16
386,234,234, 16
387,234,234, 16
388,234,234, 16
389,234,234, 16
390,234,234, 16
391,234,234, 16
392,233,233, 17
393,233,233, 17
394,233,233, 17
395,233,233, 17
396,233,233, 17
397,233,233, 17
398,233,233, 17
399,233,233, 17
400,233,233, 17
401,233,233, 17
402,233,233, 17
403,233,233, 17
404,233,233, 17
405,233,233, 17
406,233,233, 17
407,233,233, 17
408,233,233, 17
409,233,233, 17
410,233,233, 17
411,233,233, 17
412,233,233, 17
413,233,233, 17
414,233,233, 17
415,233,233, 17
416,233,233, 17
417,233,233, 17
418,233,233, 17
419,233,233, 17
420,233,233, 17
421,233,233, 17
422,233,233, 17
423,233,233, 17
424,233,233, 17
425,233,233, 17
426,233,233, 17
427,233,233, 17
428,233,233, 17
429,233,233, 17
430,233,233, 17
431,233,233, 17
432,233,233, 17
433,233,233, 17
434,233,233, 17
435,233,233, 17
436,233,233, 17
437,233,233, 17
438,233,233, 17
439,232,232, 18
440,232,232, 18
441,232,232, 18
442,232,232, 18
443,232,232, 18
444,232,232, 18
445,232,232, 18
446,232,232, 18
447,232,232, 18
448,232,232, 18
449,232,232, 18
450,232,232, 18
451,232,232, 18
452,232,232, 18
453,232,232, 18
454,232,232, 18
455,232,232, 18
456,232,232, 18
457,232,232, 18
458,232,232, 18
459,232,232, 18
460,232,232, 18
461,231,231, 19
462,231,231, 19
463,231,231, 19
464,231,231, 19
465,231,231, 19
466,231,231, 19
467,231,231, 19
468,231,231, 19
469,231,231, 19
470,231,231, 19
471,231,231, 19
472,231,231, 19
473,231,231, 19
474,231,231, 19
475,231,231, 19
476,231,231, 19
477,231,231, 19
478,231,231, 19
479,231,231, 19
480,231,231, 19
481,231,231, 19
482,231,231, 19
483,231,231, 19
484,231,231, 19
485,231,231, 19
486,231,231, 19
487,231,231, 19
488,231,231, 19
489,231,231, 19
490,231,231, 19
491,231,231, 19
492,231,231, 19
493,231,231, 19
494,231,231, 19
495,230,230, 20
496,230,230, 20
497,230,230, 20
498,230,230, 20
499,230,230, 20
500,230,230, 20
501,230,230, 20
502,230,230, 20
503,230,230, 20
504,230,230, 20
505,230,230, 20
506,230,230, 20
507,230,230, 20
508,230,230, 20
509,230,230, 20
510,230,230, 20
511,230,230, 20
512,230,230, 20
513,230,230, 20
514,230,230, 20
515,230,230, 20
516,230,230, 20
517,230,230, 20
518,228,228, 22
519,228,228, 22
520,228,228, 22
521,228,228, 22
522,228,228, 22
523,228,228, 22
524,228,228, 22
525,228,228, 22
526,228,228, 22
527,228,228, 22
528,228,228, 22
529,228,228, 22
530,228,228, 22
531,228,228, 22
532,228,228, 22
533,228,228, 22
534,228,228, 22
535,228,228, 22
536,228,228, 22
537,228,228, 22
538,228,228, 22
539,228,228, 22
540,228,228, 22
541,228,228, 22
542,227,227, 23
543,227,227, 23
544,227,227, 23
545,227,227, 23
546,227,227, 23
547,227,227, 23
548,227,227, 23
549,227,227, 23
550,227,227, 23
551,227,227, 23
552,227,227, 23
553,227,227, 23
554,227,227, 23
555,227,227, 23
556,227,227, 23
557,227,227, 23
558,227,227, 23
559,227,227, 23
560,227,227, 23
561,227,227, 23
562,227,227, 23
563,227,227, 23
564,227,227, 23
565,227,227, 23
566,227,227, 23
567,227,227, 23
568,227,227, 23
569,227,227, 23
570,227,227, 23
571,227,227, 23
572,227,227, 23
573,227,227, 23
574,227,227, 23
575,227,227, 23
576,227,227, 23
577,227,227, 23
578,227,227, 23
579,227,227, 23
580,227,227, 23
581,227,227, 23
582,227,227, 23
583,227,227, 23
584,227,227, 23
585,227,227, 23
586,227,227, 23
587,227,227, 23
588,227,227, 23
589,227,227, 23
590,227,227, 23
591,227,227, 23
592,227,227, 23
593,227,227, 23
594,227,227, 23
595,227,227, 23
596,227,227, 23
597,227,227, 23
598,227,227, 23
599,227,227, 23
600,227,227, 23
601,227,227, 23
602,227,227, 23
603,227,227, 23
604,227,227, 23
605,227,227, 23
606,227,227, 23
607,227,227, 23
608,227,227, 23
609,227,227, 23
610,227,227, 23
611,227,227, 23
612,227,227, 23
613,227,227, 23
614,227,227, 23
615,227,227, 23
616,227,227, 23
617,227,227, 23
618,227,227, 23
619,227,227, 23
620,227,227, 23
621,227,227, 23
622,227,227, 23
623,227,227, 23
624,227,227, 23
625,227,227, 23
626,227,227, 23
627,227,227, 23
628,227,227, 23
629,227,227, 23
630,227,227, 23
631,227,227, 23
632,227,227, 23
633,227,227, 23
634,227,227, 23
635,227,227, 23
636,227,227, 23
637,227,227, 23
638,227,227, 23
639,227,227, 23
640,227,227, 23
641,227,227, 23
642,227,227, 23
643,227,227, 23
644,227,227, 23
645,227,227, 23
646,227,227, 23
647,227,227, 23
648,227,227, 23
649,227,227, 23
650,227,227, 23
651,227,227, 23
652,227,227, 23
653,227,227, 23
654,227,227, 23
655,227,227, 23
656,227,227, 23
657,227,227, 23
658,227,227, 23
659,227,227, 23
660,227,227, 23
661,227,227, 23
662,227,227, 23
663,227,227, 23
664,227,227, 23
665,227,227, 23
666,227,227, 23
667,227,227, 23
668,227,227, 23
669,227,227, 23
670,227,227, 23
671,227,227, 23
672,227,227, 23
673,227,227, 23
674,227,227, 23
675,227,227, 23
676,227,227, 23
677,227,227, 23
678,227,227, 23
679,227,227, 23
680,227,227, 23
681,227,227, 23
682,227,227, 23
683,227,227, 23
684,227,227, 23
685,227,227, 23
686,227,227, 23
687,227,227, 23
688,227,227, 23
689,227,227, 23
690,227,227, 23
691,227,227, 23
692,227,227, 23
693,227,227, 23
694,227,227, 23
695,227,227, 23
696,227,227, 23
697,227,227, 23
698,227,227, 23
699,227,227, 23
700,226,226, 24
701,226,226, 24
702,226,226, 24
703,226,226, 24
704,226,226, 24
705,226,226, 24
706,225,225, 25
707,225,225, 25
708,225,225, 25
709,225,225, 25
710,225,225, 25
711,225,225, 25
712,225,225, 25
713,225,225, 25
714,225,225, 25
715,225,225, 25
716,225,225, 25
717,225,225, 25
718,225,225, 25
719,225,225, 25
720,225,225, 25
721,225,225, 25
722,225,225, 25
723,225,225, 25
724,225,225, 25
725,225,225, 25
726,225,225, 25
727,225,225, 25
728,225,225, 25
729,225,225, 25
730,225,225, 25
731,225,225, 25
732,225,225, 25
733,225,225, 25
734,225,225, 25
735,225,225, 25
736,225,225, 25
737,225,225, 25
738,225,225, 25
739,225,225, 25
740,225,225, 25
741,225,225, 25
742,225,225, 25
743,225,225, 25
744,225,225, 25
745,225,225, 25
746,225,225, 25
747,225,225, 25
748,225,225, 25
749,225,225, 25
750,225,225, 25
751,225,225, 25
752,225,225, 25
753,225,225, 25
754,225,225, 25
755,225,225, 25
756,225,225, 25
757,225,225, 25
758,225,225, 25
759,225,225, 25
760,225,225, 25
761,225,225, 25
762,225,225, 25
763,225,225, 25
764,225,225, 25
765,225,225, 25
766,225,225, 25
767,225,225, 25
768,225,225, 25
769,225,225, 25
770,225,225, 25
771,225,225, 25
772,225,225, 25
773,225,225, 25
774,225,225, 25
775,225,225, 25
776,225,225, 25
777,225,225, 25
778,225,225, 25
779,225,225, 25
780,225,225, 25
781,225,225, 25
782,225,225, 25
783,225,225, 25
784,225,225, 25
785,225,225, 25
786,224,224, 26
787,224,224, 26
788,224,224, 26
789,224,224, 26
790,224,224, 26
791,224,224, 26
792,224,224, 26
793,224,224, 26
794,224,224, 26
795,224,224, 26
796,224,224, 26
797,224,224, 26
798,224,224, 26
799,224,224, 26
800,224,224, 26
801,224,224, 26
802,223,223, 27
803,223,223, 27
804,223,223, 27
805,223,223, 27
806,223,223, 27
807,223,223, 27
808,223,223, 27
809,223,223, 27
810,223,223, 27
811,223,223, 27
812,223,223, 27
813,223,223, 27
814,223,223, 27
815,223,223, 27
816,223,223, 27
817,223,223, 27
818,223,223, 27
819,223,223, 27
820,223,223, 27
821,223,223, 27
822,223,223, 27
823,223,223, 27
824,223,223, 27
825,223,223, 27
826,223,223, 27
827,223,223, 27
828,223,223, 27
829,223,223, 27
830,223,223, 27
831,223,223, 27
832,223,223, 27
833,223,223, 27
834,223,223, 27
835,223,223, 27
836,223,223, 27
837,223,223, 27
838,223,223, 27
839,223,223, 27
840,223,223, 27
841,223,223, 27
842,223,223, 27
843,223,223, 27
844,223,223, 27
845,223,223, 27
846,223,223, 27
847,223,223, 27
848,223,223, 27
849,223,223, 27
850,223,223, 27
851,223,223, 27
852,223,223, 27
853,223,223, 27
854,223,223, 27
855,223,223, 27
856,223,223, 27
857,223,223, 27
858,223,223, 27
859,223,223, 27
860,223,223, 27
861,223,223, 27
862,223,223, 27
863,223,223, 27
864,223,223, 27
865,223,223, 27
866,223,223, 27
867,223,223, 27
868,223,223, 27
869,223,223, 27
870,223,223, 27
871,223,223, 27
872,223,223, 27
873,223,223, 27
874,223,223, 27
875,223,223, 27
876,223,223, 27
877,223,223, 27
878,223,223, 27
879,223,223, 27
880,223,223, 27
881,223,223, 27
882,223,223, 27
883,223,223, 27
884,223,223, 27
885,223,223, 27
886,223,223, 27
887,223,223, 27
888,223,223, 27
889,223,223, 27
890,222,222, 28
891,222,222, 28
892,222,222, 28
893,222,222, 28
894,222,222, 28
895,222,222, 28
896,222,222, 28
897,222,222, 28
898,222,222, 28
899,222,222, 28
900,222,222, 28
901,222,222, 28
902,222,222, 28
903,222,222, 28
904,222,222, 28
905,222,222, 28
906,222,222, 28
907,222,222, 28
908,222,222, 28
909,222,222, 28
910,222,222, 28
911,222,222, 28
912,222,222, 28
913,222,222, 28
914,222,222, 28
915,222,222, 28
916,222,222, 28
917,222,222, 28
918,222,222, 28
919,222,222, 28
920,222,222, 28
921,222,222, 28
922,222,222, 28
923,222,222, 28
924,222,222, 28
925,222,222, 28
926,222,222, 28
927,222,222, 28
928,222,222, 28
929,222,222, 28
930,222,222, 28
931,222,222, 28
932,222,222, 28
933,222,222, 28
934,222,222, 28
935,222,222, 28
936,222,222, 28
937,222,222, 28
938,222,222, 28
939,222,222, 28
940,222,222, 28
941,222,222, 28
942,222,222, 28
943,222,222, 28
944,222,222, 28
945,222,222, 28
946,222,222, 28
947,222,222, 28
948,222,222, 28
949,222,222, 28
950,222,222, 28
951,222,222, 28
952,222,222, 28
953,222,222, 28
954,222,222, 28
955,222,222, 28
956,222,222, 28
957,222,222, 28
958,222,222, 28
959,222,222, 28
960,222,222, 28
961,222,222, 28
962,222,222, 28
963,222,222, 28
964,222,222, 28
965,222,222, 28
966,222,222, 28
967,222,222, 28
968,222,222, 28
969,222,222, 28
970,222,222, 28
971,222,222, 28
972,222,222, 28
973,222,222, 28
974,222,222, 28
975,222,222, 28
976,222,222, 28
977,222,222, 28
978,222,222, 28
979,222,222, 28
980,222,222, 28
981,222,222, 28
982,222,222, 28
983,222,222, 28
984,222,222, 28
985,222,222, 28
986,221,221, 29
987,221,221, 29
988,221,221, 29
989,221,221, 29
990,221,221, 29
991,221,221, 29
992,221,221, 29
993,221,221, 29
994,221,221, 29
995,221,221, 29
996,221,221, 29
997,221,221, 29
998,221,221, 29
999,221,221, 29
1000,221,221, 29
1001,221,221, 29
1002,221,221, 29
1003,221,221, 29
1004,221,221, 29
1005,221,221, 29
1006,221,221, 29
1007,221,221, 29
1008,221,221, 29
1009,221,221, 29
1010,221,221, 29
1011,221,221, 29
1012,221,221, 29
1013,221,221, 29
1014,221,221, 29
1015,221,221, 29
1016,221,221, 29
1017,221,221, 29
1018,221,221, 29
1019,221,221, 29
1020,221,221, 29
1021,221,221, 29
1022,221,221, 29
1023,221,221, 29
1024,221,221, 29
1025,221,221, 29
1026,221,221, 29
1027,221,221, 29
1028,221,221, 29
1029,221,221, 29
1030,221,221, 29
1031,221,221, 29
1032,221,221, 29
1033,221,221, 29
1034,221,221, 29
1035,221,221, 29
1036,221,221, 29
1037,221,221, 29
1038,221,221, 29
1039,221,221, 29
1040,221,221, 29
1041,221,221, 29
1042,221,221, 29
1043,221,221, 29
1044,221,221, 29
1045,221,221, 29
1046,221,221, 29
1047,221,221, 29
1048,221,221, 29
1049,221,221, 29
1050,221,221, 29
1051,221,221, 29
1052,221,221, 29
1053,221,221, 29
1054,221,221, 29
1055,221,221, 29
1056,221,221, 29
1057,221,221, 29
1058,221,221, 29
1059,221,221, 29
1060,221,221, 29
1061,221,221, 29
1062,221,221, 29
1063,221,221, 29
1064,221,221, 29
1065,221,221, 29
1066,221,221, 29
1067,221,221, 29
1068,221,221, 29
1069,221,221, 29
1070,221,221, 29
1071,221,221, 29
1072,221,221, 29
1073,221,221, 29
1074,221,221, 29
1075,221,221, 29
1076,221,221, 29
1077,221,221, 29
1078,221,221, 29
1079,221,221, 29
1080,221,221, 29
1081,221,221, 29
1082,221,221, 29
1083,221,221, 29
1084,221,221, 29
1085,221,221, 29
1086,221,221, 29
1087,221,221, 29
1088,221,221, 29
1089,221,221, 29
1090,221,221, 29
1091,221,221, 29
1092,221,221, 29
1093,221,221, 29
1094,221,221, 29
1095,221,221, 29
1096,221,221, 29
1097,221,221, 29
1098,221,221, 29
1099,221,221, 29
1100,221,221, 29
1101,221,221, 29
1102,221,221, 29
1103,221,221, 29
1104,221,221, 29
1105,221,221, 29
1106,221,221, 29
1107,221,221, 29
1108,221,221, 29
1109,221,221, 29
1110,221,221, 29
1111,221,221, 29
1112,221,221, 29
1113,221,221, 29
1114,221,221, 29
1115,221,221, 29
1116,221,221, 29
1117,221,221, 29
1118,221,221, 29
1119,221,221, 29
1120,221,221, 29
1121,221,221, 29
1122,221,221, 29
1123,221,221, 29
1124,221,221, 29
1125,221,221, 29
1126,221,221, 29
1127,221,221, 29
1128,221,221, 29
1129,221,221, 29
1130,221,221, 29
1131,221,221, 29
1132,221,221, 29
1133,221,221, 29
1134,221,221, 29
1135,221,221, 29
1136,221,221, 29
1137,221,221, 29
1138,221,221, 29
1139,221,221, 29
1140,221,221, 29
1141,221,221, 29
1142,221,221, 29
1143,221,221, 29
1144,221,221, 29
1145,221,221, 29
1146,221,221, 29
1147,221,221, 29
1148,221,221, 29
1149,221,221, 29
1150,221,221, 29
1151,221,221, 29
1152,221,221, 29
1153,221,221, 29
1154,221,221, 29
1155,221,221, 29
1156,221,221, 29
1157,221,221, 29
1158,221,221, 29
1159,221,221, 29
1160,221,221, 29
1161,221,221, 29
1162,221,221, 29
1163,221,221, 29
1164,221,221, 29
1165,221,221, 29
1166,221,221, 29
1167,221,221, 29
1168,220,220, 30
1169,220,220, 30
1170,220,220, 30
1171,220,220, 30
1172,220,220, 30
1173,220,220, 30
1174,220,220, 30
1175,220,220, 30
1176,220,220, 30
1177,220,220, 30
1178,220,220, 30
1179,220,220, 30
1180,220,220, 30
1181,220,220, 30
1182,220,220, 30
1183,220,220, 30
1184,220,220, 30
1185,220,220, 30
1186,220,220, 30
1187,220,220, 30
1188,220,220, 30
1189,220,220, 30
1190,220,220, 30
1191,220,220, 30
1192,220,220, 30
1193,220,220, 30
1194,220,220, 30
1195,220,220, 30
1196,220,220, 30
1197,220,220, 30
1198,220,220, 30
1199,220,220, 30
1200,220,220, 30
1201,220,220, 30
1202,220,220, 30
1203,220,220, 30
1204,220,220, 30
1205,220,220, 30
1206,220,220, 30
1207,220,220, 30
1208,220,220, 30
1209,220,220, 30
1210,220,220, 30
1211,220,220, 30
1212,220,220, 30
1213,220,220, 30
1214,220,220, 30
1215,220,220, 30
1216,220,220, 30
1217,220,220, 30
1218,220,220, 30
1219,220,220, 30
1220,220,220, 30
1221,220,220, 30
1222,220,220, 30
1223,220,220, 30
1224,220,220, 30
1225,220,220, 30
1226,220,220, 30
1227,220,220, 30
1228,220,220, 30
1229,220,220, 30
1230,220,220, 30
1231,220,220, 30
1232,220,220, 30
1233,220,220, 30
1234,220,220, 30
1235,220,220, 30
1236,220,220, 30
1237,219,219, 31
1238,219,219, 31
1239,219,219, 31
1240,219,219, 31
1241,219,219, 31
1242,219,219, 31
1243,219,219, 31
1244,219,219, 31
1245,219,219, 31
1246,219,219, 31
1247,219,219, 31
1248,219,219, 31
1249,219,219, 31
1250,219,219, 31
1251,219,219, 31
1252,219,219, 31
1253,219,219, 31
1254,219,219, 31
1255,219,219, 31
1256,219,219, 31
1257,219,219, 31
1258,219,219, 31
1259,219,219, 31
1260,219,219, 31
1261,219,219, 31
1262,219,219, 31
1263,219,219, 31
1264,219,219, 31
1265,219,219, 31
1266,219,219, 31
1267,219,219, 31
1268,219,219, 31
1269,219,219, 31
1270,219,219, 31
1271,219,219, 31
1272,219,219, 31
1273,219,219, 31
1274,219,219, 31
1275,219,219, 31
1276,219,219, 31
1277,219,219, 31
1278,219,219, 31
1279,219,219, 31
1280,219,219, 31
1281,219,219, 31
1282,219,219, 31
1283,219,219, 31
1284,219,219, 31
1285,219,219, 31
1286,219,219, 31
1287,219,219, 31
1288,219,219, 31
1289,219,219, 31
1290,219,219, 31
1291,219,219, 31
1292,219,219, 31
1293,219,219, 31
1294,219,219, 31
1295,219,219, 31
1296,219,219, 31
1297,219,219, 31
1298,219,219, 31
1299,219,219, 31
1300,218,218, 32
1301,218,218, 32
1302,218,218, 32
1303,218,218, 32
1304,218,218, 32
1305,218,218, 32
1306,218,218, 32
1307,218,218, 32
1308,217,217, 33
1309,217,217, 33
1310,217,217, 33
1311,217,217, 33
1312,217,217, 33
1313,217,217, 33
1314,217,217, 33
1315,217,217, 33
1316,217,217, 33
1317,217,217, 33
1318,217,217, 33
1319,217,217, 33
1320,217,217, 33
1321,217,217, 33
1322,217,217, 33
1323,217,217, 33
1324,217,217, 33
1325,217,217, 33
1326,217,217, 33
1327,217,217, 33
1328,217,217, 33
1329,217,217, 33
1330,217,217, 33
1331,217,217, 33
1332,217,217, 33
1333,217,217, 33
1334,217,217, 33
1335,217,217, 33
1336,217,217, 33
1337,217,217, 33
1338,217,217, 33
1339,217,217, 33
1340,217,217, 33
1341,217,217, 33
1342,217,217, 33
1343,217,217, 33
1344,217,217, 33
1345,217,217, 33
1346,217,217, 33
1347,217,217, 33
1348,217,217, 33
1349,217,217, 33
1350,217,217, 33
1351,217,217, 33
1352,217,217, 33
1353,217,217, 33
1354,217,217, 33
1355,217,217, 33
1356,217,217, 33
1357,217,217, 33
1358,217,217, 33
1359,217,217, 33
1360,217,217, 33
1361,217,217, 33
1362,217,217, 33
1363,217,217, 33
1364,217,217, 33
1365,217,217, 33
1366,217,217, 33
1367,217,217, 33
1368,217,217, 33
1369,217,217, 33
1370,217,217, 33
1371,217,217, 33
1372,217,217, 33
1373,217,217, 33
1374,217,217, 33
1375,217,217, 33
1376,217,217, 33
1377,217,217, 33
1378,217,217, 33
1379,217,217, 33
1380,217,217, 33
1381,217,217, 33
1382,217,217, 33
1383,217,217, 33
1384,217,217, 33
1385,217,217, 33
1386,217,217, 33
1387,217,217, 33
1388,217,217, 33
1389,217,217, 33
1390,217,217, 33
1391,217,217, 33
1392,217,217, 33
1393,217,217, 33
1394,217,217, 33
1395,217,217, 33
1396,217,217, 33
1397,217,217, 33
1398,217,217, 33
1399,217,217, 33
1400,217,217, 33
1401,217,217, 33
1402,217,217, 33
1403,217,217, 33
1404,217,217, 33
1405,217,217, 33
1406,217,217, 33
1407,217,217, 33
1408,217,217, 33
1409,217,217, 33
1410,217,217, 33
1411,217,217, 33
1412,217,217, 33
1413,217,217, 33
1414,217,217, 33
1415,217,217, 33
1416,217,217, 33
1417,216,216, 34
1418,216,216, 34
1419,216,216, 34
1420,216,216, 34
1421,216,216, 34
1422,216,216, 34
1423,216,216, 34
1424,216,216, 34
1425,216,216, 34
1426,216,216, 34
1427,216,216, 34
1428,216,216, 34
1429,216,216, 34
1430,216,216, 34
1431,216,216, 34
1432,216,216, 34
1433,216,216, 34
1434,216,216, 34
1435,216,216, 34
1436,216,216, 34
1437,216,216, 34
1438,216,216, 34
1439,216,216, 34
1440,216,216, 34
1441,216,216, 34
1442,216,216, 34
1443,216,216, 34
1444,216,216, 34
1445,216,216, 34
1446,216,216, 34
1447,216,216, 34
1448,216,216, 34
1449,216,216, 34
1450,216,216, 34
1451,216,216, 34
1452,216,216, 34
1453,216,216, 34
1454,216,216, 34
1455,216,216, 34
1456,216,216, 34
1457,216,216, 34
1458,216,216, 34
1459,216,216, 34
1460,216,216, 34
1461,216,216, 34
1462,216,216, 34
1463,216,216, 34
1464,216,216, 34
1465,216,216, 34
1466,216,216, 34
1467,216,216, 34
1468,216,216, 34
1469,216,216, 34
1470,216,216, 34
1471,216,216, 34
1472,216,216, 34
1473,216,216, 34
1474,216,216, 34
1475,216,216, 34
1476,216,216, 34
1477,216,216, 34
1478,216,216, 34
1479,216,216, 34
1480,216,216, 34
1481,216,216, 34
1482,216,216, 34
1483,216,216, 34
1484,216,216, 34
1485,216,216, 34
1486,216,216, 34
1487,216,216, 34
1488,216,216, 34
1489,216,216, 34
1490,216,216, 34
1491,216,216, 34
1492,216,216, 34
1493,216,216, 34
1494,216,216, 34
1495,216,216, 34
1496,216,216, 34
1497,216,216, 34
1498,216,216, 34
1499,216,216, 34
