0,250,250, 0
1,250,250, 0
2,250,250, 0
3,250,250, 0
4,250,250, 0
5,250,250, 0
6,250,250, 0
7,250,250, 0
8,249,249, 1
9,249,249, 1
10,249,249, 1
11,249,249, 1
12,249,249, 1
13,249,249, 1
14,248,248, 2
15,248,248, 2
16,248,248, 2
17,248,248, 2
18,248,248, 2
19,248,248, 2
20,248,248, 2
21,248,248, 2
22,248,248, 2
23,248,248, 2
24,248,248, 2
25,248,248, 2
26,248,248, 2
27,248,248, 2
28,248,248, 2
29,248,248, 2
30,248,248, 2
31,248,248, 2
32,248,248, 2
33,248,248, 2
34,248,248, 2
35,248,248, 2
36,247,247, 3
37,247,247, 3
38,247,247, 3
39,247,247, 3
40,247,247, 3
41,247,247, 3
42,247,247, 3
43,247,247, 3
44,247,247, 3
45,247,247, 3
46,247,247, 3
47,247,247, 3
48,247,247, 3
49,247,247, 3
50,247,247, 3
51,247,247, 3
52,247,247, 3
53,247,247, 3
54,247,247, 3
55,247,247, 3
56,247,247, 3
57,247,247, 3
58,247,247, 3
59,247,247, 3
60,247,247, 3
61,247,247, 3
62,247,247, 3
63,247,247, 3
64,247,247, 3
65,247,247, 3
66,247,247, 3
67,247,247, 3
68,247,247, 3
69,247,247, 3
70,247,247, 3
71,247,247, 3
72,247,247, 3
73,247,247, 3
74,247,247, 3
75,247,247, 3
76,247,247, 3
77,247,247, 3
78,247,247, 3
79,247,247, 3
80,247,247, 3
81,247,247, 3
82,247,247, 3
83,247,247, 3
84,247,247, 3
85,247,247, 3
86,247,247, 3
87,247,247, 3
88,247,247, 3
89,247,247, 3
90,247,247, 3
91,247,247, 3
92,247,247, 3
93,247,247, 3
94,247,247, 3
95,247,247, 3
96,247,247, 3
97,247,247, 3
98,247,247, 3
99,247,247, 3
100,247,247, 3
101,247,247, 3
102,247,247, 3
103,247,247, 3
104,247,247, 3
105,247,247, 3
106,247,247, 3
107,247,247, 3
108,247,247, 3
109,247,247, 3
110,247,247, 3
111,247,247, 3
112,247,247, 3
113,247,247, 3
114,247,247, 3
115,247,247, 3
116,247,247, 3
117,247,247, 3
118,247,247, 3
119,247,247, 3
120,247,247, 3
121,247,247, 3
122,247,247, 3
123,247,247, 3
124,247,247, 3
125,247,247, 3
126,247,247, 3
127,247,247, 3
128,247,247, 3
129,247,247, 3
130,247,247, 3
131,247,247, 3
132,247,247, 3
133,247,247, 3
134,247,247, 3
135,247,247, 3
136,247,247, 3
137,247,247, 3
138,247,247, 3
139,247,247, 3
140,247,247, 3
141,247,247, 3
142,247,247, 3
143,247,247, 3
144,247,247, 3
145,247,247, 3
146,247,247, 3
147,247,247, 3
148,247,247, 3
149,247,247, 3
150,247,247, 3
151,247,247, 3
152,247,247, 3
153,247,247, 3
154,247,247, 3
155,247,247, 3
156,247,247, 3
157,247,247, 3
158,247,247, 3
159,247,247, 3
160,247,247, 3
161,247,247, 3
162,247,247, 3
163,247,247, 3
164,247,247, 3
165,247,247, 3
166,247,247, 3
167,247,247, 3
168,247,247, 3
169,247,247, 3
170,247,247, 3
171,247,247, 3
172,247,247, 3
173,247,247, 3
174,247,247, 3
175,247,247, 3
176,247,247, 3
177,247,247, 3
178,247,247, 3
179,247,247, 3
180,247,247, 3
181,247,247, 3
182,247,247, 3
183,247,247, 3
184,247,247, 3
185,247,247, 3
186,247,247, 3
187,247,247, 3
188,247,247, 3
189,247,247, 3
190,247,247, 3
191,247,247, 3
192,247,247, 3
193,247,247, 3
194,247,247, 3
195,247,247, 3
196,247,247, 3
197,247,247, 3
198,247,247, 3
199,247,247, 3
200,247,247, 3
201,247,247, 3
202,247,247, 3
203,247,247, 3
204,247,247, 3
205,247,247, 3
206,247,247, 3
207,247,247, 3
208,247,247, 3
209,247,247, 3
210,247,247, 3
211,247,247, 3
212,247,247, 3
213,247,247, 3
214,247,247, 3
215,247,247, 3
216,247,247, 3
217,247,247, 3
218,247,247, 3
219,247,247, 3
220,247,247, 3
221,247,247, 3
222,247,247, 3
223,247,247, 3
224,247,247, 3
225,247,247, 3
226,247,247, 3
227,247,247, 3
228,247,247, 3
229,247,247, 3
230,247,247, 3
231,247,247, 3
232,247,247, 3
233,247,247, 3
234,247,247, 3
235,247,247, 3
236,247,247, 3
237,247,247, 3
238,247,247, 3
239,247,247, 3
240,247,247, 3
241,247,247, 3
242,247,247, 3
243,247,247, 3
244,247,247, 3
245,247,247, 3
246,247,247, 3
247,247,247, 3
248,247,247, 3
249,247,247, 3
250,247,247, 3
251,247,247, 3
252,247,247, 3
253,247,247, 3
254,247,247, 3
255,247,247, 3
256,247,247, 3
257,247,247, 3
258,247,247, 3
259,247,247, 3
260,247,247, 3
261,247,247, 3
262,247,247, 3
263,247,247, 3
264,247,247, 3
265,247,247, 3
266,247,247, 3
267,247,247, 3
268,247,247, 3
269,247,247, 3
270,247,247, 3
271,247,247, 3
272,247,247, 3
273,247,247, 3
274,247,247, 3
275,247,247, 3
276,247,247, 3
277,247,247, 3
278,247,247, 3
279,247,247, 3
280,247,247, 3
281,247,247, 3
282,247,247, 3
283,247,247, 3
284,247,247, 3
285,247,247, 3
286,247,247, 3
287,247,247, 3
288,247,247, 3
289,246,246, 4
290,246,246, 4
291,246,246, 4
292,246,246, 4
293,246,246, 4
294,246,246, 4
295,246,246, 4
296,246,246, 4
297,246,246, 4
298,246,246, 4
299,246,246, 4
300,246,246, 4
301,246,246, 4
302,246,246, 4
303,246,246, 4
304,246,246, 4
305,246,246, 4
306,246,246, 4
307,246,246, 4
308,246,246, 4
309,246,246, 4
310,246,246, 4
311,246,246, 4
312,246,246, 4
313,246,246, 4
314,246,246, 4
315,246,246, 4
316,246,246, 4
317,246,246, 4
318,246,246, 4
319,246,246, 4
320,246,246, 4
321,246,246, 4
322,246,246, 4
323,246,246, 4
324,246,246, 4
325,246,246, 4
326,246,246, 4
327,246,246, 4
328,246,246, 4
329,246,246, 4
330,246,246, 4
331,246,246, 4
332,246,246, 4
333,246,246, 4
334,246,246, 4
335,246,246, 4
336,246,246, 4
337,246,246, 4
338,246,246, 4
339,246,246, 4
340,246,246, 4
341,246,246, 4
342,246,246, 4
343,246,246, 4
344,246,246, 4
345,246,246, 4
346,246,246, 4
347,246,246, 4
348,246,246, 4
349,246,246, 4
350,246,246, 4
351,246,246, 4
352,246,246, 4
353,246,246, 4
354,246,246, 4
355,246,246, 4
356,246,246, 4
357,246,246, 4
358,246,246, 4
359,246,246, 4
360,246,246, 4
361,246,246, 4
362,246,246, 4
363,246,246, 4
364,246,246, 4
365,246,246, 4
366,246,246, 4
367,246,246, 4
368,246,246, 4
369,246,246, 4
370,246,246, 4
371,246,246, 4
372,246,246, 4
373,246,246, 4
374,246,246, 4
375,246,246, 4
376,246,246, 4
377,246,246, 4
378,246,246, 4
379,246,246, 4
380,246,246, 4
381,246,246, 4
382,246,246, 4
383,246,246, 4
384,246,246, 4
385,246,246, 4
386,246,246, 4
387,246,246, 4
388,246,246, 4
389,246,246, 4
390,246,246, 4
391,246,246, 4
392,246,246, 4
393,246,246, 4
394,246,246, 4
395,246,246, 4
396,246,246, 4
397,246,246, 4
398,246,246, 4
399,246,246, 4
400,246,246, 4
401,246,246, 4
402,246,246, 4
403,246,246, 4
404,246,246, 4
405,246,246, 4
406,246,246, 4
407,246,246, 4
408,246,246, 4
409,246,246, 4
410,246,246, 4
411,246,246, 4
412,246,246, 4
413,246,246, 4
414,246,246, 4
415,246,246, 4
416,246,246, 4
417,246,246, 4
418,246,246, 4
419,246,246, 4
420,246,246, 4
421,246,246, 4
422,246,246, 4
423,246,246, 4
424,246,246, 4
425,246,246, 4
426,246,246, 4
427,246,246, 4
428,246,246, 4
429,246,246, 4
430,246,246, 4
431,246,246, 4
432,246,246, 4
433,246,246, 4
434,246,246, 4
435,246,246, 4
436,246,246, 4
437,246,246, 4
438,246,246, 4
439,246,246, 4
440,246,246, 4
441,246,246, 4
442,246,246, 4
443,246,246, 4
444,246,246, 4
445,246,246, 4
446,246,246, 4
447,246,246, 4
448,246,246, 4
449,246,246, 4
450,246,246, 4
451,246,246, 4
452,246,246, 4
453,246,246, 4
454,246,246, 4
455,246,246, 4
456,246,246, 4
457,246,246, 4
458,246,246, 4
459,246,246, 4
460,246,246, 4
461,246,246, 4
462,246,246, 4
463,246,246, 4
464,246,246, 4
465,246,246, 4
466,246,246, 4
467,245,245, 5
468,245,245, 5
469,245,245, 5
470,245,245, 5
471,245,245, 5
472,245,245, 5
473,245,245, 5
474,245,245, 5
475,245,245, 5
476,245,245, 5
477,245,245, 5
478,245,245, 5
479,245,245, 5
480,245,245, 5
481,245,245, 5
482,245,245, 5
483,245,245, 5
484,245,245, 5
485,245,245, 5
486,245,245, 5
487,245,245, 5
488,245,245, 5
489,245,245, 5
490,245,245, 5
491,245,245, 5
492,245,245, 5
493,245,245, 5
494,245,245, 5
495,245,245, 5
496,245,245, 5
497,245,245, 5
498,245,245, 5
499,245,245, 5
500,245,245, 5
501,245,245, 5
502,245,245, 5
503,245,245, 5
504,245,245, 5
505,245,245, 5
506,245,245, 5
507,245,245, 5
508,245,245, 5
509,245,245, 5
510,245,245, 5
511,245,245, 5
512,245,245, 5
513,245,245, 5
514,245,245, 5
515,245,245, 5
516,245,245, 5
517,245,245, 5
518,245,245, 5
519,245,245, 5
520,245,245, 5
521,245,245, 5
522,245,245, 5
523,245,245, 5
524,245,245, 5
525,245,245, 5
526,245,245, 5
527,245,245, 5
528,245,245, 5
529,245,245, 5
530,245,245, 5
531,245,245, 5
532,245,245, 5
533,245,245, 5
534,245,245, 5
535,245,245, 5
536,245,245, 5
537,245,245, 5
538,245,245, 5
539,245,245, 5
540,245,245, 5
541,245,245, 5
542,245,245, 5
543,245,245, 5
544,245,245, 5
545,245,245, 5
546,244,244, 6
547,244,244, 6
548,244,244, 6
549,244,244, 6
550,244,244, 6
551,244,244, 6
552,244,244, 6
553,244,244, 6
554,244,244, 6
555,244,244, 6
556,244,244, 6
557,244,244, 6
558,244,244, 6
559,244,244, 6
560,244,244, 6
561,244,244, 6
562,244,244, 6
563,244,244, 6
564,244,244, 6
565,244,244, 6
566,244,244, 6
567,244,244, 6
568,244,244, 6
569,244,244, 6
570,244,244, 6
571,244,244, 6
572,244,244, 6
573,244,244, 6
574,244,244, 6
575,244,244, 6
576,244,244, 6
577,244,244, 6
578,244,244, 6
579,244,244, 6
580,244,244, 6
581,244,244, 6
582,244,244, 6
583,244,244, 6
584,244,244, 6
585,244,244, 6
586,244,244, 6
587,244,244, 6
588,244,244, 6
589,244,244, 6
590,244,244, 6
591,244,244, 6
592,244,244, 6
593,244,244, 6
594,244,244, 6
595,244,244, 6
596,244,244, 6
597,244,244, 6
598,244,244, 6
599,244,244, 6
600,244,244, 6
601,244,244, 6
602,244,244, 6
603,244,244, 6
604,244,244, 6
605,244,244, 6
606,244,244, 6
607,244,244, 6
608,244,244, 6
609,244,244, 6
610,244,244, 6
611,244,244, 6
612,244,244, 6
613,244,244, 6
614,244,244, 6
615,243,243, 7
616,243,243, 7
617,243,243, 7
618,243,243, 7
619,243,243, 7
620,243,243, 7
621,243,243, 7
622,243,243, 7
623,243,243, 7
624,243,243, 7
625,243,243, 7
626,243,243, 7
627,243,243, 7
628,243,243, 7
629,243,243, 7
630,243,243, 7
631,243,243, 7
632,243,243, 7
633,243,243, 7
634,243,243, 7
635,243,243, 7
636,243,243, 7
637,243,243, 7
638,243,243, 7
639,243,243, 7
640,243,243, 7
641,243,243, 7
642,243,243, 7
643,243,243, 7
644,243,243, 7
645,243,243, 7
646,243,243, 7
647,243,243, 7
648,243,243, 7
649,243,243, 7
650,243,243, 7
651,243,243, 7
652,243,243, 7
653,243,243, 7
654,243,243, 7
655,243,243, 7
656,243,243, 7
657,243,243, 7
658,243,243, 7
659,243,243, 7
660,243,243, 7
661,243,243, 7
662,243,243, 7
663,243,243, 7
664,243,243, 7
665,243,243, 7
666,243,243, 7
667,243,243, 7
668,243,243, 7
669,243,243, 7
670,243,243, 7
671,243,243, 7
672,243,243, 7
673,243,243, 7
674,243,243, 7
675,243,243, 7
676,243,243, 7
677,243,243, 7
678,243,243, 7
679,243,243, 7
680,243,243, 7
681,243,243, 7
682,243,243, 7
683,243,243, 7
684,243,243, 7
685,243,243, 7
686,243,243, 7
687,243,243, 7
688,243,243, 7
689,243,243, 7
690,243,243, 7
691,243,243, 7
692,243,243, 7
693,243,243, 7
694,243,243, 7
695,243,243, 7
696,243,243, 7
697,243,243, 7
698,243,243, 7
699,243,243, 7
700,243,243, 7
701,243,243, 7
702,243,243, 7
703,243,243, 7
704,243,243, 7
705,243,243, 7
706,243,243, 7
707,243,243, 7
708,243,243, 7
709,243,243, 7
710,243,243, 7
711,243,243, 7
712,243,243, 7
713,243,243, 7
714,243,243, 7
715,243,243, 7
716,243,243, 7
717,243,243, 7
718,243,243, 7
719,243,243, 7
720,243,243, 7
721,243,243, 7
722,243,243, 7
723,243,243, 7
724,243,243, 7
725,243,243, 7
726,243,243, 7
727,243,243, 7
728,243,243, 7
729,243,243, 7
730,243,243, 7
731,243,243, 7
732,243,243, 7
733,243,243, 7
734,243,243, 7
735,243,243, 7
736,243,243, 7
737,243,243, 7
738,243,243, 7
739,243,243, 7
740,243,243, 7
741,243,243, 7
742,243,243, 7
743,243,243, 7
744,243,243, 7
745,243,243, 7
746,243,243, 7
747,243,243, 7
748,243,243, 7
749,243,243, 7
750,243,243, 7
751,243,243, 7
752,243,243, 7
753,243,243, 7
754,243,243, 7
755,243,243, 7
756,243,243, 7
757,243,243, 7
758,243,243, 7
759,243,243, 7
760,243,243, 7
761,243,243, 7
762,243,243, 7
763,243,243, 7
764,243,243, 7
765,243,243, 7
766,243,243, 7
767,243,243, 7
768,243,243, 7
769,243,243, 7
770,243,243, 7
771,243,243, 7
772,243,243, 7
773,243,243, 7
774,243,243, 7
775,243,243, 7
776,243,243, 7
777,243,243, 7
778,243,243, 7
779,243,243, 7
780,243,243, 7
781,243,243, 7
782,243,243, 7
783,243,243, 7
784,243,243, 7
785,243,243, 7
786,243,243, 7
787,243,243, 7
788,243,243, 7
789,243,243, 7
790,243,243, 7
791,243,243, 7
792,243,243, 7
793,243,243, 7
794,243,243, 7
795,243,243, 7
796,243,243, 7
797,243,243, 7
798,243,243, 7
799,243,243, 7
800,243,243, 7
801,243,243, 7
802,243,243, 7
803,243,243, 7
804,243,243, 7
805,243,243, 7
806,243,243, 7
807,243,243, 7
808,243,243, 7
809,243,243, 7
810,243,243, 7
811,243,243, 7
812,243,243, 7
813,243,243, 7
814,243,243, 7
815,243,243, 7
816,243,243, 7
817,243,243, 7
818,243,243, 7
819,243,243, 7
820,243,243, 7
821,243,243, 7
822,243,243, 7
823,243,243, 7
824,243,243, 7
825,243,243, 7
826,243,243, 7
827,243,243, 7
828,243,243, 7
829,243,243, 7
830,243,243, 7
831,243,243, 7
832,243,243, 7
833,243,243, 7
834,243,243, 7
835,243,243, 7
836,243,243, 7
837,243,243, 7
838,243,243, 7
839,243,243, 7
840,243,243, 7
841,243,243, 7
842,243,243, 7
843,243,243, 7
844,243,243, 7
845,243,243, 7
846,243,243, 7
847,243,243, 7
848,243,243, 7
849,243,243, 7
850,243,243, 7
851,243,243, 7
852,243,243, 7
853,243,243, 7
854,243,243, 7
855,243,243, 7
856,243,243, 7
857,243,243, 7
858,243,243, 7
859,243,243, 7
860,243,243, 7
861,243,243, 7
862,243,243, 7
863,243,243, 7
864,243,243, 7
865,243,243, 7
866,243,243, 7
867,243,243, 7
868,243,243, 7
869,243,243, 7
870,243,243, 7
871,243,243, 7
872,243,243, 7
873,243,243, 7
874,243,243, 7
875,243,243, 7
876,243,243, 7
877,243,243, 7
878,243,243, 7
879,243,243, 7
880,243,243, 7
881,243,243, 7
882,243,243, 7
883,243,243, 7
884,243,243, 7
885,243,243, 7
886,243,243, 7
887,243,243, 7
888,243,243, 7
889,243,243, 7
890,243,243, 7
891,243,243, 7
892,243,243, 7
893,243,243, 7
894,243,243, 7
895,243,243, 7
896,243,243, 7
897,243,243, 7
898,243,243, 7
899,243,243, 7
900,243,243, 7
901,243,243, 7
902,243,243, 7
903,243,243, 7
904,243,243, 7
905,243,243, 7
906,243,243, 7
907,243,243, 7
908,243,243, 7
909,243,243, 7
910,243,243, 7
911,243,243, 7
912,243,243, 7
913,243,243, 7
914,243,243, 7
915,243,243, 7
916,243,243, 7
917,243,243, 7
918,243,243, 7
919,243,243, 7
920,243,243, 7
921,243,243, 7
922,243,243, 7
923,243,243, 7
924,243,243, 7
925,243,243, 7
926,243,243, 7
927,243,243, 7
928,243,243, 7
929,243,243, 7
930,243,243, 7
931,243,243, 7
932,243,243, 7
933,243,243, 7
934,243,243, 7
935,243,243, 7
936,243,243, 7
937,243,243, 7
938,243,243, 7
939,243,243, 7
940,243,243, 7
941,243,243, 7
942,243,243, 7
943,243,243, 7
944,243,243, 7
945,243,243, 7
946,243,243, 7
947,243,243, 7
948,243,243, 7
949,243,243, 7
950,243,243, 7
951,243,243, 7
952,243,243, 7
953,243,243, 7
954,243,243, 7
955,243,243, 7
956,243,243, 7
957,243,243, 7
958,243,243, 7
959,243,243, 7
960,243,243, 7
961,243,243, 7
962,243,243, 7
963,243,243, 7
964,243,243, 7
965,243,243, 7
966,243,243, 7
967,243,243, 7
968,243,243, 7
969,243,243, 7
970,243,243, 7
971,243,243, 7
972,243,243, 7
973,243,243, 7
974,243,243, 7
975,243,243, 7
976,243,243, 7
977,243,243, 7
978,243,243, 7
979,243,243, 7
980,243,243, 7
981,243,243, 7
982,243,243, 7
983,243,243, 7
984,243,243, 7
985,243,243, 7
986,243,243, 7
987,243,243, 7
988,243,243, 7
989,243,243, 7
990,243,243, 7
991,243,243, 7
992,243,243, 7
993,243,243, 7
994,243,243, 7
995,243,243, 7
996,243,243, 7
997,243,243, 7
998,243,243, 7
999,243,243, 7
1000,243,243, 7
1001,243,243, 7
1002,243,243, 7
1003,243,243, 7
1004,243,243, 7
1005,243,243, 7
1006,243,243, 7
1007,243,243, 7
1008,243,243, 7
1009,243,243, 7
1010,243,243, 7
1011,243,243, 7
1012,243,243, 7
1013,243,243, 7
1014,243,243, 7
1015,243,243, 7
1016,243,243, 7
1017,243,243, 7
1018,243,243, 7
1019,243,243, 7
1020,243,243, 7
1021,243,243, 7
1022,243,243, 7
1023,243,243, 7
1024,243,243, 7
1025,243,243, 7
1026,243,243, 7
1027,243,243, 7
1028,243,243, 7
1029,243,243, 7
1030,243,243, 7
1031,243,243, 7
1032,243,243, 7
1033,243,243, 7
1034,243,243, 7
1035,243,243, 7
1036,243,243, 7
1037,243,243, 7
1038,243,243, 7
1039,243,243, 7
1040,243,243, 7
1041,243,243, 7
1042,243,243, 7
1043,243,243, 7
1044,243,243, 7
1045,243,243, 7
1046,243,243, 7
1047,243,243, 7
1048,243,243, 7
1049,243,243, 7
1050,243,243, 7
1051,243,243, 7
1052,243,243, 7
1053,243,243, 7
1054,243,243, 7
1055,243,243, 7
1056,243,243, 7
1057,243,243, 7
1058,243,243, 7
1059,243,243, 7
1060,243,243, 7
1061,243,243, 7
1062,243,243, 7
1063,243,243, 7
1064,243,243, 7
1065,243,243, 7
1066,243,243, 7
1067,243,243, 7
1068,243,243, 7
1069,243,243, 7
1070,243,243, 7
1071,243,243, 7
1072,243,243, 7
1073,243,243, 7
1074,243,243, 7
1075,243,243, 7
1076,243,243, 7
1077,243,243, 7
1078,243,243, 7
1079,243,243, 7
1080,243,243, 7
1081,243,243, 7
1082,243,243, 7
1083,243,243, 7
1084,243,243, 7
1085,243,243, 7
1086,243,243, 7
1087,243,243, 7
1088,243,243, 7
1089,243,243, 7
1090,243,243, 7
1091,243,243, 7
1092,243,243, 7
1093,243,243, 7
1094,243,243, 7
1095,243,243, 7
1096,243,243, 7
1097,243,243, 7
1098,243,243, 7
1099,243,243, 7
1100,243,243, 7
1101,243,243, 7
1102,243,243, 7
1103,243,243, 7
1104,243,243, 7
1105,243,243, 7
1106,242,242, 8
1107,242,242, 8
1108,242,242, 8
1109,242,242, 8
1110,242,242, 8
1111,242,242, 8
1112,242,242, 8
1113,242,242, 8
1114,242,242, 8
1115,242,242, 8
1116,242,242, 8
1117,242,242, 8
1118,242,242, 8
1119,242,242, 8
1120,242,242, 8
1121,242,242, 8
1122,242,242, 8
1123,242,242, 8
1124,242,242, 8
1125,242,242, 8
1126,242,242, 8
1127,242,242, 8
1128,242,242, 8
1129,242,242, 8
1130,242,242, 8
1131,242,242, 8
1132,242,242, 8
1133,242,242, 8
1134,242,242, 8
1135,242,242, 8
1136,242,242, 8
1137,242,242, 8
1138,242,242, 8
1139,242,242, 8
1140,242,242, 8
1141,242,242, 8
1142,242,242, 8
1143,242,242, 8
1144,242,242, 8
1145,242,242, 8
1146,242,242, 8
1147,242,242, 8
1148,242,242, 8
1149,242,242, 8
1150,242,242, 8
1151,242,242, 8
1152,242,242, 8
1153,242,242, 8
1154,241,241, 9
1155,241,241, 9
1156,241,241, 9
1157,241,241, 9
1158,241,241, 9
1159,241,241, 9
1160,241,241, 9
1161,241,241, 9
1162,241,241, 9
1163,241,241, 9
1164,241,241, 9
1165,241,241, 9
1166,241,241, 9
1167,241,241, 9
1168,241,241, 9
1169,241,241, 9
1170,241,241, 9
1171,241,241, 9
1172,241,241, 9
1173,241,241, 9
1174,241,241, 9
1175,241,241, 9
1176,241,241, 9
1177,241,241, 9
1178,241,241, 9
1179,241,241, 9
1180,241,241, 9
1181,241,241, 9
1182,241,241, 9
1183,241,241, 9
1184,241,241, 9
1185,241,241, 9
1186,241,241, 9
1187,241,241, 9
1188,241,241, 9
1189,241,241, 9
1190,241,241, 9
1191,241,241, 9
1192,241,241, 9
1193,241,241, 9
1194,241,241, 9
1195,241,241, 9
1196,241,241, 9
1197,241,241, 9
1198,241,241, 9
1199,241,241, 9
1200,241,241, 9
1201,241,241, 9
1202,241,241, 9
1203,241,241, 9
1204,241,241, 9
1205,241,241, 9
1206,241,241, 9
1207,241,241, 9
1208,241,241, 9
1209,241,241, 9
1210,241,241, 9
1211,241,241, 9
1212,241,241, 9
1213,241,241, 9
1214,241,241, 9
1215,241,241, 9
1216,241,241, 9
1217,241,241, 9
1218,241,241, 9
1219,241,241, 9
1220,241,241, 9
1221,241,241, 9
1222,241,241, 9
1223,241,241, 9
1224,241,241, 9
1225,241,241, 9
1226,241,241, 9
1227,241,241, 9
1228,241,241, 9
1229,241,241, 9
1230,241,241, 9
1231,241,241, 9
1232,241,241, 9
1233,241,241, 9
1234,241,241, 9
1235,241,241, 9
1236,240,240, 10
1237,240,240, 10
1238,240,240, 10
1239,240,240, 10
1240,240,240, 10
1241,240,240, 10
1242,240,240, 10
1243,240,240, 10
1244,240,240, 10
1245,240,240, 10
1246,240,240, 10
1247,240,240, 10
1248,240,240, 10
1249,240,240, 10
1250,240,240, 10
1251,240,240, 10
1252,240,240, 10
1253,240,240, 10
1254,240,240, 10
1255,240,240, 10
1256,240,240, 10
1257,240,240, 10
1258,240,240, 10
1259,240,240, 10
1260,240,240, 10
1261,240,240, 10
1262,240,240, 10
1263,240,240, 10
1264,240,240, 10
1265,240,240, 10
1266,240,240, 10
1267,240,240, 10
1268,240,240, 10
1269,240,240, 10
1270,240,240, 10
1271,240,240, 10
1272,240,240, 10
1273,240,240, 10
1274,240,240, 10
1275,240,240, 10
1276,240,240, 10
1277,240,240, 10
1278,240,240, 10
1279,240,240, 10
1280,240,240, 10
1281,240,240, 10
1282,240,240, 10
1283,240,240, 10
1284,240,240, 10
1285,240,240, 10
1286,240,240, 10
1287,240,240, 10
1288,240,240, 10
1289,240,240, 10
1290,240,240, 10
1291,240,240, 10
1292,240,240, 10
1293,240,240, 10
1294,240,240, 10
1295,240,240, 10
1296,240,240, 10
1297,240,240, 10
1298,240,240, 10
1299,240,240, 10
1300,240,240, 10
1301,240,240, 10
1302,240,240, 10
1303,240,240, 10
1304,240,240, 10
1305,240,240, 10
1306,240,240, 10
1307,240,240, 10
1308,240,240, 10
1309,240,240, 10
1310,240,240, 10
1311,240,240, 10
1312,240,240, 10
1313,240,240, 10
1314,240,240, 10
1315,240,240, 10
1316,240,240, 10
1317,240,240, 10
1318,240,240, 10
1319,240,240, 10
1320,240,240, 10
1321,240,240, 10
1322,240,240, 10
1323,240,240, 10
1324,240,240, 10
1325,240,240, 10
1326,240,240, 10
1327,240,240, 10
1328,240,240, 10
1329,240,240, 10
1330,240,240, 10
1331,240,240, 10
1332,240,240, 10
1333,240,240, 10
1334,240,240, 10
1335,240,240, 10
1336,240,240, 10
1337,240,240, 10
1338,240,240, 10
1339,240,240, 10
1340,240,240, 10
1341,240,240, 10
1342,240,240, 10
1343,240,240, 10
1344,240,240, 10
1345,240,240, 10
1346,240,240, 10
1347,240,240, 10
1348,240,240, 10
1349,240,240, 10
1350,240,240, 10
1351,240,240, 10
1352,240,240, 10
1353,240,240, 10
1354,240,240, 10
1355,240,240, 10
1356,240,240, 10
1357,240,240, 10
1358,240,240, 10
1359,240,240, 10
1360,240,240, 10
1361,240,240, 10
1362,240,240, 10
1363,240,240, 10
1364,240,240, 10
1365,240,240, 10
1366,240,240, 10
1367,240,240, 10
1368,240,240, 10
1369,240,240, 10
1370,239,239, 11
1371,239,239, 11
1372,239,239, 11
1373,239,239, 11
1374,239,239, 11
1375,239,239, 11
1376,239,239, 11
1377,239,239, 11
1378,239,239, 11
1379,239,239, 11
1380,239,239, 11
1381,239,239, 11
1382,239,239, 11
1383,239,239, 11
1384,239,239, 11
1385,239,239, 11
1386,239,239, 11
1387,239,239, 11
1388,239,239, 11
1389,239,239, 11
1390,239,239, 11
1391,239,239, 11
1392,239,239, 11
1393,239,239, 11
1394,239,239, 11
1395,239,239, 11
1396,239,239, 11
1397,239,239, 11
1398,239,239, 11
1399,239,239, 11
1400,239,239, 11
1401,239,239, 11
1402,239,239, 11
1403,239,239, 11
1404,239,239, 11
1405,239,239, 11
1406,239,239, 11
1407,239,239, 11
1408,239,239, 11
1409,239,239, 11
1410,239,239, 11
1411,239,239, 11
1412,239,239, 11
1413,239,239, 11
1414,239,239, 11
1415,239,239, 11
1416,239,239, 11
1417,239,239, 11
1418,239,239, 11
1419,239,239, 11
1420,239,239, 11
1421,239,239, 11
1422,239,239, 11
1423,239,239, 11
1424,239,239, 11
1425,239,239, 11
1426,239,239, 11
1427,239,239, 11
1428,239,239, 11
1429,239,239, 11
1430,239,239, 11
1431,239,239, 11
1432,239,239, 11
1433,239,239, 11
1434,239,239, 11
1435,239,239, 11
1436,239,239, 11
1437,239,239, 11
1438,239,239, 11
1439,239,239, 11
1440,239,239, 11
1441,239,239, 11
1442,239,239, 11
1443,239,239, 11
1444,239,239, 11
1445,239,239, 11
1446,239,239, 11
1447,239,239, 11
1448,239,239, 11
1449,239,239, 11
1450,239,239, 11
1451,239,239, 11
1452,239,239, 11
1453,239,239, 11
1454,239,239, 11
1455,239,239, 11
1456,239,239, 11
1457,239,239, 11
1458,239,239, 11
1459,239,239, 11
1460,239,239, 11
1461,239,239, 11
1462,239,239, 11
1463,239,239, 11
1464,239,239, 11
1465,239,239, 11
1466,239,239, 11
1467,239,239, 11
1468,239,239, 11
1469,239,239, 11
1470,239,239, 11
1471,239,239, 11
1472,239,239, 11
1473,239,239, 11
1474,239,239, 11
1475,239,239, 11
1476,239,239, 11
1477,239,239, 11
1478,239,239, 11
1479,239,239, 11
1480,239,239, 11
1481,239,239, 11
1482,239,239, 11
1483,239,239, 11
1484,239,239, 11
1485,239,239, 11
1486,239,239, 11
1487,239,239, 11
1488,239,239, 11
1489,239,239, 11
1490,239,239, 11
1491,239,239, 11
1492,239,239, 11
1493,239,239, 11
1494,239,239, 11
1495,239,239, 11
1496,239,239, 11
1497,239,239, 11
1498,239,239, 11
1499,239,239, 11
