0,250,250, 0
1,250,250, 0
2,250,250, 0
3,250,250, 0
4,250,250, 0
5,249,249, 1
6,248,248, 2
7,248,248, 2
8,248,248, 2
9,248,248, 2
10,248,248, 2
11,248,248, 2
12,248,248, 2
13,248,248, 2
14,248,248, 2
15,248,248, 2
16,248,248, 2
17,248,248, 2
18,248,248, 2
19,248,248, 2
20,248,248, 2
21,248,248, 2
22,248,248, 2
23,248,248, 2
24,248,248, 2
25,247,247, 3
26,247,247, 3
27,247,247, 3
28,247,247, 3
29,247,247, 3
30,247,247, 3
31,247,247, 3
32,247,247, 3
33,247,247, 3
34,247,247, 3
35,247,247, 3
36,247,247, 3
37,247,247, 3
38,247,247, 3
39,247,247, 3
40,247,247, 3
41,247,247, 3
42,247,247, 3
43,247,247, 3
44,247,247, 3
45,247,247, 3
46,247,247, 3
47,247,247, 3
48,247,247, 3
49,247,247, 3
50,247,247, 3
51,247,247, 3
52,247,247, 3
53,247,247, 3
54,247,247, 3
55,247,247, 3
56,247,247, 3
57,247,247, 3
58,247,247, 3
59,247,247, 3
60,247,247, 3
61,247,247, 3
62,247,247, 3
63,247,247, 3
64,247,247, 3
65,247,247, 3
66,247,247, 3
67,247,247, 3
68,247,247, 3
69,247,247, 3
70,246,246, 4
71,246,246, 4
72,246,246, 4
73,246,246, 4
74,246,246, 4
75,246,246, 4
76,246,246, 4
77,246,246, 4
78,246,246, 4
79,246,246, 4
80,246,246, 4
81,246,246, 4
82,246,246, 4
83,246,246, 4
84,246,246, 4
85,246,246, 4
86,246,246, 4
87,246,246, 4
88,246,246, 4
89,246,246, 4
90,246,246, 4
91,246,246, 4
92,246,246, 4
93,246,246, 4
94,246,246, 4
95,246,246, 4
96,245,245, 5
97,245,245, 5
98,245,245, 5
99,245,245, 5
100,245,245, 5
101,245,245, 5
102,245,245, 5
103,245,245, 5
104,245,245, 5
105,245,245, 5
106,245,245, 5
107,245,245, 5
108,245,245, 5
109,245,245, 5
110,245,245, 5
111,245,245, 5
112,245,245, 5
113,245,245, 5
114,245,245, 5
115,245,245, 5
116,245,245, 5
117,245,245, 5
118,245,245, 5
119,245,245, 5
120,245,245, 5
121,245,245, 5
122,245,245, 5
123,244,244, 6
124,244,244, 6
125,244,244, 6
126,244,244, 6
127,244,244, 6
128,244,244, 6
129,243,243, 7
130,243,243, 7
131,243,243, 7
132,243,243, 7
133,243,243, 7
134,243,243, 7
135,243,243, 7
136,243,243, 7
137,243,243, 7
138,243,243, 7
139,243,243, 7
140,243,243, 7
141,243,243, 7
142,243,243, 7
143,243,243, 7
144,243,243, 7
145,243,243, 7
146,243,243, 7
147,243,243, 7
148,243,243, 7
149,243,243, 7
150,242,242, 8
151,242,242, 8
152,242,242, 8
153,242,242, 8
154,242,242, 8
155,242,242, 8
156,242,242, 8
157,242,242, 8
158,242,242, 8
159,242,242, 8
160,242,242, 8
161,242,242, 8
162,242,242, 8
163,242,242, 8
164,242,242, 8
165,242,242, 8
166,242,242, 8
167,242,242, 8
168,242,242, 8
169,242,242, 8
170,242,242, 8
171,242,242, 8
172,242,242, 8
173,242,242, 8
174,242,242, 8
175,242,242, 8
176,242,242, 8
177,242,242, 8
178,242,242, 8
179,242,242, 8
180,242,242, 8
181,242,242, 8
182,242,242, 8
183,242,242, 8
184,242,242, 8
185,242,242, 8
186,242,242, 8
187,242,242, 8
188,242,242, 8
189,242,242, 8
190,242,242, 8
191,242,242, 8
192,242,242, 8
193,242,242, 8
194,242,242, 8
195,242,242, 8
196,242,242, 8
197,242,242, 8
198,242,242, 8
199,242,242, 8
200,242,242, 8
201,242,242, 8
202,242,242, 8
203,242,242, 8
204,242,242, 8
205,242,242, 8
206,242,242, 8
207,242,242, 8
208,242,242, 8
209,242,242, 8
210,242,242, 8
211,242,242, 8
212,242,242, 8
213,242,242, 8
214,242,242, 8
215,242,242, 8
216,242,242, 8
217,242,242, 8
218,242,242, 8
219,242,242, 8
220,242,242, 8
221,242,242, 8
222,242,242, 8
223,242,242, 8
224,242,242, 8
225,242,242, 8
226,242,242, 8
227,242,242, 8
228,242,242, 8
229,242,242, 8
230,242,242, 8
231,242,242, 8
232,242,242, 8
233,242,242, 8
234,242,242, 8
235,242,242, 8
236,242,242, 8
237,242,242, 8
238,242,242, 8
239,242,242, 8
240,242,242, 8
241,242,242, 8
242,242,242, 8
243,242,242, 8
244,242,242, 8
245,242,242, 8
246,242,242, 8
247,242,242, 8
248,242,242, 8
249,242,242, 8
250,242,242, 8
251,242,242, 8
252,242,242, 8
253,242,242, 8
254,242,242, 8
255,242,242, 8
256,242,242, 8
257,242,242, 8
258,242,242, 8
259,242,242, 8
260,242,242, 8
261,242,242, 8
262,242,242, 8
263,242,242, 8
264,242,242, 8
265,242,242, 8
266,242,242, 8
267,242,242, 8
268,242,242, 8
269,242,242, 8
270,242,242, 8
271,242,242, 8
272,242,242, 8
273,242,242, 8
274,242,242, 8
275,242,242, 8
276,242,242, 8
277,242,242, 8
278,242,242, 8
279,242,242, 8
280,242,242, 8
281,242,242, 8
282,242,242, 8
283,242,242, 8
284,242,242, 8
285,242,242, 8
286,242,242, 8
287,242,242, 8
288,242,242, 8
289,242,242, 8
290,242,242, 8
291,242,242, 8
292,242,242, 8
293,242,242, 8
294,242,242, 8
295,242,242, 8
296,242,242, 8
297,242,242, 8
298,242,242, 8
299,242,242, 8
300,242,242, 8
301,242,242, 8
302,242,242, 8
303,242,242, 8
304,242,242, 8
305,242,242, 8
306,242,242, 8
307,242,242, 8
308,242,242, 8
309,242,242, 8
310,242,242, 8
311,241,241, 9
312,241,241, 9
313,241,241, 9
314,241,241, 9
315,241,241, 9
316,241,241, 9
317,241,241, 9
318,241,241, 9
319,241,241, 9
320,241,241, 9
321,241,241, 9
322,241,241, 9
323,241,241, 9
324,241,241, 9
325,241,241, 9
326,241,241, 9
327,241,241, 9
328,241,241, 9
329,241,241, 9
330,241,241, 9
331,241,241, 9
332,241,241, 9
333,241,241, 9
334,241,241, 9
335,241,241, 9
336,241,241, 9
337,241,241, 9
338,241,241, 9
339,241,241, 9
340,241,241, 9
341,241,241, 9
342,241,241, 9
343,241,241, 9
344,241,241, 9
345,241,241, 9
346,241,241, 9
347,241,241, 9
348,241,241, 9
349,241,241, 9
350,241,241, 9
351,241,241, 9
352,241,241, 9
353,241,241, 9
354,241,241, 9
355,241,241, 9
356,241,241, 9
357,241,241, 9
358,241,241, 9
359,241,241, 9
360,241,241, 9
361,241,241, 9
362,241,241, 9
363,241,241, 9
364,241,241, 9
365,241,241, 9
366,240,240, 10
367,240,240, 10
368,240,240, 10
369,240,240, 10
370,240,240, 10
371,240,240, 10
372,240,240, 10
373,240,240, 10
374,240,240, 10
375,240,240, 10
376,240,240, 10
377,240,240, 10
378,240,240, 10
379,240,240, 10
380,240,240, 10
381,240,240, 10
382,240,240, 10
383,240,240, 10
384,240,240, 10
385,240,240, 10
386,240,240, 10
387,240,240, 10
388,240,240, 10
389,240,240, 10
390,240,240, 10
391,240,240, 10
392,240,240, 10
393,240,240, 10
394,240,240, 10
395,240,240, 10
396,240,240, 10
397,240,240, 10
398,240,240, 10
399,240,240, 10
400,240,240, 10
401,240,240, 10
402,240,240, 10
403,240,240, 10
404,240,240, 10
405,240,240, 10
406,240,240, 10
407,240,240, 10
408,240,240, 10
409,240,240, 10
410,240,240, 10
411,240,240, 10
412,240,240, 10
413,240,240, 10
414,240,240, 10
415,240,240, 10
416,240,240, 10
417,240,240, 10
418,240,240, 10
419,240,240, 10
420,240,240, 10
421,240,240, 10
422,240,240, 10
423,240,240, 10
424,240,240, 10
425,240,240, 10
426,240,240, 10
427,240,240, 10
428,240,240, 10
429,240,240, 10
430,240,240, 10
431,240,240, 10
432,239,239, 11
433,239,239, 11
434,239,239, 11
435,239,239, 11
436,239,239, 11
437,239,239, 11
438,239,239, 11
439,239,239, 11
440,239,239, 11
441,239,239, 11
442,239,239, 11
443,239,239, 11
444,239,239, 11
445,239,239, 11
446,239,239, 11
447,239,239, 11
448,239,239, 11
449,239,239, 11
450,239,239, 11
451,239,239, 11
452,239,239, 11
453,239,239, 11
454,239,239, 11
455,239,239, 11
456,239,239, 11
457,239,239, 11
458,239,239, 11
459,239,239, 11
460,239,239, 11
461,239,239, 11
462,239,239, 11
463,239,239, 11
464,239,239, 11
465,239,239, 11
466,239,239, 11
467,239,239, 11
468,239,239, 11
469,239,239, 11
470,239,239, 11
471,239,239, 11
472,239,239, 11
473,239,239, 11
474,239,239, 11
475,239,239, 11
476,239,239, 11
477,239,239, 11
478,239,239, 11
479,239,239, 11
480,239,239, 11
481,239,239, 11
482,239,239, 11
483,239,239, 11
484,239,239, 11
485,239,239, 11
486,239,239, 11
487,239,239, 11
488,239,239, 11
489,239,239, 11
490,239,239, 11
491,239,239, 11
492,239,239, 11
493,239,239, 11
494,239,239, 11
495,239,239, 11
496,239,239, 11
497,239,239, 11
498,239,239, 11
499,239,239, 11
500,239,239, 11
501,239,239, 11
502,239,239, 11
503,239,239, 11
504,239,239, 11
505,239,239, 11
506,239,239, 11
507,239,239, 11
508,239,239, 11
509,239,239, 11
510,239,239, 11
511,239,239, 11
512,239,239, 11
513,239,239, 11
514,239,239, 11
515,239,239, 11
516,239,239, 11
517,239,239, 11
518,239,239, 11
519,239,239, 11
520,239,239, 11
521,239,239, 11
522,239,239, 11
523,239,239, 11
524,239,239, 11
525,239,239, 11
526,239,239, 11
527,239,239, 11
528,239,239, 11
529,239,239, 11
530,239,239, 11
531,239,239, 11
532,239,239, 11
533,239,239, 11
534,239,239, 11
535,239,239, 11
536,239,239, 11
537,239,239, 11
538,239,239, 11
539,239,239, 11
540,239,239, 11
541,239,239, 11
542,239,239, 11
543,239,239, 11
544,239,239, 11
545,239,239, 11
546,239,239, 11
547,239,239, 11
548,239,239, 11
549,239,239, 11
550,239,239, 11
551,239,239, 11
552,239,239, 11
553,239,239, 11
554,239,239, 11
555,239,239, 11
556,239,239, 11
557,239,239, 11
558,239,239, 11
559,239,239, 11
560,239,239, 11
561,239,239, 11
562,239,239, 11
563,239,239, 11
564,239,239, 11
565,239,239, 11
566,239,239, 11
567,239,239, 11
568,239,239, 11
569,239,239, 11
570,239,239, 11
571,239,239, 11
572,239,239, 11
573,239,239, 11
574,239,239, 11
575,239,239, 11
576,239,239, 11
577,239,239, 11
578,239,239, 11
579,239,239, 11
580,239,239, 11
581,239,239, 11
582,239,239, 11
583,239,239, 11
584,239,239, 11
585,239,239, 11
586,239,239, 11
587,239,239, 11
588,239,239, 11
589,239,239, 11
590,239,239, 11
591,239,239, 11
592,239,239, 11
593,239,239, 11
594,239,239, 11
595,239,239, 11
596,239,239, 11
597,239,239, 11
598,239,239, 11
599,239,239, 11
600,239,239, 11
601,239,239, 11
602,239,239, 11
603,239,239, 11
604,239,239, 11
605,239,239, 11
606,239,239, 11
607,239,239, 11
608,239,239, 11
609,239,239, 11
610,239,239, 11
611,239,239, 11
612,239,239, 11
613,239,239, 11
614,239,239, 11
615,239,239, 11
616,239,239, 11
617,239,239, 11
618,239,239, 11
619,239,239, 11
620,239,239, 11
621,239,239, 11
622,239,239, 11
623,239,239, 11
624,239,239, 11
625,239,239, 11
626,239,239, 11
627,239,239, 11
628,238,238, 12
629,238,238, 12
630,238,238, 12
631,238,238, 12
632,238,238, 12
633,238,238, 12
634,238,238, 12
635,238,238, 12
636,238,238, 12
637,238,238, 12
638,238,238, 12
639,238,238, 12
640,238,238, 12
641,238,238, 12
642,238,238, 12
643,238,238, 12
644,238,238, 12
645,238,238, 12
646,238,238, 12
647,238,238, 12
648,238,238, 12
649,238,238, 12
650,238,238, 12
651,238,238, 12
652,238,238, 12
653,238,238, 12
654,238,238, 12
655,238,238, 12
656,238,238, 12
657,238,238, 12
658,238,238, 12
659,238,238, 12
660,238,238, 12
661,238,238, 12
662,238,238, 12
663,238,238, 12
664,238,238, 12
665,237,237, 13
666,237,237, 13
667,237,237, 13
668,237,237, 13
669,237,237, 13
670,237,237, 13
671,237,237, 13
672,237,237, 13
673,237,237, 13
674,237,237, 13
675,237,237, 13
676,237,237, 13
677,237,237, 13
678,237,237, 13
679,237,237, 13
680,237,237, 13
681,237,237, 13
682,237,237, 13
683,237,237, 13
684,237,237, 13
685,237,237, 13
686,237,237, 13
687,237,237, 13
688,237,237, 13
689,237,237, 13
690,237,237, 13
691,237,237, 13
692,237,237, 13
693,237,237, 13
694,237,237, 13
695,237,237, 13
696,237,237, 13
697,237,237, 13
698,237,237, 13
699,237,237, 13
700,237,237, 13
701,237,237, 13
702,237,237, 13
703,237,237, 13
704,237,237, 13
705,237,237, 13
706,237,237, 13
707,237,237, 13
708,237,237, 13
709,237,237, 13
710,237,237, 13
711,237,237, 13
712,237,237, 13
713,237,237, 13
714,237,237, 13
715,237,237, 13
716,237,237, 13
717,237,237, 13
718,237,237, 13
719,237,237, 13
720,237,237, 13
721,237,237, 13
722,236,236, 14
723,236,236, 14
724,236,236, 14
725,236,236, 14
726,236,236, 14
727,236,236, 14
728,236,236, 14
729,236,236, 14
730,236,236, 14
731,236,236, 14
732,236,236, 14
733,236,236, 14
734,236,236, 14
735,236,236, 14
736,236,236, 14
737,236,236, 14
738,236,236, 14
739,236,236, 14
740,236,236, 14
741,236,236, 14
742,236,236, 14
743,236,236, 14
744,236,236, 14
745,236,236, 14
746,236,236, 14
747,236,236, 14
748,236,236, 14
749,236,236, 14
750,236,236, 14
751,236,236, 14
752,236,236, 14
753,236,236, 14
754,236,236, 14
755,236,236, 14
756,236,236, 14
757,236,236, 14
758,236,236, 14
759,236,236, 14
760,236,236, 14
761,236,236, 14
762,236,236, 14
763,236,236, 14
764,236,236, 14
765,236,236, 14
766,236,236, 14
767,236,236, 14
768,236,236, 14
769,236,236, 14
770,236,236, 14
771,236,236, 14
772,236,236, 14
773,236,236, 14
774,236,236, 14
775,236,236, 14
776,236,236, 14
777,236,236, 14
778,236,236, 14
779,236,236, 14
780,236,236, 14
781,236,236, 14
782,236,236, 14
783,236,236, 14
784,236,236, 14
785,236,236, 14
786,236,236, 14
787,236,236, 14
788,236,236, 14
789,236,236, 14
790,236,236, 14
791,236,236, 14
792,236,236, 14
793,236,236, 14
794,236,236, 14
795,236,236, 14
796,236,236, 14
797,236,236, 14
798,236,236, 14
799,236,236, 14
800,236,236, 14
801,236,236, 14
802,236,236, 14
803,236,236, 14
804,236,236, 14
805,236,236, 14
806,236,236, 14
807,235,235, 15
808,235,235, 15
809,235,235, 15
810,235,235, 15
811,235,235, 15
812,235,235, 15
813,235,235, 15
814,235,235, 15
815,235,235, 15
816,235,235, 15
817,235,235, 15
818,235,235, 15
819,235,235, 15
820,235,235, 15
821,235,235, 15
822,235,235, 15
823,235,235, 15
824,235,235, 15
825,235,235, 15
826,235,235, 15
827,235,235, 15
828,235,235, 15
829,235,235, 15
830,235,235, 15
831,235,235, 15
832,235,235, 15
833,235,235, 15
834,235,235, 15
835,235,235, 15
836,235,235, 15
837,235,235, 15
838,235,235, 15
839,235,235, 15
840,235,235, 15
841,235,235, 15
842,235,235, 15
843,235,235, 15
844,235,235, 15
845,235,235, 15
846,235,235, 15
847,235,235, 15
848,235,235, 15
849,235,235, 15
850,235,235, 15
851,235,235, 15
852,235,235, 15
853,235,235, 15
854,235,235, 15
855,235,235, 15
856,235,235, 15
857,235,235, 15
858,235,235, 15
859,235,235, 15
860,235,235, 15
861,235,235, 15
862,235,235, 15
863,235,235, 15
864,235,235, 15
865,235,235, 15
866,235,235, 15
867,235,235, 15
868,235,235, 15
869,235,235, 15
870,235,235, 15
871,235,235, 15
872,235,235, 15
873,235,235, 15
874,235,235, 15
875,235,235, 15
876,235,235, 15
877,235,235, 15
878,235,235, 15
879,235,235, 15
880,235,235, 15
881,235,235, 15
882,235,235, 15
883,235,235, 15
884,235,235, 15
885,235,235, 15
886,235,235, 15
887,235,235, 15
888,235,235, 15
889,235,235, 15
890,235,235, 15
891,235,235, 15
892,235,235, 15
893,235,235, 15
894,235,235, 15
895,235,235, 15
896,235,235, 15
897,235,235, 15
898,235,235, 15
899,235,235, 15
900,235,235, 15
901,235,235, 15
902,235,235, 15
903,235,235, 15
904,235,235, 15
905,235,235, 15
906,235,235, 15
907,235,235, 15
908,235,235, 15
909,235,235, 15
910,235,235, 15
911,235,235, 15
912,235,235, 15
913,235,235, 15
914,235,235, 15
915,235,235, 15
916,235,235, 15
917,235,235, 15
918,235,235, 15
919,235,235, 15
920,234,234, 16
921,234,234, 16
922,234,234, 16
923,234,234, 16
924,234,234, 16
925,234,234, 16
926,234,234, 16
927,234,234, 16
928,234,234, 16
929,234,234, 16
930,234,234, 16
931,234,234, 16
932,234,234, 16
933,234,234, 16
934,234,234, 16
935,234,234, 16
936,234,234, 16
937,234,234, 16
938,234,234, 16
939,234,234, 16
940,234,234, 16
941,234,234, 16
942,234,234, 16
943,234,234, 16
944,234,234, 16
945,234,234, 16
946,234,234, 16
947,233,233, 17
948,233,233, 17
949,233,233, 17
950,233,233, 17
951,233,233, 17
952,233,233, 17
953,233,233, 17
954,233,233, 17
955,233,233, 17
956,233,233, 17
957,233,233, 17
958,233,233, 17
959,233,233, 17
960,233,233, 17
961,233,233, 17
962,233,233, 17
963,233,233, 17
964,233,233, 17
965,233,233, 17
966,233,233, 17
967,233,233, 17
968,233,233, 17
969,233,233, 17
970,233,233, 17
971,233,233, 17
972,233,233, 17
973,233,233, 17
974,233,233, 17
975,233,233, 17
976,233,233, 17
977,233,233, 17
978,233,233, 17
979,233,233, 17
980,233,233, 17
981,233,233, 17
982,233,233, 17
983,233,233, 17
984,233,233, 17
985,233,233, 17
986,233,233, 17
987,233,233, 17
988,233,233, 17
989,233,233, 17
990,233,233, 17
991,233,233, 17
992,233,233, 17
993,233,233, 17
994,233,233, 17
995,233,233, 17
996,233,233, 17
997,233,233, 17
998,233,233, 17
999,233,233, 17
1000,233,233, 17
1001,233,233, 17
1002,233,233, 17
1003,233,233, 17
1004,233,233, 17
1005,233,233, 17
1006,233,233, 17
1007,233,233, 17
1008,233,233, 17
1009,233,233, 17
1010,233,233, 17
1011,233,233, 17
1012,233,233, 17
1013,233,233, 17
1014,233,233, 17
1015,233,233, 17
1016,233,233, 17
1017,233,233, 17
1018,233,233, 17
1019,233,233, 17
1020,233,233, 17
1021,233,233, 17
1022,233,233, 17
1023,233,233, 17
1024,233,233, 17
1025,233,233, 17
1026,233,233, 17
1027,233,233, 17
1028,233,233, 17
1029,233,233, 17
1030,233,233, 17
1031,233,233, 17
1032,233,233, 17
1033,233,233, 17
1034,233,233, 17
1035,233,233, 17
1036,233,233, 17
1037,233,233, 17
1038,233,233, 17
1039,233,233, 17
1040,233,233, 17
1041,233,233, 17
1042,233,233, 17
1043,233,233, 17
1044,233,233, 17
1045,233,233, 17
1046,233,233, 17
1047,233,233, 17
1048,233,233, 17
1049,233,233, 17
1050,233,233, 17
1051,233,233, 17
1052,233,233, 17
1053,233,233, 17
1054,233,233, 17
1055,233,233, 17
1056,233,233, 17
1057,233,233, 17
1058,233,233, 17
1059,233,233, 17
1060,233,233, 17
1061,233,233, 17
1062,233,233, 17
1063,233,233, 17
1064,233,233, 17
1065,233,233, 17
1066,233,233, 17
1067,233,233, 17
1068,233,233, 17
1069,233,233, 17
1070,233,233, 17
1071,233,233, 17
1072,233,233, 17
1073,233,233, 17
1074,233,233, 17
1075,233,233, 17
1076,233,233, 17
1077,233,233, 17
1078,233,233, 17
1079,233,233, 17
1080,233,233, 17
1081,233,233, 17
1082,233,233, 17
1083,233,233, 17
1084,233,233, 17
1085,233,233, 17
1086,233,233, 17
1087,233,233, 17
1088,233,233, 17
1089,233,233, 17
1090,233,233, 17
1091,233,233, 17
1092,233,233, 17
1093,233,233, 17
1094,233,233, 17
1095,233,233, 17
1096,233,233, 17
1097,233,233, 17
1098,233,233, 17
1099,233,233, 17
1100,233,233, 17
1101,233,233, 17
1102,233,233, 17
1103,233,233, 17
1104,233,233, 17
1105,233,233, 17
1106,233,233, 17
1107,233,233, 17
1108,233,233, 17
1109,232,232, 18
1110,232,232, 18
1111,232,232, 18
1112,232,232, 18
1113,232,232, 18
1114,232,232, 18
1115,232,232, 18
1116,232,232, 18
1117,232,232, 18
1118,232,232, 18
1119,232,232, 18
1120,232,232, 18
1121,232,232, 18
1122,232,232, 18
1123,232,232, 18
1124,232,232, 18
1125,232,232, 18
1126,232,232, 18
1127,232,232, 18
1128,232,232, 18
1129,232,232, 18
1130,232,232, 18
1131,232,232, 18
1132,232,232, 18
1133,232,232, 18
1134,232,232, 18
1135,232,232, 18
1136,232,232, 18
1137,232,232, 18
1138,232,232, 18
1139,232,232, 18
1140,232,232, 18
1141,232,232, 18
1142,232,232, 18
1143,232,232, 18
1144,232,232, 18
1145,232,232, 18
1146,232,232, 18
1147,232,232, 18
1148,232,232, 18
1149,232,232, 18
1150,232,232, 18
1151,232,232, 18
1152,232,232, 18
1153,232,232, 18
1154,232,232, 18
1155,232,232, 18
1156,232,232, 18
1157,232,232, 18
1158,232,232, 18
1159,232,232, 18
1160,232,232, 18
1161,232,232, 18
1162,232,232, 18
1163,232,232, 18
1164,232,232, 18
1165,232,232, 18
1166,232,232, 18
1167,232,232, 18
1168,232,232, 18
1169,232,232, 18
1170,232,232, 18
1171,232,232, 18
1172,232,232, 18
1173,232,232, 18
1174,232,232, 18
1175,232,232, 18
1176,232,232, 18
1177,232,232, 18
1178,232,232, 18
1179,232,232, 18
1180,232,232, 18
1181,232,232, 18
1182,232,232, 18
1183,232,232, 18
1184,232,232, 18
1185,232,232, 18
1186,232,232, 18
1187,231,231, 19
1188,231,231, 19
1189,231,231, 19
1190,231,231, 19
1191,231,231, 19
1192,231,231, 19
1193,231,231, 19
1194,231,231, 19
1195,231,231, 19
1196,231,231, 19
1197,231,231, 19
1198,231,231, 19
1199,231,231, 19
1200,231,231, 19
1201,231,231, 19
1202,231,231, 19
1203,231,231, 19
1204,231,231, 19
1205,231,231, 19
1206,231,231, 19
1207,231,231, 19
1208,231,231, 19
1209,231,231, 19
1210,231,231, 19
1211,231,231, 19
1212,231,231, 19
1213,231,231, 19
1214,231,231, 19
1215,231,231, 19
1216,231,231, 19
1217,231,231, 19
1218,231,231, 19
1219,231,231, 19
1220,231,231, 19
1221,231,231, 19
1222,231,231, 19
1223,231,231, 19
1224,231,231, 19
1225,231,231, 19
1226,231,231, 19
1227,231,231, 19
1228,231,231, 19
1229,231,231, 19
1230,231,231, 19
1231,231,231, 19
1232,231,231, 19
1233,231,231, 19
1234,231,231, 19
1235,231,231, 19
1236,231,231, 19
1237,231,231, 19
1238,231,231, 19
1239,231,231, 19
1240,231,231, 19
1241,231,231, 19
1242,231,231, 19
1243,231,231, 19
1244,231,231, 19
1245,231,231, 19
1246,231,231, 19
1247,231,231, 19
1248,231,231, 19
1249,231,231, 19
1250,231,231, 19
1251,231,231, 19
1252,231,231, 19
1253,231,231, 19
1254,231,231, 19
1255,231,231, 19
1256,231,231, 19
1257,231,231, 19
1258,231,231, 19
1259,231,231, 19
1260,231,231, 19
1261,231,231, 19
1262,231,231, 19
1263,231,231, 19
1264,231,231, 19
1265,231,231, 19
1266,231,231, 19
1267,231,231, 19
1268,231,231, 19
1269,231,231, 19
1270,231,231, 19
1271,231,231, 19
1272,231,231, 19
1273,231,231, 19
1274,231,231, 19
1275,231,231, 19
1276,231,231, 19
1277,231,231, 19
1278,231,231, 19
1279,231,231, 19
1280,231,231, 19
1281,231,231, 19
1282,231,231, 19
1283,231,231, 19
1284,231,231, 19
1285,231,231, 19
1286,231,231, 19
1287,231,231, 19
1288,231,231, 19
1289,231,231, 19
1290,231,231, 19
1291,231,231, 19
1292,231,231, 19
1293,231,231, 19
1294,231,231, 19
1295,231,231, 19
1296,231,231, 19
1297,231,231, 19
1298,231,231, 19
1299,231,231, 19
1300,231,231, 19
1301,231,231, 19
1302,231,231, 19
1303,231,231, 19
1304,231,231, 19
1305,231,231, 19
1306,231,231, 19
1307,231,231, 19
1308,231,231, 19
1309,231,231, 19
1310,231,231, 19
1311,231,231, 19
1312,231,231, 19
1313,231,231, 19
1314,231,231, 19
1315,231,231, 19
1316,231,231, 19
1317,231,231, 19
1318,231,231, 19
1319,231,231, 19
1320,231,231, 19
1321,231,231, 19
1322,231,231, 19
1323,231,231, 19
1324,231,231, 19
1325,231,231, 19
1326,231,231, 19
1327,231,231, 19
1328,231,231, 19
1329,231,231, 19
1330,231,231, 19
1331,231,231, 19
1332,231,231, 19
1333,231,231, 19
1334,231,231, 19
1335,231,231, 19
1336,231,231, 19
1337,231,231, 19
1338,231,231, 19
1339,231,231, 19
1340,231,231, 19
1341,231,231, 19
1342,231,231, 19
1343,231,231, 19
1344,231,231, 19
1345,231,231, 19
1346,231,231, 19
1347,231,231, 19
1348,231,231, 19
1349,231,231, 19
1350,231,231, 19
1351,231,231, 19
1352,231,231, 19
1353,231,231, 19
1354,231,231, 19
1355,231,231, 19
1356,231,231, 19
1357,231,231, 19
1358,231,231, 19
1359,231,231, 19
1360,231,231, 19
1361,231,231, 19
1362,231,231, 19
1363,231,231, 19
1364,231,231, 19
1365,231,231, 19
1366,231,231, 19
1367,231,231, 19
1368,231,231, 19
1369,231,231, 19
1370,231,231, 19
1371,231,231, 19
1372,231,231, 19
1373,231,231, 19
1374,231,231, 19
1375,231,231, 19
1376,231,231, 19
1377,231,231, 19
1378,231,231, 19
1379,231,231, 19
1380,231,231, 19
1381,231,231, 19
1382,231,231, 19
1383,231,231, 19
1384,231,231, 19
1385,231,231, 19
1386,231,231, 19
1387,231,231, 19
1388,231,231, 19
1389,231,231, 19
1390,231,231, 19
1391,231,231, 19
1392,231,231, 19
1393,231,231, 19
1394,231,231, 19
1395,231,231, 19
1396,231,231, 19
1397,231,231, 19
1398,231,231, 19
1399,231,231, 19
1400,231,231, 19
1401,231,231, 19
1402,231,231, 19
1403,231,231, 19
1404,231,231, 19
1405,231,231, 19
1406,231,231, 19
1407,231,231, 19
1408,231,231, 19
1409,231,231, 19
1410,231,231, 19
1411,231,231, 19
1412,231,231, 19
1413,231,231, 19
1414,231,231, 19
1415,231,231, 19
1416,231,231, 19
1417,231,231, 19
1418,231,231, 19
1419,231,231, 19
1420,231,231, 19
1421,231,231, 19
1422,231,231, 19
1423,231,231, 19
1424,231,231, 19
1425,231,231, 19
1426,231,231, 19
1427,231,231, 19
1428,231,231, 19
1429,231,231, 19
1430,231,231, 19
1431,231,231, 19
1432,231,231, 19
1433,231,231, 19
1434,231,231, 19
1435,231,231, 19
1436,231,231, 19
1437,231,231, 19
1438,230,230, 20
1439,230,230, 20
1440,230,230, 20
1441,230,230, 20
1442,230,230, 20
1443,230,230, 20
1444,230,230, 20
1445,230,230, 20
1446,230,230, 20
1447,230,230, 20
1448,230,230, 20
1449,230,230, 20
1450,230,230, 20
1451,230,230, 20
1452,230,230, 20
1453,230,230, 20
1454,230,230, 20
1455,230,230, 20
1456,230,230, 20
1457,230,230, 20
1458,230,230, 20
1459,230,230, 20
1460,230,230, 20
1461,230,230, 20
1462,230,230, 20
1463,230,230, 20
1464,230,230, 20
1465,230,230, 20
1466,230,230, 20
1467,230,230, 20
1468,230,230, 20
1469,230,230, 20
1470,230,230, 20
1471,230,230, 20
1472,230,230, 20
1473,230,230, 20
1474,230,230, 20
1475,230,230, 20
1476,230,230, 20
1477,230,230, 20
1478,230,230, 20
1479,230,230, 20
1480,230,230, 20
1481,230,230, 20
1482,230,230, 20
1483,230,230, 20
1484,230,230, 20
1485,230,230, 20
1486,230,230, 20
1487,230,230, 20
1488,230,230, 20
1489,230,230, 20
1490,230,230, 20
1491,230,230, 20
1492,230,230, 20
1493,230,230, 20
1494,230,230, 20
1495,230,230, 20
1496,230,230, 20
1497,230,230, 20
1498,230,230, 20
1499,230,230, 20
