0,250,250, 0
1,250,250, 0
2,250,250, 0
3,250,250, 0
4,250,250, 0
5,250,250, 0
6,250,250, 0
7,250,250, 0
8,250,250, 0
9,250,250, 0
10,250,250, 0
11,250,250, 0
12,250,250, 0
13,250,250, 0
14,250,250, 0
15,250,250, 0
16,250,250, 0
17,250,250, 0
18,250,250, 0
19,250,250, 0
20,250,250, 0
21,250,250, 0
22,250,250, 0
23,250,250, 0
24,250,250, 0
25,250,250, 0
26,250,250, 0
27,250,250, 0
28,250,250, 0
29,250,250, 0
30,250,250, 0
31,250,250, 0
32,250,250, 0
33,250,250, 0
34,250,250, 0
35,250,250, 0
36,250,250, 0
37,250,250, 0
38,250,250, 0
39,250,250, 0
40,250,250, 0
41,249,249, 1
42,249,249, 1
43,249,249, 1
44,249,249, 1
45,249,249, 1
46,249,249, 1
47,249,249, 1
48,249,249, 1
49,249,249, 1
50,249,249, 1
51,249,249, 1
52,249,249, 1
53,249,249, 1
54,247,247, 3
55,247,247, 3
56,247,247, 3
57,247,247, 3
58,247,247, 3
59,247,247, 3
60,247,247, 3
61,247,247, 3
62,247,247, 3
63,247,247, 3
64,247,247, 3
65,247,247, 3
66,247,247, 3
67,247,247, 3
68,247,247, 3
69,247,247, 3
70,247,247, 3
71,247,247, 3
72,247,247, 3
73,247,247, 3
74,247,247, 3
75,247,247, 3
76,247,247, 3
77,247,247, 3
78,247,247, 3
79,247,247, 3
80,247,247, 3
81,247,247, 3
82,247,247, 3
83,247,247, 3
84,247,247, 3
85,247,247, 3
86,246,246, 4
87,246,246, 4
88,246,246, 4
89,246,246, 4
90,246,246, 4
91,246,246, 4
92,246,246, 4
93,246,246, 4
94,246,246, 4
95,246,246, 4
96,246,246, 4
97,246,246, 4
98,246,246, 4
99,245,245, 5
100,245,245, 5
101,245,245, 5
102,245,245, 5
103,245,245, 5
104,245,245, 5
105,245,245, 5
106,245,245, 5
107,245,245, 5
108,245,245, 5
109,245,245, 5
110,245,245, 5
111,245,245, 5
112,245,245, 5
113,245,245, 5
114,245,245, 5
115,245,245, 5
116,245,245, 5
117,245,245, 5
118,245,245, 5
119,244,244, 6
120,244,244, 6
121,244,244, 6
122,244,244, 6
123,244,244, 6
124,244,244, 6
125,244,244, 6
126,244,244, 6
127,244,244, 6
128,244,244, 6
129,244,244, 6
130,244,244, 6
131,244,244, 6
132,244,244, 6
133,244,244, 6
134,244,244, 6
135,244,244, 6
136,244,244, 6
137,244,244, 6
138,244,244, 6
139,244,244, 6
140,244,244, 6
141,244,244, 6
142,244,244, 6
143,244,244, 6
144,244,244, 6
145,244,244, 6
146,244,244, 6
147,244,244, 6
148,244,244, 6
149,244,244, 6
150,244,244, 6
151,244,244, 6
152,244,244, 6
153,244,244, 6
154,244,244, 6
155,244,244, 6
156,244,244, 6
157,244,244, 6
158,244,244, 6
159,244,244, 6
160,244,244, 6
161,244,244, 6
162,244,244, 6
163,244,244, 6
164,244,244, 6
165,244,244, 6
166,243,243, 7
167,243,243, 7
168,243,243, 7
169,243,243, 7
170,243,243, 7
171,243,243, 7
172,243,243, 7
173,243,243, 7
174,243,243, 7
175,243,243, 7
176,243,243, 7
177,243,243, 7
178,243,243, 7
179,243,243, 7
180,243,243, 7
181,243,243, 7
182,243,243, 7
183,243,243, 7
184,243,243, 7
185,243,243, 7
186,243,243, 7
187,243,243, 7
188,243,243, 7
189,243,243, 7
190,243,243, 7
191,243,243, 7
192,243,243, 7
193,243,243, 7
194,243,243, 7
195,243,243, 7
196,243,243, 7
197,243,243, 7
198,243,243, 7
199,243,243, 7
200,243,243, 7
201,243,243, 7
202,243,243, 7
203,243,243, 7
204,243,243, 7
205,243,243, 7
206,243,243, 7
207,243,243, 7
208,243,243, 7
209,243,243, 7
210,243,243, 7
211,243,243, 7
212,243,243, 7
213,243,243, 7
214,243,243, 7
215,243,243, 7
216,243,243, 7
217,243,243, 7
218,243,243, 7
219,243,243, 7
220,243,243, 7
221,243,243, 7
222,243,243, 7
223,243,243, 7
224,243,243, 7
225,243,243, 7
226,243,243, 7
227,243,243, 7
228,243,243, 7
229,243,243, 7
230,243,243, 7
231,243,243, 7
232,243,243, 7
233,243,243, 7
234,243,243, 7
235,243,243, 7
236,243,243, 7
237,242,242, 8
238,242,242, 8
239,242,242, 8
240,242,242, 8
241,242,242, 8
242,242,242, 8
243,242,242, 8
244,242,242, 8
245,242,242, 8
246,242,242, 8
247,242,242, 8
248,242,242, 8
249,242,242, 8
250,242,242, 8
251,242,242, 8
252,242,242, 8
253,242,242, 8
254,242,242, 8
255,242,242, 8
256,242,242, 8
257,242,242, 8
258,242,242, 8
259,242,242, 8
260,242,242, 8
261,242,242, 8
262,242,242, 8
263,242,242, 8
264,242,242, 8
265,242,242, 8
266,242,242, 8
267,242,242, 8
268,242,242, 8
269,241,241, 9
270,241,241, 9
271,241,241, 9
272,241,241, 9
273,241,241, 9
274,240,240, 10
275,240,240, 10
276,240,240, 10
277,240,240, 10
278,240,240, 10
279,240,240, 10
280,240,240, 10
281,240,240, 10
282,240,240, 10
283,240,240, 10
284,240,240, 10
285,240,240, 10
286,240,240, 10
287,240,240, 10
288,240,240, 10
289,240,240, 10
290,240,240, 10
291,240,240, 10
292,240,240, 10
293,240,240, 10
294,240,240, 10
295,240,240, 10
296,240,240, 10
297,240,240, 10
298,240,240, 10
299,240,240, 10
300,240,240, 10
301,240,240, 10
302,240,240, 10
303,240,240, 10
304,240,240, 10
305,240,240, 10
306,240,240, 10
307,240,240, 10
308,240,240, 10
309,240,240, 10
310,240,240, 10
311,240,240, 10
312,240,240, 10
313,240,240, 10
314,240,240, 10
315,240,240, 10
316,240,240, 10
317,240,240, 10
318,240,240, 10
319,240,240, 10
320,240,240, 10
321,240,240, 10
322,240,240, 10
323,240,240, 10
324,240,240, 10
325,240,240, 10
326,240,240, 10
327,240,240, 10
328,240,240, 10
329,240,240, 10
330,240,240, 10
331,240,240, 10
332,240,240, 10
333,240,240, 10
334,240,240, 10
335,240,240, 10
336,240,240, 10
337,240,240, 10
338,240,240, 10
339,240,240, 10
340,240,240, 10
341,240,240, 10
342,240,240, 10
343,240,240, 10
344,240,240, 10
345,240,240, 10
346,240,240, 10
347,240,240, 10
348,240,240, 10
349,240,240, 10
350,240,240, 10
351,240,240, 10
352,240,240, 10
353,240,240, 10
354,240,240, 10
355,240,240, 10
356,240,240, 10
357,240,240, 10
358,240,240, 10
359,240,240, 10
360,240,240, 10
361,240,240, 10
362,240,240, 10
363,240,240, 10
364,240,240, 10
365,240,240, 10
366,240,240, 10
367,240,240, 10
368,240,240, 10
369,240,240, 10
370,240,240, 10
371,240,240, 10
372,240,240, 10
373,240,240, 10
374,240,240, 10
375,240,240, 10
376,240,240, 10
377,240,240, 10
378,240,240, 10
379,240,240, 10
380,240,240, 10
381,240,240, 10
382,240,240, 10
383,240,240, 10
384,240,240, 10
385,240,240, 10
386,240,240, 10
387,240,240, 10
388,240,240, 10
389,240,240, 10
390,240,240, 10
391,240,240, 10
392,240,240, 10
393,240,240, 10
394,240,240, 10
395,240,240, 10
396,240,240, 10
397,240,240, 10
398,240,240, 10
399,240,240, 10
400,240,240, 10
401,240,240, 10
402,240,240, 10
403,240,240, 10
404,240,240, 10
405,240,240, 10
406,240,240, 10
407,240,240, 10
408,240,240, 10
409,239,239, 11
410,239,239, 11
411,239,239, 11
412,239,239, 11
413,239,239, 11
414,239,239, 11
415,239,239, 11
416,239,239, 11
417,239,239, 11
418,239,239, 11
419,239,239, 11
420,239,239, 11
421,239,239, 11
422,239,239, 11
423,239,239, 11
424,239,239, 11
425,239,239, 11
426,239,239, 11
427,239,239, 11
428,239,239, 11
429,239,239, 11
430,239,239, 11
431,239,239, 11
432,239,239, 11
433,239,239, 11
434,239,239, 11
435,239,239, 11
436,238,238, 12
437,238,238, 12
438,238,238, 12
439,238,238, 12
440,238,238, 12
441,238,238, 12
442,238,238, 12
443,238,238, 12
444,238,238, 12
445,238,238, 12
446,238,238, 12
447,238,238, 12
448,238,238, 12
449,238,238, 12
450,238,238, 12
451,238,238, 12
452,238,238, 12
453,238,238, 12
454,238,238, 12
455,238,238, 12
456,238,238, 12
457,238,238, 12
458,238,238, 12
459,238,238, 12
460,238,238, 12
461,238,238, 12
462,238,238, 12
463,238,238, 12
464,238,238, 12
465,238,238, 12
466,238,238, 12
467,238,238, 12
468,238,238, 12
469,238,238, 12
470,238,238, 12
471,238,238, 12
472,238,238, 12
473,238,238, 12
474,238,238, 12
475,238,238, 12
476,238,238, 12
477,238,238, 12
478,238,238, 12
479,238,238, 12
480,238,238, 12
481,238,238, 12
482,238,238, 12
483,238,238, 12
484,238,238, 12
485,238,238, 12
486,238,238, 12
487,238,238, 12
488,238,238, 12
489,238,238, 12
490,238,238, 12
491,238,238, 12
492,238,238, 12
493,238,238, 12
494,238,238, 12
495,238,238, 12
496,238,238, 12
497,238,238, 12
498,238,238, 12
499,238,238, 12
500,238,238, 12
501,238,238, 12
502,238,238, 12
503,238,238, 12
504,238,238, 12
505,238,238, 12
506,238,238, 12
507,238,238, 12
508,238,238, 12
509,238,238, 12
510,238,238, 12
511,237,237, 13
512,237,237, 13
513,237,237, 13
514,237,237, 13
515,237,237, 13
516,237,237, 13
517,237,237, 13
518,237,237, 13
519,237,237, 13
520,237,237, 13
521,237,237, 13
522,237,237, 13
523,237,237, 13
524,237,237, 13
525,236,236, 14
526,236,236, 14
527,236,236, 14
528,236,236, 14
529,236,236, 14
530,236,236, 14
531,236,236, 14
532,236,236, 14
533,236,236, 14
534,236,236, 14
535,236,236, 14
536,236,236, 14
537,236,236, 14
538,236,236, 14
539,236,236, 14
540,236,236, 14
541,236,236, 14
542,235,235, 15
543,235,235, 15
544,235,235, 15
545,235,235, 15
546,235,235, 15
547,235,235, 15
548,235,235, 15
549,235,235, 15
550,235,235, 15
551,235,235, 15
552,235,235, 15
553,235,235, 15
554,235,235, 15
555,235,235, 15
556,235,235, 15
557,235,235, 15
558,235,235, 15
559,235,235, 15
560,235,235, 15
561,235,235, 15
562,235,235, 15
563,235,235, 15
564,235,235, 15
565,235,235, 15
566,235,235, 15
567,235,235, 15
568,235,235, 15
569,235,235, 15
570,235,235, 15
571,235,235, 15
572,235,235, 15
573,235,235, 15
574,235,235, 15
575,235,235, 15
576,235,235, 15
577,235,235, 15
578,235,235, 15
579,235,235, 15
580,235,235, 15
581,235,235, 15
582,235,235, 15
583,235,235, 15
584,235,235, 15
585,235,235, 15
586,235,235, 15
587,235,235, 15
588,235,235, 15
589,235,235, 15
590,235,235, 15
591,235,235, 15
592,235,235, 15
593,235,235, 15
594,235,235, 15
595,235,235, 15
596,235,235, 15
597,235,235, 15
598,235,235, 15
599,235,235, 15
600,235,235, 15
601,235,235, 15
602,235,235, 15
603,235,235, 15
604,235,235, 15
605,235,235, 15
606,235,235, 15
607,235,235, 15
608,235,235, 15
609,235,235, 15
610,235,235, 15
611,235,235, 15
612,235,235, 15
613,235,235, 15
614,235,235, 15
615,235,235, 15
616,235,235, 15
617,235,235, 15
618,235,235, 15
619,235,235, 15
620,235,235, 15
621,235,235, 15
622,235,235, 15
623,235,235, 15
624,235,235, 15
625,235,235, 15
626,235,235, 15
627,235,235, 15
628,235,235, 15
629,235,235, 15
630,235,235, 15
631,235,235, 15
632,235,235, 15
633,235,235, 15
634,235,235, 15
635,235,235, 15
636,235,235, 15
637,235,235, 15
638,235,235, 15
639,235,235, 15
640,235,235, 15
641,235,235, 15
642,235,235, 15
643,235,235, 15
644,235,235, 15
645,235,235, 15
646,235,235, 15
647,235,235, 15
648,235,235, 15
649,235,235, 15
650,235,235, 15
651,235,235, 15
652,235,235, 15
653,235,235, 15
654,235,235, 15
655,235,235, 15
656,235,235, 15
657,235,235, 15
658,235,235, 15
659,235,235, 15
660,235,235, 15
661,235,235, 15
662,235,235, 15
663,235,235, 15
664,235,235, 15
665,234,234, 16
666,234,234, 16
667,234,234, 16
668,234,234, 16
669,234,234, 16
670,234,234, 16
671,234,234, 16
672,234,234, 16
673,234,234, 16
674,234,234, 16
675,234,234, 16
676,234,234, 16
677,234,234, 16
678,234,234, 16
679,234,234, 16
680,234,234, 16
681,234,234, 16
682,234,234, 16
683,234,234, 16
684,234,234, 16
685,234,234, 16
686,234,234, 16
687,234,234, 16
688,234,234, 16
689,234,234, 16
690,234,234, 16
691,234,234, 16
692,234,234, 16
693,234,234, 16
694,234,234, 16
695,234,234, 16
696,234,234, 16
697,234,234, 16
698,234,234, 16
699,234,234, 16
700,234,234, 16
701,234,234, 16
702,234,234, 16
703,234,234, 16
704,234,234, 16
705,234,234, 16
706,234,234, 16
707,234,234, 16
708,234,234, 16
709,234,234, 16
710,234,234, 16
711,234,234, 16
712,234,234, 16
713,234,234, 16
714,234,234, 16
715,234,234, 16
716,234,234, 16
717,234,234, 16
718,234,234, 16
719,234,234, 16
720,234,234, 16
721,234,234, 16
722,234,234, 16
723,234,234, 16
724,234,234, 16
725,234,234, 16
726,234,234, 16
727,234,234, 16
728,234,234, 16
729,233,233, 17
730,233,233, 17
731,233,233, 17
732,233,233, 17
733,233,233, 17
734,233,233, 17
735,233,233, 17
736,233,233, 17
737,233,233, 17
738,233,233, 17
739,233,233, 17
740,233,233, 17
741,233,233, 17
742,233,233, 17
743,233,233, 17
744,233,233, 17
745,233,233, 17
746,233,233, 17
747,233,233, 17
748,233,233, 17
749,233,233, 17
750,233,233, 17
751,233,233, 17
752,233,233, 17
753,233,233, 17
754,233,233, 17
755,233,233, 17
756,233,233, 17
757,233,233, 17
758,233,233, 17
759,233,233, 17
760,233,233, 17
761,233,233, 17
762,233,233, 17
763,233,233, 17
764,233,233, 17
765,233,233, 17
766,233,233, 17
767,233,233, 17
768,233,233, 17
769,233,233, 17
770,233,233, 17
771,233,233, 17
772,233,233, 17
773,233,233, 17
774,233,233, 17
775,233,233, 17
776,233,233, 17
777,233,233, 17
778,233,233, 17
779,233,233, 17
780,233,233, 17
781,233,233, 17
782,233,233, 17
783,233,233, 17
784,233,233, 17
785,233,233, 17
786,233,233, 17
787,233,233, 17
788,233,233, 17
789,233,233, 17
790,233,233, 17
791,233,233, 17
792,233,233, 17
793,233,233, 17
794,233,233, 17
795,233,233, 17
796,233,233, 17
797,233,233, 17
798,232,232, 18
799,231,231, 19
800,231,231, 19
801,231,231, 19
802,230,230, 20
803,230,230, 20
804,230,230, 20
805,230,230, 20
806,230,230, 20
807,230,230, 20
808,230,230, 20
809,230,230, 20
810,230,230, 20
811,230,230, 20
812,230,230, 20
813,230,230, 20
814,230,230, 20
815,230,230, 20
816,230,230, 20
817,230,230, 20
818,230,230, 20
819,230,230, 20
820,230,230, 20
821,230,230, 20
822,230,230, 20
823,230,230, 20
824,230,230, 20
825,230,230, 20
826,230,230, 20
827,230,230, 20
828,230,230, 20
829,230,230, 20
830,230,230, 20
831,230,230, 20
832,230,230, 20
833,230,230, 20
834,230,230, 20
835,230,230, 20
836,230,230, 20
837,230,230, 20
838,230,230, 20
839,230,230, 20
840,230,230, 20
841,230,230, 20
842,230,230, 20
843,230,230, 20
844,230,230, 20
845,230,230, 20
846,230,230, 20
847,230,230, 20
848,230,230, 20
849,230,230, 20
850,230,230, 20
851,230,230, 20
852,230,230, 20
853,230,230, 20
854,230,230, 20
855,230,230, 20
856,230,230, 20
857,230,230, 20
858,230,230, 20
859,230,230, 20
860,230,230, 20
861,230,230, 20
862,230,230, 20
863,230,230, 20
864,230,230, 20
865,230,230, 20
866,230,230, 20
867,230,230, 20
868,230,230, 20
869,230,230, 20
870,230,230, 20
871,230,230, 20
872,230,230, 20
873,230,230, 20
874,230,230, 20
875,230,230, 20
876,230,230, 20
877,230,230, 20
878,230,230, 20
879,230,230, 20
880,230,230, 20
881,230,230, 20
882,230,230, 20
883,230,230, 20
884,230,230, 20
885,230,230, 20
886,230,230, 20
887,230,230, 20
888,230,230, 20
889,230,230, 20
890,230,230, 20
891,230,230, 20
892,230,230, 20
893,230,230, 20
894,230,230, 20
895,230,230, 20
896,230,230, 20
897,230,230, 20
898,230,230, 20
899,230,230, 20
900,230,230, 20
901,230,230, 20
902,230,230, 20
903,230,230, 20
904,230,230, 20
905,230,230, 20
906,230,230, 20
907,230,230, 20
908,230,230, 20
909,230,230, 20
910,230,230, 20
911,230,230, 20
912,229,229, 21
913,229,229, 21
914,229,229, 21
915,229,229, 21
916,229,229, 21
917,229,229, 21
918,229,229, 21
919,229,229, 21
920,229,229, 21
921,229,229, 21
922,229,229, 21
923,229,229, 21
924,229,229, 21
925,229,229, 21
926,229,229, 21
927,229,229, 21
928,229,229, 21
929,229,229, 21
930,229,229, 21
931,229,229, 21
932,229,229, 21
933,229,229, 21
934,229,229, 21
935,229,229, 21
936,228,228, 22
937,228,228, 22
938,228,228, 22
939,228,228, 22
940,228,228, 22
941,228,228, 22
942,228,228, 22
943,228,228, 22
944,228,228, 22
945,228,228, 22
946,228,228, 22
947,228,228, 22
948,228,228, 22
949,228,228, 22
950,228,228, 22
951,228,228, 22
952,228,228, 22
953,228,228, 22
954,228,228, 22
955,228,228, 22
956,228,228, 22
957,228,228, 22
958,228,228, 22
959,228,228, 22
960,228,228, 22
961,228,228, 22
962,228,228, 22
963,228,228, 22
964,228,228, 22
965,228,228, 22
966,228,228, 22
967,228,228, 22
968,228,228, 22
969,228,228, 22
970,228,228, 22
971,228,228, 22
972,228,228, 22
973,228,228, 22
974,228,228, 22
975,228,228, 22
976,228,228, 22
977,228,228, 22
978,228,228, 22
979,228,228, 22
980,228,228, 22
981,228,228, 22
982,228,228, 22
983,228,228, 22
984,228,228, 22
985,228,228, 22
986,228,228, 22
987,228,228, 22
988,228,228, 22
989,228,228, 22
990,228,228, 22
991,228,228, 22
992,228,228, 22
993,228,228, 22
994,228,228, 22
995,228,228, 22
996,228,228, 22
997,228,228, 22
998,228,228, 22
999,228,228, 22
1000,228,228, 22
1001,228,228, 22
1002,228,228, 22
1003,228,228, 22
1004,228,228, 22
1005,228,228, 22
1006,228,228, 22
1007,228,228, 22
1008,228,228, 22
1009,228,228, 22
1010,228,228, 22
1011,228,228, 22
1012,228,228, 22
1013,228,228, 22
1014,228,228, 22
1015,228,228, 22
1016,228,228, 22
1017,228,228, 22
1018,228,228, 22
1019,228,228, 22
1020,228,228, 22
1021,228,228, 22
1022,228,228, 22
1023,228,228, 22
1024,228,228, 22
1025,228,228, 22
1026,228,228, 22
1027,228,228, 22
1028,228,228, 22
1029,228,228, 22
1030,228,228, 22
1031,228,228, 22
1032,228,228, 22
1033,228,228, 22
1034,228,228, 22
1035,228,228, 22
1036,228,228, 22
1037,228,228, 22
1038,228,228, 22
1039,228,228, 22
1040,228,228, 22
1041,228,228, 22
1042,228,228, 22
1043,228,228, 22
1044,228,228, 22
1045,228,228, 22
1046,228,228, 22
1047,228,228, 22
1048,228,228, 22
1049,228,228, 22
1050,228,228, 22
1051,228,228, 22
1052,228,228, 22
1053,228,228, 22
1054,228,228, 22
1055,228,228, 22
1056,228,228, 22
1057,228,228, 22
1058,228,228, 22
1059,228,228, 22
1060,228,228, 22
1061,228,228, 22
1062,228,228, 22
1063,228,228, 22
1064,228,228, 22
1065,228,228, 22
1066,228,228, 22
1067,228,228, 22
1068,228,228, 22
1069,227,227, 23
1070,227,227, 23
1071,227,227, 23
1072,227,227, 23
1073,227,227, 23
1074,227,227, 23
1075,227,227, 23
1076,227,227, 23
1077,227,227, 23
1078,227,227, 23
1079,227,227, 23
1080,227,227, 23
1081,227,227, 23
1082,227,227, 23
1083,227,227, 23
1084,227,227, 23
1085,227,227, 23
1086,227,227, 23
1087,227,227, 23
1088,227,227, 23
1089,227,227, 23
1090,227,227, 23
1091,227,227, 23
1092,227,227, 23
1093,227,227, 23
1094,227,227, 23
1095,227,227, 23
1096,227,227, 23
1097,227,227, 23
1098,227,227, 23
1099,227,227, 23
1100,227,227, 23
1101,227,227, 23
1102,227,227, 23
1103,227,227, 23
1104,227,227, 23
1105,227,227, 23
1106,227,227, 23
1107,227,227, 23
1108,227,227, 23
1109,227,227, 23
1110,227,227, 23
1111,227,227, 23
1112,227,227, 23
1113,227,227, 23
1114,227,227, 23
1115,227,227, 23
1116,227,227, 23
1117,227,227, 23
1118,227,227, 23
1119,227,227, 23
1120,227,227, 23
1121,227,227, 23
1122,227,227, 23
1123,227,227, 23
1124,227,227, 23
1125,227,227, 23
1126,227,227, 23
1127,227,227, 23
1128,227,227, 23
1129,227,227, 23
1130,227,227, 23
1131,227,227, 23
1132,227,227, 23
1133,227,227, 23
1134,227,227, 23
1135,227,227, 23
1136,227,227, 23
1137,227,227, 23
1138,227,227, 23
1139,227,227, 23
1140,227,227, 23
1141,227,227, 23
1142,227,227, 23
1143,227,227, 23
1144,227,227, 23
1145,227,227, 23
1146,227,227, 23
1147,227,227, 23
1148,227,227, 23
1149,227,227, 23
1150,227,227, 23
1151,227,227, 23
1152,227,227, 23
1153,227,227, 23
1154,227,227, 23
1155,227,227, 23
1156,227,227, 23
1157,227,227, 23
1158,227,227, 23
1159,227,227, 23
1160,227,227, 23
1161,227,227, 23
1162,227,227, 23
1163,227,227, 23
1164,227,227, 23
1165,227,227, 23
1166,227,227, 23
1167,227,227, 23
1168,227,227, 23
1169,227,227, 23
1170,227,227, 23
1171,227,227, 23
1172,227,227, 23
1173,227,227, 23
1174,227,227, 23
1175,227,227, 23
1176,227,227, 23
1177,227,227, 23
1178,227,227, 23
1179,227,227, 23
1180,227,227, 23
1181,227,227, 23
1182,227,227, 23
1183,227,227, 23
1184,227,227, 23
1185,227,227, 23
1186,227,227, 23
1187,227,227, 23
1188,227,227, 23
1189,227,227, 23
1190,227,227, 23
1191,227,227, 23
1192,227,227, 23
1193,227,227, 23
1194,227,227, 23
1195,227,227, 23
1196,227,227, 23
1197,227,227, 23
1198,227,227, 23
1199,226,226, 24
1200,226,226, 24
1201,226,226, 24
1202,226,226, 24
1203,226,226, 24
1204,226,226, 24
1205,226,226, 24
1206,226,226, 24
1207,226,226, 24
1208,226,226, 24
1209,226,226, 24
1210,226,226, 24
1211,226,226, 24
1212,226,226, 24
1213,226,226, 24
1214,226,226, 24
1215,226,226, 24
1216,226,226, 24
1217,226,226, 24
1218,226,226, 24
1219,226,226, 24
1220,226,226, 24
1221,226,226, 24
1222,226,226, 24
1223,226,226, 24
1224,226,226, 24
1225,226,226, 24
1226,226,226, 24
1227,226,226, 24
1228,226,226, 24
1229,226,226, 24
1230,226,226, 24
1231,226,226, 24
1232,226,226, 24
1233,226,226, 24
1234,226,226, 24
1235,226,226, 24
1236,226,226, 24
1237,226,226, 24
1238,226,226, 24
1239,226,226, 24
1240,226,226, 24
1241,226,226, 24
1242,226,226, 24
1243,226,226, 24
1244,226,226, 24
1245,226,226, 24
1246,226,226, 24
1247,226,226, 24
1248,226,226, 24
1249,226,226, 24
1250,226,226, 24
1251,226,226, 24
1252,226,226, 24
1253,226,226, 24
1254,226,226, 24
1255,226,226, 24
1256,226,226, 24
1257,226,226, 24
1258,226,226, 24
1259,226,226, 24
1260,226,226, 24
1261,226,226, 24
1262,226,226, 24
1263,226,226, 24
1264,226,226, 24
1265,226,226, 24
1266,226,226, 24
1267,226,226, 24
1268,226,226, 24
1269,226,226, 24
1270,226,226, 24
1271,226,226, 24
1272,226,226, 24
1273,226,226, 24
1274,226,226, 24
1275,226,226, 24
1276,226,226, 24
1277,226,226, 24
1278,226,226, 24
1279,226,226, 24
1280,226,226, 24
1281,226,226, 24
1282,226,226, 24
1283,226,226, 24
1284,226,226, 24
1285,225,225, 25
1286,225,225, 25
1287,225,225, 25
1288,225,225, 25
1289,225,225, 25
1290,225,225, 25
1291,225,225, 25
1292,225,225, 25
1293,225,225, 25
1294,225,225, 25
1295,225,225, 25
1296,225,225, 25
1297,225,225, 25
1298,225,225, 25
1299,225,225, 25
1300,225,225, 25
1301,225,225, 25
1302,225,225, 25
1303,225,225, 25
1304,225,225, 25
1305,225,225, 25
1306,225,225, 25
1307,225,225, 25
1308,225,225, 25
1309,225,225, 25
1310,225,225, 25
1311,225,225, 25
1312,225,225, 25
1313,225,225, 25
1314,225,225, 25
1315,225,225, 25
1316,225,225, 25
1317,225,225, 25
1318,225,225, 25
1319,225,225, 25
1320,225,225, 25
1321,225,225, 25
1322,225,225, 25
1323,225,225, 25
1324,225,225, 25
1325,225,225, 25
1326,225,225, 25
1327,225,225, 25
1328,225,225, 25
1329,225,225, 25
1330,225,225, 25
1331,225,225, 25
1332,225,225, 25
1333,225,225, 25
1334,225,225, 25
1335,225,225, 25
1336,225,225, 25
1337,225,225, 25
1338,225,225, 25
1339,225,225, 25
1340,225,225, 25
1341,225,225, 25
1342,225,225, 25
1343,225,225, 25
1344,225,225, 25
1345,225,225, 25
1346,225,225, 25
1347,225,225, 25
1348,225,225, 25
1349,225,225, 25
1350,225,225, 25
1351,225,225, 25
1352,225,225, 25
1353,225,225, 25
1354,225,225, 25
1355,225,225, 25
1356,225,225, 25
1357,225,225, 25
1358,225,225, 25
1359,225,225, 25
1360,225,225, 25
1361,225,225, 25
1362,225,225, 25
1363,225,225, 25
1364,225,225, 25
1365,225,225, 25
1366,225,225, 25
1367,225,225, 25
1368,225,225, 25
1369,225,225, 25
1370,225,225, 25
1371,225,225, 25
1372,225,225, 25
1373,225,225, 25
1374,225,225, 25
1375,225,225, 25
1376,225,225, 25
1377,225,225, 25
1378,225,225, 25
1379,225,225, 25
1380,225,225, 25
1381,225,225, 25
1382,225,225, 25
1383,225,225, 25
1384,225,225, 25
1385,225,225, 25
1386,225,225, 25
1387,225,225, 25
1388,225,225, 25
1389,225,225, 25
1390,225,225, 25
1391,225,225, 25
1392,225,225, 25
1393,225,225, 25
1394,225,225, 25
1395,225,225, 25
1396,225,225, 25
1397,225,225, 25
1398,225,225, 25
1399,225,225, 25
1400,225,225, 25
1401,225,225, 25
1402,225,225, 25
1403,225,225, 25
1404,225,225, 25
1405,225,225, 25
1406,225,225, 25
1407,225,225, 25
1408,225,225, 25
1409,225,225, 25
1410,225,225, 25
1411,225,225, 25
1412,225,225, 25
1413,225,225, 25
1414,225,225, 25
1415,225,225, 25
1416,225,225, 25
1417,225,225, 25
1418,225,225, 25
1419,225,225, 25
1420,225,225, 25
1421,225,225, 25
1422,225,225, 25
1423,225,225, 25
1424,225,225, 25
1425,225,225, 25
1426,225,225, 25
1427,225,225, 25
1428,225,225, 25
1429,225,225, 25
1430,225,225, 25
1431,225,225, 25
1432,225,225, 25
1433,225,225, 25
1434,225,225, 25
1435,225,225, 25
1436,225,225, 25
1437,225,225, 25
1438,225,225, 25
1439,225,225, 25
1440,225,225, 25
1441,225,225, 25
1442,225,225, 25
1443,225,225, 25
1444,225,225, 25
1445,225,225, 25
1446,225,225, 25
1447,225,225, 25
1448,225,225, 25
1449,225,225, 25
1450,225,225, 25
1451,225,225, 25
1452,225,225, 25
1453,225,225, 25
1454,225,225, 25
1455,225,225, 25
1456,225,225, 25
1457,225,225, 25
1458,225,225, 25
1459,225,225, 25
1460,225,225, 25
1461,225,225, 25
1462,225,225, 25
1463,225,225, 25
1464,225,225, 25
1465,225,225, 25
1466,225,225, 25
1467,225,225, 25
1468,225,225, 25
1469,225,225, 25
1470,225,225, 25
1471,225,225, 25
1472,225,225, 25
1473,225,225, 25
1474,225,225, 25
1475,225,225, 25
1476,225,225, 25
1477,225,225, 25
1478,225,225, 25
1479,225,225, 25
1480,225,225, 25
1481,225,225, 25
1482,225,225, 25
1483,225,225, 25
1484,225,225, 25
1485,225,225, 25
1486,225,225, 25
1487,225,225, 25
1488,225,225, 25
1489,225,225, 25
1490,225,225, 25
1491,225,225, 25
1492,225,225, 25
1493,225,225, 25
1494,225,225, 25
1495,225,225, 25
1496,225,225, 25
1497,225,225, 25
1498,225,225, 25
1499,225,225, 25
