0,250,250, 0
1,250,250, 0
2,250,250, 0
3,250,250, 0
4,250,250, 0
5,250,250, 0
6,250,250, 0
7,250,250, 0
8,250,250, 0
9,250,250, 0
10,250,250, 0
11,250,250, 0
12,250,250, 0
13,250,250, 0
14,250,250, 0
15,249,249, 1
16,249,249, 1
17,249,249, 1
18,248,248, 2
19,248,248, 2
20,248,248, 2
21,248,248, 2
22,248,248, 2
23,248,248, 2
24,248,248, 2
25,248,248, 2
26,248,248, 2
27,248,248, 2
28,248,248, 2
29,248,248, 2
30,248,248, 2
31,248,248, 2
32,248,248, 2
33,248,248, 2
34,248,248, 2
35,248,248, 2
36,248,248, 2
37,248,248, 2
38,248,248, 2
39,248,248, 2
40,248,248, 2
41,248,248, 2
42,248,248, 2
43,248,248, 2
44,248,248, 2
45,248,248, 2
46,248,248, 2
47,248,248, 2
48,248,248, 2
49,248,248, 2
50,248,248, 2
51,248,248, 2
52,248,248, 2
53,248,248, 2
54,248,248, 2
55,248,248, 2
56,248,248, 2
57,248,248, 2
58,248,248, 2
59,248,248, 2
60,248,248, 2
61,248,248, 2
62,248,248, 2
63,248,248, 2
64,248,248, 2
65,248,248, 2
66,248,248, 2
67,248,248, 2
68,248,248, 2
69,248,248, 2
70,248,248, 2
71,248,248, 2
72,248,248, 2
73,247,247, 3
74,247,247, 3
75,247,247, 3
76,247,247, 3
77,247,247, 3
78,247,247, 3
79,247,247, 3
80,247,247, 3
81,247,247, 3
82,247,247, 3
83,246,246, 4
84,246,246, 4
85,246,246, 4
86,246,246, 4
87,246,246, 4
88,246,246, 4
89,246,246, 4
90,246,246, 4
91,246,246, 4
92,246,246, 4
93,246,246, 4
94,246,246, 4
95,246,246, 4
96,246,246, 4
97,246,246, 4
98,246,246, 4
99,246,246, 4
100,246,246, 4
101,246,246, 4
102,246,246, 4
103,245,245, 5
104,245,245, 5
105,245,245, 5
106,245,245, 5
107,245,245, 5
108,245,245, 5
109,245,245, 5
110,245,245, 5
111,245,245, 5
112,245,245, 5
113,245,245, 5
114,245,245, 5
115,245,245, 5
116,245,245, 5
117,245,245, 5
118,245,245, 5
119,245,245, 5
120,245,245, 5
121,245,245, 5
122,245,245, 5
123,245,245, 5
124,245,245, 5
125,245,245, 5
126,245,245, 5
127,245,245, 5
128,245,245, 5
129,245,245, 5
130,245,245, 5
131,245,245, 5
132,245,245, 5
133,245,245, 5
134,245,245, 5
135,245,245, 5
136,245,245, 5
137,245,245, 5
138,245,245, 5
139,245,245, 5
140,245,245, 5
141,245,245, 5
142,245,245, 5
143,245,245, 5
144,245,245, 5
145,245,245, 5
146,245,245, 5
147,245,245, 5
148,245,245, 5
149,245,245, 5
150,245,245, 5
151,245,245, 5
152,245,245, 5
153,245,245, 5
154,245,245, 5
155,245,245, 5
156,245,245, 5
157,245,245, 5
158,245,245, 5
159,245,245, 5
160,245,245, 5
161,245,245, 5
162,245,245, 5
163,245,245, 5
164,245,245, 5
165,245,245, 5
166,245,245, 5
167,245,245, 5
168,245,245, 5
169,245,245, 5
170,245,245, 5
171,245,245, 5
172,245,245, 5
173,245,245, 5
174,245,245, 5
175,245,245, 5
176,245,245, 5
177,245,245, 5
178,245,245, 5
179,245,245, 5
180,245,245, 5
181,245,245, 5
182,245,245, 5
183,245,245, 5
184,245,245, 5
185,245,245, 5
186,245,245, 5
187,245,245, 5
188,245,245, 5
189,245,245, 5
190,245,245, 5
191,245,245, 5
192,245,245, 5
193,245,245, 5
194,245,245, 5
195,245,245, 5
196,245,245, 5
197,244,244, 6
198,244,244, 6
199,244,244, 6
200,244,244, 6
201,244,244, 6
202,244,244, 6
203,244,244, 6
204,244,244, 6
205,244,244, 6
206,244,244, 6
207,244,244, 6
208,244,244, 6
209,244,244, 6
210,244,244, 6
211,244,244, 6
212,244,244, 6
213,244,244, 6
214,244,244, 6
215,244,244, 6
216,244,244, 6
217,244,244, 6
218,244,244, 6
219,244,244, 6
220,244,244, 6
221,244,244, 6
222,244,244, 6
223,244,244, 6
224,244,244, 6
225,244,244, 6
226,244,244, 6
227,244,244, 6
228,244,244, 6
229,244,244, 6
230,244,244, 6
231,244,244, 6
232,244,244, 6
233,244,244, 6
234,244,244, 6
235,244,244, 6
236,244,244, 6
237,244,244, 6
238,244,244, 6
239,244,244, 6
240,244,244, 6
241,244,244, 6
242,244,244, 6
243,244,244, 6
244,244,244, 6
245,244,244, 6
246,243,243, 7
247,243,243, 7
248,243,243, 7
249,243,243, 7
250,243,243, 7
251,243,243, 7
252,243,243, 7
253,242,242, 8
254,242,242, 8
255,242,242, 8
256,242,242, 8
257,241,241, 9
258,241,241, 9
259,241,241, 9
260,241,241, 9
261,241,241, 9
262,241,241, 9
263,241,241, 9
264,241,241, 9
265,241,241, 9
266,241,241, 9
267,241,241, 9
268,241,241, 9
269,241,241, 9
270,241,241, 9
271,241,241, 9
272,241,241, 9
273,241,241, 9
274,241,241, 9
275,241,241, 9
276,241,241, 9
277,241,241, 9
278,241,241, 9
279,241,241, 9
280,241,241, 9
281,241,241, 9
282,241,241, 9
283,241,241, 9
284,241,241, 9
285,241,241, 9
286,241,241, 9
287,241,241, 9
288,241,241, 9
289,241,241, 9
290,241,241, 9
291,241,241, 9
292,241,241, 9
293,241,241, 9
294,241,241, 9
295,241,241, 9
296,241,241, 9
297,241,241, 9
298,241,241, 9
299,241,241, 9
300,241,241, 9
301,241,241, 9
302,241,241, 9
303,241,241, 9
304,241,241, 9
305,241,241, 9
306,241,241, 9
307,241,241, 9
308,241,241, 9
309,241,241, 9
310,241,241, 9
311,241,241, 9
312,241,241, 9
313,241,241, 9
314,241,241, 9
315,241,241, 9
316,241,241, 9
317,241,241, 9
318,241,241, 9
319,241,241, 9
320,241,241, 9
321,241,241, 9
322,241,241, 9
323,241,241, 9
324,241,241, 9
325,241,241, 9
326,241,241, 9
327,241,241, 9
328,241,241, 9
329,241,241, 9
330,241,241, 9
331,241,241, 9
332,241,241, 9
333,241,241, 9
334,241,241, 9
335,241,241, 9
336,241,241, 9
337,241,241, 9
338,241,241, 9
339,241,241, 9
340,241,241, 9
341,241,241, 9
342,241,241, 9
343,241,241, 9
344,241,241, 9
345,241,241, 9
346,241,241, 9
347,241,241, 9
348,241,241, 9
349,241,241, 9
350,241,241, 9
351,241,241, 9
352,241,241, 9
353,241,241, 9
354,241,241, 9
355,241,241, 9
356,241,241, 9
357,241,241, 9
358,241,241, 9
359,241,241, 9
360,241,241, 9
361,241,241, 9
362,241,241, 9
363,241,241, 9
364,241,241, 9
365,241,241, 9
366,241,241, 9
367,241,241, 9
368,241,241, 9
369,240,240, 10
370,240,240, 10
371,240,240, 10
372,240,240, 10
373,240,240, 10
374,240,240, 10
375,240,240, 10
376,240,240, 10
377,240,240, 10
378,240,240, 10
379,240,240, 10
380,240,240, 10
381,240,240, 10
382,240,240, 10
383,240,240, 10
384,240,240, 10
385,240,240, 10
386,240,240, 10
387,240,240, 10
388,240,240, 10
389,240,240, 10
390,240,240, 10
391,240,240, 10
392,240,240, 10
393,240,240, 10
394,240,240, 10
395,240,240, 10
396,240,240, 10
397,240,240, 10
398,240,240, 10
399,240,240, 10
400,240,240, 10
401,240,240, 10
402,240,240, 10
403,240,240, 10
404,240,240, 10
405,240,240, 10
406,240,240, 10
407,240,240, 10
408,240,240, 10
409,240,240, 10
410,240,240, 10
411,240,240, 10
412,240,240, 10
413,240,240, 10
414,240,240, 10
415,240,240, 10
416,240,240, 10
417,240,240, 10
418,240,240, 10
419,240,240, 10
420,240,240, 10
421,240,240, 10
422,240,240, 10
423,240,240, 10
424,240,240, 10
425,240,240, 10
426,240,240, 10
427,240,240, 10
428,240,240, 10
429,240,240, 10
430,240,240, 10
431,240,240, 10
432,240,240, 10
433,240,240, 10
434,240,240, 10
435,240,240, 10
436,240,240, 10
437,240,240, 10
438,240,240, 10
439,240,240, 10
440,240,240, 10
441,240,240, 10
442,240,240, 10
443,240,240, 10
444,240,240, 10
445,240,240, 10
446,240,240, 10
447,240,240, 10
448,240,240, 10
449,240,240, 10
450,240,240, 10
451,240,240, 10
452,240,240, 10
453,240,240, 10
454,240,240, 10
455,240,240, 10
456,240,240, 10
457,240,240, 10
458,240,240, 10
459,240,240, 10
460,240,240, 10
461,240,240, 10
462,240,240, 10
463,240,240, 10
464,240,240, 10
465,240,240, 10
466,240,240, 10
467,240,240, 10
468,240,240, 10
469,240,240, 10
470,240,240, 10
471,240,240, 10
472,240,240, 10
473,240,240, 10
474,240,240, 10
475,240,240, 10
476,240,240, 10
477,240,240, 10
478,240,240, 10
479,240,240, 10
480,240,240, 10
481,240,240, 10
482,240,240, 10
483,240,240, 10
484,240,240, 10
485,240,240, 10
486,240,240, 10
487,240,240, 10
488,240,240, 10
489,240,240, 10
490,240,240, 10
491,240,240, 10
492,240,240, 10
493,240,240, 10
494,240,240, 10
495,240,240, 10
496,240,240, 10
497,240,240, 10
498,240,240, 10
499,240,240, 10
500,240,240, 10
501,240,240, 10
502,240,240, 10
503,240,240, 10
504,240,240, 10
505,240,240, 10
506,240,240, 10
507,240,240, 10
508,240,240, 10
509,240,240, 10
510,240,240, 10
511,240,240, 10
512,240,240, 10
513,240,240, 10
514,240,240, 10
515,240,240, 10
516,240,240, 10
517,240,240, 10
518,240,240, 10
519,240,240, 10
520,240,240, 10
521,240,240, 10
522,240,240, 10
523,240,240, 10
524,240,240, 10
525,240,240, 10
526,240,240, 10
527,240,240, 10
528,240,240, 10
529,240,240, 10
530,240,240, 10
531,240,240, 10
532,240,240, 10
533,240,240, 10
534,240,240, 10
535,240,240, 10
536,240,240, 10
537,240,240, 10
538,240,240, 10
539,240,240, 10
540,240,240, 10
541,240,240, 10
542,240,240, 10
543,240,240, 10
544,240,240, 10
545,240,240, 10
546,240,240, 10
547,240,240, 10
548,240,240, 10
549,240,240, 10
550,240,240, 10
551,240,240, 10
552,240,240, 10
553,240,240, 10
554,240,240, 10
555,240,240, 10
556,240,240, 10
557,240,240, 10
558,240,240, 10
559,240,240, 10
560,240,240, 10
561,240,240, 10
562,240,240, 10
563,240,240, 10
564,240,240, 10
565,240,240, 10
566,240,240, 10
567,240,240, 10
568,240,240, 10
569,240,240, 10
570,240,240, 10
571,240,240, 10
572,240,240, 10
573,240,240, 10
574,240,240, 10
575,240,240, 10
576,240,240, 10
577,240,240, 10
578,240,240, 10
579,240,240, 10
580,240,240, 10
581,240,240, 10
582,240,240, 10
583,240,240, 10
584,240,240, 10
585,240,240, 10
586,240,240, 10
587,240,240, 10
588,240,240, 10
589,240,240, 10
590,240,240, 10
591,240,240, 10
592,240,240, 10
593,240,240, 10
594,240,240, 10
595,240,240, 10
596,240,240, 10
597,240,240, 10
598,240,240, 10
599,240,240, 10
600,240,240, 10
601,240,240, 10
602,240,240, 10
603,240,240, 10
604,240,240, 10
605,240,240, 10
606,240,240, 10
607,240,240, 10
608,240,240, 10
609,240,240, 10
610,240,240, 10
611,240,240, 10
612,240,240, 10
613,240,240, 10
614,240,240, 10
615,240,240, 10
616,240,240, 10
617,240,240, 10
618,240,240, 10
619,240,240, 10
620,240,240, 10
621,240,240, 10
622,240,240, 10
623,240,240, 10
624,240,240, 10
625,240,240, 10
626,240,240, 10
627,240,240, 10
628,240,240, 10
629,239,239, 11
630,239,239, 11
631,239,239, 11
632,239,239, 11
633,239,239, 11
634,239,239, 11
635,239,239, 11
636,239,239, 11
637,239,239, 11
638,239,239, 11
639,239,239, 11
640,239,239, 11
641,239,239, 11
642,239,239, 11
643,239,239, 11
644,239,239, 11
645,239,239, 11
646,239,239, 11
647,239,239, 11
648,239,239, 11
649,239,239, 11
650,239,239, 11
651,239,239, 11
652,239,239, 11
653,239,239, 11
654,239,239, 11
655,239,239, 11
656,239,239, 11
657,239,239, 11
658,239,239, 11
659,239,239, 11
660,239,239, 11
661,239,239, 11
662,239,239, 11
663,239,239, 11
664,239,239, 11
665,239,239, 11
666,239,239, 11
667,239,239, 11
668,239,239, 11
669,239,239, 11
670,239,239, 11
671,239,239, 11
672,239,239, 11
673,239,239, 11
674,239,239, 11
675,239,239, 11
676,239,239, 11
677,239,239, 11
678,239,239, 11
679,239,239, 11
680,239,239, 11
681,239,239, 11
682,239,239, 11
683,239,239, 11
684,239,239, 11
685,239,239, 11
686,239,239, 11
687,239,239, 11
688,239,239, 11
689,239,239, 11
690,239,239, 11
691,239,239, 11
692,239,239, 11
693,239,239, 11
694,238,238, 12
695,238,238, 12
696,238,238, 12
697,238,238, 12
698,238,238, 12
699,238,238, 12
700,238,238, 12
701,238,238, 12
702,238,238, 12
703,238,238, 12
704,238,238, 12
705,238,238, 12
706,238,238, 12
707,238,238, 12
708,238,238, 12
709,238,238, 12
710,238,238, 12
711,238,238, 12
712,238,238, 12
713,238,238, 12
714,238,238, 12
715,238,238, 12
716,238,238, 12
717,238,238, 12
718,238,238, 12
719,238,238, 12
720,238,238, 12
721,238,238, 12
722,238,238, 12
723,237,237, 13
724,237,237, 13
725,237,237, 13
726,237,237, 13
727,237,237, 13
728,237,237, 13
729,237,237, 13
730,237,237, 13
731,237,237, 13
732,237,237, 13
733,237,237, 13
734,237,237, 13
735,237,237, 13
736,237,237, 13
737,237,237, 13
738,237,237, 13
739,237,237, 13
740,237,237, 13
741,237,237, 13
742,237,237, 13
743,237,237, 13
744,237,237, 13
745,237,237, 13
746,237,237, 13
747,237,237, 13
748,237,237, 13
749,237,237, 13
750,237,237, 13
751,237,237, 13
752,237,237, 13
753,237,237, 13
754,237,237, 13
755,237,237, 13
756,237,237, 13
757,237,237, 13
758,237,237, 13
759,237,237, 13
760,237,237, 13
761,237,237, 13
762,237,237, 13
763,237,237, 13
764,237,237, 13
765,237,237, 13
766,237,237, 13
767,237,237, 13
768,237,237, 13
769,237,237, 13
770,237,237, 13
771,237,237, 13
772,237,237, 13
773,237,237, 13
774,237,237, 13
775,237,237, 13
776,237,237, 13
777,237,237, 13
778,237,237, 13
779,237,237, 13
780,237,237, 13
781,237,237, 13
782,237,237, 13
783,237,237, 13
784,237,237, 13
785,237,237, 13
786,237,237, 13
787,237,237, 13
788,237,237, 13
789,237,237, 13
790,237,237, 13
791,237,237, 13
792,237,237, 13
793,237,237, 13
794,237,237, 13
795,237,237, 13
796,237,237, 13
797,237,237, 13
798,237,237, 13
799,237,237, 13
800,237,237, 13
801,237,237, 13
802,237,237, 13
803,237,237, 13
804,237,237, 13
805,237,237, 13
806,237,237, 13
807,237,237, 13
808,237,237, 13
809,237,237, 13
810,237,237, 13
811,237,237, 13
812,237,237, 13
813,237,237, 13
814,237,237, 13
815,237,237, 13
816,237,237, 13
817,237,237, 13
818,237,237, 13
819,237,237, 13
820,237,237, 13
821,237,237, 13
822,237,237, 13
823,237,237, 13
824,237,237, 13
825,237,237, 13
826,237,237, 13
827,237,237, 13
828,237,237, 13
829,237,237, 13
830,237,237, 13
831,237,237, 13
832,237,237, 13
833,237,237, 13
834,237,237, 13
835,237,237, 13
836,237,237, 13
837,237,237, 13
838,237,237, 13
839,237,237, 13
840,237,237, 13
841,237,237, 13
842,237,237, 13
843,237,237, 13
844,237,237, 13
845,237,237, 13
846,237,237, 13
847,237,237, 13
848,237,237, 13
849,237,237, 13
850,237,237, 13
851,237,237, 13
852,237,237, 13
853,237,237, 13
854,237,237, 13
855,237,237, 13
856,237,237, 13
857,237,237, 13
858,237,237, 13
859,237,237, 13
860,237,237, 13
861,237,237, 13
862,237,237, 13
863,237,237, 13
864,237,237, 13
865,237,237, 13
866,237,237, 13
867,237,237, 13
868,237,237, 13
869,237,237, 13
870,237,237, 13
871,237,237, 13
872,237,237, 13
873,237,237, 13
874,237,237, 13
875,237,237, 13
876,237,237, 13
877,237,237, 13
878,237,237, 13
879,237,237, 13
880,237,237, 13
881,237,237, 13
882,237,237, 13
883,237,237, 13
884,237,237, 13
885,237,237, 13
886,237,237, 13
887,237,237, 13
888,237,237, 13
889,237,237, 13
890,237,237, 13
891,237,237, 13
892,237,237, 13
893,237,237, 13
894,237,237, 13
895,237,237, 13
896,237,237, 13
897,237,237, 13
898,237,237, 13
899,236,236, 14
900,236,236, 14
901,236,236, 14
902,236,236, 14
903,236,236, 14
904,236,236, 14
905,236,236, 14
906,236,236, 14
907,236,236, 14
908,236,236, 14
909,236,236, 14
910,236,236, 14
911,236,236, 14
912,236,236, 14
913,236,236, 14
914,236,236, 14
915,236,236, 14
916,236,236, 14
917,236,236, 14
918,236,236, 14
919,236,236, 14
920,236,236, 14
921,236,236, 14
922,236,236, 14
923,236,236, 14
924,236,236, 14
925,236,236, 14
926,236,236, 14
927,236,236, 14
928,236,236, 14
929,236,236, 14
930,236,236, 14
931,236,236, 14
932,236,236, 14
933,236,236, 14
934,236,236, 14
935,236,236, 14
936,236,236, 14
937,236,236, 14
938,236,236, 14
939,236,236, 14
940,236,236, 14
941,236,236, 14
942,236,236, 14
943,236,236, 14
944,236,236, 14
945,236,236, 14
946,236,236, 14
947,236,236, 14
948,236,236, 14
949,236,236, 14
950,236,236, 14
951,236,236, 14
952,236,236, 14
953,236,236, 14
954,236,236, 14
955,236,236, 14
956,236,236, 14
957,236,236, 14
958,236,236, 14
959,236,236, 14
960,236,236, 14
961,236,236, 14
962,236,236, 14
963,236,236, 14
964,236,236, 14
965,236,236, 14
966,236,236, 14
967,235,235, 15
968,235,235, 15
969,235,235, 15
970,235,235, 15
971,235,235, 15
972,235,235, 15
973,235,235, 15
974,235,235, 15
975,235,235, 15
976,235,235, 15
977,235,235, 15
978,235,235, 15
979,235,235, 15
980,235,235, 15
981,235,235, 15
982,235,235, 15
983,235,235, 15
984,235,235, 15
985,235,235, 15
986,235,235, 15
987,235,235, 15
988,235,235, 15
989,235,235, 15
990,235,235, 15
991,235,235, 15
992,235,235, 15
993,235,235, 15
994,235,235, 15
995,235,235, 15
996,235,235, 15
997,235,235, 15
998,235,235, 15
999,235,235, 15
1000,235,235, 15
1001,235,235, 15
1002,235,235, 15
1003,235,235, 15
1004,235,235, 15
1005,235,235, 15
1006,235,235, 15
1007,235,235, 15
1008,235,235, 15
1009,235,235, 15
1010,235,235, 15
1011,235,235, 15
1012,235,235, 15
1013,235,235, 15
1014,235,235, 15
1015,235,235, 15
1016,235,235, 15
1017,235,235, 15
1018,235,235, 15
1019,235,235, 15
1020,235,235, 15
1021,235,235, 15
1022,235,235, 15
1023,235,235, 15
1024,235,235, 15
1025,235,235, 15
1026,235,235, 15
1027,235,235, 15
1028,235,235, 15
1029,235,235, 15
1030,235,235, 15
1031,235,235, 15
1032,235,235, 15
1033,235,235, 15
1034,235,235, 15
1035,235,235, 15
1036,235,235, 15
1037,235,235, 15
1038,235,235, 15
1039,235,235, 15
1040,235,235, 15
1041,235,235, 15
1042,235,235, 15
1043,235,235, 15
1044,236,236, 14
1045,236,236, 14
1046,236,236, 14
1047,236,236, 14
1048,236,236, 14
1049,236,236, 14
1050,236,236, 14
1051,236,236, 14
1052,236,236, 14
1053,236,236, 14
1054,236,236, 14
1055,236,236, 14
1056,236,236, 14
1057,236,236, 14
1058,236,236, 14
1059,236,236, 14
1060,236,236, 14
1061,236,236, 14
1062,236,236, 14
1063,236,236, 14
1064,236,236, 14
1065,236,236, 14
1066,236,236, 14
1067,236,236, 14
1068,236,236, 14
1069,236,236, 14
1070,236,236, 14
1071,236,236, 14
1072,236,236, 14
1073,236,236, 14
1074,236,236, 14
1075,236,236, 14
1076,236,236, 14
1077,236,236, 14
1078,236,236, 14
1079,236,236, 14
1080,236,236, 14
1081,236,236, 14
1082,236,236, 14
1083,236,236, 14
1084,235,235, 15
1085,235,235, 15
1086,235,235, 15
1087,235,235, 15
1088,235,235, 15
1089,235,235, 15
1090,235,235, 15
1091,235,235, 15
1092,235,235, 15
1093,235,235, 15
1094,235,235, 15
1095,235,235, 15
1096,235,235, 15
1097,235,235, 15
1098,235,235, 15
1099,235,235, 15
1100,235,235, 15
1101,235,235, 15
1102,235,235, 15
1103,235,235, 15
1104,235,235, 15
1105,235,235, 15
1106,235,235, 15
1107,235,235, 15
1108,235,235, 15
1109,235,235, 15
1110,235,235, 15
1111,235,235, 15
1112,235,235, 15
1113,235,235, 15
1114,235,235, 15
1115,235,235, 15
1116,235,235, 15
1117,235,235, 15
1118,235,235, 15
1119,235,235, 15
1120,235,235, 15
1121,235,235, 15
1122,235,235, 15
1123,235,235, 15
1124,235,235, 15
1125,235,235, 15
1126,235,235, 15
1127,235,235, 15
1128,235,235, 15
1129,235,235, 15
1130,235,235, 15
1131,235,235, 15
1132,235,235, 15
1133,235,235, 15
1134,235,235, 15
1135,235,235, 15
1136,235,235, 15
1137,235,235, 15
1138,235,235, 15
1139,235,235, 15
1140,235,235, 15
1141,235,235, 15
1142,235,235, 15
1143,235,235, 15
1144,235,235, 15
1145,235,235, 15
1146,235,235, 15
1147,235,235, 15
1148,235,235, 15
1149,235,235, 15
1150,235,235, 15
1151,235,235, 15
1152,235,235, 15
1153,235,235, 15
1154,235,235, 15
1155,235,235, 15
1156,235,235, 15
1157,235,235, 15
1158,235,235, 15
1159,235,235, 15
1160,235,235, 15
1161,235,235, 15
1162,235,235, 15
1163,235,235, 15
1164,235,235, 15
1165,235,235, 15
1166,235,235, 15
1167,235,235, 15
1168,235,235, 15
1169,235,235, 15
1170,235,235, 15
1171,235,235, 15
1172,235,235, 15
1173,235,235, 15
1174,235,235, 15
1175,235,235, 15
1176,235,235, 15
1177,235,235, 15
1178,235,235, 15
1179,235,235, 15
1180,235,235, 15
1181,235,235, 15
1182,235,235, 15
1183,235,235, 15
1184,235,235, 15
1185,235,235, 15
1186,235,235, 15
1187,235,235, 15
1188,235,235, 15
1189,235,235, 15
1190,235,235, 15
1191,235,235, 15
1192,235,235, 15
1193,235,235, 15
1194,235,235, 15
1195,235,235, 15
1196,235,235, 15
1197,235,235, 15
1198,235,235, 15
1199,235,235, 15
1200,235,235, 15
1201,235,235, 15
1202,235,235, 15
1203,235,235, 15
1204,235,235, 15
1205,235,235, 15
1206,235,235, 15
1207,235,235, 15
1208,235,235, 15
1209,235,235, 15
1210,235,235, 15
1211,235,235, 15
1212,235,235, 15
1213,235,235, 15
1214,235,235, 15
1215,235,235, 15
1216,235,235, 15
1217,235,235, 15
1218,235,235, 15
1219,235,235, 15
1220,235,235, 15
1221,235,235, 15
1222,235,235, 15
1223,235,235, 15
1224,235,235, 15
1225,235,235, 15
1226,235,235, 15
1227,235,235, 15
1228,235,235, 15
1229,235,235, 15
1230,235,235, 15
1231,235,235, 15
1232,235,235, 15
1233,235,235, 15
1234,235,235, 15
1235,235,235, 15
1236,235,235, 15
1237,235,235, 15
1238,235,235, 15
1239,235,235, 15
1240,235,235, 15
1241,235,235, 15
1242,235,235, 15
1243,235,235, 15
1244,235,235, 15
1245,235,235, 15
1246,235,235, 15
1247,235,235, 15
1248,235,235, 15
1249,235,235, 15
1250,235,235, 15
1251,235,235, 15
1252,235,235, 15
1253,235,235, 15
1254,235,235, 15
1255,235,235, 15
1256,235,235, 15
1257,235,235, 15
1258,235,235, 15
1259,235,235, 15
1260,235,235, 15
1261,235,235, 15
1262,235,235, 15
1263,235,235, 15
1264,235,235, 15
1265,235,235, 15
1266,235,235, 15
1267,235,235, 15
1268,235,235, 15
1269,235,235, 15
1270,235,235, 15
1271,235,235, 15
1272,235,235, 15
1273,235,235, 15
1274,235,235, 15
1275,235,235, 15
1276,235,235, 15
1277,235,235, 15
1278,235,235, 15
1279,235,235, 15
1280,235,235, 15
1281,235,235, 15
1282,235,235, 15
1283,235,235, 15
1284,235,235, 15
1285,235,235, 15
1286,235,235, 15
1287,235,235, 15
1288,235,235, 15
1289,235,235, 15
1290,235,235, 15
1291,235,235, 15
1292,235,235, 15
1293,235,235, 15
1294,235,235, 15
1295,235,235, 15
1296,235,235, 15
1297,235,235, 15
1298,235,235, 15
1299,235,235, 15
1300,235,235, 15
1301,235,235, 15
1302,234,234, 16
1303,234,234, 16
1304,234,234, 16
1305,234,234, 16
1306,234,234, 16
1307,234,234, 16
1308,234,234, 16
1309,234,234, 16
1310,234,234, 16
1311,234,234, 16
1312,234,234, 16
1313,234,234, 16
1314,234,234, 16
1315,234,234, 16
1316,234,234, 16
1317,234,234, 16
1318,234,234, 16
1319,234,234, 16
1320,234,234, 16
1321,234,234, 16
1322,234,234, 16
1323,234,234, 16
1324,234,234, 16
1325,234,234, 16
1326,234,234, 16
1327,234,234, 16
1328,234,234, 16
1329,234,234, 16
1330,234,234, 16
1331,234,234, 16
1332,234,234, 16
1333,234,234, 16
1334,234,234, 16
1335,234,234, 16
1336,234,234, 16
1337,234,234, 16
1338,234,234, 16
1339,234,234, 16
1340,234,234, 16
1341,234,234, 16
1342,234,234, 16
1343,234,234, 16
1344,234,234, 16
1345,234,234, 16
1346,234,234, 16
1347,234,234, 16
1348,234,234, 16
1349,234,234, 16
1350,234,234, 16
1351,234,234, 16
1352,234,234, 16
1353,234,234, 16
1354,234,234, 16
1355,234,234, 16
1356,234,234, 16
1357,234,234, 16
1358,234,234, 16
1359,234,234, 16
1360,234,234, 16
1361,234,234, 16
1362,234,234, 16
1363,234,234, 16
1364,234,234, 16
1365,234,234, 16
1366,234,234, 16
1367,234,234, 16
1368,234,234, 16
1369,234,234, 16
1370,234,234, 16
1371,234,234, 16
1372,234,234, 16
1373,234,234, 16
1374,234,234, 16
1375,234,234, 16
1376,234,234, 16
1377,234,234, 16
1378,234,234, 16
1379,234,234, 16
1380,234,234, 16
1381,234,234, 16
1382,234,234, 16
1383,234,234, 16
1384,234,234, 16
1385,234,234, 16
1386,233,233, 17
1387,233,233, 17
1388,233,233, 17
1389,233,233, 17
1390,233,233, 17
1391,233,233, 17
1392,233,233, 17
1393,233,233, 17
1394,233,233, 17
1395,233,233, 17
1396,233,233, 17
1397,233,233, 17
1398,233,233, 17
1399,233,233, 17
1400,232,232, 18
1401,232,232, 18
1402,232,232, 18
1403,232,232, 18
1404,232,232, 18
1405,232,232, 18
1406,232,232, 18
1407,232,232, 18
1408,232,232, 18
1409,232,232, 18
1410,232,232, 18
1411,232,232, 18
1412,232,232, 18
1413,232,232, 18
1414,232,232, 18
1415,232,232, 18
1416,232,232, 18
1417,232,232, 18
1418,232,232, 18
1419,232,232, 18
1420,232,232, 18
1421,232,232, 18
1422,232,232, 18
1423,232,232, 18
1424,232,232, 18
1425,232,232, 18
1426,232,232, 18
1427,232,232, 18
1428,232,232, 18
1429,232,232, 18
1430,232,232, 18
1431,232,232, 18
1432,232,232, 18
1433,232,232, 18
1434,232,232, 18
1435,232,232, 18
1436,232,232, 18
1437,232,232, 18
1438,232,232, 18
1439,232,232, 18
1440,232,232, 18
1441,232,232, 18
1442,232,232, 18
1443,232,232, 18
1444,232,232, 18
1445,232,232, 18
1446,232,232, 18
1447,232,232, 18
1448,232,232, 18
1449,232,232, 18
1450,232,232, 18
1451,232,232, 18
1452,232,232, 18
1453,232,232, 18
1454,232,232, 18
1455,232,232, 18
1456,232,232, 18
1457,232,232, 18
1458,232,232, 18
1459,232,232, 18
1460,232,232, 18
1461,232,232, 18
1462,232,232, 18
1463,232,232, 18
1464,232,232, 18
1465,232,232, 18
1466,231,231, 19
1467,231,231, 19
1468,231,231, 19
1469,231,231, 19
1470,231,231, 19
1471,231,231, 19
1472,231,231, 19
1473,231,231, 19
1474,231,231, 19
1475,231,231, 19
1476,231,231, 19
1477,231,231, 19
1478,231,231, 19
1479,231,231, 19
1480,231,231, 19
1481,231,231, 19
1482,231,231, 19
1483,231,231, 19
1484,231,231, 19
1485,231,231, 19
1486,231,231, 19
1487,231,231, 19
1488,231,231, 19
1489,231,231, 19
1490,231,231, 19
1491,231,231, 19
1492,231,231, 19
1493,231,231, 19
1494,231,231, 19
1495,231,231, 19
1496,231,231, 19
1497,231,231, 19
1498,231,231, 19
1499,231,231, 19
