0,250,250, 0
1,250,250, 0
2,250,250, 0
3,250,250, 0
4,250,250, 0
5,250,250, 0
6,250,250, 0
7,250,250, 0
8,250,250, 0
9,250,250, 0
10,250,250, 0
11,250,250, 0
12,250,250, 0
13,250,250, 0
14,250,250, 0
15,250,250, 0
16,250,250, 0
17,250,250, 0
18,250,250, 0
19,250,250, 0
20,250,250, 0
21,250,250, 0
22,250,250, 0
23,250,250, 0
24,250,250, 0
25,250,250, 0
26,250,250, 0
27,250,250, 0
28,250,250, 0
29,250,250, 0
30,250,250, 0
31,250,250, 0
32,250,250, 0
33,250,250, 0
34,250,250, 0
35,250,250, 0
36,250,250, 0
37,250,250, 0
38,250,250, 0
39,250,250, 0
40,250,250, 0
41,250,250, 0
42,250,250, 0
43,250,250, 0
44,250,250, 0
45,250,250, 0
46,250,250, 0
47,250,250, 0
48,250,250, 0
49,250,250, 0
50,250,250, 0
51,250,250, 0
52,250,250, 0
53,250,250, 0
54,250,250, 0
55,250,250, 0
56,250,250, 0
57,250,250, 0
58,250,250, 0
59,250,250, 0
60,250,250, 0
61,250,250, 0
62,250,250, 0
63,250,250, 0
64,250,250, 0
65,250,250, 0
66,250,250, 0
67,250,250, 0
68,250,250, 0
69,250,250, 0
70,250,250, 0
71,250,250, 0
72,250,250, 0
73,250,250, 0
74,250,250, 0
75,250,250, 0
76,250,250, 0
77,250,250, 0
78,250,250, 0
79,250,250, 0
80,250,250, 0
81,250,250, 0
82,250,250, 0
83,250,250, 0
84,250,250, 0
85,250,250, 0
86,250,250, 0
87,250,250, 0
88,250,250, 0
89,250,250, 0
90,250,250, 0
91,250,250, 0
92,250,250, 0
93,250,250, 0
94,250,250, 0
95,250,250, 0
96,250,250, 0
97,250,250, 0
98,250,250, 0
99,250,250, 0
100,250,250, 0
101,250,250, 0
102,250,250, 0
103,250,250, 0
104,250,250, 0
105,250,250, 0
106,250,250, 0
107,250,250, 0
108,250,250, 0
109,249,249, 1
110,249,249, 1
111,249,249, 1
112,249,249, 1
113,249,249, 1
114,249,249, 1
115,249,249, 1
116,249,249, 1
117,249,249, 1
118,248,248, 2
119,248,248, 2
120,248,248, 2
121,248,248, 2
122,248,248, 2
123,248,248, 2
124,248,248, 2
125,248,248, 2
126,248,248, 2
127,248,248, 2
128,248,248, 2
129,248,248, 2
130,248,248, 2
131,248,248, 2
132,248,248, 2
133,248,248, 2
134,248,248, 2
135,248,248, 2
136,248,248, 2
137,248,248, 2
138,248,248, 2
139,248,248, 2
140,248,248, 2
141,248,248, 2
142,247,247, 3
143,247,247, 3
144,247,247, 3
145,247,247, 3
146,247,247, 3
147,247,247, 3
148,247,247, 3
149,247,247, 3
150,247,247, 3
151,247,247, 3
152,247,247, 3
153,246,246, 4
154,246,246, 4
155,246,246, 4
156,246,246, 4
157,246,246, 4
158,246,246, 4
159,246,246, 4
160,246,246, 4
161,246,246, 4
162,246,246, 4
163,246,246, 4
164,246,246, 4
165,246,246, 4
166,246,246, 4
167,246,246, 4
168,246,246, 4
169,246,246, 4
170,246,246, 4
171,246,246, 4
172,246,246, 4
173,246,246, 4
174,246,246, 4
175,246,246, 4
176,246,246, 4
177,246,246, 4
178,246,246, 4
179,246,246, 4
180,246,246, 4
181,246,246, 4
182,246,246, 4
183,246,246, 4
184,246,246, 4
185,246,246, 4
186,246,246, 4
187,246,246, 4
188,246,246, 4
189,246,246, 4
190,246,246, 4
191,246,246, 4
192,246,246, 4
193,246,246, 4
194,246,246, 4
195,246,246, 4
196,246,246, 4
197,246,246, 4
198,246,246, 4
199,246,246, 4
200,246,246, 4
201,246,246, 4
202,246,246, 4
203,246,246, 4
204,245,245, 5
205,245,245, 5
206,245,245, 5
207,245,245, 5
208,244,244, 6
209,244,244, 6
210,244,244, 6
211,244,244, 6
212,244,244, 6
213,244,244, 6
214,244,244, 6
215,243,243, 7
216,243,243, 7
217,243,243, 7
218,243,243, 7
219,243,243, 7
220,243,243, 7
221,243,243, 7
222,243,243, 7
223,243,243, 7
224,243,243, 7
225,243,243, 7
226,243,243, 7
227,243,243, 7
228,243,243, 7
229,243,243, 7
230,243,243, 7
231,243,243, 7
232,243,243, 7
233,243,243, 7
234,243,243, 7
235,243,243, 7
236,243,243, 7
237,243,243, 7
238,243,243, 7
239,243,243, 7
240,243,243, 7
241,243,243, 7
242,243,243, 7
243,243,243, 7
244,243,243, 7
245,243,243, 7
246,243,243, 7
247,243,243, 7
248,243,243, 7
249,243,243, 7
250,243,243, 7
251,243,243, 7
252,243,243, 7
253,243,243, 7
254,243,243, 7
255,243,243, 7
256,243,243, 7
257,243,243, 7
258,243,243, 7
259,243,243, 7
260,243,243, 7
261,243,243, 7
262,243,243, 7
263,243,243, 7
264,243,243, 7
265,243,243, 7
266,243,243, 7
267,243,243, 7
268,243,243, 7
269,243,243, 7
270,243,243, 7
271,243,243, 7
272,243,243, 7
273,243,243, 7
274,243,243, 7
275,243,243, 7
276,243,243, 7
277,243,243, 7
278,243,243, 7
279,243,243, 7
280,243,243, 7
281,243,243, 7
282,243,243, 7
283,243,243, 7
284,243,243, 7
285,243,243, 7
286,243,243, 7
287,243,243, 7
288,243,243, 7
289,243,243, 7
290,243,243, 7
291,243,243, 7
292,243,243, 7
293,243,243, 7
294,243,243, 7
295,243,243, 7
296,243,243, 7
297,243,243, 7
298,243,243, 7
299,243,243, 7
300,242,242, 8
301,242,242, 8
302,242,242, 8
303,242,242, 8
304,242,242, 8
305,242,242, 8
306,242,242, 8
307,242,242, 8
308,242,242, 8
309,242,242, 8
310,242,242, 8
311,242,242, 8
312,242,242, 8
313,242,242, 8
314,242,242, 8
315,242,242, 8
316,242,242, 8
317,242,242, 8
318,242,242, 8
319,242,242, 8
320,242,242, 8
321,242,242, 8
322,242,242, 8
323,242,242, 8
324,242,242, 8
325,242,242, 8
326,242,242, 8
327,242,242, 8
328,242,242, 8
329,242,242, 8
330,242,242, 8
331,242,242, 8
332,242,242, 8
333,242,242, 8
334,242,242, 8
335,242,242, 8
336,241,241, 9
337,241,241, 9
338,241,241, 9
339,241,241, 9
340,241,241, 9
341,241,241, 9
342,241,241, 9
343,240,240, 10
344,240,240, 10
345,240,240, 10
346,240,240, 10
347,240,240, 10
348,239,239, 11
349,239,239, 11
350,239,239, 11
351,239,239, 11
352,239,239, 11
353,239,239, 11
354,239,239, 11
355,239,239, 11
356,239,239, 11
357,239,239, 11
358,239,239, 11
359,239,239, 11
360,239,239, 11
361,239,239, 11
362,239,239, 11
363,239,239, 11
364,239,239, 11
365,239,239, 11
366,239,239, 11
367,239,239, 11
368,239,239, 11
369,239,239, 11
370,239,239, 11
371,239,239, 11
372,239,239, 11
373,239,239, 11
374,239,239, 11
375,239,239, 11
376,239,239, 11
377,239,239, 11
378,239,239, 11
379,239,239, 11
380,239,239, 11
381,239,239, 11
382,239,239, 11
383,239,239, 11
384,239,239, 11
385,239,239, 11
386,239,239, 11
387,239,239, 11
388,239,239, 11
389,239,239, 11
390,239,239, 11
391,239,239, 11
392,239,239, 11
393,239,239, 11
394,239,239, 11
395,239,239, 11
396,239,239, 11
397,239,239, 11
398,239,239, 11
399,238,238, 12
400,238,238, 12
401,238,238, 12
402,238,238, 12
403,238,238, 12
404,238,238, 12
405,238,238, 12
406,238,238, 12
407,238,238, 12
408,238,238, 12
409,238,238, 12
410,238,238, 12
411,238,238, 12
412,238,238, 12
413,238,238, 12
414,238,238, 12
415,238,238, 12
416,238,238, 12
417,238,238, 12
418,238,238, 12
419,238,238, 12
420,238,238, 12
421,238,238, 12
422,238,238, 12
423,238,238, 12
424,238,238, 12
425,238,238, 12
426,238,238, 12
427,238,238, 12
428,238,238, 12
429,238,238, 12
430,238,238, 12
431,238,238, 12
432,238,238, 12
433,237,237, 13
434,237,237, 13
435,237,237, 13
436,237,237, 13
437,237,237, 13
438,237,237, 13
439,237,237, 13
440,237,237, 13
441,237,237, 13
442,237,237, 13
443,237,237, 13
444,237,237, 13
445,237,237, 13
446,237,237, 13
447,237,237, 13
448,237,237, 13
449,237,237, 13
450,237,237, 13
451,237,237, 13
452,237,237, 13
453,237,237, 13
454,237,237, 13
455,237,237, 13
456,237,237, 13
457,237,237, 13
458,237,237, 13
459,237,237, 13
460,237,237, 13
461,237,237, 13
462,237,237, 13
463,237,237, 13
464,237,237, 13
465,237,237, 13
466,237,237, 13
467,237,237, 13
468,237,237, 13
469,237,237, 13
470,237,237, 13
471,237,237, 13
472,237,237, 13
473,237,237, 13
474,237,237, 13
475,237,237, 13
476,237,237, 13
477,237,237, 13
478,237,237, 13
479,237,237, 13
480,237,237, 13
481,237,237, 13
482,237,237, 13
483,237,237, 13
484,237,237, 13
485,237,237, 13
486,237,237, 13
487,237,237, 13
488,237,237, 13
489,237,237, 13
490,237,237, 13
491,237,237, 13
492,237,237, 13
493,237,237, 13
494,237,237, 13
495,237,237, 13
496,237,237, 13
497,237,237, 13
498,237,237, 13
499,237,237, 13
500,237,237, 13
501,237,237, 13
502,237,237, 13
503,237,237, 13
504,237,237, 13
505,237,237, 13
506,237,237, 13
507,237,237, 13
508,237,237, 13
509,237,237, 13
510,236,236, 14
511,236,236, 14
512,236,236, 14
513,236,236, 14
514,236,236, 14
515,236,236, 14
516,236,236, 14
517,236,236, 14
518,236,236, 14
519,236,236, 14
520,236,236, 14
521,236,236, 14
522,236,236, 14
523,236,236, 14
524,236,236, 14
525,236,236, 14
526,236,236, 14
527,236,236, 14
528,236,236, 14
529,236,236, 14
530,236,236, 14
531,236,236, 14
532,236,236, 14
533,236,236, 14
534,236,236, 14
535,236,236, 14
536,236,236, 14
537,236,236, 14
538,236,236, 14
539,236,236, 14
540,236,236, 14
541,236,236, 14
542,236,236, 14
543,236,236, 14
544,236,236, 14
545,236,236, 14
546,236,236, 14
547,236,236, 14
548,236,236, 14
549,235,235, 15
550,235,235, 15
551,235,235, 15
552,235,235, 15
553,235,235, 15
554,235,235, 15
555,235,235, 15
556,235,235, 15
557,235,235, 15
558,235,235, 15
559,235,235, 15
560,235,235, 15
561,235,235, 15
562,235,235, 15
563,235,235, 15
564,235,235, 15
565,235,235, 15
566,235,235, 15
567,235,235, 15
568,235,235, 15
569,235,235, 15
570,235,235, 15
571,235,235, 15
572,235,235, 15
573,235,235, 15
574,235,235, 15
575,235,235, 15
576,235,235, 15
577,235,235, 15
578,235,235, 15
579,235,235, 15
580,235,235, 15
581,235,235, 15
582,235,235, 15
583,234,234, 16
584,234,234, 16
585,234,234, 16
586,234,234, 16
587,234,234, 16
588,234,234, 16
589,234,234, 16
590,234,234, 16
591,234,234, 16
592,234,234, 16
593,234,234, 16
594,234,234, 16
595,234,234, 16
596,234,234, 16
597,234,234, 16
598,234,234, 16
599,234,234, 16
600,234,234, 16
601,234,234, 16
602,234,234, 16
603,234,234, 16
604,234,234, 16
605,234,234, 16
606,234,234, 16
607,234,234, 16
608,234,234, 16
609,234,234, 16
610,234,234, 16
611,234,234, 16
612,234,234, 16
613,234,234, 16
614,234,234, 16
615,234,234, 16
616,234,234, 16
617,234,234, 16
618,234,234, 16
619,234,234, 16
620,234,234, 16
621,234,234, 16
622,234,234, 16
623,234,234, 16
624,234,234, 16
625,234,234, 16
626,234,234, 16
627,234,234, 16
628,234,234, 16
629,234,234, 16
630,234,234, 16
631,234,234, 16
632,234,234, 16
633,234,234, 16
634,234,234, 16
635,234,234, 16
636,234,234, 16
637,234,234, 16
638,234,234, 16
639,234,234, 16
640,234,234, 16
641,234,234, 16
642,234,234, 16
643,234,234, 16
644,234,234, 16
645,234,234, 16
646,234,234, 16
647,234,234, 16
648,234,234, 16
649,234,234, 16
650,234,234, 16
651,234,234, 16
652,234,234, 16
653,234,234, 16
654,234,234, 16
655,234,234, 16
656,234,234, 16
657,234,234, 16
658,234,234, 16
659,234,234, 16
660,234,234, 16
661,234,234, 16
662,234,234, 16
663,234,234, 16
664,234,234, 16
665,234,234, 16
666,234,234, 16
667,234,234, 16
668,234,234, 16
669,234,234, 16
670,234,234, 16
671,234,234, 16
672,234,234, 16
673,234,234, 16
674,234,234, 16
675,234,234, 16
676,234,234, 16
677,234,234, 16
678,234,234, 16
679,234,234, 16
680,234,234, 16
681,234,234, 16
682,234,234, 16
683,234,234, 16
684,234,234, 16
685,234,234, 16
686,234,234, 16
687,234,234, 16
688,234,234, 16
689,234,234, 16
690,234,234, 16
691,234,234, 16
692,234,234, 16
693,234,234, 16
694,234,234, 16
695,234,234, 16
696,234,234, 16
697,234,234, 16
698,234,234, 16
699,234,234, 16
700,234,234, 16
701,234,234, 16
702,234,234, 16
703,234,234, 16
704,234,234, 16
705,234,234, 16
706,234,234, 16
707,234,234, 16
708,234,234, 16
709,234,234, 16
710,234,234, 16
711,234,234, 16
712,234,234, 16
713,234,234, 16
714,234,234, 16
715,234,234, 16
716,234,234, 16
717,234,234, 16
718,234,234, 16
719,234,234, 16
720,234,234, 16
721,234,234, 16
722,234,234, 16
723,234,234, 16
724,234,234, 16
725,234,234, 16
726,234,234, 16
727,234,234, 16
728,234,234, 16
729,234,234, 16
730,234,234, 16
731,234,234, 16
732,234,234, 16
733,234,234, 16
734,234,234, 16
735,234,234, 16
736,234,234, 16
737,234,234, 16
738,234,234, 16
739,234,234, 16
740,234,234, 16
741,234,234, 16
742,234,234, 16
743,234,234, 16
744,234,234, 16
745,234,234, 16
746,234,234, 16
747,234,234, 16
748,234,234, 16
749,234,234, 16
750,234,234, 16
751,234,234, 16
752,234,234, 16
753,234,234, 16
754,234,234, 16
755,234,234, 16
756,234,234, 16
757,234,234, 16
758,234,234, 16
759,234,234, 16
760,234,234, 16
761,234,234, 16
762,234,234, 16
763,234,234, 16
764,234,234, 16
765,234,234, 16
766,234,234, 16
767,234,234, 16
768,234,234, 16
769,234,234, 16
770,234,234, 16
771,234,234, 16
772,234,234, 16
773,234,234, 16
774,234,234, 16
775,234,234, 16
776,234,234, 16
777,234,234, 16
778,234,234, 16
779,234,234, 16
780,234,234, 16
781,234,234, 16
782,234,234, 16
783,234,234, 16
784,234,234, 16
785,234,234, 16
786,234,234, 16
787,234,234, 16
788,234,234, 16
789,234,234, 16
790,234,234, 16
791,234,234, 16
792,234,234, 16
793,234,234, 16
794,234,234, 16
795,234,234, 16
796,234,234, 16
797,234,234, 16
798,234,234, 16
799,234,234, 16
800,234,234, 16
801,234,234, 16
802,234,234, 16
803,234,234, 16
804,234,234, 16
805,234,234, 16
806,234,234, 16
807,234,234, 16
808,234,234, 16
809,234,234, 16
810,234,234, 16
811,234,234, 16
812,234,234, 16
813,234,234, 16
814,234,234, 16
815,234,234, 16
816,234,234, 16
817,234,234, 16
818,234,234, 16
819,234,234, 16
820,234,234, 16
821,234,234, 16
822,234,234, 16
823,234,234, 16
824,234,234, 16
825,234,234, 16
826,234,234, 16
827,234,234, 16
828,234,234, 16
829,234,234, 16
830,234,234, 16
831,234,234, 16
832,234,234, 16
833,234,234, 16
834,234,234, 16
835,234,234, 16
836,234,234, 16
837,234,234, 16
838,234,234, 16
839,234,234, 16
840,234,234, 16
841,234,234, 16
842,234,234, 16
843,234,234, 16
844,234,234, 16
845,234,234, 16
846,234,234, 16
847,234,234, 16
848,234,234, 16
849,234,234, 16
850,234,234, 16
851,234,234, 16
852,234,234, 16
853,234,234, 16
854,234,234, 16
855,234,234, 16
856,234,234, 16
857,234,234, 16
858,234,234, 16
859,234,234, 16
860,234,234, 16
861,234,234, 16
862,234,234, 16
863,234,234, 16
864,234,234, 16
865,234,234, 16
866,234,234, 16
867,234,234, 16
868,234,234, 16
869,234,234, 16
870,234,234, 16
871,234,234, 16
872,234,234, 16
873,234,234, 16
874,234,234, 16
875,234,234, 16
876,234,234, 16
877,234,234, 16
878,234,234, 16
879,234,234, 16
880,234,234, 16
881,234,234, 16
882,234,234, 16
883,234,234, 16
884,234,234, 16
885,234,234, 16
886,234,234, 16
887,234,234, 16
888,234,234, 16
889,234,234, 16
890,234,234, 16
891,234,234, 16
892,234,234, 16
893,234,234, 16
894,234,234, 16
895,234,234, 16
896,234,234, 16
897,234,234, 16
898,234,234, 16
899,234,234, 16
900,234,234, 16
901,234,234, 16
902,234,234, 16
903,234,234, 16
904,234,234, 16
905,234,234, 16
906,234,234, 16
907,234,234, 16
908,234,234, 16
909,234,234, 16
910,234,234, 16
911,234,234, 16
912,234,234, 16
913,234,234, 16
914,234,234, 16
915,234,234, 16
916,234,234, 16
917,234,234, 16
918,234,234, 16
919,234,234, 16
920,234,234, 16
921,234,234, 16
922,234,234, 16
923,234,234, 16
924,234,234, 16
925,234,234, 16
926,234,234, 16
927,234,234, 16
928,234,234, 16
929,234,234, 16
930,234,234, 16
931,234,234, 16
932,234,234, 16
933,234,234, 16
934,234,234, 16
935,234,234, 16
936,234,234, 16
937,234,234, 16
938,234,234, 16
939,234,234, 16
940,234,234, 16
941,234,234, 16
942,234,234, 16
943,234,234, 16
944,234,234, 16
945,234,234, 16
946,234,234, 16
947,234,234, 16
948,234,234, 16
949,234,234, 16
950,234,234, 16
951,234,234, 16
952,234,234, 16
953,234,234, 16
954,234,234, 16
955,234,234, 16
956,234,234, 16
957,234,234, 16
958,234,234, 16
959,234,234, 16
960,234,234, 16
961,234,234, 16
962,234,234, 16
963,234,234, 16
964,234,234, 16
965,234,234, 16
966,234,234, 16
967,234,234, 16
968,234,234, 16
969,234,234, 16
970,234,234, 16
971,234,234, 16
972,234,234, 16
973,234,234, 16
974,234,234, 16
975,234,234, 16
976,234,234, 16
977,234,234, 16
978,234,234, 16
979,234,234, 16
980,234,234, 16
981,234,234, 16
982,234,234, 16
983,234,234, 16
984,234,234, 16
985,234,234, 16
986,234,234, 16
987,234,234, 16
988,233,233, 17
989,233,233, 17
990,233,233, 17
991,233,233, 17
992,233,233, 17
993,233,233, 17
994,233,233, 17
995,233,233, 17
996,233,233, 17
997,233,233, 17
998,233,233, 17
999,233,233, 17
1000,233,233, 17
1001,233,233, 17
1002,233,233, 17
1003,233,233, 17
1004,233,233, 17
1005,233,233, 17
1006,233,233, 17
1007,233,233, 17
1008,233,233, 17
1009,233,233, 17
1010,233,233, 17
1011,233,233, 17
1012,233,233, 17
1013,233,233, 17
1014,233,233, 17
1015,233,233, 17
1016,233,233, 17
1017,233,233, 17
1018,233,233, 17
1019,233,233, 17
1020,233,233, 17
1021,233,233, 17
1022,233,233, 17
1023,233,233, 17
1024,233,233, 17
1025,233,233, 17
1026,233,233, 17
1027,233,233, 17
1028,233,233, 17
1029,233,233, 17
1030,233,233, 17
1031,233,233, 17
1032,233,233, 17
1033,233,233, 17
1034,233,233, 17
1035,233,233, 17
1036,233,233, 17
1037,233,233, 17
1038,233,233, 17
1039,233,233, 17
1040,233,233, 17
1041,233,233, 17
1042,233,233, 17
1043,233,233, 17
1044,233,233, 17
1045,233,233, 17
1046,233,233, 17
1047,233,233, 17
1048,233,233, 17
1049,233,233, 17
1050,233,233, 17
1051,233,233, 17
1052,233,233, 17
1053,233,233, 17
1054,233,233, 17
1055,233,233, 17
1056,233,233, 17
1057,233,233, 17
1058,233,233, 17
1059,233,233, 17
1060,233,233, 17
1061,233,233, 17
1062,233,233, 17
1063,233,233, 17
1064,233,233, 17
1065,233,233, 17
1066,233,233, 17
1067,233,233, 17
1068,233,233, 17
1069,233,233, 17
1070,233,233, 17
1071,233,233, 17
1072,233,233, 17
1073,233,233, 17
1074,233,233, 17
1075,233,233, 17
1076,233,233, 17
1077,233,233, 17
1078,233,233, 17
1079,233,233, 17
1080,233,233, 17
1081,233,233, 17
1082,233,233, 17
1083,233,233, 17
1084,233,233, 17
1085,233,233, 17
1086,233,233, 17
1087,233,233, 17
1088,233,233, 17
1089,233,233, 17
1090,233,233, 17
1091,233,233, 17
1092,233,233, 17
1093,233,233, 17
1094,233,233, 17
1095,233,233, 17
1096,233,233, 17
1097,233,233, 17
1098,233,233, 17
1099,233,233, 17
1100,233,233, 17
1101,233,233, 17
1102,233,233, 17
1103,233,233, 17
1104,233,233, 17
1105,233,233, 17
1106,233,233, 17
1107,233,233, 17
1108,233,233, 17
1109,233,233, 17
1110,233,233, 17
1111,233,233, 17
1112,233,233, 17
1113,233,233, 17
1114,233,233, 17
1115,233,233, 17
1116,233,233, 17
1117,233,233, 17
1118,233,233, 17
1119,233,233, 17
1120,233,233, 17
1121,233,233, 17
1122,233,233, 17
1123,233,233, 17
1124,233,233, 17
1125,233,233, 17
1126,233,233, 17
1127,233,233, 17
1128,232,232, 18
1129,232,232, 18
1130,232,232, 18
1131,232,232, 18
1132,232,232, 18
1133,232,232, 18
1134,232,232, 18
1135,232,232, 18
1136,232,232, 18
1137,232,232, 18
1138,232,232, 18
1139,232,232, 18
1140,232,232, 18
1141,232,232, 18
1142,232,232, 18
1143,232,232, 18
1144,232,232, 18
1145,232,232, 18
1146,232,232, 18
1147,232,232, 18
1148,232,232, 18
1149,232,232, 18
1150,232,232, 18
1151,232,232, 18
1152,232,232, 18
1153,232,232, 18
1154,232,232, 18
1155,232,232, 18
1156,232,232, 18
1157,232,232, 18
1158,232,232, 18
1159,232,232, 18
1160,232,232, 18
1161,232,232, 18
1162,232,232, 18
1163,232,232, 18
1164,232,232, 18
1165,232,232, 18
1166,232,232, 18
1167,232,232, 18
1168,232,232, 18
1169,232,232, 18
1170,232,232, 18
1171,232,232, 18
1172,232,232, 18
1173,232,232, 18
1174,232,232, 18
1175,232,232, 18
1176,232,232, 18
1177,232,232, 18
1178,232,232, 18
1179,232,232, 18
1180,232,232, 18
1181,232,232, 18
1182,232,232, 18
1183,232,232, 18
1184,232,232, 18
1185,232,232, 18
1186,232,232, 18
1187,232,232, 18
1188,232,232, 18
1189,232,232, 18
1190,232,232, 18
1191,232,232, 18
1192,232,232, 18
1193,232,232, 18
1194,232,232, 18
1195,232,232, 18
1196,232,232, 18
1197,232,232, 18
1198,232,232, 18
1199,232,232, 18
1200,232,232, 18
1201,232,232, 18
1202,232,232, 18
1203,232,232, 18
1204,232,232, 18
1205,232,232, 18
1206,232,232, 18
1207,232,232, 18
1208,232,232, 18
1209,232,232, 18
1210,232,232, 18
1211,232,232, 18
1212,232,232, 18
1213,232,232, 18
1214,232,232, 18
1215,232,232, 18
1216,232,232, 18
1217,232,232, 18
1218,232,232, 18
1219,232,232, 18
1220,232,232, 18
1221,232,232, 18
1222,232,232, 18
1223,232,232, 18
1224,232,232, 18
1225,232,232, 18
1226,232,232, 18
1227,232,232, 18
1228,232,232, 18
1229,232,232, 18
1230,232,232, 18
1231,232,232, 18
1232,232,232, 18
1233,232,232, 18
1234,232,232, 18
1235,232,232, 18
1236,232,232, 18
1237,232,232, 18
1238,232,232, 18
1239,232,232, 18
1240,232,232, 18
1241,232,232, 18
1242,232,232, 18
1243,232,232, 18
1244,232,232, 18
1245,232,232, 18
1246,232,232, 18
1247,232,232, 18
1248,232,232, 18
1249,232,232, 18
1250,232,232, 18
1251,232,232, 18
1252,232,232, 18
1253,232,232, 18
1254,232,232, 18
1255,232,232, 18
1256,232,232, 18
1257,232,232, 18
1258,232,232, 18
1259,232,232, 18
1260,232,232, 18
1261,232,232, 18
1262,232,232, 18
1263,232,232, 18
1264,232,232, 18
1265,232,232, 18
1266,232,232, 18
1267,232,232, 18
1268,232,232, 18
1269,232,232, 18
1270,232,232, 18
1271,232,232, 18
1272,232,232, 18
1273,232,232, 18
1274,232,232, 18
1275,232,232, 18
1276,232,232, 18
1277,232,232, 18
1278,232,232, 18
1279,232,232, 18
1280,232,232, 18
1281,232,232, 18
1282,232,232, 18
1283,232,232, 18
1284,232,232, 18
1285,232,232, 18
1286,232,232, 18
1287,232,232, 18
1288,232,232, 18
1289,232,232, 18
1290,232,232, 18
1291,232,232, 18
1292,232,232, 18
1293,232,232, 18
1294,232,232, 18
1295,232,232, 18
1296,232,232, 18
1297,232,232, 18
1298,232,232, 18
1299,232,232, 18
1300,232,232, 18
1301,232,232, 18
1302,232,232, 18
1303,232,232, 18
1304,232,232, 18
1305,232,232, 18
1306,232,232, 18
1307,232,232, 18
1308,232,232, 18
1309,232,232, 18
1310,232,232, 18
1311,232,232, 18
1312,232,232, 18
1313,232,232, 18
1314,232,232, 18
1315,232,232, 18
1316,232,232, 18
1317,232,232, 18
1318,232,232, 18
1319,232,232, 18
1320,232,232, 18
1321,232,232, 18
1322,232,232, 18
1323,232,232, 18
1324,232,232, 18
1325,232,232, 18
1326,232,232, 18
1327,232,232, 18
1328,232,232, 18
1329,232,232, 18
1330,232,232, 18
1331,232,232, 18
1332,232,232, 18
1333,232,232, 18
1334,232,232, 18
1335,232,232, 18
1336,232,232, 18
1337,232,232, 18
1338,232,232, 18
1339,232,232, 18
1340,232,232, 18
1341,232,232, 18
1342,232,232, 18
1343,232,232, 18
1344,232,232, 18
1345,232,232, 18
1346,232,232, 18
1347,232,232, 18
1348,232,232, 18
1349,232,232, 18
1350,232,232, 18
1351,232,232, 18
1352,232,232, 18
1353,232,232, 18
1354,232,232, 18
1355,232,232, 18
1356,232,232, 18
1357,232,232, 18
1358,232,232, 18
1359,232,232, 18
1360,232,232, 18
1361,232,232, 18
1362,232,232, 18
1363,232,232, 18
1364,232,232, 18
1365,232,232, 18
1366,232,232, 18
1367,232,232, 18
1368,232,232, 18
1369,232,232, 18
1370,232,232, 18
1371,232,232, 18
1372,232,232, 18
1373,232,232, 18
1374,232,232, 18
1375,232,232, 18
1376,232,232, 18
1377,232,232, 18
1378,232,232, 18
1379,232,232, 18
1380,232,232, 18
1381,232,232, 18
1382,232,232, 18
1383,232,232, 18
1384,232,232, 18
1385,232,232, 18
1386,232,232, 18
1387,232,232, 18
1388,232,232, 18
1389,232,232, 18
1390,232,232, 18
1391,232,232, 18
1392,232,232, 18
1393,232,232, 18
1394,232,232, 18
1395,232,232, 18
1396,232,232, 18
1397,232,232, 18
1398,232,232, 18
1399,232,232, 18
1400,232,232, 18
1401,232,232, 18
1402,232,232, 18
1403,232,232, 18
1404,232,232, 18
1405,232,232, 18
1406,232,232, 18
1407,232,232, 18
1408,232,232, 18
1409,232,232, 18
1410,232,232, 18
1411,232,232, 18
1412,232,232, 18
1413,232,232, 18
1414,232,232, 18
1415,232,232, 18
1416,232,232, 18
1417,232,232, 18
1418,232,232, 18
1419,232,232, 18
1420,232,232, 18
1421,232,232, 18
1422,232,232, 18
1423,232,232, 18
1424,232,232, 18
1425,232,232, 18
1426,232,232, 18
1427,232,232, 18
1428,232,232, 18
1429,232,232, 18
1430,232,232, 18
1431,232,232, 18
1432,232,232, 18
1433,232,232, 18
1434,232,232, 18
1435,232,232, 18
1436,232,232, 18
1437,232,232, 18
1438,232,232, 18
1439,232,232, 18
1440,232,232, 18
1441,232,232, 18
1442,232,232, 18
1443,232,232, 18
1444,232,232, 18
1445,232,232, 18
1446,232,232, 18
1447,232,232, 18
1448,232,232, 18
1449,232,232, 18
1450,232,232, 18
1451,232,232, 18
1452,232,232, 18
1453,232,232, 18
1454,232,232, 18
1455,232,232, 18
1456,232,232, 18
1457,232,232, 18
1458,232,232, 18
1459,232,232, 18
1460,232,232, 18
1461,232,232, 18
1462,232,232, 18
1463,232,232, 18
1464,232,232, 18
1465,232,232, 18
1466,232,232, 18
1467,232,232, 18
1468,232,232, 18
1469,232,232, 18
1470,232,232, 18
1471,232,232, 18
1472,232,232, 18
1473,232,232, 18
1474,232,232, 18
1475,232,232, 18
1476,232,232, 18
1477,232,232, 18
1478,232,232, 18
1479,232,232, 18
1480,232,232, 18
1481,232,232, 18
1482,232,232, 18
1483,232,232, 18
1484,232,232, 18
1485,232,232, 18
1486,232,232, 18
1487,232,232, 18
1488,232,232, 18
1489,232,232, 18
1490,232,232, 18
1491,232,232, 18
1492,232,232, 18
1493,232,232, 18
1494,232,232, 18
1495,232,232, 18
1496,232,232, 18
1497,232,232, 18
1498,232,232, 18
1499,232,232, 18
