0,248,248, 2
1,248,248, 2
2,246,246, 4
3,246,246, 4
4,246,246, 4
5,246,246, 4
6,246,246, 4
7,246,246, 4
8,246,246, 4
9,246,246, 4
10,246,246, 4
11,246,246, 4
12,246,246, 4
13,246,246, 4
14,244,244, 6
15,244,244, 6
16,244,244, 6
17,243,243, 7
18,243,243, 7
19,243,243, 7
20,243,243, 7
21,243,243, 7
22,243,243, 7
23,243,243, 7
24,243,243, 7
25,243,243, 7
26,243,243, 7
27,243,243, 7
28,243,243, 7
29,243,243, 7
30,243,243, 7
31,243,243, 7
32,243,243, 7
33,243,243, 7
34,243,243, 7
35,243,243, 7
36,243,243, 7
37,243,243, 7
38,243,243, 7
39,241,241, 9
40,241,241, 9
41,241,241, 9
42,241,241, 9
43,241,241, 9
44,241,241, 9
45,241,241, 9
46,241,241, 9
47,241,241, 9
48,241,241, 9
49,241,241, 9
50,241,241, 9
51,241,241, 9
52,241,241, 9
53,241,241, 9
54,240,240, 10
55,239,239, 11
56,239,239, 11
57,239,239, 11
58,239,239, 11
59,239,239, 11
60,239,239, 11
61,239,239, 11
62,238,238, 12
63,238,238, 12
64,238,238, 12
65,238,238, 12
66,238,238, 12
67,238,238, 12
68,237,237, 13
69,237,237, 13
70,237,237, 13
71,237,237, 13
72,237,237, 13
73,237,237, 13
74,237,237, 13
75,237,237, 13
76,237,237, 13
77,237,237, 13
78,237,237, 13
79,237,237, 13
80,237,237, 13
81,237,237, 13
82,237,237, 13
83,237,237, 13
84,237,237, 13
85,236,236, 14
86,236,236, 14
87,236,236, 14
88,236,236, 14
89,236,236, 14
90,236,236, 14
91,236,236, 14
92,236,236, 14
93,236,236, 14
94,236,236, 14
95,236,236, 14
96,236,236, 14
97,236,236, 14
98,236,236, 14
99,236,236, 14
100,236,236, 14
101,236,236, 14
102,236,236, 14
103,236,236, 14
104,236,236, 14
105,236,236, 14
106,236,236, 14
107,236,236, 14
108,236,236, 14
109,236,236, 14
110,236,236, 14
111,236,236, 14
112,236,236, 14
113,236,236, 14
114,236,236, 14
115,236,236, 14
116,236,236, 14
117,236,236, 14
118,236,236, 14
119,236,236, 14
120,236,236, 14
121,236,236, 14
122,236,236, 14
123,236,236, 14
124,236,236, 14
125,236,236, 14
126,236,236, 14
127,236,236, 14
128,236,236, 14
129,236,236, 14
130,236,236, 14
131,236,236, 14
132,236,236, 14
133,236,236, 14
134,236,236, 14
135,236,236, 14
136,234,234, 16
137,234,234, 16
138,234,234, 16
139,234,234, 16
140,234,234, 16
141,234,234, 16
142,234,234, 16
143,234,234, 16
144,234,234, 16
145,234,234, 16
146,234,234, 16
147,234,234, 16
148,234,234, 16
149,234,234, 16
150,234,234, 16
151,234,234, 16
152,234,234, 16
153,234,234, 16
154,234,234, 16
155,234,234, 16
156,234,234, 16
157,234,234, 16
158,234,234, 16
159,234,234, 16
160,234,234, 16
161,234,234, 16
162,234,234, 16
163,234,234, 16
164,234,234, 16
165,234,234, 16
166,234,234, 16
167,234,234, 16
168,234,234, 16
169,234,234, 16
170,234,234, 16
171,233,233, 17
172,233,233, 17
173,233,233, 17
174,233,233, 17
175,233,233, 17
176,233,233, 17
177,233,233, 17
178,233,233, 17
179,233,233, 17
180,233,233, 17
181,233,233, 17
182,233,233, 17
183,233,233, 17
184,233,233, 17
185,233,233, 17
186,233,233, 17
187,233,233, 17
188,231,231, 19
189,231,231, 19
190,231,231, 19
191,231,231, 19
192,231,231, 19
193,231,231, 19
194,230,230, 20
195,230,230, 20
196,230,230, 20
197,230,230, 20
198,230,230, 20
199,230,230, 20
200,230,230, 20
201,230,230, 20
202,230,230, 20
203,230,230, 20
204,230,230, 20
205,230,230, 20
206,230,230, 20
207,230,230, 20
208,230,230, 20
209,230,230, 20
210,230,230, 20
211,230,230, 20
212,229,229, 21
213,228,228, 22
214,228,228, 22
215,228,228, 22
216,228,228, 22
217,228,228, 22
218,228,228, 22
219,228,228, 22
220,228,228, 22
221,228,228, 22
222,228,228, 22
223,228,228, 22
224,228,228, 22
225,228,228, 22
226,228,228, 22
227,228,228, 22
228,228,228, 22
229,228,228, 22
230,228,228, 22
231,228,228, 22
232,228,228, 22
233,228,228, 22
234,228,228, 22
235,228,228, 22
236,228,228, 22
237,228,228, 22
238,228,228, 22
239,228,228, 22
240,228,228, 22
241,228,228, 22
242,228,228, 22
243,228,228, 22
244,228,228, 22
245,228,228, 22
246,228,228, 22
247,228,228, 22
248,228,228, 22
249,226,226, 24
250,226,226, 24
251,226,226, 24
252,226,226, 24
253,226,226, 24
254,226,226, 24
255,226,226, 24
256,226,226, 24
257,226,226, 24
258,226,226, 24
259,226,226, 24
260,226,226, 24
261,226,226, 24
262,226,226, 24
263,226,226, 24
264,226,226, 24
265,226,226, 24
266,226,226, 24
267,226,226, 24
268,226,226, 24
269,226,226, 24
270,226,226, 24
271,225,225, 25
272,225,225, 25
273,225,225, 25
274,225,225, 25
275,225,225, 25
276,225,225, 25
277,225,225, 25
278,225,225, 25
279,225,225, 25
280,225,225, 25
281,225,225, 25
282,225,225, 25
283,225,225, 25
284,225,225, 25
285,225,225, 25
286,225,225, 25
287,225,225, 25
288,225,225, 25
289,225,225, 25
290,225,225, 25
291,225,225, 25
292,225,225, 25
293,225,225, 25
294,225,225, 25
295,225,225, 25
296,225,225, 25
297,225,225, 25
298,225,225, 25
299,223,223, 27
300,223,223, 27
301,223,223, 27
302,223,223, 27
303,223,223, 27
304,223,223, 27
305,223,223, 27
306,222,222, 28
307,222,222, 28
308,222,222, 28
309,222,222, 28
310,222,222, 28
311,221,221, 29
312,220,220, 30
313,220,220, 30
314,220,220, 30
315,220,220, 30
316,220,220, 30
317,220,220, 30
318,220,220, 30
319,220,220, 30
320,220,220, 30
321,220,220, 30
322,220,220, 30
323,220,220, 30
324,220,220, 30
325,220,220, 30
326,220,220, 30
327,220,220, 30
328,220,220, 30
329,220,220, 30
330,220,220, 30
331,220,220, 30
332,220,220, 30
333,220,220, 30
334,220,220, 30
335,220,220, 30
336,220,220, 30
337,220,220, 30
338,220,220, 30
339,220,220, 30
340,220,220, 30
341,220,220, 30
342,220,220, 30
343,220,220, 30
344,220,220, 30
345,220,220, 30
346,220,220, 30
347,220,220, 30
348,220,220, 30
349,220,220, 30
350,220,220, 30
351,220,220, 30
352,220,220, 30
353,220,220, 30
354,220,220, 30
355,220,220, 30
356,220,220, 30
357,220,220, 30
358,220,220, 30
359,220,220, 30
360,220,220, 30
361,220,220, 30
362,220,220, 30
363,220,220, 30
364,220,220, 30
365,220,220, 30
366,220,220, 30
367,220,220, 30
368,220,220, 30
369,220,220, 30
370,220,220, 30
371,220,220, 30
372,220,220, 30
373,220,220, 30
374,220,220, 30
375,220,220, 30
376,220,220, 30
377,220,220, 30
378,220,220, 30
379,220,220, 30
380,220,220, 30
381,220,220, 30
382,220,220, 30
383,220,220, 30
384,220,220, 30
385,220,220, 30
386,220,220, 30
387,220,220, 30
388,220,220, 30
389,220,220, 30
390,220,220, 30
391,220,220, 30
392,220,220, 30
393,220,220, 30
394,220,220, 30
395,220,220, 30
396,220,220, 30
397,220,220, 30
398,220,220, 30
399,220,220, 30
400,220,220, 30
401,220,220, 30
402,220,220, 30
403,220,220, 30
404,220,220, 30
405,220,220, 30
406,220,220, 30
407,220,220, 30
408,220,220, 30
409,220,220, 30
410,220,220, 30
411,220,220, 30
412,220,220, 30
413,220,220, 30
414,220,220, 30
415,220,220, 30
416,220,220, 30
417,220,220, 30
418,219,219, 31
419,219,219, 31
420,219,219, 31
421,219,219, 31
422,219,219, 31
423,219,219, 31
424,219,219, 31
425,219,219, 31
426,219,219, 31
427,219,219, 31
428,219,219, 31
429,219,219, 31
430,219,219, 31
431,219,219, 31
432,219,219, 31
433,219,219, 31
434,219,219, 31
435,219,219, 31
436,219,219, 31
437,219,219, 31
438,219,219, 31
439,219,219, 31
440,219,219, 31
441,219,219, 31
442,219,219, 31
443,219,219, 31
444,219,219, 31
445,219,219, 31
446,217,217, 33
447,217,217, 33
448,217,217, 33
449,217,217, 33
450,217,217, 33
451,217,217, 33
452,217,217, 33
453,217,217, 33
454,217,217, 33
455,217,217, 33
456,217,217, 33
457,217,217, 33
458,217,217, 33
459,217,217, 33
460,217,217, 33
461,217,217, 33
462,217,217, 33
463,217,217, 33
464,217,217, 33
465,217,217, 33
466,217,217, 33
467,217,217, 33
468,217,217, 33
469,217,217, 33
470,217,217, 33
471,217,217, 33
472,217,217, 33
473,217,217, 33
474,216,216, 34
475,216,216, 34
476,216,216, 34
477,216,216, 34
478,216,216, 34
479,215,215, 35
480,215,215, 35
481,215,215, 35
482,215,215, 35
483,215,215, 35
484,214,214, 36
485,213,213, 37
486,213,213, 37
487,213,213, 37
488,213,213, 37
489,213,213, 37
490,213,213, 37
491,213,213, 37
492,213,213, 37
493,213,213, 37
494,213,213, 37
495,213,213, 37
496,213,213, 37
497,213,213, 37
498,213,213, 37
499,213,213, 37
500,213,213, 37
501,213,213, 37
502,213,213, 37
503,213,213, 37
504,213,213, 37
505,213,213, 37
506,213,213, 37
507,213,213, 37
508,213,213, 37
509,213,213, 37
510,213,213, 37
511,213,213, 37
512,213,213, 37
513,213,213, 37
514,213,213, 37
515,213,213, 37
516,213,213, 37
517,213,213, 37
518,213,213, 37
519,213,213, 37
520,213,213, 37
521,213,213, 37
522,213,213, 37
523,213,213, 37
524,213,213, 37
525,213,213, 37
526,213,213, 37
527,213,213, 37
528,213,213, 37
529,213,213, 37
530,213,213, 37
531,212,212, 38
532,212,212, 38
533,212,212, 38
534,212,212, 38
535,212,212, 38
536,212,212, 38
537,212,212, 38
538,212,212, 38
539,212,212, 38
540,212,212, 38
541,212,212, 38
542,211,211, 39
543,210,210, 40
544,210,210, 40
545,210,210, 40
546,210,210, 40
547,210,210, 40
548,209,209, 41
549,208,208, 42
550,208,208, 42
551,207,207, 43
552,207,207, 43
553,207,207, 43
554,207,207, 43
555,207,207, 43
556,207,207, 43
557,207,207, 43
558,207,207, 43
559,207,207, 43
560,207,207, 43
561,207,207, 43
562,207,207, 43
563,207,207, 43
564,207,207, 43
565,207,207, 43
566,207,207, 43
567,207,207, 43
568,207,207, 43
569,207,207, 43
570,207,207, 43
571,207,207, 43
572,207,207, 43
573,207,207, 43
574,207,207, 43
575,207,207, 43
576,207,207, 43
577,207,207, 43
578,205,205, 45
579,205,205, 45
580,205,205, 45
581,205,205, 45
582,205,205, 45
583,205,205, 45
584,205,205, 45
585,205,205, 45
586,205,205, 45
587,205,205, 45
588,205,205, 45
589,205,205, 45
590,205,205, 45
591,205,205, 45
592,204,204, 46
593,203,203, 47
594,203,203, 47
595,203,203, 47
596,203,203, 47
597,203,203, 47
598,203,203, 47
599,203,203, 47
600,203,203, 47
601,203,203, 47
602,203,203, 47
603,203,203, 47
604,203,203, 47
605,203,203, 47
606,203,203, 47
607,203,203, 47
608,203,203, 47
609,203,203, 47
610,203,203, 47
611,203,203, 47
612,203,203, 47
613,203,203, 47
614,203,203, 47
615,203,203, 47
616,203,203, 47
617,203,203, 47
618,203,203, 47
619,203,203, 47
620,203,203, 47
621,203,203, 47
622,203,203, 47
623,203,203, 47
624,203,203, 47
625,203,203, 47
626,203,203, 47
627,203,203, 47
628,203,203, 47
629,203,203, 47
630,203,203, 47
631,203,203, 47
632,203,203, 47
633,203,203, 47
634,203,203, 47
635,203,203, 47
636,203,203, 47
637,203,203, 47
638,203,203, 47
639,203,203, 47
640,203,203, 47
641,203,203, 47
642,203,203, 47
643,203,203, 47
644,203,203, 47
645,203,203, 47
646,203,203, 47
647,203,203, 47
648,203,203, 47
649,203,203, 47
650,203,203, 47
651,203,203, 47
652,203,203, 47
653,203,203, 47
654,203,203, 47
655,203,203, 47
656,203,203, 47
657,203,203, 47
658,203,203, 47
659,203,203, 47
660,203,203, 47
661,203,203, 47
662,203,203, 47
663,203,203, 47
664,203,203, 47
665,203,203, 47
666,203,203, 47
667,203,203, 47
668,203,203, 47
669,203,203, 47
670,203,203, 47
671,203,203, 47
672,203,203, 47
673,203,203, 47
674,203,203, 47
675,203,203, 47
676,203,203, 47
677,203,203, 47
678,203,203, 47
679,200,200, 50
680,200,200, 50
681,200,200, 50
682,200,200, 50
683,199,199, 51
684,199,199, 51
685,199,199, 51
686,199,199, 51
687,199,199, 51
688,199,199, 51
689,199,199, 51
690,199,199, 51
691,199,199, 51
692,199,199, 51
693,199,199, 51
694,199,199, 51
695,199,199, 51
696,199,199, 51
697,199,199, 51
698,199,199, 51
699,199,199, 51
700,199,199, 51
701,199,199, 51
702,199,199, 51
703,199,199, 51
704,199,199, 51
705,199,199, 51
706,199,199, 51
707,199,199, 51
708,198,198, 52
709,198,198, 52
710,198,198, 52
711,198,198, 52
712,198,198, 52
713,198,198, 52
714,198,198, 52
715,198,198, 52
716,198,198, 52
717,198,198, 52
718,198,198, 52
719,198,198, 52
720,198,198, 52
721,198,198, 52
722,198,198, 52
723,198,198, 52
724,198,198, 52
725,198,198, 52
726,198,198, 52
727,198,198, 52
728,198,198, 52
729,198,198, 52
730,198,198, 52
731,198,198, 52
732,198,198, 52
733,198,198, 52
734,198,198, 52
735,198,198, 52
736,198,198, 52
737,198,198, 52
738,198,198, 52
739,198,198, 52
740,198,198, 52
741,198,198, 52
742,198,198, 52
743,198,198, 52
744,198,198, 52
745,198,198, 52
746,198,198, 52
747,198,198, 52
748,198,198, 52
749,198,198, 52
750,198,198, 52
751,198,198, 52
752,198,198, 52
753,198,198, 52
754,198,198, 52
755,198,198, 52
756,198,198, 52
757,198,198, 52
758,198,198, 52
759,198,198, 52
760,198,198, 52
761,198,198, 52
762,198,198, 52
763,197,197, 53
764,197,197, 53
765,197,197, 53
766,197,197, 53
767,197,197, 53
768,197,197, 53
769,197,197, 53
770,197,197, 53
771,197,197, 53
772,197,197, 53
773,197,197, 53
774,197,197, 53
775,196,196, 54
776,196,196, 54
777,196,196, 54
778,195,195, 55
779,195,195, 55
780,195,195, 55
781,195,195, 55
782,195,195, 55
783,195,195, 55
784,193,193, 57
785,193,193, 57
786,193,193, 57
787,193,193, 57
788,193,193, 57
789,193,193, 57
790,193,193, 57
791,193,193, 57
792,193,193, 57
793,193,193, 57
794,193,193, 57
795,193,193, 57
796,193,193, 57
797,193,193, 57
798,193,193, 57
799,193,193, 57
800,193,193, 57
801,193,193, 57
802,193,193, 57
803,193,193, 57
804,193,193, 57
805,192,192, 58
806,192,192, 58
807,192,192, 58
808,192,192, 58
809,192,192, 58
810,191,191, 59
811,191,191, 59
812,191,191, 59
813,191,191, 59
814,191,191, 59
815,191,191, 59
816,191,191, 59
817,191,191, 59
818,191,191, 59
819,191,191, 59
820,191,191, 59
821,191,191, 59
822,191,191, 59
823,191,191, 59
824,191,191, 59
825,191,191, 59
826,191,191, 59
827,191,191, 59
828,191,191, 59
829,191,191, 59
830,191,191, 59
831,191,191, 59
832,191,191, 59
833,191,191, 59
834,191,191, 59
835,191,191, 59
836,191,191, 59
837,191,191, 59
838,191,191, 59
839,191,191, 59
840,191,191, 59
841,191,191, 59
842,191,191, 59
843,191,191, 59
844,191,191, 59
845,191,191, 59
846,191,191, 59
847,191,191, 59
848,191,191, 59
849,191,191, 59
850,191,191, 59
851,191,191, 59
852,191,191, 59
853,191,191, 59
854,191,191, 59
855,191,191, 59
856,191,191, 59
857,191,191, 59
858,191,191, 59
859,191,191, 59
860,191,191, 59
861,191,191, 59
862,191,191, 59
863,191,191, 59
864,191,191, 59
865,191,191, 59
866,191,191, 59
867,191,191, 59
868,191,191, 59
869,191,191, 59
870,191,191, 59
871,191,191, 59
872,191,191, 59
873,191,191, 59
874,191,191, 59
875,191,191, 59
876,191,191, 59
877,191,191, 59
878,191,191, 59
879,191,191, 59
880,191,191, 59
881,191,191, 59
882,191,191, 59
883,191,191, 59
884,191,191, 59
885,191,191, 59
886,191,191, 59
887,191,191, 59
888,191,191, 59
889,191,191, 59
890,191,191, 59
891,191,191, 59
892,191,191, 59
893,191,191, 59
894,191,191, 59
895,191,191, 59
896,191,191, 59
897,191,191, 59
898,191,191, 59
899,191,191, 59
900,191,191, 59
901,191,191, 59
902,191,191, 59
903,191,191, 59
904,191,191, 59
905,191,191, 59
906,191,191, 59
907,191,191, 59
908,191,191, 59
909,191,191, 59
910,191,191, 59
911,191,191, 59
912,191,191, 59
913,191,191, 59
914,191,191, 59
915,191,191, 59
916,191,191, 59
917,191,191, 59
918,191,191, 59
919,191,191, 59
920,191,191, 59
921,191,191, 59
922,191,191, 59
923,191,191, 59
924,191,191, 59
925,191,191, 59
926,190,190, 60
927,190,190, 60
928,190,190, 60
929,190,190, 60
930,190,190, 60
931,190,190, 60
932,190,190, 60
933,190,190, 60
934,190,190, 60
935,190,190, 60
936,190,190, 60
937,190,190, 60
938,190,190, 60
939,190,190, 60
940,190,190, 60
941,190,190, 60
942,190,190, 60
943,190,190, 60
944,190,190, 60
945,189,189, 61
946,189,189, 61
947,189,189, 61
948,189,189, 61
949,189,189, 61
950,189,189, 61
951,189,189, 61
952,189,189, 61
953,189,189, 61
954,189,189, 61
955,189,189, 61
956,189,189, 61
957,189,189, 61
958,189,189, 61
959,189,189, 61
960,189,189, 61
961,189,189, 61
962,189,189, 61
963,188,188, 62
964,188,188, 62
965,188,188, 62
966,188,188, 62
967,188,188, 62
968,188,188, 62
969,188,188, 62
970,188,188, 62
971,188,188, 62
972,188,188, 62
973,188,188, 62
974,188,188, 62
975,188,188, 62
976,188,188, 62
977,188,188, 62
978,188,188, 62
979,188,188, 62
980,188,188, 62
981,188,188, 62
982,188,188, 62
983,188,188, 62
984,188,188, 62
985,188,188, 62
986,188,188, 62
987,188,188, 62
988,188,188, 62
989,188,188, 62
990,188,188, 62
991,188,188, 62
992,188,188, 62
993,188,188, 62
994,188,188, 62
995,188,188, 62
996,188,188, 62
997,188,188, 62
998,188,188, 62
999,188,188, 62
1000,188,188, 62
1001,188,188, 62
1002,188,188, 62
1003,188,188, 62
1004,188,188, 62
1005,188,188, 62
1006,188,188, 62
1007,188,188, 62
1008,188,188, 62
1009,188,188, 62
1010,188,188, 62
1011,187,187, 63
1012,187,187, 63
1013,187,187, 63
1014,187,187, 63
1015,187,187, 63
1016,187,187, 63
1017,187,187, 63
1018,187,187, 63
1019,187,187, 63
1020,187,187, 63
1021,187,187, 63
1022,187,187, 63
1023,187,187, 63
1024,187,187, 63
1025,187,187, 63
1026,187,187, 63
1027,187,187, 63
1028,187,187, 63
1029,187,187, 63
1030,187,187, 63
1031,187,187, 63
1032,187,187, 63
1033,187,187, 63
1034,187,187, 63
1035,187,187, 63
1036,187,187, 63
1037,187,187, 63
1038,187,187, 63
1039,187,187, 63
1040,187,187, 63
1041,187,187, 63
1042,187,187, 63
1043,187,187, 63
1044,187,187, 63
1045,187,187, 63
1046,187,187, 63
1047,187,187, 63
1048,187,187, 63
1049,187,187, 63
1050,187,187, 63
1051,187,187, 63
1052,187,187, 63
1053,187,187, 63
1054,187,187, 63
1055,187,187, 63
1056,187,187, 63
1057,187,187, 63
1058,187,187, 63
1059,187,187, 63
1060,187,187, 63
1061,187,187, 63
1062,187,187, 63
1063,187,187, 63
1064,187,187, 63
1065,187,187, 63
1066,187,187, 63
1067,187,187, 63
1068,187,187, 63
1069,187,187, 63
1070,187,187, 63
1071,187,187, 63
1072,187,187, 63
1073,187,187, 63
1074,187,187, 63
1075,187,187, 63
1076,187,187, 63
1077,187,187, 63
1078,187,187, 63
1079,187,187, 63
1080,187,187, 63
1081,187,187, 63
1082,187,187, 63
1083,187,187, 63
1084,187,187, 63
1085,187,187, 63
1086,187,187, 63
1087,187,187, 63
1088,187,187, 63
1089,187,187, 63
1090,187,187, 63
1091,187,187, 63
1092,187,187, 63
1093,187,187, 63
1094,187,187, 63
1095,186,186, 64
1096,186,186, 64
1097,186,186, 64
1098,186,186, 64
1099,186,186, 64
1100,186,186, 64
1101,186,186, 64
1102,186,186, 64
1103,186,186, 64
1104,185,185, 65
1105,185,185, 65
1106,185,185, 65
1107,185,185, 65
1108,185,185, 65
1109,185,185, 65
1110,185,185, 65
1111,185,185, 65
1112,185,185, 65
1113,185,185, 65
1114,185,185, 65
1115,185,185, 65
1116,185,185, 65
1117,185,185, 65
1118,185,185, 65
1119,185,185, 65
1120,185,185, 65
1121,185,185, 65
1122,185,185, 65
1123,184,184, 66
1124,184,184, 66
1125,184,184, 66
1126,184,184, 66
1127,184,184, 66
1128,184,184, 66
1129,184,184, 66
1130,184,184, 66
1131,184,184, 66
1132,184,184, 66
1133,184,184, 66
1134,184,184, 66
1135,184,184, 66
1136,184,184, 66
1137,184,184, 66
1138,184,184, 66
1139,184,184, 66
1140,184,184, 66
1141,184,184, 66
1142,184,184, 66
1143,184,184, 66
1144,184,184, 66
1145,184,184, 66
1146,184,184, 66
1147,184,184, 66
1148,184,184, 66
1149,184,184, 66
1150,184,184, 66
1151,184,184, 66
1152,184,184, 66
1153,184,184, 66
1154,184,184, 66
1155,184,184, 66
1156,183,183, 67
1157,183,183, 67
1158,183,183, 67
1159,183,183, 67
1160,183,183, 67
1161,183,183, 67
1162,183,183, 67
1163,183,183, 67
1164,183,183, 67
1165,183,183, 67
1166,183,183, 67
1167,183,183, 67
1168,183,183, 67
1169,183,183, 67
1170,183,183, 67
1171,183,183, 67
1172,183,183, 67
1173,183,183, 67
1174,183,183, 67
1175,183,183, 67
1176,183,183, 67
1177,183,183, 67
1178,183,183, 67
1179,183,183, 67
1180,183,183, 67
1181,183,183, 67
1182,183,183, 67
1183,183,183, 67
1184,183,183, 67
1185,183,183, 67
1186,183,183, 67
1187,183,183, 67
1188,183,183, 67
1189,183,183, 67
1190,182,182, 68
1191,182,182, 68
1192,182,182, 68
1193,182,182, 68
1194,182,182, 68
1195,182,182, 68
1196,182,182, 68
1197,182,182, 68
1198,182,182, 68
1199,182,182, 68
1200,182,182, 68
1201,182,182, 68
1202,182,182, 68
1203,182,182, 68
1204,182,182, 68
1205,182,182, 68
1206,182,182, 68
1207,182,182, 68
1208,182,182, 68
1209,182,182, 68
1210,182,182, 68
1211,182,182, 68
1212,182,182, 68
1213,182,182, 68
1214,182,182, 68
1215,182,182, 68
1216,182,182, 68
1217,182,182, 68
1218,182,182, 68
1219,182,182, 68
1220,182,182, 68
1221,182,182, 68
1222,182,182, 68
1223,182,182, 68
1224,182,182, 68
1225,182,182, 68
1226,182,182, 68
1227,181,181, 69
1228,181,181, 69
1229,181,181, 69
1230,181,181, 69
1231,181,181, 69
1232,181,181, 69
1233,181,181, 69
1234,181,181, 69
1235,181,181, 69
1236,181,181, 69
1237,181,181, 69
1238,181,181, 69
1239,181,181, 69
1240,181,181, 69
1241,181,181, 69
1242,181,181, 69
1243,181,181, 69
1244,181,181, 69
1245,181,181, 69
1246,181,181, 69
1247,181,181, 69
1248,181,181, 69
1249,181,181, 69
1250,181,181, 69
1251,181,181, 69
1252,181,181, 69
1253,181,181, 69
1254,181,181, 69
1255,181,181, 69
1256,181,181, 69
1257,181,181, 69
1258,181,181, 69
1259,181,181, 69
1260,181,181, 69
1261,181,181, 69
1262,181,181, 69
1263,181,181, 69
1264,181,181, 69
1265,181,181, 69
1266,181,181, 69
1267,180,180, 70
1268,180,180, 70
1269,180,180, 70
1270,180,180, 70
1271,180,180, 70
1272,180,180, 70
1273,180,180, 70
1274,180,180, 70
1275,180,180, 70
1276,180,180, 70
1277,180,180, 70
1278,180,180, 70
1279,180,180, 70
1280,180,180, 70
1281,180,180, 70
1282,180,180, 70
1283,180,180, 70
1284,180,180, 70
1285,180,180, 70
1286,180,180, 70
1287,180,180, 70
1288,180,180, 70
1289,180,180, 70
1290,180,180, 70
1291,180,180, 70
1292,180,180, 70
1293,180,180, 70
1294,180,180, 70
1295,180,180, 70
1296,180,180, 70
1297,180,180, 70
1298,180,180, 70
1299,180,180, 70
1300,180,180, 70
1301,180,180, 70
1302,180,180, 70
1303,180,180, 70
1304,180,180, 70
1305,180,180, 70
1306,180,180, 70
1307,180,180, 70
1308,180,180, 70
1309,180,180, 70
1310,180,180, 70
1311,180,180, 70
1312,180,180, 70
1313,180,180, 70
1314,180,180, 70
1315,180,180, 70
1316,180,180, 70
1317,180,180, 70
1318,180,180, 70
1319,180,180, 70
1320,180,180, 70
1321,180,180, 70
1322,180,180, 70
1323,180,180, 70
1324,180,180, 70
1325,180,180, 70
1326,180,180, 70
1327,180,180, 70
1328,180,180, 70
1329,180,180, 70
1330,180,180, 70
1331,180,180, 70
1332,180,180, 70
1333,180,180, 70
1334,180,180, 70
1335,180,180, 70
1336,179,179, 71
1337,179,179, 71
1338,179,179, 71
1339,179,179, 71
1340,179,179, 71
1341,179,179, 71
1342,179,179, 71
1343,179,179, 71
1344,179,179, 71
1345,179,179, 71
1346,179,179, 71
1347,178,178, 72
1348,178,178, 72
1349,178,178, 72
1350,178,178, 72
1351,178,178, 72
1352,178,178, 72
1353,178,178, 72
1354,178,178, 72
1355,178,178, 72
1356,178,178, 72
1357,178,178, 72
1358,178,178, 72
1359,178,178, 72
1360,178,178, 72
1361,178,178, 72
1362,177,177, 73
1363,177,177, 73
1364,177,177, 73
1365,177,177, 73
1366,177,177, 73
1367,177,177, 73
1368,177,177, 73
1369,177,177, 73
1370,177,177, 73
1371,177,177, 73
1372,177,177, 73
1373,177,177, 73
1374,177,177, 73
1375,177,177, 73
1376,177,177, 73
1377,177,177, 73
1378,177,177, 73
1379,177,177, 73
1380,177,177, 73
1381,177,177, 73
1382,177,177, 73
1383,177,177, 73
1384,177,177, 73
1385,177,177, 73
1386,177,177, 73
1387,177,177, 73
1388,177,177, 73
1389,177,177, 73
1390,177,177, 73
1391,177,177, 73
1392,177,177, 73
1393,177,177, 73
1394,177,177, 73
1395,177,177, 73
1396,177,177, 73
1397,177,177, 73
1398,177,177, 73
1399,177,177, 73
1400,177,177, 73
1401,177,177, 73
1402,177,177, 73
1403,177,177, 73
1404,177,177, 73
1405,177,177, 73
1406,177,177, 73
1407,177,177, 73
1408,177,177, 73
1409,177,177, 73
1410,176,176, 74
1411,176,176, 74
1412,176,176, 74
1413,176,176, 74
1414,176,176, 74
1415,176,176, 74
1416,176,176, 74
1417,176,176, 74
1418,176,176, 74
1419,175,175, 75
1420,175,175, 75
1421,175,175, 75
1422,175,175, 75
1423,175,175, 75
1424,175,175, 75
1425,175,175, 75
1426,175,175, 75
1427,175,175, 75
1428,175,175, 75
1429,175,175, 75
1430,175,175, 75
1431,175,175, 75
1432,175,175, 75
1433,175,175, 75
1434,175,175, 75
1435,175,175, 75
1436,175,175, 75
1437,175,175, 75
1438,175,175, 75
1439,175,175, 75
1440,175,175, 75
1441,175,175, 75
1442,175,175, 75
1443,175,175, 75
1444,175,175, 75
1445,175,175, 75
1446,175,175, 75
1447,175,175, 75
1448,175,175, 75
1449,175,175, 75
1450,175,175, 75
1451,175,175, 75
1452,175,175, 75
1453,175,175, 75
1454,175,175, 75
1455,175,175, 75
1456,175,175, 75
1457,175,175, 75
1458,175,175, 75
1459,175,175, 75
1460,175,175, 75
1461,175,175, 75
1462,175,175, 75
1463,175,175, 75
1464,175,175, 75
1465,175,175, 75
1466,175,175, 75
1467,175,175, 75
1468,175,175, 75
1469,175,175, 75
1470,175,175, 75
1471,175,175, 75
1472,175,175, 75
1473,175,175, 75
1474,175,175, 75
1475,175,175, 75
1476,175,175, 75
1477,175,175, 75
1478,175,175, 75
1479,175,175, 75
1480,175,175, 75
1481,175,175, 75
1482,175,175, 75
1483,175,175, 75
1484,175,175, 75
1485,175,175, 75
1486,175,175, 75
1487,175,175, 75
1488,175,175, 75
1489,175,175, 75
1490,175,175, 75
1491,175,175, 75
1492,175,175, 75
1493,175,175, 75
1494,175,175, 75
1495,175,175, 75
1496,175,175, 75
1497,175,175, 75
1498,175,175, 75
1499,175,175, 75
