0,250,250, 0
1,250,250, 0
2,250,250, 0
3,250,250, 0
4,250,250, 0
5,250,250, 0
6,250,250, 0
7,249,249, 1
8,248,248, 2
9,248,248, 2
10,248,248, 2
11,248,248, 2
12,248,248, 2
13,248,248, 2
14,248,248, 2
15,248,248, 2
16,248,248, 2
17,248,248, 2
18,248,248, 2
19,248,248, 2
20,248,248, 2
21,248,248, 2
22,248,248, 2
23,247,247, 3
24,246,246, 4
25,246,246, 4
26,246,246, 4
27,246,246, 4
28,246,246, 4
29,246,246, 4
30,246,246, 4
31,246,246, 4
32,246,246, 4
33,246,246, 4
34,246,246, 4
35,246,246, 4
36,246,246, 4
37,246,246, 4
38,246,246, 4
39,246,246, 4
40,246,246, 4
41,246,246, 4
42,246,246, 4
43,246,246, 4
44,246,246, 4
45,246,246, 4
46,246,246, 4
47,246,246, 4
48,246,246, 4
49,246,246, 4
50,246,246, 4
51,246,246, 4
52,246,246, 4
53,246,246, 4
54,246,246, 4
55,246,246, 4
56,246,246, 4
57,246,246, 4
58,246,246, 4
59,245,245, 5
60,245,245, 5
61,245,245, 5
62,245,245, 5
63,245,245, 5
64,245,245, 5
65,245,245, 5
66,245,245, 5
67,245,245, 5
68,245,245, 5
69,245,245, 5
70,245,245, 5
71,245,245, 5
72,245,245, 5
73,245,245, 5
74,245,245, 5
75,245,245, 5
76,245,245, 5
77,245,245, 5
78,245,245, 5
79,245,245, 5
80,245,245, 5
81,245,245, 5
82,244,244, 6
83,244,244, 6
84,244,244, 6
85,244,244, 6
86,244,244, 6
87,243,243, 7
88,243,243, 7
89,243,243, 7
90,243,243, 7
91,243,243, 7
92,243,243, 7
93,243,243, 7
94,243,243, 7
95,243,243, 7
96,243,243, 7
97,243,243, 7
98,243,243, 7
99,243,243, 7
100,243,243, 7
101,243,243, 7
102,243,243, 7
103,243,243, 7
104,243,243, 7
105,243,243, 7
106,243,243, 7
107,243,243, 7
108,243,243, 7
109,243,243, 7
110,243,243, 7
111,243,243, 7
112,243,243, 7
113,243,243, 7
114,243,243, 7
115,243,243, 7
116,243,243, 7
117,243,243, 7
118,243,243, 7
119,243,243, 7
120,243,243, 7
121,243,243, 7
122,243,243, 7
123,243,243, 7
124,243,243, 7
125,243,243, 7
126,243,243, 7
127,243,243, 7
128,243,243, 7
129,243,243, 7
130,243,243, 7
131,243,243, 7
132,243,243, 7
133,243,243, 7
134,243,243, 7
135,243,243, 7
136,243,243, 7
137,243,243, 7
138,243,243, 7
139,243,243, 7
140,243,243, 7
141,243,243, 7
142,243,243, 7
143,243,243, 7
144,243,243, 7
145,243,243, 7
146,243,243, 7
147,243,243, 7
148,242,242, 8
149,242,242, 8
150,242,242, 8
151,242,242, 8
152,242,242, 8
153,242,242, 8
154,242,242, 8
155,242,242, 8
156,242,242, 8
157,242,242, 8
158,242,242, 8
159,242,242, 8
160,242,242, 8
161,242,242, 8
162,242,242, 8
163,242,242, 8
164,242,242, 8
165,242,242, 8
166,242,242, 8
167,242,242, 8
168,242,242, 8
169,242,242, 8
170,242,242, 8
171,242,242, 8
172,242,242, 8
173,241,241, 9
174,241,241, 9
175,241,241, 9
176,241,241, 9
177,241,241, 9
178,241,241, 9
179,241,241, 9
180,241,241, 9
181,241,241, 9
182,241,241, 9
183,241,241, 9
184,241,241, 9
185,241,241, 9
186,241,241, 9
187,241,241, 9
188,241,241, 9
189,241,241, 9
190,241,241, 9
191,241,241, 9
192,241,241, 9
193,241,241, 9
194,241,241, 9
195,241,241, 9
196,241,241, 9
197,241,241, 9
198,241,241, 9
199,240,240, 10
200,240,240, 10
201,240,240, 10
202,240,240, 10
203,240,240, 10
204,240,240, 10
205,240,240, 10
206,240,240, 10
207,240,240, 10
208,240,240, 10
209,240,240, 10
210,240,240, 10
211,240,240, 10
212,239,239, 11
213,239,239, 11
214,239,239, 11
215,239,239, 11
216,239,239, 11
217,239,239, 11
218,239,239, 11
219,239,239, 11
220,239,239, 11
221,239,239, 11
222,239,239, 11
223,239,239, 11
224,239,239, 11
225,239,239, 11
226,239,239, 11
227,239,239, 11
228,239,239, 11
229,239,239, 11
230,239,239, 11
231,239,239, 11
232,239,239, 11
233,239,239, 11
234,239,239, 11
235,239,239, 11
236,239,239, 11
237,239,239, 11
238,239,239, 11
239,239,239, 11
240,239,239, 11
241,239,239, 11
242,239,239, 11
243,239,239, 11
244,239,239, 11
245,239,239, 11
246,239,239, 11
247,239,239, 11
248,239,239, 11
249,239,239, 11
250,239,239, 11
251,238,238, 12
252,238,238, 12
253,238,238, 12
254,238,238, 12
255,238,238, 12
256,238,238, 12
257,238,238, 12
258,238,238, 12
259,238,238, 12
260,238,238, 12
261,238,238, 12
262,238,238, 12
263,238,238, 12
264,238,238, 12
265,238,238, 12
266,238,238, 12
267,238,238, 12
268,238,238, 12
269,238,238, 12
270,238,238, 12
271,237,237, 13
272,237,237, 13
273,236,236, 14
274,236,236, 14
275,236,236, 14
276,236,236, 14
277,236,236, 14
278,236,236, 14
279,236,236, 14
280,236,236, 14
281,236,236, 14
282,236,236, 14
283,236,236, 14
284,236,236, 14
285,236,236, 14
286,236,236, 14
287,236,236, 14
288,236,236, 14
289,236,236, 14
290,236,236, 14
291,236,236, 14
292,236,236, 14
293,236,236, 14
294,236,236, 14
295,236,236, 14
296,236,236, 14
297,236,236, 14
298,236,236, 14
299,236,236, 14
300,236,236, 14
301,236,236, 14
302,236,236, 14
303,236,236, 14
304,236,236, 14
305,236,236, 14
306,236,236, 14
307,236,236, 14
308,236,236, 14
309,236,236, 14
310,236,236, 14
311,236,236, 14
312,236,236, 14
313,236,236, 14
314,236,236, 14
315,236,236, 14
316,236,236, 14
317,236,236, 14
318,236,236, 14
319,236,236, 14
320,236,236, 14
321,236,236, 14
322,236,236, 14
323,236,236, 14
324,236,236, 14
325,236,236, 14
326,236,236, 14
327,236,236, 14
328,236,236, 14
329,236,236, 14
330,236,236, 14
331,236,236, 14
332,236,236, 14
333,236,236, 14
334,236,236, 14
335,236,236, 14
336,236,236, 14
337,236,236, 14
338,236,236, 14
339,236,236, 14
340,236,236, 14
341,236,236, 14
342,236,236, 14
343,236,236, 14
344,236,236, 14
345,236,236, 14
346,236,236, 14
347,236,236, 14
348,236,236, 14
349,236,236, 14
350,236,236, 14
351,236,236, 14
352,236,236, 14
353,236,236, 14
354,236,236, 14
355,236,236, 14
356,236,236, 14
357,236,236, 14
358,236,236, 14
359,236,236, 14
360,236,236, 14
361,236,236, 14
362,236,236, 14
363,236,236, 14
364,236,236, 14
365,236,236, 14
366,236,236, 14
367,236,236, 14
368,236,236, 14
369,236,236, 14
370,236,236, 14
371,236,236, 14
372,236,236, 14
373,235,235, 15
374,235,235, 15
375,235,235, 15
376,235,235, 15
377,235,235, 15
378,235,235, 15
379,235,235, 15
380,235,235, 15
381,235,235, 15
382,235,235, 15
383,235,235, 15
384,235,235, 15
385,235,235, 15
386,235,235, 15
387,235,235, 15
388,235,235, 15
389,235,235, 15
390,235,235, 15
391,235,235, 15
392,235,235, 15
393,235,235, 15
394,235,235, 15
395,235,235, 15
396,235,235, 15
397,235,235, 15
398,234,234, 16
399,234,234, 16
400,234,234, 16
401,234,234, 16
402,234,234, 16
403,234,234, 16
404,234,234, 16
405,234,234, 16
406,234,234, 16
407,234,234, 16
408,234,234, 16
409,234,234, 16
410,234,234, 16
411,234,234, 16
412,234,234, 16
413,234,234, 16
414,234,234, 16
415,234,234, 16
416,234,234, 16
417,234,234, 16
418,234,234, 16
419,234,234, 16
420,234,234, 16
421,234,234, 16
422,234,234, 16
423,234,234, 16
424,234,234, 16
425,234,234, 16
426,234,234, 16
427,234,234, 16
428,234,234, 16
429,234,234, 16
430,234,234, 16
431,234,234, 16
432,234,234, 16
433,234,234, 16
434,234,234, 16
435,234,234, 16
436,234,234, 16
437,234,234, 16
438,234,234, 16
439,234,234, 16
440,234,234, 16
441,234,234, 16
442,234,234, 16
443,234,234, 16
444,234,234, 16
445,234,234, 16
446,234,234, 16
447,234,234, 16
448,234,234, 16
449,234,234, 16
450,234,234, 16
451,234,234, 16
452,234,234, 16
453,234,234, 16
454,234,234, 16
455,234,234, 16
456,234,234, 16
457,234,234, 16
458,234,234, 16
459,234,234, 16
460,234,234, 16
461,234,234, 16
462,234,234, 16
463,234,234, 16
464,234,234, 16
465,234,234, 16
466,234,234, 16
467,234,234, 16
468,234,234, 16
469,234,234, 16
470,234,234, 16
471,234,234, 16
472,234,234, 16
473,234,234, 16
474,234,234, 16
475,234,234, 16
476,234,234, 16
477,234,234, 16
478,234,234, 16
479,234,234, 16
480,234,234, 16
481,234,234, 16
482,234,234, 16
483,234,234, 16
484,234,234, 16
485,234,234, 16
486,234,234, 16
487,234,234, 16
488,234,234, 16
489,234,234, 16
490,234,234, 16
491,234,234, 16
492,233,233, 17
493,233,233, 17
494,233,233, 17
495,233,233, 17
496,233,233, 17
497,233,233, 17
498,233,233, 17
499,233,233, 17
500,233,233, 17
501,233,233, 17
502,233,233, 17
503,233,233, 17
504,233,233, 17
505,233,233, 17
506,233,233, 17
507,233,233, 17
508,233,233, 17
509,233,233, 17
510,233,233, 17
511,233,233, 17
512,233,233, 17
513,233,233, 17
514,233,233, 17
515,233,233, 17
516,233,233, 17
517,233,233, 17
518,233,233, 17
519,233,233, 17
520,233,233, 17
521,233,233, 17
522,233,233, 17
523,233,233, 17
524,233,233, 17
525,233,233, 17
526,233,233, 17
527,233,233, 17
528,233,233, 17
529,233,233, 17
530,233,233, 17
531,233,233, 17
532,233,233, 17
533,233,233, 17
534,233,233, 17
535,233,233, 17
536,233,233, 17
537,233,233, 17
538,233,233, 17
539,233,233, 17
540,233,233, 17
541,233,233, 17
542,233,233, 17
543,233,233, 17
544,233,233, 17
545,233,233, 17
546,233,233, 17
547,233,233, 17
548,233,233, 17
549,233,233, 17
550,233,233, 17
551,233,233, 17
552,233,233, 17
553,233,233, 17
554,233,233, 17
555,233,233, 17
556,233,233, 17
557,233,233, 17
558,233,233, 17
559,233,233, 17
560,233,233, 17
561,233,233, 17
562,233,233, 17
563,233,233, 17
564,233,233, 17
565,233,233, 17
566,233,233, 17
567,233,233, 17
568,233,233, 17
569,233,233, 17
570,233,233, 17
571,233,233, 17
572,233,233, 17
573,233,233, 17
574,233,233, 17
575,233,233, 17
576,233,233, 17
577,233,233, 17
578,233,233, 17
579,233,233, 17
580,233,233, 17
581,233,233, 17
582,233,233, 17
583,233,233, 17
584,233,233, 17
585,233,233, 17
586,233,233, 17
587,233,233, 17
588,233,233, 17
589,233,233, 17
590,233,233, 17
591,233,233, 17
592,233,233, 17
593,233,233, 17
594,233,233, 17
595,233,233, 17
596,234,234, 16
597,234,234, 16
598,234,234, 16
599,234,234, 16
600,234,234, 16
601,234,234, 16
602,234,234, 16
603,234,234, 16
604,233,233, 17
605,233,233, 17
606,233,233, 17
607,233,233, 17
608,233,233, 17
609,233,233, 17
610,233,233, 17
611,233,233, 17
612,233,233, 17
613,233,233, 17
614,233,233, 17
615,233,233, 17
616,233,233, 17
617,233,233, 17
618,233,233, 17
619,233,233, 17
620,233,233, 17
621,233,233, 17
622,233,233, 17
623,233,233, 17
624,232,232, 18
625,232,232, 18
626,232,232, 18
627,232,232, 18
628,232,232, 18
629,232,232, 18
630,232,232, 18
631,232,232, 18
632,232,232, 18
633,232,232, 18
634,232,232, 18
635,232,232, 18
636,232,232, 18
637,232,232, 18
638,232,232, 18
639,232,232, 18
640,231,231, 19
641,231,231, 19
642,231,231, 19
643,231,231, 19
644,231,231, 19
645,231,231, 19
646,231,231, 19
647,231,231, 19
648,231,231, 19
649,231,231, 19
650,231,231, 19
651,231,231, 19
652,231,231, 19
653,231,231, 19
654,231,231, 19
655,231,231, 19
656,231,231, 19
657,231,231, 19
658,231,231, 19
659,231,231, 19
660,231,231, 19
661,231,231, 19
662,231,231, 19
663,231,231, 19
664,231,231, 19
665,231,231, 19
666,231,231, 19
667,231,231, 19
668,231,231, 19
669,231,231, 19
670,231,231, 19
671,231,231, 19
672,231,231, 19
673,231,231, 19
674,231,231, 19
675,231,231, 19
676,231,231, 19
677,231,231, 19
678,231,231, 19
679,231,231, 19
680,231,231, 19
681,231,231, 19
682,231,231, 19
683,231,231, 19
684,231,231, 19
685,231,231, 19
686,231,231, 19
687,231,231, 19
688,231,231, 19
689,231,231, 19
690,231,231, 19
691,231,231, 19
692,231,231, 19
693,231,231, 19
694,231,231, 19
695,231,231, 19
696,231,231, 19
697,231,231, 19
698,231,231, 19
699,231,231, 19
700,231,231, 19
701,231,231, 19
702,231,231, 19
703,231,231, 19
704,231,231, 19
705,231,231, 19
706,231,231, 19
707,231,231, 19
708,231,231, 19
709,231,231, 19
710,231,231, 19
711,231,231, 19
712,231,231, 19
713,231,231, 19
714,231,231, 19
715,231,231, 19
716,231,231, 19
717,231,231, 19
718,231,231, 19
719,231,231, 19
720,231,231, 19
721,231,231, 19
722,231,231, 19
723,231,231, 19
724,231,231, 19
725,231,231, 19
726,231,231, 19
727,231,231, 19
728,231,231, 19
729,231,231, 19
730,231,231, 19
731,231,231, 19
732,231,231, 19
733,231,231, 19
734,231,231, 19
735,231,231, 19
736,231,231, 19
737,231,231, 19
738,231,231, 19
739,231,231, 19
740,231,231, 19
741,231,231, 19
742,231,231, 19
743,231,231, 19
744,231,231, 19
745,231,231, 19
746,231,231, 19
747,231,231, 19
748,231,231, 19
749,231,231, 19
750,231,231, 19
751,231,231, 19
752,231,231, 19
753,231,231, 19
754,231,231, 19
755,231,231, 19
756,231,231, 19
757,231,231, 19
758,231,231, 19
759,231,231, 19
760,231,231, 19
761,231,231, 19
762,231,231, 19
763,231,231, 19
764,231,231, 19
765,231,231, 19
766,231,231, 19
767,231,231, 19
768,231,231, 19
769,231,231, 19
770,231,231, 19
771,231,231, 19
772,231,231, 19
773,231,231, 19
774,231,231, 19
775,231,231, 19
776,231,231, 19
777,231,231, 19
778,231,231, 19
779,231,231, 19
780,230,230, 20
781,230,230, 20
782,230,230, 20
783,230,230, 20
784,230,230, 20
785,230,230, 20
786,230,230, 20
787,230,230, 20
788,230,230, 20
789,230,230, 20
790,230,230, 20
791,230,230, 20
792,230,230, 20
793,230,230, 20
794,230,230, 20
795,230,230, 20
796,230,230, 20
797,230,230, 20
798,230,230, 20
799,230,230, 20
800,230,230, 20
801,230,230, 20
802,230,230, 20
803,230,230, 20
804,230,230, 20
805,230,230, 20
806,230,230, 20
807,230,230, 20
808,230,230, 20
809,230,230, 20
810,230,230, 20
811,230,230, 20
812,230,230, 20
813,230,230, 20
814,230,230, 20
815,230,230, 20
816,230,230, 20
817,230,230, 20
818,230,230, 20
819,230,230, 20
820,230,230, 20
821,230,230, 20
822,230,230, 20
823,230,230, 20
824,230,230, 20
825,230,230, 20
826,230,230, 20
827,230,230, 20
828,230,230, 20
829,230,230, 20
830,230,230, 20
831,230,230, 20
832,230,230, 20
833,230,230, 20
834,230,230, 20
835,230,230, 20
836,230,230, 20
837,230,230, 20
838,230,230, 20
839,230,230, 20
840,230,230, 20
841,230,230, 20
842,230,230, 20
843,230,230, 20
844,230,230, 20
845,230,230, 20
846,230,230, 20
847,230,230, 20
848,230,230, 20
849,230,230, 20
850,230,230, 20
851,230,230, 20
852,230,230, 20
853,230,230, 20
854,230,230, 20
855,230,230, 20
856,230,230, 20
857,230,230, 20
858,230,230, 20
859,230,230, 20
860,230,230, 20
861,230,230, 20
862,230,230, 20
863,230,230, 20
864,230,230, 20
865,230,230, 20
866,230,230, 20
867,230,230, 20
868,230,230, 20
869,230,230, 20
870,230,230, 20
871,230,230, 20
872,230,230, 20
873,230,230, 20
874,230,230, 20
875,230,230, 20
876,230,230, 20
877,230,230, 20
878,230,230, 20
879,230,230, 20
880,230,230, 20
881,230,230, 20
882,230,230, 20
883,230,230, 20
884,230,230, 20
885,230,230, 20
886,230,230, 20
887,230,230, 20
888,230,230, 20
889,230,230, 20
890,230,230, 20
891,230,230, 20
892,230,230, 20
893,230,230, 20
894,230,230, 20
895,230,230, 20
896,230,230, 20
897,230,230, 20
898,230,230, 20
899,230,230, 20
900,230,230, 20
901,230,230, 20
902,230,230, 20
903,230,230, 20
904,230,230, 20
905,230,230, 20
906,230,230, 20
907,230,230, 20
908,230,230, 20
909,230,230, 20
910,229,229, 21
911,229,229, 21
912,229,229, 21
913,229,229, 21
914,229,229, 21
915,229,229, 21
916,229,229, 21
917,229,229, 21
918,229,229, 21
919,229,229, 21
920,229,229, 21
921,229,229, 21
922,229,229, 21
923,229,229, 21
924,229,229, 21
925,229,229, 21
926,229,229, 21
927,229,229, 21
928,229,229, 21
929,229,229, 21
930,229,229, 21
931,229,229, 21
932,229,229, 21
933,229,229, 21
934,229,229, 21
935,229,229, 21
936,229,229, 21
937,229,229, 21
938,229,229, 21
939,229,229, 21
940,229,229, 21
941,229,229, 21
942,229,229, 21
943,229,229, 21
944,229,229, 21
945,229,229, 21
946,229,229, 21
947,229,229, 21
948,229,229, 21
949,229,229, 21
950,229,229, 21
951,229,229, 21
952,229,229, 21
953,229,229, 21
954,229,229, 21
955,229,229, 21
956,229,229, 21
957,229,229, 21
958,229,229, 21
959,229,229, 21
960,229,229, 21
961,229,229, 21
962,229,229, 21
963,229,229, 21
964,229,229, 21
965,229,229, 21
966,229,229, 21
967,229,229, 21
968,229,229, 21
969,229,229, 21
970,229,229, 21
971,229,229, 21
972,229,229, 21
973,229,229, 21
974,229,229, 21
975,229,229, 21
976,229,229, 21
977,229,229, 21
978,229,229, 21
979,229,229, 21
980,229,229, 21
981,229,229, 21
982,229,229, 21
983,229,229, 21
984,229,229, 21
985,229,229, 21
986,229,229, 21
987,229,229, 21
988,229,229, 21
989,229,229, 21
990,229,229, 21
991,229,229, 21
992,229,229, 21
993,229,229, 21
994,229,229, 21
995,229,229, 21
996,229,229, 21
997,229,229, 21
998,229,229, 21
999,229,229, 21
1000,229,229, 21
1001,229,229, 21
1002,229,229, 21
1003,229,229, 21
1004,229,229, 21
1005,229,229, 21
1006,229,229, 21
1007,229,229, 21
1008,229,229, 21
1009,229,229, 21
1010,229,229, 21
1011,229,229, 21
1012,229,229, 21
1013,229,229, 21
1014,229,229, 21
1015,229,229, 21
1016,229,229, 21
1017,230,230, 20
1018,230,230, 20
1019,230,230, 20
1020,230,230, 20
1021,230,230, 20
1022,230,230, 20
1023,230,230, 20
1024,230,230, 20
1025,230,230, 20
1026,230,230, 20
1027,230,230, 20
1028,230,230, 20
1029,230,230, 20
1030,230,230, 20
1031,230,230, 20
1032,230,230, 20
1033,230,230, 20
1034,230,230, 20
1035,230,230, 20
1036,230,230, 20
1037,230,230, 20
1038,230,230, 20
1039,230,230, 20
1040,230,230, 20
1041,230,230, 20
1042,230,230, 20
1043,230,230, 20
1044,230,230, 20
1045,230,230, 20
1046,230,230, 20
1047,230,230, 20
1048,230,230, 20
1049,230,230, 20
1050,230,230, 20
1051,230,230, 20
1052,230,230, 20
1053,230,230, 20
1054,230,230, 20
1055,230,230, 20
1056,230,230, 20
1057,230,230, 20
1058,230,230, 20
1059,230,230, 20
1060,230,230, 20
1061,230,230, 20
1062,230,230, 20
1063,230,230, 20
1064,230,230, 20
1065,230,230, 20
1066,230,230, 20
1067,230,230, 20
1068,230,230, 20
1069,230,230, 20
1070,230,230, 20
1071,230,230, 20
1072,230,230, 20
1073,230,230, 20
1074,230,230, 20
1075,230,230, 20
1076,230,230, 20
1077,230,230, 20
1078,230,230, 20
1079,230,230, 20
1080,230,230, 20
1081,230,230, 20
1082,230,230, 20
1083,230,230, 20
1084,230,230, 20
1085,230,230, 20
1086,230,230, 20
1087,230,230, 20
1088,230,230, 20
1089,230,230, 20
1090,230,230, 20
1091,230,230, 20
1092,230,230, 20
1093,230,230, 20
1094,230,230, 20
1095,230,230, 20
1096,230,230, 20
1097,230,230, 20
1098,230,230, 20
1099,230,230, 20
1100,230,230, 20
1101,230,230, 20
1102,230,230, 20
1103,230,230, 20
1104,230,230, 20
1105,230,230, 20
1106,230,230, 20
1107,230,230, 20
1108,230,230, 20
1109,230,230, 20
1110,230,230, 20
1111,230,230, 20
1112,230,230, 20
1113,230,230, 20
1114,230,230, 20
1115,230,230, 20
1116,230,230, 20
1117,230,230, 20
1118,230,230, 20
1119,230,230, 20
1120,230,230, 20
1121,230,230, 20
1122,230,230, 20
1123,230,230, 20
1124,230,230, 20
1125,230,230, 20
1126,230,230, 20
1127,230,230, 20
1128,230,230, 20
1129,230,230, 20
1130,230,230, 20
1131,230,230, 20
1132,230,230, 20
1133,230,230, 20
1134,230,230, 20
1135,230,230, 20
1136,230,230, 20
1137,229,229, 21
1138,229,229, 21
1139,229,229, 21
1140,229,229, 21
1141,229,229, 21
1142,229,229, 21
1143,229,229, 21
1144,229,229, 21
1145,229,229, 21
1146,229,229, 21
1147,229,229, 21
1148,229,229, 21
1149,229,229, 21
1150,229,229, 21
1151,229,229, 21
1152,229,229, 21
1153,229,229, 21
1154,229,229, 21
1155,229,229, 21
1156,229,229, 21
1157,229,229, 21
1158,229,229, 21
1159,229,229, 21
1160,229,229, 21
1161,229,229, 21
1162,229,229, 21
1163,229,229, 21
1164,229,229, 21
1165,229,229, 21
1166,229,229, 21
1167,229,229, 21
1168,229,229, 21
1169,229,229, 21
1170,229,229, 21
1171,229,229, 21
1172,229,229, 21
1173,229,229, 21
1174,229,229, 21
1175,229,229, 21
1176,229,229, 21
1177,229,229, 21
1178,229,229, 21
1179,229,229, 21
1180,229,229, 21
1181,229,229, 21
1182,229,229, 21
1183,229,229, 21
1184,229,229, 21
1185,229,229, 21
1186,229,229, 21
1187,229,229, 21
1188,229,229, 21
1189,229,229, 21
1190,229,229, 21
1191,229,229, 21
1192,229,229, 21
1193,229,229, 21
1194,228,228, 22
1195,228,228, 22
1196,228,228, 22
1197,228,228, 22
1198,228,228, 22
1199,228,228, 22
1200,228,228, 22
1201,228,228, 22
1202,228,228, 22
1203,228,228, 22
1204,228,228, 22
1205,228,228, 22
1206,228,228, 22
1207,228,228, 22
1208,228,228, 22
1209,228,228, 22
1210,228,228, 22
1211,228,228, 22
1212,228,228, 22
1213,228,228, 22
1214,228,228, 22
1215,228,228, 22
1216,228,228, 22
1217,228,228, 22
1218,228,228, 22
1219,228,228, 22
1220,228,228, 22
1221,228,228, 22
1222,228,228, 22
1223,228,228, 22
1224,228,228, 22
1225,227,227, 23
1226,227,227, 23
1227,227,227, 23
1228,227,227, 23
1229,227,227, 23
1230,227,227, 23
1231,227,227, 23
1232,227,227, 23
1233,227,227, 23
1234,227,227, 23
1235,227,227, 23
1236,227,227, 23
1237,227,227, 23
1238,227,227, 23
1239,227,227, 23
1240,227,227, 23
1241,227,227, 23
1242,227,227, 23
1243,227,227, 23
1244,227,227, 23
1245,227,227, 23
1246,227,227, 23
1247,227,227, 23
1248,227,227, 23
1249,227,227, 23
1250,227,227, 23
1251,227,227, 23
1252,227,227, 23
1253,227,227, 23
1254,227,227, 23
1255,227,227, 23
1256,227,227, 23
1257,227,227, 23
1258,227,227, 23
1259,227,227, 23
1260,227,227, 23
1261,227,227, 23
1262,227,227, 23
1263,227,227, 23
1264,227,227, 23
1265,227,227, 23
1266,227,227, 23
1267,227,227, 23
1268,227,227, 23
1269,227,227, 23
1270,227,227, 23
1271,227,227, 23
1272,227,227, 23
1273,227,227, 23
1274,227,227, 23
1275,227,227, 23
1276,227,227, 23
1277,227,227, 23
1278,227,227, 23
1279,227,227, 23
1280,227,227, 23
1281,227,227, 23
1282,226,226, 24
1283,226,226, 24
1284,226,226, 24
1285,226,226, 24
1286,226,226, 24
1287,226,226, 24
1288,226,226, 24
1289,226,226, 24
1290,226,226, 24
1291,226,226, 24
1292,226,226, 24
1293,226,226, 24
1294,226,226, 24
1295,226,226, 24
1296,226,226, 24
1297,226,226, 24
1298,226,226, 24
1299,226,226, 24
1300,226,226, 24
1301,226,226, 24
1302,226,226, 24
1303,226,226, 24
1304,226,226, 24
1305,226,226, 24
1306,226,226, 24
1307,226,226, 24
1308,226,226, 24
1309,226,226, 24
1310,226,226, 24
1311,226,226, 24
1312,226,226, 24
1313,226,226, 24
1314,226,226, 24
1315,226,226, 24
1316,226,226, 24
1317,226,226, 24
1318,226,226, 24
1319,226,226, 24
1320,226,226, 24
1321,226,226, 24
1322,226,226, 24
1323,226,226, 24
1324,226,226, 24
1325,226,226, 24
1326,226,226, 24
1327,226,226, 24
1328,226,226, 24
1329,226,226, 24
1330,226,226, 24
1331,226,226, 24
1332,226,226, 24
1333,226,226, 24
1334,226,226, 24
1335,226,226, 24
1336,226,226, 24
1337,226,226, 24
1338,226,226, 24
1339,226,226, 24
1340,226,226, 24
1341,226,226, 24
1342,226,226, 24
1343,226,226, 24
1344,226,226, 24
1345,226,226, 24
1346,226,226, 24
1347,226,226, 24
1348,226,226, 24
1349,226,226, 24
1350,226,226, 24
1351,226,226, 24
1352,226,226, 24
1353,226,226, 24
1354,226,226, 24
1355,226,226, 24
1356,226,226, 24
1357,226,226, 24
1358,226,226, 24
1359,226,226, 24
1360,226,226, 24
1361,226,226, 24
1362,226,226, 24
1363,226,226, 24
1364,226,226, 24
1365,226,226, 24
1366,226,226, 24
1367,226,226, 24
1368,226,226, 24
1369,226,226, 24
1370,226,226, 24
1371,226,226, 24
1372,226,226, 24
1373,226,226, 24
1374,226,226, 24
1375,226,226, 24
1376,226,226, 24
1377,226,226, 24
1378,226,226, 24
1379,226,226, 24
1380,226,226, 24
1381,226,226, 24
1382,226,226, 24
1383,226,226, 24
1384,226,226, 24
1385,226,226, 24
1386,226,226, 24
1387,226,226, 24
1388,226,226, 24
1389,226,226, 24
1390,226,226, 24
1391,226,226, 24
1392,226,226, 24
1393,226,226, 24
1394,226,226, 24
1395,226,226, 24
1396,226,226, 24
1397,226,226, 24
1398,226,226, 24
1399,226,226, 24
1400,226,226, 24
1401,226,226, 24
1402,226,226, 24
1403,226,226, 24
1404,226,226, 24
1405,226,226, 24
1406,226,226, 24
1407,226,226, 24
1408,226,226, 24
1409,226,226, 24
1410,226,226, 24
1411,226,226, 24
1412,226,226, 24
1413,226,226, 24
1414,226,226, 24
1415,226,226, 24
1416,226,226, 24
1417,226,226, 24
1418,225,225, 25
1419,225,225, 25
1420,225,225, 25
1421,225,225, 25
1422,225,225, 25
1423,225,225, 25
1424,225,225, 25
1425,225,225, 25
1426,225,225, 25
1427,225,225, 25
1428,225,225, 25
1429,225,225, 25
1430,225,225, 25
1431,225,225, 25
1432,225,225, 25
1433,225,225, 25
1434,225,225, 25
1435,225,225, 25
1436,225,225, 25
1437,224,224, 26
1438,224,224, 26
1439,224,224, 26
1440,224,224, 26
1441,224,224, 26
1442,224,224, 26
1443,224,224, 26
1444,224,224, 26
1445,224,224, 26
1446,224,224, 26
1447,224,224, 26
1448,224,224, 26
1449,224,224, 26
1450,224,224, 26
1451,224,224, 26
1452,224,224, 26
1453,224,224, 26
1454,224,224, 26
1455,224,224, 26
1456,224,224, 26
1457,224,224, 26
1458,224,224, 26
1459,224,224, 26
1460,224,224, 26
1461,224,224, 26
1462,224,224, 26
1463,224,224, 26
1464,224,224, 26
1465,224,224, 26
1466,224,224, 26
1467,224,224, 26
1468,224,224, 26
1469,224,224, 26
1470,224,224, 26
1471,224,224, 26
1472,224,224, 26
1473,224,224, 26
1474,224,224, 26
1475,224,224, 26
1476,224,224, 26
1477,224,224, 26
1478,224,224, 26
1479,224,224, 26
1480,224,224, 26
1481,224,224, 26
1482,224,224, 26
1483,224,224, 26
1484,224,224, 26
1485,224,224, 26
1486,224,224, 26
1487,224,224, 26
1488,224,224, 26
1489,224,224, 26
1490,224,224, 26
1491,224,224, 26
1492,224,224, 26
1493,224,224, 26
1494,224,224, 26
1495,224,224, 26
1496,224,224, 26
1497,224,224, 26
1498,224,224, 26
1499,224,224, 26
