0,250,250, 0
1,250,250, 0
2,249,249, 1
3,249,249, 1
4,248,248, 2
5,248,248, 2
6,248,248, 2
7,248,248, 2
8,248,248, 2
9,248,248, 2
10,248,248, 2
11,248,248, 2
12,248,248, 2
13,248,248, 2
14,248,248, 2
15,248,248, 2
16,248,248, 2
17,248,248, 2
18,248,248, 2
19,248,248, 2
20,248,248, 2
21,248,248, 2
22,248,248, 2
23,248,248, 2
24,248,248, 2
25,248,248, 2
26,248,248, 2
27,248,248, 2
28,248,248, 2
29,248,248, 2
30,247,247, 3
31,247,247, 3
32,247,247, 3
33,247,247, 3
34,247,247, 3
35,247,247, 3
36,247,247, 3
37,247,247, 3
38,247,247, 3
39,247,247, 3
40,247,247, 3
41,247,247, 3
42,247,247, 3
43,247,247, 3
44,247,247, 3
45,247,247, 3
46,247,247, 3
47,247,247, 3
48,247,247, 3
49,247,247, 3
50,247,247, 3
51,247,247, 3
52,247,247, 3
53,247,247, 3
54,247,247, 3
55,246,246, 4
56,246,246, 4
57,246,246, 4
58,246,246, 4
59,246,246, 4
60,246,246, 4
61,245,245, 5
62,245,245, 5
63,245,245, 5
64,245,245, 5
65,245,245, 5
66,245,245, 5
67,245,245, 5
68,245,245, 5
69,245,245, 5
70,245,245, 5
71,245,245, 5
72,245,245, 5
73,245,245, 5
74,245,245, 5
75,245,245, 5
76,245,245, 5
77,245,245, 5
78,245,245, 5
79,245,245, 5
80,245,245, 5
81,245,245, 5
82,245,245, 5
83,245,245, 5
84,245,245, 5
85,245,245, 5
86,245,245, 5
87,245,245, 5
88,245,245, 5
89,245,245, 5
90,245,245, 5
91,245,245, 5
92,245,245, 5
93,245,245, 5
94,245,245, 5
95,245,245, 5
96,245,245, 5
97,245,245, 5
98,245,245, 5
99,244,244, 6
100,244,244, 6
101,244,244, 6
102,244,244, 6
103,244,244, 6
104,244,244, 6
105,244,244, 6
106,244,244, 6
107,244,244, 6
108,244,244, 6
109,244,244, 6
110,244,244, 6
111,244,244, 6
112,244,244, 6
113,244,244, 6
114,244,244, 6
115,244,244, 6
116,244,244, 6
117,244,244, 6
118,244,244, 6
119,244,244, 6
120,244,244, 6
121,244,244, 6
122,244,244, 6
123,244,244, 6
124,244,244, 6
125,244,244, 6
126,244,244, 6
127,243,243, 7
128,243,243, 7
129,243,243, 7
130,243,243, 7
131,243,243, 7
132,243,243, 7
133,243,243, 7
134,243,243, 7
135,243,243, 7
136,243,243, 7
137,243,243, 7
138,243,243, 7
139,243,243, 7
140,243,243, 7
141,243,243, 7
142,243,243, 7
143,243,243, 7
144,243,243, 7
145,243,243, 7
146,242,242, 8
147,242,242, 8
148,242,242, 8
149,242,242, 8
150,242,242, 8
151,242,242, 8
152,242,242, 8
153,242,242, 8
154,242,242, 8
155,242,242, 8
156,242,242, 8
157,242,242, 8
158,242,242, 8
159,242,242, 8
160,242,242, 8
161,242,242, 8
162,242,242, 8
163,242,242, 8
164,242,242, 8
165,242,242, 8
166,242,242, 8
167,242,242, 8
168,242,242, 8
169,242,242, 8
170,241,241, 9
171,241,241, 9
172,241,241, 9
173,241,241, 9
174,241,241, 9
175,241,241, 9
176,241,241, 9
177,241,241, 9
178,241,241, 9
179,241,241, 9
180,241,241, 9
181,241,241, 9
182,241,241, 9
183,241,241, 9
184,241,241, 9
185,241,241, 9
186,241,241, 9
187,241,241, 9
188,241,241, 9
189,241,241, 9
190,241,241, 9
191,241,241, 9
192,241,241, 9
193,241,241, 9
194,241,241, 9
195,241,241, 9
196,241,241, 9
197,241,241, 9
198,241,241, 9
199,241,241, 9
200,241,241, 9
201,241,241, 9
202,241,241, 9
203,241,241, 9
204,241,241, 9
205,240,240, 10
206,240,240, 10
207,240,240, 10
208,240,240, 10
209,240,240, 10
210,240,240, 10
211,240,240, 10
212,240,240, 10
213,240,240, 10
214,240,240, 10
215,240,240, 10
216,240,240, 10
217,240,240, 10
218,240,240, 10
219,240,240, 10
220,240,240, 10
221,240,240, 10
222,240,240, 10
223,240,240, 10
224,240,240, 10
225,240,240, 10
226,240,240, 10
227,240,240, 10
228,240,240, 10
229,240,240, 10
230,240,240, 10
231,240,240, 10
232,240,240, 10
233,240,240, 10
234,240,240, 10
235,240,240, 10
236,240,240, 10
237,240,240, 10
238,240,240, 10
239,240,240, 10
240,240,240, 10
241,240,240, 10
242,240,240, 10
243,240,240, 10
244,240,240, 10
245,240,240, 10
246,240,240, 10
247,240,240, 10
248,240,240, 10
249,240,240, 10
250,240,240, 10
251,240,240, 10
252,240,240, 10
253,240,240, 10
254,240,240, 10
255,240,240, 10
256,240,240, 10
257,240,240, 10
258,240,240, 10
259,240,240, 10
260,240,240, 10
261,240,240, 10
262,240,240, 10
263,240,240, 10
264,240,240, 10
265,240,240, 10
266,239,239, 11
267,239,239, 11
268,239,239, 11
269,239,239, 11
270,239,239, 11
271,239,239, 11
272,239,239, 11
273,239,239, 11
274,239,239, 11
275,239,239, 11
276,239,239, 11
277,239,239, 11
278,239,239, 11
279,239,239, 11
280,239,239, 11
281,239,239, 11
282,239,239, 11
283,239,239, 11
284,239,239, 11
285,239,239, 11
286,239,239, 11
287,239,239, 11
288,239,239, 11
289,239,239, 11
290,239,239, 11
291,239,239, 11
292,239,239, 11
293,239,239, 11
294,239,239, 11
295,239,239, 11
296,239,239, 11
297,239,239, 11
298,239,239, 11
299,239,239, 11
300,239,239, 11
301,239,239, 11
302,239,239, 11
303,239,239, 11
304,239,239, 11
305,239,239, 11
306,239,239, 11
307,239,239, 11
308,239,239, 11
309,239,239, 11
310,239,239, 11
311,239,239, 11
312,239,239, 11
313,239,239, 11
314,239,239, 11
315,239,239, 11
316,239,239, 11
317,239,239, 11
318,239,239, 11
319,239,239, 11
320,239,239, 11
321,239,239, 11
322,239,239, 11
323,239,239, 11
324,239,239, 11
325,239,239, 11
326,239,239, 11
327,239,239, 11
328,239,239, 11
329,239,239, 11
330,239,239, 11
331,239,239, 11
332,239,239, 11
333,239,239, 11
334,239,239, 11
335,239,239, 11
336,239,239, 11
337,239,239, 11
338,239,239, 11
339,239,239, 11
340,239,239, 11
341,239,239, 11
342,239,239, 11
343,239,239, 11
344,239,239, 11
345,239,239, 11
346,239,239, 11
347,239,239, 11
348,239,239, 11
349,239,239, 11
350,239,239, 11
351,239,239, 11
352,239,239, 11
353,239,239, 11
354,239,239, 11
355,239,239, 11
356,239,239, 11
357,239,239, 11
358,239,239, 11
359,239,239, 11
360,239,239, 11
361,239,239, 11
362,239,239, 11
363,239,239, 11
364,239,239, 11
365,239,239, 11
366,239,239, 11
367,239,239, 11
368,239,239, 11
369,239,239, 11
370,239,239, 11
371,239,239, 11
372,239,239, 11
373,239,239, 11
374,239,239, 11
375,239,239, 11
376,239,239, 11
377,239,239, 11
378,239,239, 11
379,239,239, 11
380,239,239, 11
381,239,239, 11
382,239,239, 11
383,239,239, 11
384,239,239, 11
385,239,239, 11
386,239,239, 11
387,239,239, 11
388,239,239, 11
389,239,239, 11
390,239,239, 11
391,239,239, 11
392,239,239, 11
393,239,239, 11
394,239,239, 11
395,239,239, 11
396,239,239, 11
397,239,239, 11
398,239,239, 11
399,239,239, 11
400,239,239, 11
401,239,239, 11
402,239,239, 11
403,239,239, 11
404,239,239, 11
405,239,239, 11
406,239,239, 11
407,239,239, 11
408,239,239, 11
409,239,239, 11
410,239,239, 11
411,239,239, 11
412,239,239, 11
413,238,238, 12
414,238,238, 12
415,238,238, 12
416,238,238, 12
417,238,238, 12
418,238,238, 12
419,238,238, 12
420,238,238, 12
421,238,238, 12
422,238,238, 12
423,238,238, 12
424,238,238, 12
425,238,238, 12
426,238,238, 12
427,238,238, 12
428,238,238, 12
429,238,238, 12
430,238,238, 12
431,238,238, 12
432,238,238, 12
433,238,238, 12
434,238,238, 12
435,238,238, 12
436,238,238, 12
437,238,238, 12
438,238,238, 12
439,238,238, 12
440,238,238, 12
441,238,238, 12
442,238,238, 12
443,238,238, 12
444,238,238, 12
445,238,238, 12
446,238,238, 12
447,238,238, 12
448,238,238, 12
449,238,238, 12
450,238,238, 12
451,238,238, 12
452,238,238, 12
453,238,238, 12
454,238,238, 12
455,238,238, 12
456,238,238, 12
457,238,238, 12
458,238,238, 12
459,238,238, 12
460,238,238, 12
461,238,238, 12
462,238,238, 12
463,238,238, 12
464,238,238, 12
465,238,238, 12
466,238,238, 12
467,238,238, 12
468,238,238, 12
469,238,238, 12
470,238,238, 12
471,238,238, 12
472,238,238, 12
473,238,238, 12
474,238,238, 12
475,238,238, 12
476,238,238, 12
477,238,238, 12
478,238,238, 12
479,238,238, 12
480,238,238, 12
481,238,238, 12
482,238,238, 12
483,238,238, 12
484,238,238, 12
485,238,238, 12
486,238,238, 12
487,238,238, 12
488,238,238, 12
489,238,238, 12
490,238,238, 12
491,238,238, 12
492,238,238, 12
493,237,237, 13
494,237,237, 13
495,237,237, 13
496,237,237, 13
497,237,237, 13
498,237,237, 13
499,237,237, 13
500,237,237, 13
501,237,237, 13
502,237,237, 13
503,237,237, 13
504,237,237, 13
505,237,237, 13
506,237,237, 13
507,237,237, 13
508,237,237, 13
509,237,237, 13
510,237,237, 13
511,237,237, 13
512,237,237, 13
513,237,237, 13
514,237,237, 13
515,237,237, 13
516,237,237, 13
517,237,237, 13
518,237,237, 13
519,237,237, 13
520,237,237, 13
521,237,237, 13
522,237,237, 13
523,237,237, 13
524,237,237, 13
525,237,237, 13
526,237,237, 13
527,237,237, 13
528,237,237, 13
529,237,237, 13
530,237,237, 13
531,237,237, 13
532,237,237, 13
533,237,237, 13
534,237,237, 13
535,237,237, 13
536,237,237, 13
537,237,237, 13
538,237,237, 13
539,237,237, 13
540,237,237, 13
541,237,237, 13
542,237,237, 13
543,237,237, 13
544,237,237, 13
545,237,237, 13
546,237,237, 13
547,237,237, 13
548,237,237, 13
549,237,237, 13
550,237,237, 13
551,237,237, 13
552,237,237, 13
553,237,237, 13
554,237,237, 13
555,237,237, 13
556,237,237, 13
557,237,237, 13
558,237,237, 13
559,237,237, 13
560,237,237, 13
561,237,237, 13
562,237,237, 13
563,237,237, 13
564,237,237, 13
565,237,237, 13
566,237,237, 13
567,237,237, 13
568,237,237, 13
569,237,237, 13
570,237,237, 13
571,237,237, 13
572,237,237, 13
573,237,237, 13
574,237,237, 13
575,237,237, 13
576,237,237, 13
577,237,237, 13
578,237,237, 13
579,237,237, 13
580,237,237, 13
581,237,237, 13
582,237,237, 13
583,237,237, 13
584,237,237, 13
585,237,237, 13
586,237,237, 13
587,237,237, 13
588,237,237, 13
589,237,237, 13
590,237,237, 13
591,237,237, 13
592,237,237, 13
593,237,237, 13
594,237,237, 13
595,237,237, 13
596,237,237, 13
597,237,237, 13
598,237,237, 13
599,237,237, 13
600,237,237, 13
601,237,237, 13
602,237,237, 13
603,237,237, 13
604,237,237, 13
605,237,237, 13
606,237,237, 13
607,237,237, 13
608,237,237, 13
609,237,237, 13
610,237,237, 13
611,237,237, 13
612,237,237, 13
613,237,237, 13
614,237,237, 13
615,237,237, 13
616,237,237, 13
617,237,237, 13
618,237,237, 13
619,237,237, 13
620,237,237, 13
621,237,237, 13
622,237,237, 13
623,237,237, 13
624,237,237, 13
625,237,237, 13
626,237,237, 13
627,236,236, 14
628,236,236, 14
629,236,236, 14
630,236,236, 14
631,236,236, 14
632,236,236, 14
633,236,236, 14
634,236,236, 14
635,235,235, 15
636,235,235, 15
637,235,235, 15
638,235,235, 15
639,235,235, 15
640,235,235, 15
641,235,235, 15
642,235,235, 15
643,235,235, 15
644,235,235, 15
645,235,235, 15
646,235,235, 15
647,235,235, 15
648,235,235, 15
649,235,235, 15
650,235,235, 15
651,235,235, 15
652,235,235, 15
653,235,235, 15
654,235,235, 15
655,235,235, 15
656,235,235, 15
657,235,235, 15
658,235,235, 15
659,235,235, 15
660,235,235, 15
661,235,235, 15
662,235,235, 15
663,235,235, 15
664,235,235, 15
665,235,235, 15
666,235,235, 15
667,235,235, 15
668,235,235, 15
669,235,235, 15
670,235,235, 15
671,235,235, 15
672,235,235, 15
673,233,233, 17
674,233,233, 17
675,233,233, 17
676,233,233, 17
677,233,233, 17
678,233,233, 17
679,233,233, 17
680,233,233, 17
681,233,233, 17
682,233,233, 17
683,233,233, 17
684,233,233, 17
685,233,233, 17
686,233,233, 17
687,233,233, 17
688,233,233, 17
689,233,233, 17
690,233,233, 17
691,233,233, 17
692,233,233, 17
693,233,233, 17
694,233,233, 17
695,233,233, 17
696,233,233, 17
697,233,233, 17
698,233,233, 17
699,233,233, 17
700,233,233, 17
701,233,233, 17
702,233,233, 17
703,233,233, 17
704,233,233, 17
705,233,233, 17
706,233,233, 17
707,233,233, 17
708,233,233, 17
709,233,233, 17
710,233,233, 17
711,233,233, 17
712,233,233, 17
713,233,233, 17
714,233,233, 17
715,233,233, 17
716,233,233, 17
717,233,233, 17
718,233,233, 17
719,233,233, 17
720,233,233, 17
721,233,233, 17
722,233,233, 17
723,233,233, 17
724,233,233, 17
725,233,233, 17
726,233,233, 17
727,233,233, 17
728,233,233, 17
729,233,233, 17
730,233,233, 17
731,233,233, 17
732,233,233, 17
733,233,233, 17
734,233,233, 17
735,233,233, 17
736,233,233, 17
737,233,233, 17
738,233,233, 17
739,233,233, 17
740,233,233, 17
741,233,233, 17
742,233,233, 17
743,233,233, 17
744,233,233, 17
745,233,233, 17
746,233,233, 17
747,233,233, 17
748,232,232, 18
749,232,232, 18
750,232,232, 18
751,232,232, 18
752,231,231, 19
753,231,231, 19
754,231,231, 19
755,231,231, 19
756,231,231, 19
757,231,231, 19
758,231,231, 19
759,231,231, 19
760,231,231, 19
761,231,231, 19
762,231,231, 19
763,231,231, 19
764,231,231, 19
765,231,231, 19
766,231,231, 19
767,231,231, 19
768,231,231, 19
769,231,231, 19
770,231,231, 19
771,231,231, 19
772,231,231, 19
773,231,231, 19
774,231,231, 19
775,231,231, 19
776,231,231, 19
777,231,231, 19
778,231,231, 19
779,231,231, 19
780,231,231, 19
781,231,231, 19
782,231,231, 19
783,231,231, 19
784,231,231, 19
785,231,231, 19
786,231,231, 19
787,231,231, 19
788,231,231, 19
789,231,231, 19
790,231,231, 19
791,231,231, 19
792,231,231, 19
793,231,231, 19
794,231,231, 19
795,231,231, 19
796,231,231, 19
797,231,231, 19
798,231,231, 19
799,231,231, 19
800,231,231, 19
801,231,231, 19
802,231,231, 19
803,231,231, 19
804,231,231, 19
805,231,231, 19
806,231,231, 19
807,231,231, 19
808,231,231, 19
809,231,231, 19
810,231,231, 19
811,231,231, 19
812,231,231, 19
813,231,231, 19
814,231,231, 19
815,231,231, 19
816,231,231, 19
817,231,231, 19
818,231,231, 19
819,230,230, 20
820,230,230, 20
821,230,230, 20
822,230,230, 20
823,230,230, 20
824,229,229, 21
825,229,229, 21
826,229,229, 21
827,229,229, 21
828,229,229, 21
829,229,229, 21
830,229,229, 21
831,229,229, 21
832,229,229, 21
833,229,229, 21
834,229,229, 21
835,229,229, 21
836,229,229, 21
837,229,229, 21
838,229,229, 21
839,229,229, 21
840,229,229, 21
841,229,229, 21
842,229,229, 21
843,229,229, 21
844,229,229, 21
845,229,229, 21
846,229,229, 21
847,229,229, 21
848,229,229, 21
849,229,229, 21
850,229,229, 21
851,229,229, 21
852,229,229, 21
853,229,229, 21
854,229,229, 21
855,229,229, 21
856,229,229, 21
857,229,229, 21
858,229,229, 21
859,229,229, 21
860,229,229, 21
861,229,229, 21
862,229,229, 21
863,229,229, 21
864,229,229, 21
865,229,229, 21
866,229,229, 21
867,229,229, 21
868,229,229, 21
869,229,229, 21
870,229,229, 21
871,229,229, 21
872,229,229, 21
873,229,229, 21
874,229,229, 21
875,229,229, 21
876,229,229, 21
877,229,229, 21
878,229,229, 21
879,229,229, 21
880,229,229, 21
881,229,229, 21
882,229,229, 21
883,229,229, 21
884,229,229, 21
885,229,229, 21
886,229,229, 21
887,229,229, 21
888,229,229, 21
889,229,229, 21
890,229,229, 21
891,229,229, 21
892,229,229, 21
893,229,229, 21
894,229,229, 21
895,229,229, 21
896,229,229, 21
897,229,229, 21
898,229,229, 21
899,229,229, 21
900,229,229, 21
901,229,229, 21
902,227,227, 23
903,227,227, 23
904,227,227, 23
905,227,227, 23
906,227,227, 23
907,227,227, 23
908,227,227, 23
909,227,227, 23
910,227,227, 23
911,227,227, 23
912,227,227, 23
913,227,227, 23
914,227,227, 23
915,227,227, 23
916,227,227, 23
917,227,227, 23
918,227,227, 23
919,227,227, 23
920,227,227, 23
921,227,227, 23
922,227,227, 23
923,227,227, 23
924,227,227, 23
925,227,227, 23
926,227,227, 23
927,227,227, 23
928,227,227, 23
929,227,227, 23
930,227,227, 23
931,227,227, 23
932,227,227, 23
933,227,227, 23
934,227,227, 23
935,227,227, 23
936,227,227, 23
937,226,226, 24
938,226,226, 24
939,226,226, 24
940,226,226, 24
941,226,226, 24
942,225,225, 25
943,225,225, 25
944,225,225, 25
945,225,225, 25
946,225,225, 25
947,225,225, 25
948,225,225, 25
949,225,225, 25
950,225,225, 25
951,225,225, 25
952,225,225, 25
953,225,225, 25
954,225,225, 25
955,225,225, 25
956,225,225, 25
957,225,225, 25
958,225,225, 25
959,225,225, 25
960,225,225, 25
961,225,225, 25
962,225,225, 25
963,225,225, 25
964,225,225, 25
965,225,225, 25
966,224,224, 26
967,224,224, 26
968,224,224, 26
969,224,224, 26
970,224,224, 26
971,224,224, 26
972,224,224, 26
973,224,224, 26
974,224,224, 26
975,224,224, 26
976,224,224, 26
977,224,224, 26
978,224,224, 26
979,224,224, 26
980,224,224, 26
981,224,224, 26
982,224,224, 26
983,224,224, 26
984,224,224, 26
985,224,224, 26
986,224,224, 26
987,224,224, 26
988,224,224, 26
989,224,224, 26
990,224,224, 26
991,224,224, 26
992,224,224, 26
993,224,224, 26
994,224,224, 26
995,224,224, 26
996,224,224, 26
997,224,224, 26
998,224,224, 26
999,223,223, 27
1000,223,223, 27
1001,223,223, 27
1002,223,223, 27
1003,223,223, 27
1004,223,223, 27
1005,223,223, 27
1006,223,223, 27
1007,223,223, 27
1008,223,223, 27
1009,223,223, 27
1010,223,223, 27
1011,223,223, 27
1012,223,223, 27
1013,223,223, 27
1014,223,223, 27
1015,223,223, 27
1016,223,223, 27
1017,223,223, 27
1018,223,223, 27
1019,223,223, 27
1020,223,223, 27
1021,223,223, 27
1022,223,223, 27
1023,223,223, 27
1024,223,223, 27
1025,223,223, 27
1026,223,223, 27
1027,223,223, 27
1028,223,223, 27
1029,223,223, 27
1030,223,223, 27
1031,223,223, 27
1032,223,223, 27
1033,223,223, 27
1034,223,223, 27
1035,223,223, 27
1036,223,223, 27
1037,223,223, 27
1038,223,223, 27
1039,223,223, 27
1040,223,223, 27
1041,223,223, 27
1042,223,223, 27
1043,223,223, 27
1044,223,223, 27
1045,223,223, 27
1046,223,223, 27
1047,223,223, 27
1048,223,223, 27
1049,223,223, 27
1050,222,222, 28
1051,222,222, 28
1052,222,222, 28
1053,222,222, 28
1054,222,222, 28
1055,222,222, 28
1056,222,222, 28
1057,222,222, 28
1058,222,222, 28
1059,222,222, 28
1060,222,222, 28
1061,222,222, 28
1062,222,222, 28
1063,222,222, 28
1064,222,222, 28
1065,222,222, 28
1066,222,222, 28
1067,222,222, 28
1068,222,222, 28
1069,222,222, 28
1070,222,222, 28
1071,222,222, 28
1072,222,222, 28
1073,222,222, 28
1074,222,222, 28
1075,222,222, 28
1076,222,222, 28
1077,222,222, 28
1078,222,222, 28
1079,222,222, 28
1080,222,222, 28
1081,222,222, 28
1082,222,222, 28
1083,222,222, 28
1084,222,222, 28
1085,222,222, 28
1086,222,222, 28
1087,222,222, 28
1088,222,222, 28
1089,222,222, 28
1090,222,222, 28
1091,222,222, 28
1092,222,222, 28
1093,222,222, 28
1094,222,222, 28
1095,222,222, 28
1096,222,222, 28
1097,222,222, 28
1098,222,222, 28
1099,222,222, 28
1100,222,222, 28
1101,222,222, 28
1102,222,222, 28
1103,222,222, 28
1104,222,222, 28
1105,222,222, 28
1106,222,222, 28
1107,222,222, 28
1108,222,222, 28
1109,222,222, 28
1110,222,222, 28
1111,222,222, 28
1112,222,222, 28
1113,222,222, 28
1114,222,222, 28
1115,222,222, 28
1116,222,222, 28
1117,222,222, 28
1118,222,222, 28
1119,222,222, 28
1120,222,222, 28
1121,222,222, 28
1122,222,222, 28
1123,222,222, 28
1124,222,222, 28
1125,222,222, 28
1126,222,222, 28
1127,222,222, 28
1128,222,222, 28
1129,222,222, 28
1130,222,222, 28
1131,222,222, 28
1132,222,222, 28
1133,222,222, 28
1134,222,222, 28
1135,222,222, 28
1136,222,222, 28
1137,222,222, 28
1138,222,222, 28
1139,222,222, 28
1140,222,222, 28
1141,222,222, 28
1142,222,222, 28
1143,222,222, 28
1144,222,222, 28
1145,222,222, 28
1146,222,222, 28
1147,222,222, 28
1148,222,222, 28
1149,222,222, 28
1150,222,222, 28
1151,222,222, 28
1152,222,222, 28
1153,222,222, 28
1154,222,222, 28
1155,222,222, 28
1156,222,222, 28
1157,222,222, 28
1158,222,222, 28
1159,222,222, 28
1160,222,222, 28
1161,222,222, 28
1162,222,222, 28
1163,222,222, 28
1164,222,222, 28
1165,222,222, 28
1166,222,222, 28
1167,222,222, 28
1168,222,222, 28
1169,222,222, 28
1170,222,222, 28
1171,222,222, 28
1172,222,222, 28
1173,222,222, 28
1174,222,222, 28
1175,222,222, 28
1176,222,222, 28
1177,221,221, 29
1178,221,221, 29
1179,221,221, 29
1180,221,221, 29
1181,221,221, 29
1182,221,221, 29
1183,221,221, 29
1184,221,221, 29
1185,221,221, 29
1186,221,221, 29
1187,221,221, 29
1188,221,221, 29
1189,221,221, 29
1190,221,221, 29
1191,221,221, 29
1192,221,221, 29
1193,221,221, 29
1194,221,221, 29
1195,221,221, 29
1196,221,221, 29
1197,221,221, 29
1198,221,221, 29
1199,221,221, 29
1200,221,221, 29
1201,221,221, 29
1202,221,221, 29
1203,221,221, 29
1204,221,221, 29
1205,221,221, 29
1206,221,221, 29
1207,221,221, 29
1208,221,221, 29
1209,221,221, 29
1210,221,221, 29
1211,221,221, 29
1212,221,221, 29
1213,221,221, 29
1214,221,221, 29
1215,221,221, 29
1216,221,221, 29
1217,221,221, 29
1218,221,221, 29
1219,221,221, 29
1220,221,221, 29
1221,221,221, 29
1222,221,221, 29
1223,221,221, 29
1224,221,221, 29
1225,221,221, 29
1226,221,221, 29
1227,220,220, 30
1228,220,220, 30
1229,220,220, 30
1230,220,220, 30
1231,220,220, 30
1232,220,220, 30
1233,220,220, 30
1234,220,220, 30
1235,220,220, 30
1236,220,220, 30
1237,220,220, 30
1238,220,220, 30
1239,220,220, 30
1240,220,220, 30
1241,220,220, 30
1242,220,220, 30
1243,220,220, 30
1244,220,220, 30
1245,220,220, 30
1246,220,220, 30
1247,220,220, 30
1248,220,220, 30
1249,220,220, 30
1250,220,220, 30
1251,220,220, 30
1252,220,220, 30
1253,220,220, 30
1254,220,220, 30
1255,220,220, 30
1256,220,220, 30
1257,220,220, 30
1258,220,220, 30
1259,220,220, 30
1260,220,220, 30
1261,220,220, 30
1262,220,220, 30
1263,220,220, 30
1264,220,220, 30
1265,220,220, 30
1266,220,220, 30
1267,220,220, 30
1268,220,220, 30
1269,220,220, 30
1270,220,220, 30
1271,220,220, 30
1272,220,220, 30
1273,220,220, 30
1274,220,220, 30
1275,220,220, 30
1276,220,220, 30
1277,220,220, 30
1278,220,220, 30
1279,220,220, 30
1280,220,220, 30
1281,220,220, 30
1282,220,220, 30
1283,220,220, 30
1284,220,220, 30
1285,220,220, 30
1286,220,220, 30
1287,220,220, 30
1288,220,220, 30
1289,220,220, 30
1290,220,220, 30
1291,220,220, 30
1292,220,220, 30
1293,220,220, 30
1294,220,220, 30
1295,220,220, 30
1296,220,220, 30
1297,220,220, 30
1298,220,220, 30
1299,220,220, 30
1300,220,220, 30
1301,220,220, 30
1302,220,220, 30
1303,220,220, 30
1304,220,220, 30
1305,220,220, 30
1306,220,220, 30
1307,220,220, 30
1308,220,220, 30
1309,220,220, 30
1310,220,220, 30
1311,220,220, 30
1312,220,220, 30
1313,220,220, 30
1314,220,220, 30
1315,220,220, 30
1316,220,220, 30
1317,220,220, 30
1318,220,220, 30
1319,220,220, 30
1320,220,220, 30
1321,220,220, 30
1322,220,220, 30
1323,220,220, 30
1324,220,220, 30
1325,220,220, 30
1326,220,220, 30
1327,220,220, 30
1328,220,220, 30
1329,220,220, 30
1330,220,220, 30
1331,220,220, 30
1332,220,220, 30
1333,220,220, 30
1334,220,220, 30
1335,220,220, 30
1336,220,220, 30
1337,220,220, 30
1338,220,220, 30
1339,220,220, 30
1340,220,220, 30
1341,220,220, 30
1342,220,220, 30
1343,220,220, 30
1344,220,220, 30
1345,220,220, 30
1346,220,220, 30
1347,220,220, 30
1348,220,220, 30
1349,220,220, 30
1350,220,220, 30
1351,220,220, 30
1352,220,220, 30
1353,220,220, 30
1354,220,220, 30
1355,220,220, 30
1356,220,220, 30
1357,220,220, 30
1358,220,220, 30
1359,220,220, 30
1360,220,220, 30
1361,220,220, 30
1362,220,220, 30
1363,220,220, 30
1364,220,220, 30
1365,220,220, 30
1366,220,220, 30
1367,220,220, 30
1368,220,220, 30
1369,220,220, 30
1370,220,220, 30
1371,220,220, 30
1372,220,220, 30
1373,220,220, 30
1374,220,220, 30
1375,220,220, 30
1376,220,220, 30
1377,220,220, 30
1378,220,220, 30
1379,220,220, 30
1380,220,220, 30
1381,220,220, 30
1382,220,220, 30
1383,220,220, 30
1384,220,220, 30
1385,220,220, 30
1386,220,220, 30
1387,220,220, 30
1388,220,220, 30
1389,220,220, 30
1390,220,220, 30
1391,220,220, 30
1392,220,220, 30
1393,220,220, 30
1394,220,220, 30
1395,220,220, 30
1396,220,220, 30
1397,220,220, 30
1398,220,220, 30
1399,220,220, 30
1400,220,220, 30
1401,220,220, 30
1402,220,220, 30
1403,220,220, 30
1404,220,220, 30
1405,220,220, 30
1406,220,220, 30
1407,220,220, 30
1408,220,220, 30
1409,220,220, 30
1410,220,220, 30
1411,220,220, 30
1412,220,220, 30
1413,220,220, 30
1414,220,220, 30
1415,220,220, 30
1416,220,220, 30
1417,220,220, 30
1418,220,220, 30
1419,220,220, 30
1420,220,220, 30
1421,220,220, 30
1422,220,220, 30
1423,220,220, 30
1424,220,220, 30
1425,220,220, 30
1426,220,220, 30
1427,220,220, 30
1428,220,220, 30
1429,220,220, 30
1430,220,220, 30
1431,220,220, 30
1432,220,220, 30
1433,220,220, 30
1434,220,220, 30
1435,220,220, 30
1436,220,220, 30
1437,220,220, 30
1438,220,220, 30
1439,220,220, 30
1440,220,220, 30
1441,220,220, 30
1442,220,220, 30
1443,220,220, 30
1444,220,220, 30
1445,220,220, 30
1446,220,220, 30
1447,220,220, 30
1448,220,220, 30
1449,220,220, 30
1450,220,220, 30
1451,220,220, 30
1452,220,220, 30
1453,220,220, 30
1454,220,220, 30
1455,220,220, 30
1456,220,220, 30
1457,220,220, 30
1458,220,220, 30
1459,220,220, 30
1460,220,220, 30
1461,220,220, 30
1462,220,220, 30
1463,220,220, 30
1464,220,220, 30
1465,220,220, 30
1466,220,220, 30
1467,220,220, 30
1468,220,220, 30
1469,220,220, 30
1470,220,220, 30
1471,220,220, 30
1472,220,220, 30
1473,220,220, 30
1474,220,220, 30
1475,220,220, 30
1476,220,220, 30
1477,220,220, 30
1478,220,220, 30
1479,220,220, 30
1480,220,220, 30
1481,220,220, 30
1482,220,220, 30
1483,220,220, 30
1484,220,220, 30
1485,220,220, 30
1486,220,220, 30
1487,220,220, 30
1488,220,220, 30
1489,220,220, 30
1490,220,220, 30
1491,220,220, 30
1492,220,220, 30
1493,220,220, 30
1494,220,220, 30
1495,220,220, 30
1496,220,220, 30
1497,220,220, 30
1498,220,220, 30
1499,220,220, 30
