0,250,250, 0
1,250,250, 0
2,250,250, 0
3,250,250, 0
4,250,250, 0
5,249,249, 1
6,249,249, 1
7,248,248, 2
8,248,248, 2
9,248,248, 2
10,248,248, 2
11,248,248, 2
12,248,248, 2
13,247,247, 3
14,247,247, 3
15,247,247, 3
16,247,247, 3
17,247,247, 3
18,247,247, 3
19,247,247, 3
20,247,247, 3
21,247,247, 3
22,247,247, 3
23,247,247, 3
24,247,247, 3
25,247,247, 3
26,247,247, 3
27,247,247, 3
28,247,247, 3
29,247,247, 3
30,247,247, 3
31,247,247, 3
32,247,247, 3
33,247,247, 3
34,247,247, 3
35,247,247, 3
36,247,247, 3
37,247,247, 3
38,247,247, 3
39,247,247, 3
40,247,247, 3
41,247,247, 3
42,247,247, 3
43,247,247, 3
44,247,247, 3
45,247,247, 3
46,247,247, 3
47,247,247, 3
48,247,247, 3
49,247,247, 3
50,247,247, 3
51,247,247, 3
52,247,247, 3
53,247,247, 3
54,247,247, 3
55,247,247, 3
56,246,246, 4
57,246,246, 4
58,246,246, 4
59,246,246, 4
60,246,246, 4
61,246,246, 4
62,246,246, 4
63,246,246, 4
64,246,246, 4
65,246,246, 4
66,246,246, 4
67,246,246, 4
68,246,246, 4
69,246,246, 4
70,246,246, 4
71,246,246, 4
72,246,246, 4
73,246,246, 4
74,246,246, 4
75,246,246, 4
76,246,246, 4
77,246,246, 4
78,246,246, 4
79,246,246, 4
80,246,246, 4
81,246,246, 4
82,246,246, 4
83,246,246, 4
84,246,246, 4
85,246,246, 4
86,246,246, 4
87,246,246, 4
88,246,246, 4
89,246,246, 4
90,246,246, 4
91,246,246, 4
92,246,246, 4
93,246,246, 4
94,246,246, 4
95,246,246, 4
96,246,246, 4
97,246,246, 4
98,246,246, 4
99,246,246, 4
100,246,246, 4
101,246,246, 4
102,246,246, 4
103,246,246, 4
104,246,246, 4
105,246,246, 4
106,246,246, 4
107,246,246, 4
108,245,245, 5
109,245,245, 5
110,244,244, 6
111,244,244, 6
112,244,244, 6
113,244,244, 6
114,244,244, 6
115,244,244, 6
116,244,244, 6
117,244,244, 6
118,244,244, 6
119,244,244, 6
120,244,244, 6
121,244,244, 6
122,244,244, 6
123,244,244, 6
124,244,244, 6
125,244,244, 6
126,244,244, 6
127,244,244, 6
128,244,244, 6
129,244,244, 6
130,244,244, 6
131,244,244, 6
132,244,244, 6
133,244,244, 6
134,244,244, 6
135,244,244, 6
136,244,244, 6
137,244,244, 6
138,244,244, 6
139,244,244, 6
140,244,244, 6
141,244,244, 6
142,244,244, 6
143,244,244, 6
144,244,244, 6
145,244,244, 6
146,244,244, 6
147,244,244, 6
148,244,244, 6
149,244,244, 6
150,244,244, 6
151,244,244, 6
152,244,244, 6
153,244,244, 6
154,244,244, 6
155,244,244, 6
156,244,244, 6
157,244,244, 6
158,244,244, 6
159,244,244, 6
160,244,244, 6
161,244,244, 6
162,244,244, 6
163,244,244, 6
164,244,244, 6
165,244,244, 6
166,244,244, 6
167,244,244, 6
168,244,244, 6
169,244,244, 6
170,244,244, 6
171,244,244, 6
172,244,244, 6
173,244,244, 6
174,244,244, 6
175,244,244, 6
176,244,244, 6
177,244,244, 6
178,244,244, 6
179,244,244, 6
180,244,244, 6
181,244,244, 6
182,244,244, 6
183,244,244, 6
184,244,244, 6
185,244,244, 6
186,244,244, 6
187,243,243, 7
188,243,243, 7
189,243,243, 7
190,243,243, 7
191,243,243, 7
192,243,243, 7
193,243,243, 7
194,243,243, 7
195,243,243, 7
196,243,243, 7
197,243,243, 7
198,243,243, 7
199,243,243, 7
200,243,243, 7
201,243,243, 7
202,243,243, 7
203,243,243, 7
204,243,243, 7
205,243,243, 7
206,243,243, 7
207,243,243, 7
208,243,243, 7
209,243,243, 7
210,243,243, 7
211,243,243, 7
212,243,243, 7
213,243,243, 7
214,243,243, 7
215,243,243, 7
216,243,243, 7
217,243,243, 7
218,243,243, 7
219,243,243, 7
220,243,243, 7
221,243,243, 7
222,243,243, 7
223,243,243, 7
224,243,243, 7
225,243,243, 7
226,243,243, 7
227,243,243, 7
228,243,243, 7
229,243,243, 7
230,243,243, 7
231,243,243, 7
232,243,243, 7
233,243,243, 7
234,243,243, 7
235,242,242, 8
236,242,242, 8
237,242,242, 8
238,242,242, 8
239,242,242, 8
240,242,242, 8
241,242,242, 8
242,242,242, 8
243,242,242, 8
244,242,242, 8
245,242,242, 8
246,242,242, 8
247,242,242, 8
248,242,242, 8
249,242,242, 8
250,242,242, 8
251,242,242, 8
252,242,242, 8
253,242,242, 8
254,242,242, 8
255,242,242, 8
256,242,242, 8
257,242,242, 8
258,242,242, 8
259,242,242, 8
260,242,242, 8
261,242,242, 8
262,242,242, 8
263,242,242, 8
264,241,241, 9
265,241,241, 9
266,241,241, 9
267,241,241, 9
268,241,241, 9
269,241,241, 9
270,241,241, 9
271,241,241, 9
272,241,241, 9
273,241,241, 9
274,241,241, 9
275,241,241, 9
276,241,241, 9
277,241,241, 9
278,241,241, 9
279,241,241, 9
280,241,241, 9
281,241,241, 9
282,241,241, 9
283,241,241, 9
284,241,241, 9
285,241,241, 9
286,241,241, 9
287,241,241, 9
288,241,241, 9
289,241,241, 9
290,241,241, 9
291,241,241, 9
292,241,241, 9
293,241,241, 9
294,241,241, 9
295,241,241, 9
296,241,241, 9
297,241,241, 9
298,241,241, 9
299,241,241, 9
300,241,241, 9
301,241,241, 9
302,241,241, 9
303,241,241, 9
304,241,241, 9
305,241,241, 9
306,241,241, 9
307,241,241, 9
308,241,241, 9
309,241,241, 9
310,241,241, 9
311,241,241, 9
312,241,241, 9
313,241,241, 9
314,241,241, 9
315,241,241, 9
316,241,241, 9
317,241,241, 9
318,241,241, 9
319,241,241, 9
320,241,241, 9
321,241,241, 9
322,241,241, 9
323,241,241, 9
324,241,241, 9
325,241,241, 9
326,241,241, 9
327,241,241, 9
328,241,241, 9
329,241,241, 9
330,241,241, 9
331,241,241, 9
332,241,241, 9
333,241,241, 9
334,241,241, 9
335,241,241, 9
336,241,241, 9
337,241,241, 9
338,241,241, 9
339,241,241, 9
340,241,241, 9
341,241,241, 9
342,241,241, 9
343,241,241, 9
344,241,241, 9
345,241,241, 9
346,241,241, 9
347,241,241, 9
348,241,241, 9
349,241,241, 9
350,241,241, 9
351,241,241, 9
352,241,241, 9
353,241,241, 9
354,241,241, 9
355,240,240, 10
356,240,240, 10
357,239,239, 11
358,239,239, 11
359,239,239, 11
360,239,239, 11
361,239,239, 11
362,239,239, 11
363,239,239, 11
364,239,239, 11
365,239,239, 11
366,239,239, 11
367,239,239, 11
368,239,239, 11
369,239,239, 11
370,239,239, 11
371,239,239, 11
372,239,239, 11
373,239,239, 11
374,239,239, 11
375,239,239, 11
376,239,239, 11
377,239,239, 11
378,239,239, 11
379,239,239, 11
380,239,239, 11
381,239,239, 11
382,239,239, 11
383,239,239, 11
384,239,239, 11
385,239,239, 11
386,239,239, 11
387,239,239, 11
388,239,239, 11
389,239,239, 11
390,239,239, 11
391,239,239, 11
392,239,239, 11
393,239,239, 11
394,239,239, 11
395,239,239, 11
396,239,239, 11
397,239,239, 11
398,239,239, 11
399,239,239, 11
400,239,239, 11
401,239,239, 11
402,239,239, 11
403,238,238, 12
404,238,238, 12
405,238,238, 12
406,238,238, 12
407,238,238, 12
408,238,238, 12
409,238,238, 12
410,238,238, 12
411,238,238, 12
412,238,238, 12
413,238,238, 12
414,238,238, 12
415,238,238, 12
416,238,238, 12
417,238,238, 12
418,238,238, 12
419,238,238, 12
420,238,238, 12
421,238,238, 12
422,238,238, 12
423,238,238, 12
424,238,238, 12
425,238,238, 12
426,238,238, 12
427,238,238, 12
428,238,238, 12
429,238,238, 12
430,238,238, 12
431,238,238, 12
432,238,238, 12
433,238,238, 12
434,238,238, 12
435,238,238, 12
436,238,238, 12
437,238,238, 12
438,238,238, 12
439,238,238, 12
440,238,238, 12
441,238,238, 12
442,238,238, 12
443,238,238, 12
444,238,238, 12
445,238,238, 12
446,238,238, 12
447,238,238, 12
448,238,238, 12
449,238,238, 12
450,238,238, 12
451,238,238, 12
452,238,238, 12
453,238,238, 12
454,238,238, 12
455,238,238, 12
456,238,238, 12
457,238,238, 12
458,238,238, 12
459,238,238, 12
460,238,238, 12
461,238,238, 12
462,238,238, 12
463,238,238, 12
464,238,238, 12
465,238,238, 12
466,238,238, 12
467,238,238, 12
468,238,238, 12
469,238,238, 12
470,238,238, 12
471,238,238, 12
472,238,238, 12
473,238,238, 12
474,238,238, 12
475,238,238, 12
476,238,238, 12
477,238,238, 12
478,238,238, 12
479,238,238, 12
480,238,238, 12
481,238,238, 12
482,238,238, 12
483,238,238, 12
484,238,238, 12
485,238,238, 12
486,238,238, 12
487,238,238, 12
488,238,238, 12
489,238,238, 12
490,238,238, 12
491,238,238, 12
492,238,238, 12
493,238,238, 12
494,238,238, 12
495,238,238, 12
496,238,238, 12
497,238,238, 12
498,238,238, 12
499,238,238, 12
500,238,238, 12
501,238,238, 12
502,238,238, 12
503,238,238, 12
504,238,238, 12
505,238,238, 12
506,238,238, 12
507,238,238, 12
508,238,238, 12
509,238,238, 12
510,238,238, 12
511,238,238, 12
512,238,238, 12
513,238,238, 12
514,238,238, 12
515,238,238, 12
516,238,238, 12
517,238,238, 12
518,238,238, 12
519,238,238, 12
520,238,238, 12
521,238,238, 12
522,238,238, 12
523,238,238, 12
524,238,238, 12
525,238,238, 12
526,238,238, 12
527,238,238, 12
528,238,238, 12
529,238,238, 12
530,238,238, 12
531,238,238, 12
532,238,238, 12
533,238,238, 12
534,238,238, 12
535,238,238, 12
536,237,237, 13
537,237,237, 13
538,237,237, 13
539,237,237, 13
540,237,237, 13
541,237,237, 13
542,237,237, 13
543,237,237, 13
544,237,237, 13
545,237,237, 13
546,237,237, 13
547,237,237, 13
548,237,237, 13
549,237,237, 13
550,237,237, 13
551,237,237, 13
552,237,237, 13
553,237,237, 13
554,237,237, 13
555,237,237, 13
556,237,237, 13
557,237,237, 13
558,237,237, 13
559,237,237, 13
560,237,237, 13
561,237,237, 13
562,237,237, 13
563,237,237, 13
564,237,237, 13
565,237,237, 13
566,237,237, 13
567,237,237, 13
568,237,237, 13
569,237,237, 13
570,237,237, 13
571,237,237, 13
572,237,237, 13
573,237,237, 13
574,237,237, 13
575,237,237, 13
576,237,237, 13
577,237,237, 13
578,237,237, 13
579,237,237, 13
580,237,237, 13
581,237,237, 13
582,237,237, 13
583,237,237, 13
584,237,237, 13
585,237,237, 13
586,237,237, 13
587,237,237, 13
588,237,237, 13
589,237,237, 13
590,237,237, 13
591,237,237, 13
592,237,237, 13
593,237,237, 13
594,237,237, 13
595,237,237, 13
596,237,237, 13
597,237,237, 13
598,237,237, 13
599,237,237, 13
600,237,237, 13
601,237,237, 13
602,237,237, 13
603,237,237, 13
604,237,237, 13
605,237,237, 13
606,237,237, 13
607,237,237, 13
608,237,237, 13
609,236,236, 14
610,236,236, 14
611,236,236, 14
612,236,236, 14
613,236,236, 14
614,236,236, 14
615,236,236, 14
616,236,236, 14
617,236,236, 14
618,236,236, 14
619,236,236, 14
620,236,236, 14
621,236,236, 14
622,236,236, 14
623,236,236, 14
624,236,236, 14
625,236,236, 14
626,236,236, 14
627,236,236, 14
628,236,236, 14
629,236,236, 14
630,236,236, 14
631,236,236, 14
632,236,236, 14
633,236,236, 14
634,236,236, 14
635,236,236, 14
636,236,236, 14
637,236,236, 14
638,236,236, 14
639,236,236, 14
640,236,236, 14
641,236,236, 14
642,236,236, 14
643,236,236, 14
644,236,236, 14
645,236,236, 14
646,236,236, 14
647,236,236, 14
648,236,236, 14
649,236,236, 14
650,236,236, 14
651,236,236, 14
652,236,236, 14
653,236,236, 14
654,236,236, 14
655,236,236, 14
656,236,236, 14
657,236,236, 14
658,236,236, 14
659,236,236, 14
660,236,236, 14
661,236,236, 14
662,236,236, 14
663,236,236, 14
664,236,236, 14
665,236,236, 14
666,236,236, 14
667,236,236, 14
668,236,236, 14
669,236,236, 14
670,236,236, 14
671,236,236, 14
672,236,236, 14
673,236,236, 14
674,236,236, 14
675,236,236, 14
676,236,236, 14
677,236,236, 14
678,236,236, 14
679,236,236, 14
680,236,236, 14
681,236,236, 14
682,236,236, 14
683,236,236, 14
684,236,236, 14
685,236,236, 14
686,236,236, 14
687,236,236, 14
688,236,236, 14
689,236,236, 14
690,236,236, 14
691,236,236, 14
692,236,236, 14
693,236,236, 14
694,236,236, 14
695,236,236, 14
696,236,236, 14
697,236,236, 14
698,236,236, 14
699,236,236, 14
700,236,236, 14
701,236,236, 14
702,236,236, 14
703,236,236, 14
704,236,236, 14
705,236,236, 14
706,236,236, 14
707,236,236, 14
708,236,236, 14
709,236,236, 14
710,236,236, 14
711,236,236, 14
712,236,236, 14
713,236,236, 14
714,236,236, 14
715,236,236, 14
716,236,236, 14
717,236,236, 14
718,236,236, 14
719,236,236, 14
720,236,236, 14
721,236,236, 14
722,236,236, 14
723,236,236, 14
724,236,236, 14
725,236,236, 14
726,236,236, 14
727,236,236, 14
728,236,236, 14
729,236,236, 14
730,236,236, 14
731,236,236, 14
732,236,236, 14
733,236,236, 14
734,236,236, 14
735,236,236, 14
736,236,236, 14
737,236,236, 14
738,236,236, 14
739,236,236, 14
740,236,236, 14
741,236,236, 14
742,235,235, 15
743,235,235, 15
744,235,235, 15
745,235,235, 15
746,235,235, 15
747,235,235, 15
748,235,235, 15
749,235,235, 15
750,235,235, 15
751,235,235, 15
752,235,235, 15
753,235,235, 15
754,235,235, 15
755,235,235, 15
756,235,235, 15
757,235,235, 15
758,235,235, 15
759,235,235, 15
760,235,235, 15
761,235,235, 15
762,235,235, 15
763,235,235, 15
764,235,235, 15
765,235,235, 15
766,235,235, 15
767,235,235, 15
768,235,235, 15
769,235,235, 15
770,235,235, 15
771,235,235, 15
772,235,235, 15
773,235,235, 15
774,235,235, 15
775,235,235, 15
776,235,235, 15
777,235,235, 15
778,235,235, 15
779,235,235, 15
780,235,235, 15
781,235,235, 15
782,235,235, 15
783,235,235, 15
784,235,235, 15
785,235,235, 15
786,235,235, 15
787,235,235, 15
788,235,235, 15
789,235,235, 15
790,235,235, 15
791,235,235, 15
792,235,235, 15
793,235,235, 15
794,235,235, 15
795,235,235, 15
796,235,235, 15
797,235,235, 15
798,235,235, 15
799,235,235, 15
800,235,235, 15
801,235,235, 15
802,235,235, 15
803,235,235, 15
804,235,235, 15
805,235,235, 15
806,235,235, 15
807,235,235, 15
808,235,235, 15
809,235,235, 15
810,235,235, 15
811,235,235, 15
812,235,235, 15
813,235,235, 15
814,235,235, 15
815,235,235, 15
816,235,235, 15
817,235,235, 15
818,235,235, 15
819,235,235, 15
820,235,235, 15
821,235,235, 15
822,235,235, 15
823,235,235, 15
824,235,235, 15
825,235,235, 15
826,235,235, 15
827,234,234, 16
828,234,234, 16
829,234,234, 16
830,234,234, 16
831,234,234, 16
832,234,234, 16
833,234,234, 16
834,234,234, 16
835,234,234, 16
836,234,234, 16
837,234,234, 16
838,234,234, 16
839,234,234, 16
840,234,234, 16
841,234,234, 16
842,234,234, 16
843,234,234, 16
844,234,234, 16
845,234,234, 16
846,234,234, 16
847,234,234, 16
848,234,234, 16
849,234,234, 16
850,234,234, 16
851,234,234, 16
852,234,234, 16
853,234,234, 16
854,234,234, 16
855,234,234, 16
856,234,234, 16
857,234,234, 16
858,234,234, 16
859,234,234, 16
860,234,234, 16
861,234,234, 16
862,234,234, 16
863,234,234, 16
864,234,234, 16
865,233,233, 17
866,233,233, 17
867,233,233, 17
868,233,233, 17
869,233,233, 17
870,233,233, 17
871,233,233, 17
872,233,233, 17
873,233,233, 17
874,233,233, 17
875,233,233, 17
876,233,233, 17
877,233,233, 17
878,233,233, 17
879,233,233, 17
880,233,233, 17
881,233,233, 17
882,233,233, 17
883,233,233, 17
884,233,233, 17
885,233,233, 17
886,233,233, 17
887,233,233, 17
888,233,233, 17
889,233,233, 17
890,233,233, 17
891,233,233, 17
892,233,233, 17
893,233,233, 17
894,233,233, 17
895,233,233, 17
896,233,233, 17
897,233,233, 17
898,233,233, 17
899,233,233, 17
900,233,233, 17
901,233,233, 17
902,233,233, 17
903,233,233, 17
904,233,233, 17
905,233,233, 17
906,233,233, 17
907,233,233, 17
908,233,233, 17
909,233,233, 17
910,233,233, 17
911,233,233, 17
912,233,233, 17
913,233,233, 17
914,233,233, 17
915,233,233, 17
916,233,233, 17
917,233,233, 17
918,233,233, 17
919,233,233, 17
920,233,233, 17
921,233,233, 17
922,233,233, 17
923,233,233, 17
924,233,233, 17
925,233,233, 17
926,233,233, 17
927,233,233, 17
928,233,233, 17
929,233,233, 17
930,233,233, 17
931,233,233, 17
932,233,233, 17
933,233,233, 17
934,233,233, 17
935,233,233, 17
936,233,233, 17
937,233,233, 17
938,233,233, 17
939,233,233, 17
940,233,233, 17
941,233,233, 17
942,233,233, 17
943,233,233, 17
944,233,233, 17
945,233,233, 17
946,233,233, 17
947,233,233, 17
948,233,233, 17
949,233,233, 17
950,233,233, 17
951,233,233, 17
952,233,233, 17
953,233,233, 17
954,233,233, 17
955,233,233, 17
956,233,233, 17
957,233,233, 17
958,233,233, 17
959,233,233, 17
960,233,233, 17
961,233,233, 17
962,233,233, 17
963,233,233, 17
964,233,233, 17
965,233,233, 17
966,233,233, 17
967,233,233, 17
968,233,233, 17
969,233,233, 17
970,233,233, 17
971,233,233, 17
972,233,233, 17
973,233,233, 17
974,233,233, 17
975,233,233, 17
976,233,233, 17
977,233,233, 17
978,233,233, 17
979,233,233, 17
980,233,233, 17
981,233,233, 17
982,233,233, 17
983,233,233, 17
984,233,233, 17
985,233,233, 17
986,233,233, 17
987,233,233, 17
988,233,233, 17
989,233,233, 17
990,233,233, 17
991,233,233, 17
992,233,233, 17
993,233,233, 17
994,233,233, 17
995,233,233, 17
996,233,233, 17
997,233,233, 17
998,233,233, 17
999,233,233, 17
1000,233,233, 17
1001,233,233, 17
1002,233,233, 17
1003,233,233, 17
1004,233,233, 17
1005,233,233, 17
1006,233,233, 17
1007,233,233, 17
1008,233,233, 17
1009,233,233, 17
1010,233,233, 17
1011,233,233, 17
1012,233,233, 17
1013,233,233, 17
1014,233,233, 17
1015,233,233, 17
1016,233,233, 17
1017,233,233, 17
1018,233,233, 17
1019,233,233, 17
1020,233,233, 17
1021,233,233, 17
1022,233,233, 17
1023,233,233, 17
1024,233,233, 17
1025,233,233, 17
1026,233,233, 17
1027,233,233, 17
1028,233,233, 17
1029,233,233, 17
1030,233,233, 17
1031,233,233, 17
1032,233,233, 17
1033,233,233, 17
1034,233,233, 17
1035,233,233, 17
1036,233,233, 17
1037,233,233, 17
1038,233,233, 17
1039,233,233, 17
1040,233,233, 17
1041,233,233, 17
1042,233,233, 17
1043,233,233, 17
1044,233,233, 17
1045,233,233, 17
1046,233,233, 17
1047,233,233, 17
1048,233,233, 17
1049,233,233, 17
1050,233,233, 17
1051,233,233, 17
1052,233,233, 17
1053,233,233, 17
1054,233,233, 17
1055,233,233, 17
1056,233,233, 17
1057,233,233, 17
1058,233,233, 17
1059,233,233, 17
1060,233,233, 17
1061,233,233, 17
1062,233,233, 17
1063,233,233, 17
1064,233,233, 17
1065,233,233, 17
1066,233,233, 17
1067,233,233, 17
1068,233,233, 17
1069,233,233, 17
1070,233,233, 17
1071,232,232, 18
1072,232,232, 18
1073,232,232, 18
1074,232,232, 18
1075,232,232, 18
1076,232,232, 18
1077,232,232, 18
1078,232,232, 18
1079,232,232, 18
1080,232,232, 18
1081,232,232, 18
1082,232,232, 18
1083,232,232, 18
1084,232,232, 18
1085,232,232, 18
1086,232,232, 18
1087,232,232, 18
1088,232,232, 18
1089,232,232, 18
1090,232,232, 18
1091,232,232, 18
1092,232,232, 18
1093,232,232, 18
1094,232,232, 18
1095,232,232, 18
1096,232,232, 18
1097,232,232, 18
1098,232,232, 18
1099,232,232, 18
1100,232,232, 18
1101,232,232, 18
1102,232,232, 18
1103,232,232, 18
1104,232,232, 18
1105,232,232, 18
1106,232,232, 18
1107,232,232, 18
1108,232,232, 18
1109,232,232, 18
1110,232,232, 18
1111,232,232, 18
1112,232,232, 18
1113,232,232, 18
1114,232,232, 18
1115,232,232, 18
1116,232,232, 18
1117,232,232, 18
1118,231,231, 19
1119,231,231, 19
1120,231,231, 19
1121,231,231, 19
1122,231,231, 19
1123,231,231, 19
1124,231,231, 19
1125,231,231, 19
1126,231,231, 19
1127,231,231, 19
1128,230,230, 20
1129,230,230, 20
1130,230,230, 20
1131,230,230, 20
1132,230,230, 20
1133,230,230, 20
1134,230,230, 20
1135,230,230, 20
1136,230,230, 20
1137,230,230, 20
1138,230,230, 20
1139,230,230, 20
1140,230,230, 20
1141,230,230, 20
1142,230,230, 20
1143,229,229, 21
1144,229,229, 21
1145,229,229, 21
1146,229,229, 21
1147,229,229, 21
1148,229,229, 21
1149,229,229, 21
1150,229,229, 21
1151,229,229, 21
1152,229,229, 21
1153,229,229, 21
1154,229,229, 21
1155,229,229, 21
1156,229,229, 21
1157,229,229, 21
1158,229,229, 21
1159,229,229, 21
1160,229,229, 21
1161,229,229, 21
1162,229,229, 21
1163,229,229, 21
1164,229,229, 21
1165,229,229, 21
1166,229,229, 21
1167,229,229, 21
1168,229,229, 21
1169,229,229, 21
1170,229,229, 21
1171,229,229, 21
1172,229,229, 21
1173,229,229, 21
1174,229,229, 21
1175,229,229, 21
1176,229,229, 21
1177,229,229, 21
1178,229,229, 21
1179,229,229, 21
1180,229,229, 21
1181,229,229, 21
1182,229,229, 21
1183,229,229, 21
1184,229,229, 21
1185,229,229, 21
1186,229,229, 21
1187,229,229, 21
1188,229,229, 21
1189,229,229, 21
1190,229,229, 21
1191,229,229, 21
1192,229,229, 21
1193,229,229, 21
1194,229,229, 21
1195,229,229, 21
1196,229,229, 21
1197,229,229, 21
1198,229,229, 21
1199,229,229, 21
1200,229,229, 21
1201,229,229, 21
1202,229,229, 21
1203,229,229, 21
1204,229,229, 21
1205,229,229, 21
1206,229,229, 21
1207,229,229, 21
1208,229,229, 21
1209,229,229, 21
1210,229,229, 21
1211,229,229, 21
1212,229,229, 21
1213,229,229, 21
1214,229,229, 21
1215,229,229, 21
1216,229,229, 21
1217,229,229, 21
1218,229,229, 21
1219,229,229, 21
1220,229,229, 21
1221,229,229, 21
1222,229,229, 21
1223,229,229, 21
1224,229,229, 21
1225,229,229, 21
1226,229,229, 21
1227,229,229, 21
1228,229,229, 21
1229,229,229, 21
1230,229,229, 21
1231,229,229, 21
1232,229,229, 21
1233,229,229, 21
1234,229,229, 21
1235,229,229, 21
1236,229,229, 21
1237,229,229, 21
1238,229,229, 21
1239,229,229, 21
1240,229,229, 21
1241,229,229, 21
1242,229,229, 21
1243,229,229, 21
1244,229,229, 21
1245,229,229, 21
1246,229,229, 21
1247,229,229, 21
1248,229,229, 21
1249,229,229, 21
1250,229,229, 21
1251,229,229, 21
1252,229,229, 21
1253,229,229, 21
1254,229,229, 21
1255,229,229, 21
1256,229,229, 21
1257,229,229, 21
1258,229,229, 21
1259,229,229, 21
1260,229,229, 21
1261,229,229, 21
1262,229,229, 21
1263,229,229, 21
1264,229,229, 21
1265,229,229, 21
1266,229,229, 21
1267,229,229, 21
1268,229,229, 21
1269,229,229, 21
1270,229,229, 21
1271,229,229, 21
1272,229,229, 21
1273,229,229, 21
1274,229,229, 21
1275,229,229, 21
1276,229,229, 21
1277,229,229, 21
1278,229,229, 21
1279,229,229, 21
1280,229,229, 21
1281,229,229, 21
1282,229,229, 21
1283,229,229, 21
1284,229,229, 21
1285,229,229, 21
1286,229,229, 21
1287,229,229, 21
1288,229,229, 21
1289,229,229, 21
1290,229,229, 21
1291,229,229, 21
1292,229,229, 21
1293,229,229, 21
1294,229,229, 21
1295,229,229, 21
1296,229,229, 21
1297,229,229, 21
1298,229,229, 21
1299,229,229, 21
1300,229,229, 21
1301,229,229, 21
1302,229,229, 21
1303,229,229, 21
1304,229,229, 21
1305,229,229, 21
1306,229,229, 21
1307,229,229, 21
1308,229,229, 21
1309,229,229, 21
1310,229,229, 21
1311,229,229, 21
1312,229,229, 21
1313,229,229, 21
1314,229,229, 21
1315,229,229, 21
1316,229,229, 21
1317,229,229, 21
1318,229,229, 21
1319,229,229, 21
1320,229,229, 21
1321,229,229, 21
1322,229,229, 21
1323,229,229, 21
1324,229,229, 21
1325,229,229, 21
1326,229,229, 21
1327,229,229, 21
1328,229,229, 21
1329,229,229, 21
1330,229,229, 21
1331,229,229, 21
1332,229,229, 21
1333,229,229, 21
1334,229,229, 21
1335,229,229, 21
1336,229,229, 21
1337,229,229, 21
1338,229,229, 21
1339,229,229, 21
1340,229,229, 21
1341,229,229, 21
1342,229,229, 21
1343,229,229, 21
1344,229,229, 21
1345,229,229, 21
1346,229,229, 21
1347,229,229, 21
1348,229,229, 21
1349,229,229, 21
1350,229,229, 21
1351,229,229, 21
1352,229,229, 21
1353,229,229, 21
1354,229,229, 21
1355,229,229, 21
1356,229,229, 21
1357,229,229, 21
1358,229,229, 21
1359,229,229, 21
1360,229,229, 21
1361,229,229, 21
1362,229,229, 21
1363,229,229, 21
1364,229,229, 21
1365,229,229, 21
1366,229,229, 21
1367,229,229, 21
1368,229,229, 21
1369,229,229, 21
1370,229,229, 21
1371,229,229, 21
1372,229,229, 21
1373,229,229, 21
1374,229,229, 21
1375,229,229, 21
1376,229,229, 21
1377,229,229, 21
1378,229,229, 21
1379,229,229, 21
1380,229,229, 21
1381,229,229, 21
1382,229,229, 21
1383,229,229, 21
1384,229,229, 21
1385,229,229, 21
1386,228,228, 22
1387,228,228, 22
1388,228,228, 22
1389,228,228, 22
1390,228,228, 22
1391,228,228, 22
1392,228,228, 22
1393,228,228, 22
1394,228,228, 22
1395,228,228, 22
1396,228,228, 22
1397,228,228, 22
1398,228,228, 22
1399,228,228, 22
1400,228,228, 22
1401,228,228, 22
1402,228,228, 22
1403,228,228, 22
1404,228,228, 22
1405,228,228, 22
1406,228,228, 22
1407,228,228, 22
1408,228,228, 22
1409,228,228, 22
1410,228,228, 22
1411,228,228, 22
1412,228,228, 22
1413,228,228, 22
1414,228,228, 22
1415,228,228, 22
1416,228,228, 22
1417,228,228, 22
1418,228,228, 22
1419,228,228, 22
1420,228,228, 22
1421,228,228, 22
1422,228,228, 22
1423,228,228, 22
1424,228,228, 22
1425,227,227, 23
1426,227,227, 23
1427,227,227, 23
1428,227,227, 23
1429,227,227, 23
1430,227,227, 23
1431,227,227, 23
1432,227,227, 23
1433,227,227, 23
1434,227,227, 23
1435,227,227, 23
1436,227,227, 23
1437,227,227, 23
1438,227,227, 23
1439,227,227, 23
1440,227,227, 23
1441,227,227, 23
1442,227,227, 23
1443,227,227, 23
1444,227,227, 23
1445,227,227, 23
1446,227,227, 23
1447,227,227, 23
1448,227,227, 23
1449,227,227, 23
1450,227,227, 23
1451,227,227, 23
1452,227,227, 23
1453,227,227, 23
1454,227,227, 23
1455,227,227, 23
1456,227,227, 23
1457,227,227, 23
1458,227,227, 23
1459,227,227, 23
1460,227,227, 23
1461,227,227, 23
1462,227,227, 23
1463,227,227, 23
1464,227,227, 23
1465,227,227, 23
1466,227,227, 23
1467,227,227, 23
1468,227,227, 23
1469,227,227, 23
1470,227,227, 23
1471,227,227, 23
1472,227,227, 23
1473,227,227, 23
1474,227,227, 23
1475,227,227, 23
1476,227,227, 23
1477,227,227, 23
1478,227,227, 23
1479,227,227, 23
1480,227,227, 23
1481,227,227, 23
1482,227,227, 23
1483,227,227, 23
1484,227,227, 23
1485,227,227, 23
1486,227,227, 23
1487,227,227, 23
1488,227,227, 23
1489,227,227, 23
1490,227,227, 23
1491,227,227, 23
1492,227,227, 23
1493,227,227, 23
1494,227,227, 23
1495,227,227, 23
1496,227,227, 23
1497,227,227, 23
1498,227,227, 23
1499,227,227, 23
