0,250,250, 0
1,249,249, 1
2,249,249, 1
3,249,249, 1
4,249,249, 1
5,249,249, 1
6,249,249, 1
7,249,249, 1
8,249,249, 1
9,249,249, 1
10,249,249, 1
11,249,249, 1
12,249,249, 1
13,249,249, 1
14,249,249, 1
15,249,249, 1
16,249,249, 1
17,249,249, 1
18,249,249, 1
19,249,249, 1
20,249,249, 1
21,249,249, 1
22,248,248, 2
23,248,248, 2
24,248,248, 2
25,248,248, 2
26,248,248, 2
27,248,248, 2
28,248,248, 2
29,248,248, 2
30,248,248, 2
31,248,248, 2
32,248,248, 2
33,248,248, 2
34,248,248, 2
35,248,248, 2
36,248,248, 2
37,248,248, 2
38,248,248, 2
39,248,248, 2
40,248,248, 2
41,248,248, 2
42,248,248, 2
43,248,248, 2
44,248,248, 2
45,248,248, 2
46,248,248, 2
47,248,248, 2
48,248,248, 2
49,248,248, 2
50,248,248, 2
51,248,248, 2
52,248,248, 2
53,248,248, 2
54,248,248, 2
55,248,248, 2
56,248,248, 2
57,248,248, 2
58,248,248, 2
59,248,248, 2
60,248,248, 2
61,248,248, 2
62,248,248, 2
63,248,248, 2
64,248,248, 2
65,248,248, 2
66,248,248, 2
67,248,248, 2
68,248,248, 2
69,248,248, 2
70,248,248, 2
71,248,248, 2
72,248,248, 2
73,248,248, 2
74,247,247, 3
75,247,247, 3
76,247,247, 3
77,247,247, 3
78,247,247, 3
79,247,247, 3
80,246,246, 4
81,246,246, 4
82,246,246, 4
83,246,246, 4
84,246,246, 4
85,246,246, 4
86,246,246, 4
87,246,246, 4
88,246,246, 4
89,246,246, 4
90,246,246, 4
91,246,246, 4
92,246,246, 4
93,246,246, 4
94,246,246, 4
95,246,246, 4
96,246,246, 4
97,246,246, 4
98,246,246, 4
99,246,246, 4
100,246,246, 4
101,246,246, 4
102,246,246, 4
103,246,246, 4
104,246,246, 4
105,246,246, 4
106,246,246, 4
107,246,246, 4
108,246,246, 4
109,246,246, 4
110,246,246, 4
111,246,246, 4
112,246,246, 4
113,246,246, 4
114,246,246, 4
115,246,246, 4
116,246,246, 4
117,246,246, 4
118,246,246, 4
119,246,246, 4
120,246,246, 4
121,246,246, 4
122,246,246, 4
123,246,246, 4
124,246,246, 4
125,246,246, 4
126,246,246, 4
127,246,246, 4
128,246,246, 4
129,246,246, 4
130,246,246, 4
131,246,246, 4
132,246,246, 4
133,246,246, 4
134,246,246, 4
135,246,246, 4
136,246,246, 4
137,246,246, 4
138,246,246, 4
139,246,246, 4
140,245,245, 5
141,245,245, 5
142,245,245, 5
143,245,245, 5
144,245,245, 5
145,245,245, 5
146,245,245, 5
147,245,245, 5
148,245,245, 5
149,245,245, 5
150,245,245, 5
151,245,245, 5
152,245,245, 5
153,245,245, 5
154,245,245, 5
155,245,245, 5
156,245,245, 5
157,245,245, 5
158,245,245, 5
159,245,245, 5
160,245,245, 5
161,245,245, 5
162,245,245, 5
163,245,245, 5
164,245,245, 5
165,245,245, 5
166,245,245, 5
167,245,245, 5
168,245,245, 5
169,245,245, 5
170,245,245, 5
171,245,245, 5
172,245,245, 5
173,245,245, 5
174,245,245, 5
175,245,245, 5
176,245,245, 5
177,245,245, 5
178,245,245, 5
179,245,245, 5
180,245,245, 5
181,245,245, 5
182,245,245, 5
183,245,245, 5
184,245,245, 5
185,245,245, 5
186,245,245, 5
187,245,245, 5
188,245,245, 5
189,245,245, 5
190,245,245, 5
191,245,245, 5
192,245,245, 5
193,245,245, 5
194,245,245, 5
195,245,245, 5
196,245,245, 5
197,245,245, 5
198,245,245, 5
199,245,245, 5
200,245,245, 5
201,245,245, 5
202,245,245, 5
203,245,245, 5
204,245,245, 5
205,245,245, 5
206,245,245, 5
207,244,244, 6
208,244,244, 6
209,244,244, 6
210,244,244, 6
211,244,244, 6
212,244,244, 6
213,244,244, 6
214,244,244, 6
215,244,244, 6
216,244,244, 6
217,244,244, 6
218,244,244, 6
219,244,244, 6
220,244,244, 6
221,244,244, 6
222,244,244, 6
223,244,244, 6
224,244,244, 6
225,244,244, 6
226,244,244, 6
227,244,244, 6
228,244,244, 6
229,244,244, 6
230,244,244, 6
231,244,244, 6
232,244,244, 6
233,244,244, 6
234,244,244, 6
235,244,244, 6
236,244,244, 6
237,244,244, 6
238,244,244, 6
239,244,244, 6
240,244,244, 6
241,244,244, 6
242,244,244, 6
243,244,244, 6
244,244,244, 6
245,244,244, 6
246,244,244, 6
247,242,242, 8
248,242,242, 8
249,242,242, 8
250,242,242, 8
251,242,242, 8
252,242,242, 8
253,242,242, 8
254,242,242, 8
255,242,242, 8
256,242,242, 8
257,242,242, 8
258,242,242, 8
259,242,242, 8
260,242,242, 8
261,242,242, 8
262,242,242, 8
263,242,242, 8
264,242,242, 8
265,242,242, 8
266,242,242, 8
267,242,242, 8
268,242,242, 8
269,242,242, 8
270,242,242, 8
271,241,241, 9
272,241,241, 9
273,241,241, 9
274,241,241, 9
275,241,241, 9
276,241,241, 9
277,241,241, 9
278,241,241, 9
279,241,241, 9
280,240,240, 10
281,240,240, 10
282,240,240, 10
283,240,240, 10
284,240,240, 10
285,240,240, 10
286,240,240, 10
287,240,240, 10
288,240,240, 10
289,240,240, 10
290,240,240, 10
291,240,240, 10
292,240,240, 10
293,240,240, 10
294,240,240, 10
295,240,240, 10
296,240,240, 10
297,240,240, 10
298,240,240, 10
299,240,240, 10
300,240,240, 10
301,240,240, 10
302,240,240, 10
303,239,239, 11
304,239,239, 11
305,239,239, 11
306,239,239, 11
307,239,239, 11
308,239,239, 11
309,239,239, 11
310,239,239, 11
311,239,239, 11
312,239,239, 11
313,238,238, 12
314,238,238, 12
315,238,238, 12
316,238,238, 12
317,238,238, 12
318,238,238, 12
319,238,238, 12
320,238,238, 12
321,238,238, 12
322,238,238, 12
323,238,238, 12
324,238,238, 12
325,238,238, 12
326,238,238, 12
327,238,238, 12
328,238,238, 12
329,238,238, 12
330,238,238, 12
331,238,238, 12
332,238,238, 12
333,238,238, 12
334,237,237, 13
335,237,237, 13
336,237,237, 13
337,237,237, 13
338,237,237, 13
339,237,237, 13
340,237,237, 13
341,237,237, 13
342,237,237, 13
343,237,237, 13
344,237,237, 13
345,237,237, 13
346,237,237, 13
347,237,237, 13
348,237,237, 13
349,237,237, 13
350,237,237, 13
351,237,237, 13
352,237,237, 13
353,237,237, 13
354,237,237, 13
355,237,237, 13
356,237,237, 13
357,237,237, 13
358,237,237, 13
359,237,237, 13
360,237,237, 13
361,237,237, 13
362,237,237, 13
363,237,237, 13
364,237,237, 13
365,237,237, 13
366,237,237, 13
367,237,237, 13
368,237,237, 13
369,237,237, 13
370,237,237, 13
371,237,237, 13
372,237,237, 13
373,237,237, 13
374,237,237, 13
375,237,237, 13
376,237,237, 13
377,237,237, 13
378,237,237, 13
379,237,237, 13
380,237,237, 13
381,237,237, 13
382,237,237, 13
383,237,237, 13
384,237,237, 13
385,237,237, 13
386,237,237, 13
387,237,237, 13
388,237,237, 13
389,237,237, 13
390,237,237, 13
391,237,237, 13
392,237,237, 13
393,237,237, 13
394,237,237, 13
395,237,237, 13
396,237,237, 13
397,237,237, 13
398,237,237, 13
399,237,237, 13
400,237,237, 13
401,237,237, 13
402,237,237, 13
403,237,237, 13
404,237,237, 13
405,237,237, 13
406,237,237, 13
407,237,237, 13
408,237,237, 13
409,237,237, 13
410,237,237, 13
411,237,237, 13
412,237,237, 13
413,237,237, 13
414,237,237, 13
415,237,237, 13
416,237,237, 13
417,236,236, 14
418,236,236, 14
419,236,236, 14
420,236,236, 14
421,236,236, 14
422,236,236, 14
423,236,236, 14
424,235,235, 15
425,235,235, 15
426,235,235, 15
427,235,235, 15
428,235,235, 15
429,235,235, 15
430,235,235, 15
431,235,235, 15
432,235,235, 15
433,235,235, 15
434,235,235, 15
435,235,235, 15
436,235,235, 15
437,235,235, 15
438,235,235, 15
439,235,235, 15
440,235,235, 15
441,235,235, 15
442,235,235, 15
443,235,235, 15
444,235,235, 15
445,235,235, 15
446,235,235, 15
447,235,235, 15
448,235,235, 15
449,235,235, 15
450,235,235, 15
451,235,235, 15
452,235,235, 15
453,235,235, 15
454,235,235, 15
455,235,235, 15
456,235,235, 15
457,235,235, 15
458,235,235, 15
459,235,235, 15
460,235,235, 15
461,235,235, 15
462,235,235, 15
463,235,235, 15
464,235,235, 15
465,235,235, 15
466,235,235, 15
467,235,235, 15
468,235,235, 15
469,235,235, 15
470,235,235, 15
471,235,235, 15
472,235,235, 15
473,235,235, 15
474,235,235, 15
475,235,235, 15
476,235,235, 15
477,235,235, 15
478,235,235, 15
479,235,235, 15
480,235,235, 15
481,235,235, 15
482,235,235, 15
483,235,235, 15
484,235,235, 15
485,235,235, 15
486,234,234, 16
487,234,234, 16
488,234,234, 16
489,234,234, 16
490,234,234, 16
491,234,234, 16
492,234,234, 16
493,234,234, 16
494,234,234, 16
495,234,234, 16
496,234,234, 16
497,234,234, 16
498,234,234, 16
499,234,234, 16
500,234,234, 16
501,234,234, 16
502,234,234, 16
503,234,234, 16
504,234,234, 16
505,234,234, 16
506,234,234, 16
507,234,234, 16
508,234,234, 16
509,234,234, 16
510,234,234, 16
511,232,232, 18
512,232,232, 18
513,232,232, 18
514,232,232, 18
515,232,232, 18
516,232,232, 18
517,232,232, 18
518,232,232, 18
519,232,232, 18
520,232,232, 18
521,232,232, 18
522,232,232, 18
523,232,232, 18
524,231,231, 19
525,231,231, 19
526,231,231, 19
527,231,231, 19
528,231,231, 19
529,231,231, 19
530,231,231, 19
531,231,231, 19
532,231,231, 19
533,231,231, 19
534,231,231, 19
535,231,231, 19
536,231,231, 19
537,231,231, 19
538,231,231, 19
539,231,231, 19
540,231,231, 19
541,231,231, 19
542,231,231, 19
543,231,231, 19
544,231,231, 19
545,231,231, 19
546,231,231, 19
547,231,231, 19
548,231,231, 19
549,231,231, 19
550,231,231, 19
551,231,231, 19
552,231,231, 19
553,231,231, 19
554,231,231, 19
555,231,231, 19
556,231,231, 19
557,231,231, 19
558,231,231, 19
559,231,231, 19
560,231,231, 19
561,231,231, 19
562,231,231, 19
563,231,231, 19
564,230,230, 20
565,230,230, 20
566,230,230, 20
567,230,230, 20
568,229,229, 21
569,229,229, 21
570,229,229, 21
571,229,229, 21
572,229,229, 21
573,229,229, 21
574,229,229, 21
575,229,229, 21
576,229,229, 21
577,229,229, 21
578,229,229, 21
579,229,229, 21
580,229,229, 21
581,229,229, 21
582,229,229, 21
583,229,229, 21
584,229,229, 21
585,229,229, 21
586,228,228, 22
587,228,228, 22
588,228,228, 22
589,228,228, 22
590,228,228, 22
591,228,228, 22
592,228,228, 22
593,228,228, 22
594,227,227, 23
595,227,227, 23
596,227,227, 23
597,227,227, 23
598,227,227, 23
599,227,227, 23
600,227,227, 23
601,227,227, 23
602,226,226, 24
603,226,226, 24
604,226,226, 24
605,226,226, 24
606,226,226, 24
607,226,226, 24
608,226,226, 24
609,226,226, 24
610,226,226, 24
611,226,226, 24
612,226,226, 24
613,226,226, 24
614,226,226, 24
615,226,226, 24
616,226,226, 24
617,226,226, 24
618,226,226, 24
619,226,226, 24
620,226,226, 24
621,226,226, 24
622,226,226, 24
623,226,226, 24
624,226,226, 24
625,226,226, 24
626,226,226, 24
627,226,226, 24
628,226,226, 24
629,226,226, 24
630,226,226, 24
631,226,226, 24
632,225,225, 25
633,225,225, 25
634,225,225, 25
635,225,225, 25
636,225,225, 25
637,225,225, 25
638,225,225, 25
639,225,225, 25
640,225,225, 25
641,225,225, 25
642,225,225, 25
643,225,225, 25
644,225,225, 25
645,225,225, 25
646,225,225, 25
647,225,225, 25
648,225,225, 25
649,224,224, 26
650,224,224, 26
651,224,224, 26
652,224,224, 26
653,224,224, 26
654,224,224, 26
655,224,224, 26
656,224,224, 26
657,224,224, 26
658,224,224, 26
659,224,224, 26
660,224,224, 26
661,224,224, 26
662,224,224, 26
663,224,224, 26
664,224,224, 26
665,224,224, 26
666,224,224, 26
667,224,224, 26
668,224,224, 26
669,224,224, 26
670,224,224, 26
671,224,224, 26
672,224,224, 26
673,224,224, 26
674,224,224, 26
675,224,224, 26
676,224,224, 26
677,224,224, 26
678,224,224, 26
679,224,224, 26
680,224,224, 26
681,224,224, 26
682,224,224, 26
683,224,224, 26
684,224,224, 26
685,224,224, 26
686,224,224, 26
687,224,224, 26
688,224,224, 26
689,224,224, 26
690,224,224, 26
691,224,224, 26
692,224,224, 26
693,224,224, 26
694,224,224, 26
695,224,224, 26
696,224,224, 26
697,224,224, 26
698,224,224, 26
699,224,224, 26
700,224,224, 26
701,224,224, 26
702,224,224, 26
703,224,224, 26
704,224,224, 26
705,223,223, 27
706,223,223, 27
707,223,223, 27
708,223,223, 27
709,222,222, 28
710,222,222, 28
711,222,222, 28
712,222,222, 28
713,222,222, 28
714,222,222, 28
715,222,222, 28
716,222,222, 28
717,222,222, 28
718,222,222, 28
719,222,222, 28
720,222,222, 28
721,222,222, 28
722,222,222, 28
723,222,222, 28
724,222,222, 28
725,222,222, 28
726,222,222, 28
727,222,222, 28
728,222,222, 28
729,222,222, 28
730,222,222, 28
731,222,222, 28
732,222,222, 28
733,222,222, 28
734,222,222, 28
735,222,222, 28
736,222,222, 28
737,222,222, 28
738,222,222, 28
739,222,222, 28
740,222,222, 28
741,222,222, 28
742,222,222, 28
743,222,222, 28
744,222,222, 28
745,222,222, 28
746,221,221, 29
747,221,221, 29
748,221,221, 29
749,221,221, 29
750,221,221, 29
751,221,221, 29
752,221,221, 29
753,221,221, 29
754,221,221, 29
755,221,221, 29
756,221,221, 29
757,221,221, 29
758,221,221, 29
759,221,221, 29
760,221,221, 29
761,221,221, 29
762,221,221, 29
763,221,221, 29
764,221,221, 29
765,221,221, 29
766,221,221, 29
767,221,221, 29
768,221,221, 29
769,221,221, 29
770,221,221, 29
771,221,221, 29
772,221,221, 29
773,221,221, 29
774,221,221, 29
775,221,221, 29
776,221,221, 29
777,221,221, 29
778,221,221, 29
779,221,221, 29
780,221,221, 29
781,221,221, 29
782,221,221, 29
783,221,221, 29
784,221,221, 29
785,221,221, 29
786,221,221, 29
787,221,221, 29
788,221,221, 29
789,221,221, 29
790,221,221, 29
791,221,221, 29
792,221,221, 29
793,221,221, 29
794,221,221, 29
795,221,221, 29
796,221,221, 29
797,221,221, 29
798,221,221, 29
799,221,221, 29
800,221,221, 29
801,221,221, 29
802,221,221, 29
803,221,221, 29
804,221,221, 29
805,221,221, 29
806,221,221, 29
807,221,221, 29
808,221,221, 29
809,221,221, 29
810,221,221, 29
811,221,221, 29
812,221,221, 29
813,221,221, 29
814,221,221, 29
815,221,221, 29
816,221,221, 29
817,221,221, 29
818,221,221, 29
819,221,221, 29
820,221,221, 29
821,221,221, 29
822,221,221, 29
823,221,221, 29
824,221,221, 29
825,221,221, 29
826,221,221, 29
827,221,221, 29
828,221,221, 29
829,221,221, 29
830,221,221, 29
831,221,221, 29
832,221,221, 29
833,221,221, 29
834,221,221, 29
835,221,221, 29
836,221,221, 29
837,221,221, 29
838,221,221, 29
839,221,221, 29
840,221,221, 29
841,221,221, 29
842,221,221, 29
843,221,221, 29
844,221,221, 29
845,221,221, 29
846,221,221, 29
847,221,221, 29
848,221,221, 29
849,221,221, 29
850,221,221, 29
851,221,221, 29
852,221,221, 29
853,221,221, 29
854,221,221, 29
855,221,221, 29
856,221,221, 29
857,221,221, 29
858,221,221, 29
859,221,221, 29
860,221,221, 29
861,221,221, 29
862,221,221, 29
863,221,221, 29
864,221,221, 29
865,221,221, 29
866,221,221, 29
867,221,221, 29
868,221,221, 29
869,221,221, 29
870,221,221, 29
871,221,221, 29
872,221,221, 29
873,221,221, 29
874,221,221, 29
875,221,221, 29
876,221,221, 29
877,221,221, 29
878,221,221, 29
879,221,221, 29
880,221,221, 29
881,221,221, 29
882,221,221, 29
883,221,221, 29
884,221,221, 29
885,221,221, 29
886,221,221, 29
887,221,221, 29
888,221,221, 29
889,221,221, 29
890,221,221, 29
891,221,221, 29
892,221,221, 29
893,221,221, 29
894,221,221, 29
895,221,221, 29
896,221,221, 29
897,221,221, 29
898,221,221, 29
899,221,221, 29
900,221,221, 29
901,221,221, 29
902,221,221, 29
903,221,221, 29
904,221,221, 29
905,221,221, 29
906,221,221, 29
907,221,221, 29
908,221,221, 29
909,221,221, 29
910,221,221, 29
911,221,221, 29
912,221,221, 29
913,221,221, 29
914,221,221, 29
915,221,221, 29
916,221,221, 29
917,221,221, 29
918,221,221, 29
919,221,221, 29
920,221,221, 29
921,221,221, 29
922,221,221, 29
923,221,221, 29
924,221,221, 29
925,221,221, 29
926,221,221, 29
927,221,221, 29
928,221,221, 29
929,221,221, 29
930,221,221, 29
931,221,221, 29
932,221,221, 29
933,220,220, 30
934,220,220, 30
935,220,220, 30
936,220,220, 30
937,220,220, 30
938,220,220, 30
939,220,220, 30
940,220,220, 30
941,220,220, 30
942,220,220, 30
943,220,220, 30
944,220,220, 30
945,220,220, 30
946,220,220, 30
947,220,220, 30
948,220,220, 30
949,220,220, 30
950,220,220, 30
951,220,220, 30
952,220,220, 30
953,220,220, 30
954,220,220, 30
955,220,220, 30
956,220,220, 30
957,220,220, 30
958,220,220, 30
959,220,220, 30
960,220,220, 30
961,220,220, 30
962,220,220, 30
963,220,220, 30
964,220,220, 30
965,220,220, 30
966,220,220, 30
967,220,220, 30
968,220,220, 30
969,220,220, 30
970,220,220, 30
971,220,220, 30
972,220,220, 30
973,220,220, 30
974,220,220, 30
975,220,220, 30
976,220,220, 30
977,220,220, 30
978,220,220, 30
979,220,220, 30
980,220,220, 30
981,220,220, 30
982,220,220, 30
983,220,220, 30
984,220,220, 30
985,220,220, 30
986,220,220, 30
987,220,220, 30
988,220,220, 30
989,220,220, 30
990,220,220, 30
991,220,220, 30
992,220,220, 30
993,220,220, 30
994,220,220, 30
995,220,220, 30
996,220,220, 30
997,220,220, 30
998,220,220, 30
999,220,220, 30
1000,220,220, 30
1001,220,220, 30
1002,220,220, 30
1003,220,220, 30
1004,220,220, 30
1005,220,220, 30
1006,220,220, 30
1007,220,220, 30
1008,220,220, 30
1009,220,220, 30
1010,220,220, 30
1011,220,220, 30
1012,220,220, 30
1013,220,220, 30
1014,220,220, 30
1015,220,220, 30
1016,220,220, 30
1017,220,220, 30
1018,220,220, 30
1019,220,220, 30
1020,220,220, 30
1021,220,220, 30
1022,220,220, 30
1023,220,220, 30
1024,220,220, 30
1025,220,220, 30
1026,220,220, 30
1027,220,220, 30
1028,220,220, 30
1029,220,220, 30
1030,219,219, 31
1031,219,219, 31
1032,219,219, 31
1033,219,219, 31
1034,219,219, 31
1035,219,219, 31
1036,219,219, 31
1037,219,219, 31
1038,219,219, 31
1039,219,219, 31
1040,219,219, 31
1041,219,219, 31
1042,219,219, 31
1043,219,219, 31
1044,219,219, 31
1045,219,219, 31
1046,219,219, 31
1047,219,219, 31
1048,219,219, 31
1049,219,219, 31
1050,219,219, 31
1051,219,219, 31
1052,219,219, 31
1053,219,219, 31
1054,219,219, 31
1055,219,219, 31
1056,219,219, 31
1057,219,219, 31
1058,219,219, 31
1059,219,219, 31
1060,219,219, 31
1061,219,219, 31
1062,219,219, 31
1063,219,219, 31
1064,219,219, 31
1065,219,219, 31
1066,219,219, 31
1067,219,219, 31
1068,219,219, 31
1069,219,219, 31
1070,219,219, 31
1071,219,219, 31
1072,219,219, 31
1073,219,219, 31
1074,219,219, 31
1075,219,219, 31
1076,219,219, 31
1077,219,219, 31
1078,219,219, 31
1079,219,219, 31
1080,219,219, 31
1081,219,219, 31
1082,219,219, 31
1083,219,219, 31
1084,219,219, 31
1085,219,219, 31
1086,219,219, 31
1087,219,219, 31
1088,219,219, 31
1089,219,219, 31
1090,219,219, 31
1091,219,219, 31
1092,219,219, 31
1093,219,219, 31
1094,219,219, 31
1095,219,219, 31
1096,219,219, 31
1097,219,219, 31
1098,219,219, 31
1099,219,219, 31
1100,219,219, 31
1101,219,219, 31
1102,219,219, 31
1103,219,219, 31
1104,219,219, 31
1105,219,219, 31
1106,219,219, 31
1107,219,219, 31
1108,219,219, 31
1109,219,219, 31
1110,219,219, 31
1111,219,219, 31
1112,219,219, 31
1113,219,219, 31
1114,219,219, 31
1115,219,219, 31
1116,219,219, 31
1117,219,219, 31
1118,219,219, 31
1119,219,219, 31
1120,219,219, 31
1121,219,219, 31
1122,219,219, 31
1123,219,219, 31
1124,219,219, 31
1125,219,219, 31
1126,219,219, 31
1127,219,219, 31
1128,219,219, 31
1129,219,219, 31
1130,219,219, 31
1131,219,219, 31
1132,219,219, 31
1133,219,219, 31
1134,219,219, 31
1135,219,219, 31
1136,219,219, 31
1137,219,219, 31
1138,219,219, 31
1139,219,219, 31
1140,219,219, 31
1141,219,219, 31
1142,219,219, 31
1143,219,219, 31
1144,219,219, 31
1145,219,219, 31
1146,219,219, 31
1147,219,219, 31
1148,219,219, 31
1149,219,219, 31
1150,219,219, 31
1151,219,219, 31
1152,219,219, 31
1153,219,219, 31
1154,219,219, 31
1155,219,219, 31
1156,219,219, 31
1157,219,219, 31
1158,219,219, 31
1159,219,219, 31
1160,219,219, 31
1161,219,219, 31
1162,219,219, 31
1163,219,219, 31
1164,219,219, 31
1165,219,219, 31
1166,219,219, 31
1167,219,219, 31
1168,219,219, 31
1169,219,219, 31
1170,219,219, 31
1171,219,219, 31
1172,219,219, 31
1173,219,219, 31
1174,219,219, 31
1175,219,219, 31
1176,219,219, 31
1177,219,219, 31
1178,219,219, 31
1179,219,219, 31
1180,219,219, 31
1181,219,219, 31
1182,219,219, 31
1183,219,219, 31
1184,219,219, 31
1185,219,219, 31
1186,219,219, 31
1187,219,219, 31
1188,219,219, 31
1189,219,219, 31
1190,219,219, 31
1191,219,219, 31
1192,219,219, 31
1193,219,219, 31
1194,219,219, 31
1195,219,219, 31
1196,219,219, 31
1197,219,219, 31
1198,219,219, 31
1199,219,219, 31
1200,219,219, 31
1201,219,219, 31
1202,219,219, 31
1203,219,219, 31
1204,219,219, 31
1205,219,219, 31
1206,219,219, 31
1207,219,219, 31
1208,219,219, 31
1209,219,219, 31
1210,219,219, 31
1211,219,219, 31
1212,219,219, 31
1213,219,219, 31
1214,219,219, 31
1215,219,219, 31
1216,219,219, 31
1217,219,219, 31
1218,219,219, 31
1219,219,219, 31
1220,219,219, 31
1221,219,219, 31
1222,219,219, 31
1223,219,219, 31
1224,219,219, 31
1225,219,219, 31
1226,219,219, 31
1227,219,219, 31
1228,219,219, 31
1229,219,219, 31
1230,219,219, 31
1231,219,219, 31
1232,219,219, 31
1233,219,219, 31
1234,219,219, 31
1235,219,219, 31
1236,219,219, 31
1237,219,219, 31
1238,219,219, 31
1239,219,219, 31
1240,219,219, 31
1241,219,219, 31
1242,219,219, 31
1243,219,219, 31
1244,219,219, 31
1245,219,219, 31
1246,219,219, 31
1247,219,219, 31
1248,219,219, 31
1249,219,219, 31
1250,219,219, 31
1251,219,219, 31
1252,219,219, 31
1253,219,219, 31
1254,219,219, 31
1255,219,219, 31
1256,219,219, 31
1257,219,219, 31
1258,219,219, 31
1259,219,219, 31
1260,219,219, 31
1261,219,219, 31
1262,219,219, 31
1263,219,219, 31
1264,219,219, 31
1265,219,219, 31
1266,219,219, 31
1267,219,219, 31
1268,219,219, 31
1269,219,219, 31
1270,219,219, 31
1271,219,219, 31
1272,219,219, 31
1273,219,219, 31
1274,219,219, 31
1275,219,219, 31
1276,219,219, 31
1277,219,219, 31
1278,219,219, 31
1279,219,219, 31
1280,219,219, 31
1281,219,219, 31
1282,219,219, 31
1283,219,219, 31
1284,219,219, 31
1285,219,219, 31
1286,219,219, 31
1287,219,219, 31
1288,219,219, 31
1289,219,219, 31
1290,219,219, 31
1291,219,219, 31
1292,219,219, 31
1293,219,219, 31
1294,219,219, 31
1295,219,219, 31
1296,219,219, 31
1297,219,219, 31
1298,219,219, 31
1299,219,219, 31
1300,219,219, 31
1301,219,219, 31
1302,219,219, 31
1303,219,219, 31
1304,219,219, 31
1305,219,219, 31
1306,219,219, 31
1307,219,219, 31
1308,219,219, 31
1309,219,219, 31
1310,219,219, 31
1311,219,219, 31
1312,219,219, 31
1313,219,219, 31
1314,219,219, 31
1315,219,219, 31
1316,219,219, 31
1317,219,219, 31
1318,219,219, 31
1319,219,219, 31
1320,219,219, 31
1321,219,219, 31
1322,219,219, 31
1323,219,219, 31
1324,219,219, 31
1325,219,219, 31
1326,219,219, 31
1327,219,219, 31
1328,219,219, 31
1329,219,219, 31
1330,219,219, 31
1331,219,219, 31
1332,219,219, 31
1333,219,219, 31
1334,219,219, 31
1335,219,219, 31
1336,219,219, 31
1337,219,219, 31
1338,219,219, 31
1339,219,219, 31
1340,219,219, 31
1341,219,219, 31
1342,219,219, 31
1343,219,219, 31
1344,219,219, 31
1345,219,219, 31
1346,219,219, 31
1347,219,219, 31
1348,219,219, 31
1349,219,219, 31
1350,219,219, 31
1351,219,219, 31
1352,219,219, 31
1353,219,219, 31
1354,219,219, 31
1355,219,219, 31
1356,219,219, 31
1357,219,219, 31
1358,219,219, 31
1359,219,219, 31
1360,219,219, 31
1361,219,219, 31
1362,219,219, 31
1363,219,219, 31
1364,219,219, 31
1365,219,219, 31
1366,219,219, 31
1367,219,219, 31
1368,219,219, 31
1369,219,219, 31
1370,219,219, 31
1371,219,219, 31
1372,219,219, 31
1373,219,219, 31
1374,219,219, 31
1375,219,219, 31
1376,219,219, 31
1377,219,219, 31
1378,219,219, 31
1379,219,219, 31
1380,219,219, 31
1381,219,219, 31
1382,219,219, 31
1383,219,219, 31
1384,219,219, 31
1385,219,219, 31
1386,219,219, 31
1387,219,219, 31
1388,219,219, 31
1389,219,219, 31
1390,219,219, 31
1391,219,219, 31
1392,219,219, 31
1393,219,219, 31
1394,219,219, 31
1395,219,219, 31
1396,219,219, 31
1397,219,219, 31
1398,219,219, 31
1399,219,219, 31
1400,219,219, 31
1401,219,219, 31
1402,219,219, 31
1403,219,219, 31
1404,219,219, 31
1405,219,219, 31
1406,219,219, 31
1407,219,219, 31
1408,219,219, 31
1409,219,219, 31
1410,219,219, 31
1411,219,219, 31
1412,219,219, 31
1413,219,219, 31
1414,219,219, 31
1415,219,219, 31
1416,219,219, 31
1417,219,219, 31
1418,219,219, 31
1419,219,219, 31
1420,219,219, 31
1421,219,219, 31
1422,219,219, 31
1423,219,219, 31
1424,219,219, 31
1425,219,219, 31
1426,219,219, 31
1427,219,219, 31
1428,219,219, 31
1429,219,219, 31
1430,219,219, 31
1431,219,219, 31
1432,219,219, 31
1433,219,219, 31
1434,219,219, 31
1435,219,219, 31
1436,219,219, 31
1437,219,219, 31
1438,219,219, 31
1439,219,219, 31
1440,219,219, 31
1441,219,219, 31
1442,219,219, 31
1443,219,219, 31
1444,219,219, 31
1445,219,219, 31
1446,219,219, 31
1447,219,219, 31
1448,219,219, 31
1449,219,219, 31
1450,219,219, 31
1451,219,219, 31
1452,219,219, 31
1453,219,219, 31
1454,219,219, 31
1455,219,219, 31
1456,219,219, 31
1457,219,219, 31
1458,219,219, 31
1459,219,219, 31
1460,219,219, 31
1461,219,219, 31
1462,219,219, 31
1463,219,219, 31
1464,219,219, 31
1465,219,219, 31
1466,219,219, 31
1467,219,219, 31
1468,219,219, 31
1469,219,219, 31
1470,219,219, 31
1471,219,219, 31
1472,219,219, 31
1473,219,219, 31
1474,219,219, 31
1475,219,219, 31
1476,219,219, 31
1477,219,219, 31
1478,219,219, 31
1479,219,219, 31
1480,219,219, 31
1481,219,219, 31
1482,219,219, 31
1483,219,219, 31
1484,218,218, 32
1485,218,218, 32
1486,218,218, 32
1487,218,218, 32
1488,218,218, 32
1489,218,218, 32
1490,218,218, 32
1491,218,218, 32
1492,218,218, 32
1493,218,218, 32
1494,218,218, 32
1495,217,217, 33
1496,217,217, 33
1497,217,217, 33
1498,217,217, 33
1499,217,217, 33
