0,250,250, 0
1,248,248, 2
2,247,247, 3
3,247,247, 3
4,247,247, 3
5,247,247, 3
6,247,247, 3
7,247,247, 3
8,246,246, 4
9,246,246, 4
10,246,246, 4
11,246,246, 4
12,246,246, 4
13,246,246, 4
14,246,246, 4
15,246,246, 4
16,246,246, 4
17,246,246, 4
18,246,246, 4
19,246,246, 4
20,246,246, 4
21,246,246, 4
22,246,246, 4
23,246,246, 4
24,246,246, 4
25,246,246, 4
26,246,246, 4
27,246,246, 4
28,246,246, 4
29,246,246, 4
30,246,246, 4
31,246,246, 4
32,245,245, 5
33,245,245, 5
34,245,245, 5
35,245,245, 5
36,245,245, 5
37,245,245, 5
38,245,245, 5
39,245,245, 5
40,245,245, 5
41,245,245, 5
42,245,245, 5
43,245,245, 5
44,245,245, 5
45,245,245, 5
46,245,245, 5
47,245,245, 5
48,245,245, 5
49,244,244, 6
50,244,244, 6
51,244,244, 6
52,244,244, 6
53,244,244, 6
54,244,244, 6
55,244,244, 6
56,244,244, 6
57,244,244, 6
58,243,243, 7
59,243,243, 7
60,243,243, 7
61,243,243, 7
62,242,242, 8
63,242,242, 8
64,242,242, 8
65,242,242, 8
66,242,242, 8
67,242,242, 8
68,242,242, 8
69,242,242, 8
70,242,242, 8
71,242,242, 8
72,242,242, 8
73,242,242, 8
74,242,242, 8
75,242,242, 8
76,242,242, 8
77,242,242, 8
78,242,242, 8
79,242,242, 8
80,242,242, 8
81,242,242, 8
82,242,242, 8
83,242,242, 8
84,242,242, 8
85,242,242, 8
86,242,242, 8
87,242,242, 8
88,242,242, 8
89,242,242, 8
90,242,242, 8
91,242,242, 8
92,242,242, 8
93,242,242, 8
94,242,242, 8
95,242,242, 8
96,242,242, 8
97,242,242, 8
98,242,242, 8
99,242,242, 8
100,242,242, 8
101,242,242, 8
102,242,242, 8
103,242,242, 8
104,242,242, 8
105,242,242, 8
106,242,242, 8
107,242,242, 8
108,242,242, 8
109,242,242, 8
110,242,242, 8
111,242,242, 8
112,242,242, 8
113,242,242, 8
114,242,242, 8
115,242,242, 8
116,242,242, 8
117,242,242, 8
118,242,242, 8
119,242,242, 8
120,242,242, 8
121,242,242, 8
122,242,242, 8
123,242,242, 8
124,242,242, 8
125,242,242, 8
126,242,242, 8
127,242,242, 8
128,242,242, 8
129,242,242, 8
130,242,242, 8
131,242,242, 8
132,242,242, 8
133,242,242, 8
134,242,242, 8
135,242,242, 8
136,242,242, 8
137,242,242, 8
138,242,242, 8
139,242,242, 8
140,241,241, 9
141,241,241, 9
142,241,241, 9
143,241,241, 9
144,241,241, 9
145,241,241, 9
146,241,241, 9
147,241,241, 9
148,241,241, 9
149,241,241, 9
150,241,241, 9
151,241,241, 9
152,241,241, 9
153,241,241, 9
154,241,241, 9
155,241,241, 9
156,241,241, 9
157,241,241, 9
158,240,240, 10
159,240,240, 10
160,240,240, 10
161,240,240, 10
162,240,240, 10
163,240,240, 10
164,240,240, 10
165,240,240, 10
166,240,240, 10
167,240,240, 10
168,240,240, 10
169,240,240, 10
170,240,240, 10
171,240,240, 10
172,240,240, 10
173,240,240, 10
174,240,240, 10
175,240,240, 10
176,240,240, 10
177,240,240, 10
178,240,240, 10
179,240,240, 10
180,240,240, 10
181,240,240, 10
182,240,240, 10
183,240,240, 10
184,240,240, 10
185,240,240, 10
186,240,240, 10
187,240,240, 10
188,240,240, 10
189,240,240, 10
190,240,240, 10
191,240,240, 10
192,240,240, 10
193,239,239, 11
194,239,239, 11
195,239,239, 11
196,239,239, 11
197,238,238, 12
198,238,238, 12
199,238,238, 12
200,238,238, 12
201,238,238, 12
202,238,238, 12
203,238,238, 12
204,238,238, 12
205,238,238, 12
206,238,238, 12
207,237,237, 13
208,237,237, 13
209,237,237, 13
210,237,237, 13
211,237,237, 13
212,236,236, 14
213,236,236, 14
214,236,236, 14
215,236,236, 14
216,236,236, 14
217,236,236, 14
218,236,236, 14
219,236,236, 14
220,236,236, 14
221,236,236, 14
222,235,235, 15
223,234,234, 16
224,234,234, 16
225,234,234, 16
226,234,234, 16
227,234,234, 16
228,234,234, 16
229,234,234, 16
230,234,234, 16
231,234,234, 16
232,234,234, 16
233,234,234, 16
234,234,234, 16
235,234,234, 16
236,234,234, 16
237,234,234, 16
238,234,234, 16
239,234,234, 16
240,234,234, 16
241,234,234, 16
242,234,234, 16
243,234,234, 16
244,234,234, 16
245,234,234, 16
246,234,234, 16
247,233,233, 17
248,233,233, 17
249,233,233, 17
250,233,233, 17
251,233,233, 17
252,233,233, 17
253,233,233, 17
254,233,233, 17
255,233,233, 17
256,233,233, 17
257,232,232, 18
258,232,232, 18
259,232,232, 18
260,232,232, 18
261,232,232, 18
262,232,232, 18
263,232,232, 18
264,232,232, 18
265,232,232, 18
266,232,232, 18
267,232,232, 18
268,232,232, 18
269,232,232, 18
270,232,232, 18
271,232,232, 18
272,232,232, 18
273,232,232, 18
274,232,232, 18
275,232,232, 18
276,232,232, 18
277,232,232, 18
278,232,232, 18
279,232,232, 18
280,232,232, 18
281,232,232, 18
282,232,232, 18
283,232,232, 18
284,232,232, 18
285,232,232, 18
286,232,232, 18
287,232,232, 18
288,232,232, 18
289,232,232, 18
290,232,232, 18
291,232,232, 18
292,232,232, 18
293,232,232, 18
294,232,232, 18
295,232,232, 18
296,232,232, 18
297,232,232, 18
298,232,232, 18
299,231,231, 19
300,231,231, 19
301,231,231, 19
302,231,231, 19
303,231,231, 19
304,231,231, 19
305,231,231, 19
306,231,231, 19
307,231,231, 19
308,231,231, 19
309,231,231, 19
310,231,231, 19
311,231,231, 19
312,230,230, 20
313,230,230, 20
314,230,230, 20
315,230,230, 20
316,230,230, 20
317,230,230, 20
318,230,230, 20
319,230,230, 20
320,230,230, 20
321,230,230, 20
322,230,230, 20
323,230,230, 20
324,230,230, 20
325,230,230, 20
326,230,230, 20
327,230,230, 20
328,230,230, 20
329,230,230, 20
330,230,230, 20
331,230,230, 20
332,230,230, 20
333,230,230, 20
334,230,230, 20
335,230,230, 20
336,230,230, 20
337,230,230, 20
338,230,230, 20
339,230,230, 20
340,230,230, 20
341,230,230, 20
342,230,230, 20
343,230,230, 20
344,230,230, 20
345,230,230, 20
346,230,230, 20
347,230,230, 20
348,230,230, 20
349,230,230, 20
350,230,230, 20
351,230,230, 20
352,230,230, 20
353,230,230, 20
354,230,230, 20
355,230,230, 20
356,230,230, 20
357,230,230, 20
358,230,230, 20
359,230,230, 20
360,230,230, 20
361,230,230, 20
362,230,230, 20
363,229,229, 21
364,229,229, 21
365,229,229, 21
366,229,229, 21
367,229,229, 21
368,229,229, 21
369,229,229, 21
370,229,229, 21
371,229,229, 21
372,229,229, 21
373,229,229, 21
374,229,229, 21
375,229,229, 21
376,229,229, 21
377,229,229, 21
378,229,229, 21
379,229,229, 21
380,229,229, 21
381,229,229, 21
382,229,229, 21
383,229,229, 21
384,229,229, 21
385,229,229, 21
386,229,229, 21
387,229,229, 21
388,229,229, 21
389,229,229, 21
390,229,229, 21
391,229,229, 21
392,229,229, 21
393,229,229, 21
394,229,229, 21
395,229,229, 21
396,229,229, 21
397,229,229, 21
398,229,229, 21
399,229,229, 21
400,229,229, 21
401,229,229, 21
402,229,229, 21
403,229,229, 21
404,229,229, 21
405,229,229, 21
406,229,229, 21
407,229,229, 21
408,229,229, 21
409,228,228, 22
410,228,228, 22
411,227,227, 23
412,227,227, 23
413,227,227, 23
414,227,227, 23
415,227,227, 23
416,227,227, 23
417,227,227, 23
418,227,227, 23
419,227,227, 23
420,227,227, 23
421,227,227, 23
422,227,227, 23
423,227,227, 23
424,227,227, 23
425,227,227, 23
426,227,227, 23
427,227,227, 23
428,227,227, 23
429,227,227, 23
430,227,227, 23
431,227,227, 23
432,227,227, 23
433,227,227, 23
434,227,227, 23
435,227,227, 23
436,227,227, 23
437,227,227, 23
438,227,227, 23
439,227,227, 23
440,227,227, 23
441,227,227, 23
442,227,227, 23
443,227,227, 23
444,227,227, 23
445,227,227, 23
446,227,227, 23
447,227,227, 23
448,227,227, 23
449,227,227, 23
450,227,227, 23
451,227,227, 23
452,227,227, 23
453,227,227, 23
454,227,227, 23
455,227,227, 23
456,227,227, 23
457,227,227, 23
458,227,227, 23
459,227,227, 23
460,227,227, 23
461,227,227, 23
462,227,227, 23
463,227,227, 23
464,227,227, 23
465,227,227, 23
466,227,227, 23
467,227,227, 23
468,227,227, 23
469,227,227, 23
470,227,227, 23
471,227,227, 23
472,227,227, 23
473,227,227, 23
474,227,227, 23
475,227,227, 23
476,227,227, 23
477,227,227, 23
478,227,227, 23
479,227,227, 23
480,227,227, 23
481,227,227, 23
482,227,227, 23
483,227,227, 23
484,227,227, 23
485,227,227, 23
486,227,227, 23
487,227,227, 23
488,227,227, 23
489,227,227, 23
490,227,227, 23
491,227,227, 23
492,227,227, 23
493,227,227, 23
494,227,227, 23
495,227,227, 23
496,227,227, 23
497,227,227, 23
498,227,227, 23
499,227,227, 23
500,227,227, 23
501,227,227, 23
502,227,227, 23
503,227,227, 23
504,227,227, 23
505,227,227, 23
506,227,227, 23
507,227,227, 23
508,227,227, 23
509,227,227, 23
510,227,227, 23
511,227,227, 23
512,227,227, 23
513,227,227, 23
514,227,227, 23
515,227,227, 23
516,227,227, 23
517,227,227, 23
518,227,227, 23
519,227,227, 23
520,227,227, 23
521,227,227, 23
522,227,227, 23
523,227,227, 23
524,227,227, 23
525,227,227, 23
526,227,227, 23
527,227,227, 23
528,227,227, 23
529,227,227, 23
530,227,227, 23
531,227,227, 23
532,227,227, 23
533,227,227, 23
534,227,227, 23
535,227,227, 23
536,227,227, 23
537,227,227, 23
538,227,227, 23
539,227,227, 23
540,227,227, 23
541,227,227, 23
542,227,227, 23
543,227,227, 23
544,227,227, 23
545,227,227, 23
546,227,227, 23
547,227,227, 23
548,227,227, 23
549,227,227, 23
550,227,227, 23
551,227,227, 23
552,227,227, 23
553,227,227, 23
554,227,227, 23
555,227,227, 23
556,227,227, 23
557,227,227, 23
558,227,227, 23
559,227,227, 23
560,226,226, 24
561,226,226, 24
562,226,226, 24
563,226,226, 24
564,226,226, 24
565,226,226, 24
566,226,226, 24
567,226,226, 24
568,226,226, 24
569,226,226, 24
570,226,226, 24
571,226,226, 24
572,226,226, 24
573,226,226, 24
574,226,226, 24
575,226,226, 24
576,226,226, 24
577,226,226, 24
578,226,226, 24
579,226,226, 24
580,226,226, 24
581,226,226, 24
582,226,226, 24
583,226,226, 24
584,226,226, 24
585,226,226, 24
586,226,226, 24
587,226,226, 24
588,226,226, 24
589,226,226, 24
590,226,226, 24
591,226,226, 24
592,226,226, 24
593,226,226, 24
594,226,226, 24
595,226,226, 24
596,226,226, 24
597,226,226, 24
598,226,226, 24
599,226,226, 24
600,226,226, 24
601,226,226, 24
602,226,226, 24
603,226,226, 24
604,226,226, 24
605,226,226, 24
606,226,226, 24
607,226,226, 24
608,226,226, 24
609,226,226, 24
610,226,226, 24
611,226,226, 24
612,226,226, 24
613,226,226, 24
614,226,226, 24
615,226,226, 24
616,226,226, 24
617,226,226, 24
618,226,226, 24
619,226,226, 24
620,226,226, 24
621,226,226, 24
622,226,226, 24
623,226,226, 24
624,226,226, 24
625,226,226, 24
626,226,226, 24
627,226,226, 24
628,225,225, 25
629,225,225, 25
630,225,225, 25
631,225,225, 25
632,225,225, 25
633,225,225, 25
634,225,225, 25
635,225,225, 25
636,225,225, 25
637,225,225, 25
638,225,225, 25
639,225,225, 25
640,225,225, 25
641,225,225, 25
642,225,225, 25
643,225,225, 25
644,225,225, 25
645,225,225, 25
646,225,225, 25
647,225,225, 25
648,225,225, 25
649,225,225, 25
650,225,225, 25
651,225,225, 25
652,225,225, 25
653,225,225, 25
654,225,225, 25
655,225,225, 25
656,225,225, 25
657,225,225, 25
658,225,225, 25
659,225,225, 25
660,225,225, 25
661,225,225, 25
662,225,225, 25
663,225,225, 25
664,225,225, 25
665,225,225, 25
666,225,225, 25
667,225,225, 25
668,225,225, 25
669,225,225, 25
670,225,225, 25
671,225,225, 25
672,225,225, 25
673,225,225, 25
674,225,225, 25
675,225,225, 25
676,225,225, 25
677,225,225, 25
678,225,225, 25
679,225,225, 25
680,225,225, 25
681,225,225, 25
682,225,225, 25
683,225,225, 25
684,225,225, 25
685,225,225, 25
686,225,225, 25
687,225,225, 25
688,225,225, 25
689,225,225, 25
690,225,225, 25
691,225,225, 25
692,225,225, 25
693,225,225, 25
694,225,225, 25
695,225,225, 25
696,225,225, 25
697,225,225, 25
698,224,224, 26
699,224,224, 26
700,224,224, 26
701,224,224, 26
702,224,224, 26
703,224,224, 26
704,224,224, 26
705,224,224, 26
706,224,224, 26
707,224,224, 26
708,224,224, 26
709,223,223, 27
710,223,223, 27
711,223,223, 27
712,223,223, 27
713,223,223, 27
714,223,223, 27
715,223,223, 27
716,223,223, 27
717,223,223, 27
718,223,223, 27
719,223,223, 27
720,223,223, 27
721,223,223, 27
722,223,223, 27
723,223,223, 27
724,223,223, 27
725,223,223, 27
726,223,223, 27
727,223,223, 27
728,223,223, 27
729,223,223, 27
730,223,223, 27
731,223,223, 27
732,223,223, 27
733,223,223, 27
734,223,223, 27
735,223,223, 27
736,223,223, 27
737,223,223, 27
738,223,223, 27
739,223,223, 27
740,223,223, 27
741,223,223, 27
742,223,223, 27
743,223,223, 27
744,223,223, 27
745,223,223, 27
746,223,223, 27
747,223,223, 27
748,223,223, 27
749,223,223, 27
750,223,223, 27
751,223,223, 27
752,223,223, 27
753,223,223, 27
754,223,223, 27
755,223,223, 27
756,223,223, 27
757,223,223, 27
758,223,223, 27
759,223,223, 27
760,223,223, 27
761,223,223, 27
762,223,223, 27
763,223,223, 27
764,223,223, 27
765,223,223, 27
766,223,223, 27
767,223,223, 27
768,223,223, 27
769,223,223, 27
770,223,223, 27
771,223,223, 27
772,223,223, 27
773,223,223, 27
774,223,223, 27
775,223,223, 27
776,223,223, 27
777,223,223, 27
778,223,223, 27
779,223,223, 27
780,223,223, 27
781,223,223, 27
782,223,223, 27
783,223,223, 27
784,223,223, 27
785,223,223, 27
786,223,223, 27
787,223,223, 27
788,223,223, 27
789,223,223, 27
790,223,223, 27
791,223,223, 27
792,223,223, 27
793,223,223, 27
794,223,223, 27
795,223,223, 27
796,223,223, 27
797,223,223, 27
798,223,223, 27
799,223,223, 27
800,223,223, 27
801,223,223, 27
802,223,223, 27
803,223,223, 27
804,223,223, 27
805,223,223, 27
806,223,223, 27
807,223,223, 27
808,223,223, 27
809,223,223, 27
810,223,223, 27
811,223,223, 27
812,223,223, 27
813,223,223, 27
814,223,223, 27
815,223,223, 27
816,223,223, 27
817,223,223, 27
818,223,223, 27
819,223,223, 27
820,223,223, 27
821,223,223, 27
822,223,223, 27
823,223,223, 27
824,223,223, 27
825,223,223, 27
826,223,223, 27
827,223,223, 27
828,223,223, 27
829,223,223, 27
830,223,223, 27
831,223,223, 27
832,223,223, 27
833,223,223, 27
834,223,223, 27
835,223,223, 27
836,223,223, 27
837,223,223, 27
838,223,223, 27
839,223,223, 27
840,223,223, 27
841,223,223, 27
842,223,223, 27
843,223,223, 27
844,223,223, 27
845,223,223, 27
846,223,223, 27
847,223,223, 27
848,223,223, 27
849,223,223, 27
850,223,223, 27
851,223,223, 27
852,223,223, 27
853,223,223, 27
854,223,223, 27
855,223,223, 27
856,223,223, 27
857,223,223, 27
858,223,223, 27
859,223,223, 27
860,223,223, 27
861,223,223, 27
862,223,223, 27
863,223,223, 27
864,223,223, 27
865,223,223, 27
866,223,223, 27
867,223,223, 27
868,223,223, 27
869,223,223, 27
870,223,223, 27
871,223,223, 27
872,223,223, 27
873,223,223, 27
874,223,223, 27
875,223,223, 27
876,223,223, 27
877,223,223, 27
878,223,223, 27
879,223,223, 27
880,223,223, 27
881,223,223, 27
882,223,223, 27
883,223,223, 27
884,223,223, 27
885,223,223, 27
886,223,223, 27
887,223,223, 27
888,223,223, 27
889,223,223, 27
890,223,223, 27
891,223,223, 27
892,223,223, 27
893,223,223, 27
894,223,223, 27
895,223,223, 27
896,223,223, 27
897,223,223, 27
898,223,223, 27
899,223,223, 27
900,223,223, 27
901,223,223, 27
902,223,223, 27
903,223,223, 27
904,223,223, 27
905,223,223, 27
906,223,223, 27
907,223,223, 27
908,223,223, 27
909,223,223, 27
910,223,223, 27
911,223,223, 27
912,223,223, 27
913,223,223, 27
914,223,223, 27
915,223,223, 27
916,223,223, 27
917,223,223, 27
918,223,223, 27
919,223,223, 27
920,223,223, 27
921,223,223, 27
922,223,223, 27
923,223,223, 27
924,223,223, 27
925,223,223, 27
926,223,223, 27
927,223,223, 27
928,223,223, 27
929,223,223, 27
930,223,223, 27
931,223,223, 27
932,223,223, 27
933,223,223, 27
934,223,223, 27
935,223,223, 27
936,223,223, 27
937,223,223, 27
938,223,223, 27
939,223,223, 27
940,223,223, 27
941,223,223, 27
942,223,223, 27
943,223,223, 27
944,223,223, 27
945,223,223, 27
946,223,223, 27
947,222,222, 28
948,222,222, 28
949,222,222, 28
950,222,222, 28
951,222,222, 28
952,222,222, 28
953,222,222, 28
954,222,222, 28
955,222,222, 28
956,222,222, 28
957,222,222, 28
958,222,222, 28
959,222,222, 28
960,222,222, 28
961,222,222, 28
962,222,222, 28
963,222,222, 28
964,222,222, 28
965,222,222, 28
966,222,222, 28
967,222,222, 28
968,222,222, 28
969,222,222, 28
970,222,222, 28
971,222,222, 28
972,222,222, 28
973,222,222, 28
974,222,222, 28
975,222,222, 28
976,222,222, 28
977,222,222, 28
978,222,222, 28
979,222,222, 28
980,222,222, 28
981,222,222, 28
982,222,222, 28
983,222,222, 28
984,222,222, 28
985,222,222, 28
986,222,222, 28
987,222,222, 28
988,222,222, 28
989,222,222, 28
990,222,222, 28
991,222,222, 28
992,222,222, 28
993,222,222, 28
994,222,222, 28
995,222,222, 28
996,222,222, 28
997,222,222, 28
998,222,222, 28
999,222,222, 28
1000,222,222, 28
1001,222,222, 28
1002,222,222, 28
1003,222,222, 28
1004,222,222, 28
1005,222,222, 28
1006,222,222, 28
1007,222,222, 28
1008,222,222, 28
1009,222,222, 28
1010,222,222, 28
1011,222,222, 28
1012,222,222, 28
1013,222,222, 28
1014,222,222, 28
1015,222,222, 28
1016,222,222, 28
1017,222,222, 28
1018,222,222, 28
1019,222,222, 28
1020,222,222, 28
1021,222,222, 28
1022,222,222, 28
1023,222,222, 28
1024,222,222, 28
1025,222,222, 28
1026,222,222, 28
1027,222,222, 28
1028,222,222, 28
1029,222,222, 28
1030,222,222, 28
1031,222,222, 28
1032,222,222, 28
1033,222,222, 28
1034,222,222, 28
1035,222,222, 28
1036,222,222, 28
1037,222,222, 28
1038,222,222, 28
1039,222,222, 28
1040,222,222, 28
1041,222,222, 28
1042,222,222, 28
1043,222,222, 28
1044,222,222, 28
1045,222,222, 28
1046,222,222, 28
1047,222,222, 28
1048,222,222, 28
1049,222,222, 28
1050,222,222, 28
1051,222,222, 28
1052,222,222, 28
1053,222,222, 28
1054,222,222, 28
1055,222,222, 28
1056,222,222, 28
1057,222,222, 28
1058,222,222, 28
1059,222,222, 28
1060,222,222, 28
1061,222,222, 28
1062,222,222, 28
1063,222,222, 28
1064,222,222, 28
1065,222,222, 28
1066,222,222, 28
1067,222,222, 28
1068,222,222, 28
1069,222,222, 28
1070,222,222, 28
1071,222,222, 28
1072,222,222, 28
1073,222,222, 28
1074,222,222, 28
1075,222,222, 28
1076,222,222, 28
1077,222,222, 28
1078,222,222, 28
1079,222,222, 28
1080,222,222, 28
1081,222,222, 28
1082,222,222, 28
1083,222,222, 28
1084,222,222, 28
1085,222,222, 28
1086,222,222, 28
1087,222,222, 28
1088,222,222, 28
1089,222,222, 28
1090,222,222, 28
1091,222,222, 28
1092,222,222, 28
1093,222,222, 28
1094,222,222, 28
1095,222,222, 28
1096,222,222, 28
1097,222,222, 28
1098,222,222, 28
1099,222,222, 28
1100,222,222, 28
1101,222,222, 28
1102,222,222, 28
1103,222,222, 28
1104,222,222, 28
1105,222,222, 28
1106,222,222, 28
1107,222,222, 28
1108,222,222, 28
1109,222,222, 28
1110,222,222, 28
1111,222,222, 28
1112,222,222, 28
1113,222,222, 28
1114,222,222, 28
1115,222,222, 28
1116,222,222, 28
1117,222,222, 28
1118,222,222, 28
1119,222,222, 28
1120,222,222, 28
1121,222,222, 28
1122,222,222, 28
1123,222,222, 28
1124,222,222, 28
1125,221,221, 29
1126,221,221, 29
1127,221,221, 29
1128,221,221, 29
1129,221,221, 29
1130,221,221, 29
1131,221,221, 29
1132,221,221, 29
1133,221,221, 29
1134,221,221, 29
1135,221,221, 29
1136,221,221, 29
1137,221,221, 29
1138,221,221, 29
1139,221,221, 29
1140,221,221, 29
1141,221,221, 29
1142,221,221, 29
1143,221,221, 29
1144,221,221, 29
1145,221,221, 29
1146,221,221, 29
1147,220,220, 30
1148,220,220, 30
1149,220,220, 30
1150,220,220, 30
1151,220,220, 30
1152,220,220, 30
1153,220,220, 30
1154,220,220, 30
1155,220,220, 30
1156,220,220, 30
1157,220,220, 30
1158,220,220, 30
1159,220,220, 30
1160,220,220, 30
1161,220,220, 30
1162,220,220, 30
1163,220,220, 30
1164,220,220, 30
1165,220,220, 30
1166,220,220, 30
1167,220,220, 30
1168,220,220, 30
1169,220,220, 30
1170,220,220, 30
1171,220,220, 30
1172,220,220, 30
1173,220,220, 30
1174,220,220, 30
1175,220,220, 30
1176,220,220, 30
1177,220,220, 30
1178,220,220, 30
1179,220,220, 30
1180,220,220, 30
1181,220,220, 30
1182,220,220, 30
1183,220,220, 30
1184,220,220, 30
1185,220,220, 30
1186,220,220, 30
1187,220,220, 30
1188,220,220, 30
1189,220,220, 30
1190,220,220, 30
1191,220,220, 30
1192,220,220, 30
1193,220,220, 30
1194,220,220, 30
1195,220,220, 30
1196,220,220, 30
1197,220,220, 30
1198,220,220, 30
1199,220,220, 30
1200,220,220, 30
1201,220,220, 30
1202,220,220, 30
1203,220,220, 30
1204,220,220, 30
1205,220,220, 30
1206,220,220, 30
1207,220,220, 30
1208,220,220, 30
1209,220,220, 30
1210,220,220, 30
1211,220,220, 30
1212,220,220, 30
1213,220,220, 30
1214,220,220, 30
1215,220,220, 30
1216,220,220, 30
1217,220,220, 30
1218,220,220, 30
1219,220,220, 30
1220,220,220, 30
1221,220,220, 30
1222,220,220, 30
1223,220,220, 30
1224,220,220, 30
1225,220,220, 30
1226,220,220, 30
1227,220,220, 30
1228,220,220, 30
1229,220,220, 30
1230,220,220, 30
1231,220,220, 30
1232,220,220, 30
1233,220,220, 30
1234,220,220, 30
1235,220,220, 30
1236,220,220, 30
1237,220,220, 30
1238,220,220, 30
1239,220,220, 30
1240,220,220, 30
1241,220,220, 30
1242,220,220, 30
1243,220,220, 30
1244,220,220, 30
1245,220,220, 30
1246,220,220, 30
1247,220,220, 30
1248,220,220, 30
1249,220,220, 30
1250,220,220, 30
1251,220,220, 30
1252,220,220, 30
1253,220,220, 30
1254,220,220, 30
1255,220,220, 30
1256,220,220, 30
1257,220,220, 30
1258,220,220, 30
1259,220,220, 30
1260,220,220, 30
1261,220,220, 30
1262,220,220, 30
1263,220,220, 30
1264,220,220, 30
1265,220,220, 30
1266,220,220, 30
1267,220,220, 30
1268,220,220, 30
1269,220,220, 30
1270,220,220, 30
1271,220,220, 30
1272,220,220, 30
1273,220,220, 30
1274,220,220, 30
1275,220,220, 30
1276,220,220, 30
1277,220,220, 30
1278,220,220, 30
1279,220,220, 30
1280,220,220, 30
1281,220,220, 30
1282,220,220, 30
1283,220,220, 30
1284,220,220, 30
1285,220,220, 30
1286,220,220, 30
1287,220,220, 30
1288,220,220, 30
1289,220,220, 30
1290,220,220, 30
1291,220,220, 30
1292,220,220, 30
1293,220,220, 30
1294,220,220, 30
1295,220,220, 30
1296,220,220, 30
1297,220,220, 30
1298,220,220, 30
1299,220,220, 30
1300,220,220, 30
1301,220,220, 30
1302,220,220, 30
1303,220,220, 30
1304,220,220, 30
1305,220,220, 30
1306,220,220, 30
1307,220,220, 30
1308,220,220, 30
1309,220,220, 30
1310,220,220, 30
1311,220,220, 30
1312,220,220, 30
1313,220,220, 30
1314,220,220, 30
1315,220,220, 30
1316,220,220, 30
1317,220,220, 30
1318,220,220, 30
1319,220,220, 30
1320,220,220, 30
1321,220,220, 30
1322,220,220, 30
1323,220,220, 30
1324,220,220, 30
1325,220,220, 30
1326,220,220, 30
1327,220,220, 30
1328,220,220, 30
1329,220,220, 30
1330,220,220, 30
1331,220,220, 30
1332,220,220, 30
1333,220,220, 30
1334,220,220, 30
1335,220,220, 30
1336,220,220, 30
1337,220,220, 30
1338,220,220, 30
1339,220,220, 30
1340,220,220, 30
1341,220,220, 30
1342,220,220, 30
1343,220,220, 30
1344,220,220, 30
1345,219,219, 31
1346,219,219, 31
1347,219,219, 31
1348,219,219, 31
1349,219,219, 31
1350,219,219, 31
1351,219,219, 31
1352,219,219, 31
1353,219,219, 31
1354,219,219, 31
1355,219,219, 31
1356,219,219, 31
1357,219,219, 31
1358,219,219, 31
1359,219,219, 31
1360,219,219, 31
1361,219,219, 31
1362,219,219, 31
1363,219,219, 31
1364,219,219, 31
1365,219,219, 31
1366,219,219, 31
1367,219,219, 31
1368,219,219, 31
1369,219,219, 31
1370,219,219, 31
1371,219,219, 31
1372,219,219, 31
1373,219,219, 31
1374,219,219, 31
1375,219,219, 31
1376,219,219, 31
1377,219,219, 31
1378,219,219, 31
1379,219,219, 31
1380,219,219, 31
1381,219,219, 31
1382,219,219, 31
1383,219,219, 31
1384,219,219, 31
1385,219,219, 31
1386,219,219, 31
1387,219,219, 31
1388,219,219, 31
1389,219,219, 31
1390,219,219, 31
1391,219,219, 31
1392,219,219, 31
1393,219,219, 31
1394,219,219, 31
1395,219,219, 31
1396,219,219, 31
1397,219,219, 31
1398,219,219, 31
1399,219,219, 31
1400,219,219, 31
1401,219,219, 31
1402,219,219, 31
1403,219,219, 31
1404,219,219, 31
1405,219,219, 31
1406,219,219, 31
1407,219,219, 31
1408,219,219, 31
1409,219,219, 31
1410,219,219, 31
1411,219,219, 31
1412,219,219, 31
1413,219,219, 31
1414,219,219, 31
1415,219,219, 31
1416,219,219, 31
1417,219,219, 31
1418,219,219, 31
1419,219,219, 31
1420,219,219, 31
1421,219,219, 31
1422,219,219, 31
1423,219,219, 31
1424,219,219, 31
1425,219,219, 31
1426,219,219, 31
1427,219,219, 31
1428,219,219, 31
1429,219,219, 31
1430,219,219, 31
1431,219,219, 31
1432,219,219, 31
1433,219,219, 31
1434,219,219, 31
1435,219,219, 31
1436,219,219, 31
1437,219,219, 31
1438,219,219, 31
1439,219,219, 31
1440,219,219, 31
1441,219,219, 31
1442,219,219, 31
1443,219,219, 31
1444,219,219, 31
1445,219,219, 31
1446,219,219, 31
1447,219,219, 31
1448,219,219, 31
1449,219,219, 31
1450,219,219, 31
1451,219,219, 31
1452,219,219, 31
1453,219,219, 31
1454,219,219, 31
1455,219,219, 31
1456,219,219, 31
1457,219,219, 31
1458,219,219, 31
1459,219,219, 31
1460,219,219, 31
1461,219,219, 31
1462,219,219, 31
1463,219,219, 31
1464,218,218, 32
1465,218,218, 32
1466,218,218, 32
1467,218,218, 32
1468,218,218, 32
1469,218,218, 32
1470,218,218, 32
1471,218,218, 32
1472,218,218, 32
1473,218,218, 32
1474,218,218, 32
1475,218,218, 32
1476,218,218, 32
1477,218,218, 32
1478,218,218, 32
1479,218,218, 32
1480,218,218, 32
1481,218,218, 32
1482,218,218, 32
1483,218,218, 32
1484,218,218, 32
1485,218,218, 32
1486,218,218, 32
1487,218,218, 32
1488,218,218, 32
1489,218,218, 32
1490,218,218, 32
1491,218,218, 32
1492,218,218, 32
1493,218,218, 32
1494,218,218, 32
1495,218,218, 32
1496,218,218, 32
1497,218,218, 32
1498,218,218, 32
1499,218,218, 32
