0,250,250, 0
1,250,250, 0
2,250,250, 0
3,249,249, 1
4,249,249, 1
5,248,248, 2
6,248,248, 2
7,248,248, 2
8,248,248, 2
9,248,248, 2
10,247,247, 3
11,247,247, 3
12,247,247, 3
13,247,247, 3
14,247,247, 3
15,247,247, 3
16,247,247, 3
17,247,247, 3
18,247,247, 3
19,247,247, 3
20,247,247, 3
21,247,247, 3
22,247,247, 3
23,247,247, 3
24,247,247, 3
25,247,247, 3
26,247,247, 3
27,246,246, 4
28,246,246, 4
29,246,246, 4
30,246,246, 4
31,246,246, 4
32,246,246, 4
33,246,246, 4
34,246,246, 4
35,246,246, 4
36,246,246, 4
37,245,245, 5
38,245,245, 5
39,245,245, 5
40,245,245, 5
41,245,245, 5
42,245,245, 5
43,245,245, 5
44,245,245, 5
45,245,245, 5
46,245,245, 5
47,245,245, 5
48,245,245, 5
49,245,245, 5
50,245,245, 5
51,245,245, 5
52,245,245, 5
53,245,245, 5
54,245,245, 5
55,244,244, 6
56,244,244, 6
57,244,244, 6
58,244,244, 6
59,244,244, 6
60,244,244, 6
61,244,244, 6
62,244,244, 6
63,244,244, 6
64,244,244, 6
65,244,244, 6
66,244,244, 6
67,244,244, 6
68,244,244, 6
69,244,244, 6
70,244,244, 6
71,244,244, 6
72,244,244, 6
73,244,244, 6
74,244,244, 6
75,244,244, 6
76,244,244, 6
77,244,244, 6
78,244,244, 6
79,244,244, 6
80,244,244, 6
81,244,244, 6
82,244,244, 6
83,244,244, 6
84,244,244, 6
85,243,243, 7
86,243,243, 7
87,243,243, 7
88,243,243, 7
89,243,243, 7
90,243,243, 7
91,243,243, 7
92,243,243, 7
93,243,243, 7
94,243,243, 7
95,243,243, 7
96,243,243, 7
97,243,243, 7
98,243,243, 7
99,243,243, 7
100,243,243, 7
101,243,243, 7
102,243,243, 7
103,243,243, 7
104,243,243, 7
105,243,243, 7
106,243,243, 7
107,243,243, 7
108,243,243, 7
109,243,243, 7
110,243,243, 7
111,243,243, 7
112,243,243, 7
113,243,243, 7
114,243,243, 7
115,243,243, 7
116,243,243, 7
117,243,243, 7
118,243,243, 7
119,243,243, 7
120,243,243, 7
121,243,243, 7
122,243,243, 7
123,243,243, 7
124,243,243, 7
125,243,243, 7
126,243,243, 7
127,243,243, 7
128,242,242, 8
129,242,242, 8
130,242,242, 8
131,242,242, 8
132,242,242, 8
133,242,242, 8
134,242,242, 8
135,242,242, 8
136,242,242, 8
137,242,242, 8
138,242,242, 8
139,242,242, 8
140,242,242, 8
141,241,241, 9
142,241,241, 9
143,241,241, 9
144,241,241, 9
145,241,241, 9
146,241,241, 9
147,241,241, 9
148,241,241, 9
149,241,241, 9
150,241,241, 9
151,241,241, 9
152,241,241, 9
153,241,241, 9
154,241,241, 9
155,241,241, 9
156,241,241, 9
157,241,241, 9
158,241,241, 9
159,240,240, 10
160,240,240, 10
161,240,240, 10
162,240,240, 10
163,240,240, 10
164,240,240, 10
165,240,240, 10
166,240,240, 10
167,240,240, 10
168,240,240, 10
169,240,240, 10
170,240,240, 10
171,240,240, 10
172,240,240, 10
173,240,240, 10
174,240,240, 10
175,239,239, 11
176,239,239, 11
177,239,239, 11
178,239,239, 11
179,239,239, 11
180,239,239, 11
181,239,239, 11
182,239,239, 11
183,239,239, 11
184,239,239, 11
185,239,239, 11
186,239,239, 11
187,239,239, 11
188,239,239, 11
189,239,239, 11
190,239,239, 11
191,239,239, 11
192,239,239, 11
193,239,239, 11
194,239,239, 11
195,239,239, 11
196,239,239, 11
197,239,239, 11
198,239,239, 11
199,239,239, 11
200,239,239, 11
201,239,239, 11
202,239,239, 11
203,239,239, 11
204,239,239, 11
205,239,239, 11
206,239,239, 11
207,239,239, 11
208,239,239, 11
209,239,239, 11
210,239,239, 11
211,239,239, 11
212,239,239, 11
213,239,239, 11
214,239,239, 11
215,239,239, 11
216,239,239, 11
217,239,239, 11
218,239,239, 11
219,239,239, 11
220,239,239, 11
221,239,239, 11
222,239,239, 11
223,239,239, 11
224,239,239, 11
225,239,239, 11
226,239,239, 11
227,239,239, 11
228,239,239, 11
229,239,239, 11
230,239,239, 11
231,239,239, 11
232,239,239, 11
233,239,239, 11
234,239,239, 11
235,239,239, 11
236,239,239, 11
237,239,239, 11
238,239,239, 11
239,239,239, 11
240,239,239, 11
241,239,239, 11
242,239,239, 11
243,239,239, 11
244,239,239, 11
245,239,239, 11
246,239,239, 11
247,239,239, 11
248,239,239, 11
249,239,239, 11
250,239,239, 11
251,239,239, 11
252,239,239, 11
253,239,239, 11
254,239,239, 11
255,238,238, 12
256,238,238, 12
257,238,238, 12
258,238,238, 12
259,238,238, 12
260,238,238, 12
261,238,238, 12
262,238,238, 12
263,238,238, 12
264,238,238, 12
265,238,238, 12
266,238,238, 12
267,238,238, 12
268,238,238, 12
269,238,238, 12
270,238,238, 12
271,238,238, 12
272,238,238, 12
273,238,238, 12
274,238,238, 12
275,238,238, 12
276,238,238, 12
277,238,238, 12
278,238,238, 12
279,238,238, 12
280,238,238, 12
281,238,238, 12
282,238,238, 12
283,238,238, 12
284,238,238, 12
285,238,238, 12
286,238,238, 12
287,238,238, 12
288,238,238, 12
289,237,237, 13
290,237,237, 13
291,237,237, 13
292,237,237, 13
293,237,237, 13
294,237,237, 13
295,237,237, 13
296,237,237, 13
297,237,237, 13
298,237,237, 13
299,237,237, 13
300,237,237, 13
301,237,237, 13
302,237,237, 13
303,237,237, 13
304,237,237, 13
305,237,237, 13
306,237,237, 13
307,237,237, 13
308,237,237, 13
309,237,237, 13
310,237,237, 13
311,237,237, 13
312,237,237, 13
313,237,237, 13
314,237,237, 13
315,237,237, 13
316,237,237, 13
317,237,237, 13
318,237,237, 13
319,237,237, 13
320,236,236, 14
321,236,236, 14
322,236,236, 14
323,236,236, 14
324,236,236, 14
325,236,236, 14
326,236,236, 14
327,236,236, 14
328,236,236, 14
329,236,236, 14
330,236,236, 14
331,236,236, 14
332,236,236, 14
333,236,236, 14
334,236,236, 14
335,236,236, 14
336,236,236, 14
337,236,236, 14
338,236,236, 14
339,236,236, 14
340,236,236, 14
341,236,236, 14
342,235,235, 15
343,235,235, 15
344,235,235, 15
345,235,235, 15
346,235,235, 15
347,235,235, 15
348,235,235, 15
349,235,235, 15
350,235,235, 15
351,235,235, 15
352,235,235, 15
353,235,235, 15
354,235,235, 15
355,235,235, 15
356,235,235, 15
357,235,235, 15
358,235,235, 15
359,235,235, 15
360,235,235, 15
361,235,235, 15
362,235,235, 15
363,235,235, 15
364,235,235, 15
365,235,235, 15
366,235,235, 15
367,235,235, 15
368,235,235, 15
369,235,235, 15
370,235,235, 15
371,235,235, 15
372,235,235, 15
373,235,235, 15
374,235,235, 15
375,235,235, 15
376,235,235, 15
377,235,235, 15
378,235,235, 15
379,235,235, 15
380,235,235, 15
381,235,235, 15
382,235,235, 15
383,235,235, 15
384,235,235, 15
385,235,235, 15
386,234,234, 16
387,234,234, 16
388,234,234, 16
389,234,234, 16
390,234,234, 16
391,234,234, 16
392,234,234, 16
393,234,234, 16
394,234,234, 16
395,234,234, 16
396,234,234, 16
397,234,234, 16
398,234,234, 16
399,234,234, 16
400,234,234, 16
401,234,234, 16
402,234,234, 16
403,234,234, 16
404,234,234, 16
405,234,234, 16
406,234,234, 16
407,234,234, 16
408,234,234, 16
409,234,234, 16
410,234,234, 16
411,234,234, 16
412,234,234, 16
413,234,234, 16
414,234,234, 16
415,234,234, 16
416,234,234, 16
417,234,234, 16
418,234,234, 16
419,234,234, 16
420,234,234, 16
421,234,234, 16
422,234,234, 16
423,234,234, 16
424,234,234, 16
425,234,234, 16
426,234,234, 16
427,234,234, 16
428,234,234, 16
429,234,234, 16
430,234,234, 16
431,234,234, 16
432,234,234, 16
433,234,234, 16
434,234,234, 16
435,234,234, 16
436,234,234, 16
437,234,234, 16
438,234,234, 16
439,234,234, 16
440,234,234, 16
441,234,234, 16
442,234,234, 16
443,234,234, 16
444,234,234, 16
445,234,234, 16
446,234,234, 16
447,234,234, 16
448,234,234, 16
449,234,234, 16
450,234,234, 16
451,234,234, 16
452,234,234, 16
453,234,234, 16
454,234,234, 16
455,234,234, 16
456,234,234, 16
457,234,234, 16
458,234,234, 16
459,234,234, 16
460,234,234, 16
461,234,234, 16
462,234,234, 16
463,234,234, 16
464,234,234, 16
465,234,234, 16
466,234,234, 16
467,234,234, 16
468,234,234, 16
469,234,234, 16
470,234,234, 16
471,234,234, 16
472,234,234, 16
473,234,234, 16
474,234,234, 16
475,234,234, 16
476,234,234, 16
477,234,234, 16
478,234,234, 16
479,234,234, 16
480,234,234, 16
481,234,234, 16
482,234,234, 16
483,234,234, 16
484,234,234, 16
485,234,234, 16
486,234,234, 16
487,234,234, 16
488,234,234, 16
489,234,234, 16
490,234,234, 16
491,234,234, 16
492,234,234, 16
493,234,234, 16
494,234,234, 16
495,234,234, 16
496,234,234, 16
497,234,234, 16
498,234,234, 16
499,234,234, 16
500,234,234, 16
501,234,234, 16
502,234,234, 16
503,234,234, 16
504,234,234, 16
505,234,234, 16
506,234,234, 16
507,233,233, 17
508,233,233, 17
509,233,233, 17
510,233,233, 17
511,233,233, 17
512,233,233, 17
513,233,233, 17
514,233,233, 17
515,233,233, 17
516,233,233, 17
517,233,233, 17
518,233,233, 17
519,233,233, 17
520,233,233, 17
521,233,233, 17
522,233,233, 17
523,233,233, 17
524,233,233, 17
525,233,233, 17
526,233,233, 17
527,233,233, 17
528,233,233, 17
529,233,233, 17
530,233,233, 17
531,233,233, 17
532,233,233, 17
533,233,233, 17
534,233,233, 17
535,233,233, 17
536,233,233, 17
537,233,233, 17
538,233,233, 17
539,233,233, 17
540,233,233, 17
541,233,233, 17
542,233,233, 17
543,233,233, 17
544,233,233, 17
545,233,233, 17
546,233,233, 17
547,233,233, 17
548,233,233, 17
549,233,233, 17
550,233,233, 17
551,233,233, 17
552,233,233, 17
553,233,233, 17
554,233,233, 17
555,233,233, 17
556,233,233, 17
557,233,233, 17
558,233,233, 17
559,233,233, 17
560,233,233, 17
561,233,233, 17
562,233,233, 17
563,233,233, 17
564,233,233, 17
565,233,233, 17
566,233,233, 17
567,233,233, 17
568,233,233, 17
569,233,233, 17
570,233,233, 17
571,233,233, 17
572,233,233, 17
573,233,233, 17
574,233,233, 17
575,233,233, 17
576,233,233, 17
577,233,233, 17
578,233,233, 17
579,233,233, 17
580,233,233, 17
581,233,233, 17
582,233,233, 17
583,233,233, 17
584,233,233, 17
585,233,233, 17
586,233,233, 17
587,233,233, 17
588,233,233, 17
589,233,233, 17
590,233,233, 17
591,233,233, 17
592,233,233, 17
593,233,233, 17
594,233,233, 17
595,233,233, 17
596,233,233, 17
597,233,233, 17
598,233,233, 17
599,233,233, 17
600,233,233, 17
601,233,233, 17
602,233,233, 17
603,233,233, 17
604,233,233, 17
605,233,233, 17
606,233,233, 17
607,233,233, 17
608,233,233, 17
609,233,233, 17
610,233,233, 17
611,233,233, 17
612,233,233, 17
613,233,233, 17
614,233,233, 17
615,233,233, 17
616,233,233, 17
617,233,233, 17
618,233,233, 17
619,233,233, 17
620,233,233, 17
621,233,233, 17
622,233,233, 17
623,233,233, 17
624,233,233, 17
625,233,233, 17
626,233,233, 17
627,233,233, 17
628,233,233, 17
629,233,233, 17
630,233,233, 17
631,233,233, 17
632,233,233, 17
633,233,233, 17
634,233,233, 17
635,233,233, 17
636,233,233, 17
637,233,233, 17
638,233,233, 17
639,233,233, 17
640,233,233, 17
641,233,233, 17
642,233,233, 17
643,233,233, 17
644,233,233, 17
645,233,233, 17
646,233,233, 17
647,233,233, 17
648,233,233, 17
649,233,233, 17
650,233,233, 17
651,233,233, 17
652,233,233, 17
653,233,233, 17
654,233,233, 17
655,233,233, 17
656,233,233, 17
657,233,233, 17
658,233,233, 17
659,233,233, 17
660,233,233, 17
661,233,233, 17
662,233,233, 17
663,233,233, 17
664,233,233, 17
665,233,233, 17
666,233,233, 17
667,233,233, 17
668,233,233, 17
669,233,233, 17
670,233,233, 17
671,233,233, 17
672,233,233, 17
673,233,233, 17
674,233,233, 17
675,233,233, 17
676,233,233, 17
677,233,233, 17
678,233,233, 17
679,233,233, 17
680,233,233, 17
681,233,233, 17
682,233,233, 17
683,233,233, 17
684,233,233, 17
685,233,233, 17
686,233,233, 17
687,233,233, 17
688,233,233, 17
689,233,233, 17
690,233,233, 17
691,233,233, 17
692,233,233, 17
693,233,233, 17
694,233,233, 17
695,233,233, 17
696,233,233, 17
697,233,233, 17
698,233,233, 17
699,233,233, 17
700,232,232, 18
701,231,231, 19
702,231,231, 19
703,231,231, 19
704,231,231, 19
705,231,231, 19
706,231,231, 19
707,231,231, 19
708,231,231, 19
709,231,231, 19
710,231,231, 19
711,231,231, 19
712,231,231, 19
713,231,231, 19
714,231,231, 19
715,231,231, 19
716,231,231, 19
717,231,231, 19
718,230,230, 20
719,230,230, 20
720,230,230, 20
721,230,230, 20
722,230,230, 20
723,230,230, 20
724,230,230, 20
725,230,230, 20
726,230,230, 20
727,230,230, 20
728,230,230, 20
729,230,230, 20
730,230,230, 20
731,230,230, 20
732,230,230, 20
733,230,230, 20
734,230,230, 20
735,230,230, 20
736,230,230, 20
737,230,230, 20
738,230,230, 20
739,230,230, 20
740,230,230, 20
741,229,229, 21
742,229,229, 21
743,229,229, 21
744,229,229, 21
745,229,229, 21
746,229,229, 21
747,229,229, 21
748,229,229, 21
749,229,229, 21
750,229,229, 21
751,229,229, 21
752,229,229, 21
753,229,229, 21
754,229,229, 21
755,229,229, 21
756,229,229, 21
757,229,229, 21
758,229,229, 21
759,229,229, 21
760,229,229, 21
761,229,229, 21
762,229,229, 21
763,229,229, 21
764,229,229, 21
765,229,229, 21
766,229,229, 21
767,229,229, 21
768,229,229, 21
769,229,229, 21
770,229,229, 21
771,229,229, 21
772,229,229, 21
773,229,229, 21
774,229,229, 21
775,229,229, 21
776,229,229, 21
777,229,229, 21
778,229,229, 21
779,229,229, 21
780,229,229, 21
781,229,229, 21
782,229,229, 21
783,229,229, 21
784,229,229, 21
785,228,228, 22
786,228,228, 22
787,228,228, 22
788,228,228, 22
789,228,228, 22
790,228,228, 22
791,228,228, 22
792,228,228, 22
793,228,228, 22
794,228,228, 22
795,228,228, 22
796,228,228, 22
797,228,228, 22
798,228,228, 22
799,228,228, 22
800,228,228, 22
801,228,228, 22
802,228,228, 22
803,228,228, 22
804,228,228, 22
805,228,228, 22
806,228,228, 22
807,228,228, 22
808,228,228, 22
809,228,228, 22
810,228,228, 22
811,228,228, 22
812,228,228, 22
813,228,228, 22
814,228,228, 22
815,228,228, 22
816,228,228, 22
817,228,228, 22
818,228,228, 22
819,228,228, 22
820,227,227, 23
821,227,227, 23
822,227,227, 23
823,227,227, 23
824,227,227, 23
825,227,227, 23
826,227,227, 23
827,227,227, 23
828,227,227, 23
829,227,227, 23
830,227,227, 23
831,227,227, 23
832,227,227, 23
833,227,227, 23
834,227,227, 23
835,227,227, 23
836,227,227, 23
837,227,227, 23
838,227,227, 23
839,227,227, 23
840,227,227, 23
841,227,227, 23
842,227,227, 23
843,227,227, 23
844,227,227, 23
845,227,227, 23
846,227,227, 23
847,227,227, 23
848,227,227, 23
849,227,227, 23
850,227,227, 23
851,227,227, 23
852,227,227, 23
853,227,227, 23
854,227,227, 23
855,227,227, 23
856,227,227, 23
857,227,227, 23
858,227,227, 23
859,227,227, 23
860,227,227, 23
861,227,227, 23
862,227,227, 23
863,227,227, 23
864,227,227, 23
865,227,227, 23
866,227,227, 23
867,227,227, 23
868,227,227, 23
869,227,227, 23
870,227,227, 23
871,227,227, 23
872,227,227, 23
873,227,227, 23
874,227,227, 23
875,227,227, 23
876,227,227, 23
877,227,227, 23
878,227,227, 23
879,227,227, 23
880,227,227, 23
881,227,227, 23
882,227,227, 23
883,227,227, 23
884,227,227, 23
885,227,227, 23
886,227,227, 23
887,227,227, 23
888,227,227, 23
889,227,227, 23
890,226,226, 24
891,226,226, 24
892,226,226, 24
893,226,226, 24
894,226,226, 24
895,226,226, 24
896,226,226, 24
897,226,226, 24
898,226,226, 24
899,226,226, 24
900,226,226, 24
901,225,225, 25
902,225,225, 25
903,225,225, 25
904,225,225, 25
905,225,225, 25
906,225,225, 25
907,225,225, 25
908,225,225, 25
909,225,225, 25
910,225,225, 25
911,225,225, 25
912,225,225, 25
913,225,225, 25
914,225,225, 25
915,225,225, 25
916,225,225, 25
917,225,225, 25
918,225,225, 25
919,224,224, 26
920,224,224, 26
921,224,224, 26
922,224,224, 26
923,224,224, 26
924,224,224, 26
925,224,224, 26
926,224,224, 26
927,224,224, 26
928,224,224, 26
929,224,224, 26
930,224,224, 26
931,224,224, 26
932,224,224, 26
933,224,224, 26
934,224,224, 26
935,224,224, 26
936,224,224, 26
937,224,224, 26
938,224,224, 26
939,224,224, 26
940,224,224, 26
941,224,224, 26
942,224,224, 26
943,224,224, 26
944,224,224, 26
945,224,224, 26
946,224,224, 26
947,224,224, 26
948,224,224, 26
949,224,224, 26
950,224,224, 26
951,224,224, 26
952,224,224, 26
953,224,224, 26
954,224,224, 26
955,224,224, 26
956,224,224, 26
957,224,224, 26
958,224,224, 26
959,224,224, 26
960,224,224, 26
961,224,224, 26
962,224,224, 26
963,224,224, 26
964,224,224, 26
965,224,224, 26
966,224,224, 26
967,224,224, 26
968,224,224, 26
969,224,224, 26
970,224,224, 26
971,224,224, 26
972,224,224, 26
973,224,224, 26
974,224,224, 26
975,224,224, 26
976,224,224, 26
977,224,224, 26
978,224,224, 26
979,224,224, 26
980,224,224, 26
981,224,224, 26
982,224,224, 26
983,224,224, 26
984,224,224, 26
985,224,224, 26
986,224,224, 26
987,224,224, 26
988,224,224, 26
989,224,224, 26
990,224,224, 26
991,224,224, 26
992,224,224, 26
993,224,224, 26
994,223,223, 27
995,223,223, 27
996,223,223, 27
997,223,223, 27
998,223,223, 27
999,223,223, 27
1000,223,223, 27
1001,223,223, 27
1002,223,223, 27
1003,223,223, 27
1004,223,223, 27
1005,223,223, 27
1006,223,223, 27
1007,223,223, 27
1008,223,223, 27
1009,223,223, 27
1010,223,223, 27
1011,223,223, 27
1012,223,223, 27
1013,223,223, 27
1014,223,223, 27
1015,223,223, 27
1016,223,223, 27
1017,223,223, 27
1018,223,223, 27
1019,223,223, 27
1020,223,223, 27
1021,223,223, 27
1022,223,223, 27
1023,223,223, 27
1024,223,223, 27
1025,223,223, 27
1026,223,223, 27
1027,223,223, 27
1028,223,223, 27
1029,223,223, 27
1030,223,223, 27
1031,223,223, 27
1032,223,223, 27
1033,223,223, 27
1034,223,223, 27
1035,223,223, 27
1036,223,223, 27
1037,223,223, 27
1038,223,223, 27
1039,223,223, 27
1040,223,223, 27
1041,223,223, 27
1042,223,223, 27
1043,223,223, 27
1044,223,223, 27
1045,223,223, 27
1046,223,223, 27
1047,223,223, 27
1048,223,223, 27
1049,223,223, 27
1050,223,223, 27
1051,223,223, 27
1052,223,223, 27
1053,223,223, 27
1054,223,223, 27
1055,222,222, 28
1056,222,222, 28
1057,222,222, 28
1058,222,222, 28
1059,222,222, 28
1060,222,222, 28
1061,222,222, 28
1062,222,222, 28
1063,222,222, 28
1064,222,222, 28
1065,222,222, 28
1066,222,222, 28
1067,222,222, 28
1068,222,222, 28
1069,222,222, 28
1070,222,222, 28
1071,222,222, 28
1072,222,222, 28
1073,222,222, 28
1074,222,222, 28
1075,222,222, 28
1076,222,222, 28
1077,222,222, 28
1078,222,222, 28
1079,222,222, 28
1080,222,222, 28
1081,222,222, 28
1082,222,222, 28
1083,222,222, 28
1084,222,222, 28
1085,222,222, 28
1086,222,222, 28
1087,222,222, 28
1088,222,222, 28
1089,222,222, 28
1090,222,222, 28
1091,222,222, 28
1092,222,222, 28
1093,222,222, 28
1094,222,222, 28
1095,222,222, 28
1096,222,222, 28
1097,222,222, 28
1098,222,222, 28
1099,222,222, 28
1100,222,222, 28
1101,222,222, 28
1102,222,222, 28
1103,222,222, 28
1104,222,222, 28
1105,222,222, 28
1106,222,222, 28
1107,222,222, 28
1108,222,222, 28
1109,222,222, 28
1110,222,222, 28
1111,222,222, 28
1112,222,222, 28
1113,222,222, 28
1114,222,222, 28
1115,222,222, 28
1116,222,222, 28
1117,222,222, 28
1118,222,222, 28
1119,222,222, 28
1120,222,222, 28
1121,222,222, 28
1122,222,222, 28
1123,222,222, 28
1124,222,222, 28
1125,222,222, 28
1126,222,222, 28
1127,222,222, 28
1128,222,222, 28
1129,222,222, 28
1130,222,222, 28
1131,222,222, 28
1132,222,222, 28
1133,222,222, 28
1134,222,222, 28
1135,222,222, 28
1136,222,222, 28
1137,222,222, 28
1138,222,222, 28
1139,222,222, 28
1140,222,222, 28
1141,222,222, 28
1142,222,222, 28
1143,222,222, 28
1144,222,222, 28
1145,222,222, 28
1146,222,222, 28
1147,222,222, 28
1148,222,222, 28
1149,222,222, 28
1150,222,222, 28
1151,222,222, 28
1152,222,222, 28
1153,222,222, 28
1154,222,222, 28
1155,222,222, 28
1156,222,222, 28
1157,222,222, 28
1158,222,222, 28
1159,222,222, 28
1160,222,222, 28
1161,222,222, 28
1162,222,222, 28
1163,222,222, 28
1164,222,222, 28
1165,222,222, 28
1166,222,222, 28
1167,222,222, 28
1168,222,222, 28
1169,222,222, 28
1170,222,222, 28
1171,222,222, 28
1172,222,222, 28
1173,222,222, 28
1174,222,222, 28
1175,222,222, 28
1176,222,222, 28
1177,222,222, 28
1178,222,222, 28
1179,222,222, 28
1180,222,222, 28
1181,222,222, 28
1182,222,222, 28
1183,222,222, 28
1184,222,222, 28
1185,222,222, 28
1186,222,222, 28
1187,222,222, 28
1188,222,222, 28
1189,222,222, 28
1190,222,222, 28
1191,222,222, 28
1192,222,222, 28
1193,222,222, 28
1194,222,222, 28
1195,222,222, 28
1196,222,222, 28
1197,222,222, 28
1198,222,222, 28
1199,222,222, 28
1200,222,222, 28
1201,222,222, 28
1202,222,222, 28
1203,222,222, 28
1204,222,222, 28
1205,222,222, 28
1206,222,222, 28
1207,222,222, 28
1208,222,222, 28
1209,222,222, 28
1210,222,222, 28
1211,222,222, 28
1212,222,222, 28
1213,222,222, 28
1214,222,222, 28
1215,222,222, 28
1216,222,222, 28
1217,222,222, 28
1218,222,222, 28
1219,222,222, 28
1220,222,222, 28
1221,222,222, 28
1222,222,222, 28
1223,222,222, 28
1224,222,222, 28
1225,222,222, 28
1226,222,222, 28
1227,222,222, 28
1228,222,222, 28
1229,222,222, 28
1230,222,222, 28
1231,222,222, 28
1232,222,222, 28
1233,222,222, 28
1234,222,222, 28
1235,222,222, 28
1236,222,222, 28
1237,222,222, 28
1238,222,222, 28
1239,222,222, 28
1240,222,222, 28
1241,222,222, 28
1242,222,222, 28
1243,222,222, 28
1244,222,222, 28
1245,222,222, 28
1246,222,222, 28
1247,222,222, 28
1248,222,222, 28
1249,222,222, 28
1250,222,222, 28
1251,222,222, 28
1252,222,222, 28
1253,222,222, 28
1254,222,222, 28
1255,222,222, 28
1256,222,222, 28
1257,222,222, 28
1258,222,222, 28
1259,222,222, 28
1260,222,222, 28
1261,222,222, 28
1262,222,222, 28
1263,222,222, 28
1264,222,222, 28
1265,222,222, 28
1266,222,222, 28
1267,222,222, 28
1268,222,222, 28
1269,222,222, 28
1270,222,222, 28
1271,222,222, 28
1272,222,222, 28
1273,222,222, 28
1274,222,222, 28
1275,222,222, 28
1276,222,222, 28
1277,222,222, 28
1278,222,222, 28
1279,222,222, 28
1280,222,222, 28
1281,222,222, 28
1282,222,222, 28
1283,222,222, 28
1284,222,222, 28
1285,222,222, 28
1286,222,222, 28
1287,222,222, 28
1288,222,222, 28
1289,222,222, 28
1290,221,221, 29
1291,221,221, 29
1292,221,221, 29
1293,221,221, 29
1294,221,221, 29
1295,221,221, 29
1296,221,221, 29
1297,221,221, 29
1298,221,221, 29
1299,221,221, 29
1300,221,221, 29
1301,221,221, 29
1302,221,221, 29
1303,221,221, 29
1304,221,221, 29
1305,221,221, 29
1306,221,221, 29
1307,221,221, 29
1308,221,221, 29
1309,221,221, 29
1310,221,221, 29
1311,221,221, 29
1312,221,221, 29
1313,221,221, 29
1314,221,221, 29
1315,221,221, 29
1316,221,221, 29
1317,221,221, 29
1318,221,221, 29
1319,221,221, 29
1320,221,221, 29
1321,221,221, 29
1322,221,221, 29
1323,221,221, 29
1324,221,221, 29
1325,221,221, 29
1326,221,221, 29
1327,221,221, 29
1328,221,221, 29
1329,221,221, 29
1330,221,221, 29
1331,221,221, 29
1332,221,221, 29
1333,221,221, 29
1334,221,221, 29
1335,221,221, 29
1336,221,221, 29
1337,221,221, 29
1338,221,221, 29
1339,221,221, 29
1340,221,221, 29
1341,221,221, 29
1342,221,221, 29
1343,221,221, 29
1344,221,221, 29
1345,221,221, 29
1346,221,221, 29
1347,221,221, 29
1348,221,221, 29
1349,221,221, 29
1350,221,221, 29
1351,221,221, 29
1352,221,221, 29
1353,221,221, 29
1354,221,221, 29
1355,221,221, 29
1356,221,221, 29
1357,221,221, 29
1358,221,221, 29
1359,221,221, 29
1360,221,221, 29
1361,221,221, 29
1362,221,221, 29
1363,221,221, 29
1364,221,221, 29
1365,221,221, 29
1366,221,221, 29
1367,221,221, 29
1368,221,221, 29
1369,221,221, 29
1370,221,221, 29
1371,221,221, 29
1372,221,221, 29
1373,221,221, 29
1374,221,221, 29
1375,221,221, 29
1376,221,221, 29
1377,221,221, 29
1378,221,221, 29
1379,221,221, 29
1380,221,221, 29
1381,220,220, 30
1382,220,220, 30
1383,220,220, 30
1384,220,220, 30
1385,220,220, 30
1386,220,220, 30
1387,220,220, 30
1388,220,220, 30
1389,220,220, 30
1390,220,220, 30
1391,220,220, 30
1392,220,220, 30
1393,220,220, 30
1394,220,220, 30
1395,220,220, 30
1396,220,220, 30
1397,220,220, 30
1398,220,220, 30
1399,220,220, 30
1400,220,220, 30
1401,220,220, 30
1402,220,220, 30
1403,220,220, 30
1404,220,220, 30
1405,220,220, 30
1406,220,220, 30
1407,220,220, 30
1408,220,220, 30
1409,220,220, 30
1410,220,220, 30
1411,220,220, 30
1412,220,220, 30
1413,220,220, 30
1414,220,220, 30
1415,220,220, 30
1416,220,220, 30
1417,220,220, 30
1418,220,220, 30
1419,220,220, 30
1420,220,220, 30
1421,220,220, 30
1422,220,220, 30
1423,220,220, 30
1424,220,220, 30
1425,220,220, 30
1426,220,220, 30
1427,220,220, 30
1428,220,220, 30
1429,220,220, 30
1430,220,220, 30
1431,220,220, 30
1432,220,220, 30
1433,220,220, 30
1434,220,220, 30
1435,221,221, 29
1436,221,221, 29
1437,221,221, 29
1438,221,221, 29
1439,221,221, 29
1440,221,221, 29
1441,221,221, 29
1442,221,221, 29
1443,221,221, 29
1444,221,221, 29
1445,221,221, 29
1446,221,221, 29
1447,221,221, 29
1448,221,221, 29
1449,221,221, 29
1450,221,221, 29
1451,221,221, 29
1452,221,221, 29
1453,221,221, 29
1454,221,221, 29
1455,221,221, 29
1456,221,221, 29
1457,221,221, 29
1458,221,221, 29
1459,221,221, 29
1460,221,221, 29
1461,221,221, 29
1462,221,221, 29
1463,221,221, 29
1464,221,221, 29
1465,221,221, 29
1466,221,221, 29
1467,221,221, 29
1468,221,221, 29
1469,221,221, 29
1470,221,221, 29
1471,221,221, 29
1472,221,221, 29
1473,221,221, 29
1474,221,221, 29
1475,221,221, 29
1476,221,221, 29
1477,221,221, 29
1478,221,221, 29
1479,221,221, 29
1480,221,221, 29
1481,221,221, 29
1482,221,221, 29
1483,221,221, 29
1484,221,221, 29
1485,221,221, 29
1486,221,221, 29
1487,221,221, 29
1488,221,221, 29
1489,221,221, 29
1490,221,221, 29
1491,221,221, 29
1492,221,221, 29
1493,221,221, 29
1494,221,221, 29
1495,221,221, 29
1496,221,221, 29
1497,221,221, 29
1498,221,221, 29
1499,221,221, 29
