0,250,250, 0
1,250,250, 0
2,250,250, 0
3,250,250, 0
4,250,250, 0
5,250,250, 0
6,249,249, 1
7,249,249, 1
8,249,249, 1
9,249,249, 1
10,249,249, 1
11,249,249, 1
12,249,249, 1
13,249,249, 1
14,249,249, 1
15,249,249, 1
16,249,249, 1
17,249,249, 1
18,249,249, 1
19,249,249, 1
20,249,249, 1
21,249,249, 1
22,249,249, 1
23,249,249, 1
24,248,248, 2
25,248,248, 2
26,248,248, 2
27,248,248, 2
28,248,248, 2
29,247,247, 3
30,247,247, 3
31,247,247, 3
32,247,247, 3
33,247,247, 3
34,247,247, 3
35,247,247, 3
36,247,247, 3
37,247,247, 3
38,247,247, 3
39,247,247, 3
40,246,246, 4
41,246,246, 4
42,246,246, 4
43,246,246, 4
44,246,246, 4
45,246,246, 4
46,246,246, 4
47,246,246, 4
48,245,245, 5
49,245,245, 5
50,245,245, 5
51,245,245, 5
52,245,245, 5
53,245,245, 5
54,245,245, 5
55,245,245, 5
56,245,245, 5
57,245,245, 5
58,245,245, 5
59,245,245, 5
60,245,245, 5
61,245,245, 5
62,245,245, 5
63,245,245, 5
64,244,244, 6
65,244,244, 6
66,244,244, 6
67,244,244, 6
68,244,244, 6
69,244,244, 6
70,244,244, 6
71,244,244, 6
72,244,244, 6
73,244,244, 6
74,244,244, 6
75,244,244, 6
76,244,244, 6
77,244,244, 6
78,244,244, 6
79,244,244, 6
80,244,244, 6
81,244,244, 6
82,244,244, 6
83,244,244, 6
84,244,244, 6
85,244,244, 6
86,244,244, 6
87,244,244, 6
88,244,244, 6
89,244,244, 6
90,244,244, 6
91,244,244, 6
92,244,244, 6
93,244,244, 6
94,244,244, 6
95,244,244, 6
96,244,244, 6
97,244,244, 6
98,244,244, 6
99,244,244, 6
100,244,244, 6
101,244,244, 6
102,244,244, 6
103,244,244, 6
104,244,244, 6
105,244,244, 6
106,244,244, 6
107,244,244, 6
108,244,244, 6
109,244,244, 6
110,244,244, 6
111,244,244, 6
112,244,244, 6
113,244,244, 6
114,244,244, 6
115,244,244, 6
116,244,244, 6
117,243,243, 7
118,243,243, 7
119,243,243, 7
120,243,243, 7
121,243,243, 7
122,243,243, 7
123,243,243, 7
124,243,243, 7
125,243,243, 7
126,243,243, 7
127,243,243, 7
128,243,243, 7
129,243,243, 7
130,243,243, 7
131,243,243, 7
132,243,243, 7
133,243,243, 7
134,243,243, 7
135,243,243, 7
136,243,243, 7
137,243,243, 7
138,243,243, 7
139,243,243, 7
140,242,242, 8
141,242,242, 8
142,242,242, 8
143,242,242, 8
144,242,242, 8
145,242,242, 8
146,242,242, 8
147,242,242, 8
148,242,242, 8
149,242,242, 8
150,242,242, 8
151,242,242, 8
152,242,242, 8
153,242,242, 8
154,242,242, 8
155,242,242, 8
156,242,242, 8
157,242,242, 8
158,242,242, 8
159,242,242, 8
160,242,242, 8
161,242,242, 8
162,242,242, 8
163,242,242, 8
164,242,242, 8
165,242,242, 8
166,242,242, 8
167,242,242, 8
168,242,242, 8
169,242,242, 8
170,242,242, 8
171,242,242, 8
172,242,242, 8
173,241,241, 9
174,241,241, 9
175,241,241, 9
176,241,241, 9
177,241,241, 9
178,241,241, 9
179,241,241, 9
180,241,241, 9
181,241,241, 9
182,241,241, 9
183,241,241, 9
184,241,241, 9
185,241,241, 9
186,241,241, 9
187,241,241, 9
188,241,241, 9
189,241,241, 9
190,241,241, 9
191,241,241, 9
192,241,241, 9
193,241,241, 9
194,241,241, 9
195,241,241, 9
196,241,241, 9
197,241,241, 9
198,241,241, 9
199,241,241, 9
200,241,241, 9
201,241,241, 9
202,240,240, 10
203,240,240, 10
204,240,240, 10
205,240,240, 10
206,240,240, 10
207,240,240, 10
208,240,240, 10
209,240,240, 10
210,240,240, 10
211,240,240, 10
212,240,240, 10
213,240,240, 10
214,240,240, 10
215,240,240, 10
216,239,239, 11
217,239,239, 11
218,239,239, 11
219,239,239, 11
220,239,239, 11
221,239,239, 11
222,239,239, 11
223,239,239, 11
224,239,239, 11
225,239,239, 11
226,239,239, 11
227,239,239, 11
228,239,239, 11
229,239,239, 11
230,239,239, 11
231,239,239, 11
232,239,239, 11
233,239,239, 11
234,239,239, 11
235,239,239, 11
236,239,239, 11
237,239,239, 11
238,239,239, 11
239,239,239, 11
240,239,239, 11
241,239,239, 11
242,239,239, 11
243,239,239, 11
244,239,239, 11
245,239,239, 11
246,239,239, 11
247,239,239, 11
248,239,239, 11
249,239,239, 11
250,239,239, 11
251,238,238, 12
252,238,238, 12
253,238,238, 12
254,238,238, 12
255,238,238, 12
256,238,238, 12
257,238,238, 12
258,238,238, 12
259,238,238, 12
260,238,238, 12
261,238,238, 12
262,238,238, 12
263,238,238, 12
264,238,238, 12
265,238,238, 12
266,238,238, 12
267,238,238, 12
268,238,238, 12
269,238,238, 12
270,238,238, 12
271,238,238, 12
272,238,238, 12
273,238,238, 12
274,237,237, 13
275,237,237, 13
276,237,237, 13
277,237,237, 13
278,237,237, 13
279,237,237, 13
280,237,237, 13
281,237,237, 13
282,237,237, 13
283,237,237, 13
284,237,237, 13
285,237,237, 13
286,237,237, 13
287,236,236, 14
288,236,236, 14
289,236,236, 14
290,236,236, 14
291,236,236, 14
292,236,236, 14
293,236,236, 14
294,236,236, 14
295,236,236, 14
296,236,236, 14
297,236,236, 14
298,236,236, 14
299,236,236, 14
300,236,236, 14
301,236,236, 14
302,236,236, 14
303,236,236, 14
304,236,236, 14
305,236,236, 14
306,236,236, 14
307,236,236, 14
308,236,236, 14
309,236,236, 14
310,236,236, 14
311,236,236, 14
312,236,236, 14
313,236,236, 14
314,236,236, 14
315,236,236, 14
316,236,236, 14
317,236,236, 14
318,236,236, 14
319,236,236, 14
320,236,236, 14
321,236,236, 14
322,236,236, 14
323,236,236, 14
324,236,236, 14
325,236,236, 14
326,236,236, 14
327,236,236, 14
328,236,236, 14
329,236,236, 14
330,236,236, 14
331,236,236, 14
332,236,236, 14
333,236,236, 14
334,236,236, 14
335,236,236, 14
336,236,236, 14
337,236,236, 14
338,236,236, 14
339,236,236, 14
340,236,236, 14
341,236,236, 14
342,236,236, 14
343,236,236, 14
344,236,236, 14
345,236,236, 14
346,236,236, 14
347,236,236, 14
348,236,236, 14
349,236,236, 14
350,236,236, 14
351,236,236, 14
352,236,236, 14
353,236,236, 14
354,236,236, 14
355,236,236, 14
356,236,236, 14
357,236,236, 14
358,236,236, 14
359,236,236, 14
360,236,236, 14
361,236,236, 14
362,236,236, 14
363,236,236, 14
364,236,236, 14
365,236,236, 14
366,236,236, 14
367,236,236, 14
368,236,236, 14
369,236,236, 14
370,236,236, 14
371,236,236, 14
372,236,236, 14
373,236,236, 14
374,236,236, 14
375,236,236, 14
376,236,236, 14
377,236,236, 14
378,236,236, 14
379,236,236, 14
380,236,236, 14
381,236,236, 14
382,236,236, 14
383,236,236, 14
384,236,236, 14
385,236,236, 14
386,236,236, 14
387,236,236, 14
388,236,236, 14
389,236,236, 14
390,236,236, 14
391,236,236, 14
392,236,236, 14
393,236,236, 14
394,236,236, 14
395,236,236, 14
396,236,236, 14
397,236,236, 14
398,236,236, 14
399,236,236, 14
400,236,236, 14
401,236,236, 14
402,236,236, 14
403,236,236, 14
404,236,236, 14
405,236,236, 14
406,236,236, 14
407,236,236, 14
408,236,236, 14
409,236,236, 14
410,236,236, 14
411,236,236, 14
412,236,236, 14
413,236,236, 14
414,236,236, 14
415,236,236, 14
416,236,236, 14
417,236,236, 14
418,235,235, 15
419,235,235, 15
420,235,235, 15
421,235,235, 15
422,235,235, 15
423,235,235, 15
424,235,235, 15
425,235,235, 15
426,235,235, 15
427,235,235, 15
428,235,235, 15
429,235,235, 15
430,235,235, 15
431,235,235, 15
432,235,235, 15
433,235,235, 15
434,235,235, 15
435,235,235, 15
436,235,235, 15
437,235,235, 15
438,235,235, 15
439,235,235, 15
440,235,235, 15
441,235,235, 15
442,235,235, 15
443,235,235, 15
444,235,235, 15
445,235,235, 15
446,235,235, 15
447,235,235, 15
448,235,235, 15
449,235,235, 15
450,235,235, 15
451,235,235, 15
452,235,235, 15
453,235,235, 15
454,235,235, 15
455,235,235, 15
456,235,235, 15
457,235,235, 15
458,235,235, 15
459,235,235, 15
460,235,235, 15
461,235,235, 15
462,235,235, 15
463,235,235, 15
464,235,235, 15
465,234,234, 16
466,234,234, 16
467,234,234, 16
468,234,234, 16
469,233,233, 17
470,233,233, 17
471,233,233, 17
472,233,233, 17
473,233,233, 17
474,233,233, 17
475,233,233, 17
476,233,233, 17
477,233,233, 17
478,233,233, 17
479,233,233, 17
480,233,233, 17
481,233,233, 17
482,233,233, 17
483,233,233, 17
484,233,233, 17
485,233,233, 17
486,233,233, 17
487,233,233, 17
488,233,233, 17
489,233,233, 17
490,233,233, 17
491,233,233, 17
492,233,233, 17
493,233,233, 17
494,233,233, 17
495,233,233, 17
496,233,233, 17
497,233,233, 17
498,233,233, 17
499,233,233, 17
500,233,233, 17
501,233,233, 17
502,233,233, 17
503,233,233, 17
504,233,233, 17
505,233,233, 17
506,233,233, 17
507,233,233, 17
508,233,233, 17
509,233,233, 17
510,233,233, 17
511,233,233, 17
512,233,233, 17
513,233,233, 17
514,233,233, 17
515,233,233, 17
516,233,233, 17
517,233,233, 17
518,233,233, 17
519,233,233, 17
520,233,233, 17
521,233,233, 17
522,233,233, 17
523,233,233, 17
524,233,233, 17
525,233,233, 17
526,233,233, 17
527,233,233, 17
528,233,233, 17
529,233,233, 17
530,233,233, 17
531,233,233, 17
532,233,233, 17
533,233,233, 17
534,233,233, 17
535,233,233, 17
536,233,233, 17
537,233,233, 17
538,233,233, 17
539,233,233, 17
540,233,233, 17
541,233,233, 17
542,233,233, 17
543,233,233, 17
544,233,233, 17
545,233,233, 17
546,233,233, 17
547,233,233, 17
548,233,233, 17
549,233,233, 17
550,233,233, 17
551,233,233, 17
552,233,233, 17
553,233,233, 17
554,233,233, 17
555,233,233, 17
556,233,233, 17
557,233,233, 17
558,233,233, 17
559,233,233, 17
560,233,233, 17
561,233,233, 17
562,233,233, 17
563,233,233, 17
564,233,233, 17
565,233,233, 17
566,233,233, 17
567,233,233, 17
568,233,233, 17
569,233,233, 17
570,233,233, 17
571,233,233, 17
572,233,233, 17
573,233,233, 17
574,233,233, 17
575,233,233, 17
576,233,233, 17
577,233,233, 17
578,233,233, 17
579,233,233, 17
580,233,233, 17
581,233,233, 17
582,233,233, 17
583,233,233, 17
584,233,233, 17
585,233,233, 17
586,232,232, 18
587,232,232, 18
588,232,232, 18
589,232,232, 18
590,232,232, 18
591,232,232, 18
592,232,232, 18
593,232,232, 18
594,232,232, 18
595,232,232, 18
596,232,232, 18
597,232,232, 18
598,232,232, 18
599,232,232, 18
600,232,232, 18
601,232,232, 18
602,232,232, 18
603,232,232, 18
604,232,232, 18
605,232,232, 18
606,232,232, 18
607,232,232, 18
608,232,232, 18
609,232,232, 18
610,232,232, 18
611,232,232, 18
612,232,232, 18
613,232,232, 18
614,232,232, 18
615,232,232, 18
616,232,232, 18
617,232,232, 18
618,232,232, 18
619,232,232, 18
620,232,232, 18
621,232,232, 18
622,232,232, 18
623,232,232, 18
624,232,232, 18
625,232,232, 18
626,232,232, 18
627,232,232, 18
628,232,232, 18
629,232,232, 18
630,232,232, 18
631,232,232, 18
632,232,232, 18
633,232,232, 18
634,232,232, 18
635,232,232, 18
636,232,232, 18
637,232,232, 18
638,232,232, 18
639,232,232, 18
640,232,232, 18
641,232,232, 18
642,232,232, 18
643,232,232, 18
644,232,232, 18
645,232,232, 18
646,232,232, 18
647,232,232, 18
648,232,232, 18
649,232,232, 18
650,232,232, 18
651,232,232, 18
652,232,232, 18
653,232,232, 18
654,232,232, 18
655,232,232, 18
656,232,232, 18
657,232,232, 18
658,232,232, 18
659,232,232, 18
660,232,232, 18
661,232,232, 18
662,232,232, 18
663,232,232, 18
664,232,232, 18
665,232,232, 18
666,232,232, 18
667,232,232, 18
668,232,232, 18
669,232,232, 18
670,232,232, 18
671,232,232, 18
672,232,232, 18
673,232,232, 18
674,232,232, 18
675,232,232, 18
676,232,232, 18
677,232,232, 18
678,232,232, 18
679,232,232, 18
680,232,232, 18
681,232,232, 18
682,232,232, 18
683,232,232, 18
684,232,232, 18
685,232,232, 18
686,232,232, 18
687,232,232, 18
688,232,232, 18
689,232,232, 18
690,232,232, 18
691,232,232, 18
692,232,232, 18
693,232,232, 18
694,232,232, 18
695,232,232, 18
696,232,232, 18
697,232,232, 18
698,232,232, 18
699,232,232, 18
700,232,232, 18
701,232,232, 18
702,232,232, 18
703,232,232, 18
704,232,232, 18
705,232,232, 18
706,232,232, 18
707,232,232, 18
708,232,232, 18
709,232,232, 18
710,232,232, 18
711,232,232, 18
712,232,232, 18
713,232,232, 18
714,232,232, 18
715,232,232, 18
716,232,232, 18
717,232,232, 18
718,232,232, 18
719,232,232, 18
720,232,232, 18
721,232,232, 18
722,232,232, 18
723,232,232, 18
724,232,232, 18
725,232,232, 18
726,232,232, 18
727,232,232, 18
728,232,232, 18
729,232,232, 18
730,232,232, 18
731,232,232, 18
732,232,232, 18
733,232,232, 18
734,232,232, 18
735,232,232, 18
736,232,232, 18
737,232,232, 18
738,232,232, 18
739,232,232, 18
740,232,232, 18
741,232,232, 18
742,232,232, 18
743,232,232, 18
744,232,232, 18
745,232,232, 18
746,232,232, 18
747,232,232, 18
748,232,232, 18
749,232,232, 18
750,232,232, 18
751,232,232, 18
752,232,232, 18
753,232,232, 18
754,232,232, 18
755,232,232, 18
756,232,232, 18
757,232,232, 18
758,232,232, 18
759,232,232, 18
760,232,232, 18
761,232,232, 18
762,232,232, 18
763,232,232, 18
764,232,232, 18
765,232,232, 18
766,232,232, 18
767,232,232, 18
768,232,232, 18
769,231,231, 19
770,231,231, 19
771,231,231, 19
772,231,231, 19
773,231,231, 19
774,231,231, 19
775,231,231, 19
776,231,231, 19
777,231,231, 19
778,231,231, 19
779,231,231, 19
780,231,231, 19
781,231,231, 19
782,231,231, 19
783,231,231, 19
784,231,231, 19
785,231,231, 19
786,231,231, 19
787,231,231, 19
788,231,231, 19
789,231,231, 19
790,231,231, 19
791,231,231, 19
792,231,231, 19
793,231,231, 19
794,231,231, 19
795,231,231, 19
796,231,231, 19
797,231,231, 19
798,231,231, 19
799,231,231, 19
800,231,231, 19
801,231,231, 19
802,231,231, 19
803,231,231, 19
804,231,231, 19
805,231,231, 19
806,231,231, 19
807,231,231, 19
808,231,231, 19
809,231,231, 19
810,231,231, 19
811,231,231, 19
812,231,231, 19
813,231,231, 19
814,231,231, 19
815,231,231, 19
816,231,231, 19
817,231,231, 19
818,231,231, 19
819,231,231, 19
820,231,231, 19
821,231,231, 19
822,231,231, 19
823,231,231, 19
824,231,231, 19
825,231,231, 19
826,231,231, 19
827,231,231, 19
828,231,231, 19
829,231,231, 19
830,231,231, 19
831,231,231, 19
832,231,231, 19
833,231,231, 19
834,231,231, 19
835,231,231, 19
836,231,231, 19
837,231,231, 19
838,231,231, 19
839,231,231, 19
840,231,231, 19
841,231,231, 19
842,231,231, 19
843,231,231, 19
844,231,231, 19
845,231,231, 19
846,231,231, 19
847,231,231, 19
848,231,231, 19
849,231,231, 19
850,231,231, 19
851,231,231, 19
852,231,231, 19
853,231,231, 19
854,231,231, 19
855,231,231, 19
856,231,231, 19
857,231,231, 19
858,231,231, 19
859,231,231, 19
860,231,231, 19
861,231,231, 19
862,231,231, 19
863,230,230, 20
864,230,230, 20
865,229,229, 21
866,229,229, 21
867,229,229, 21
868,229,229, 21
869,229,229, 21
870,229,229, 21
871,229,229, 21
872,229,229, 21
873,229,229, 21
874,229,229, 21
875,229,229, 21
876,229,229, 21
877,229,229, 21
878,229,229, 21
879,229,229, 21
880,229,229, 21
881,229,229, 21
882,229,229, 21
883,229,229, 21
884,229,229, 21
885,229,229, 21
886,229,229, 21
887,229,229, 21
888,229,229, 21
889,229,229, 21
890,229,229, 21
891,229,229, 21
892,229,229, 21
893,229,229, 21
894,229,229, 21
895,229,229, 21
896,229,229, 21
897,229,229, 21
898,229,229, 21
899,229,229, 21
900,229,229, 21
901,229,229, 21
902,229,229, 21
903,229,229, 21
904,229,229, 21
905,229,229, 21
906,229,229, 21
907,229,229, 21
908,229,229, 21
909,229,229, 21
910,229,229, 21
911,229,229, 21
912,229,229, 21
913,229,229, 21
914,229,229, 21
915,229,229, 21
916,229,229, 21
917,229,229, 21
918,229,229, 21
919,229,229, 21
920,229,229, 21
921,229,229, 21
922,229,229, 21
923,229,229, 21
924,229,229, 21
925,229,229, 21
926,229,229, 21
927,229,229, 21
928,229,229, 21
929,229,229, 21
930,229,229, 21
931,229,229, 21
932,229,229, 21
933,229,229, 21
934,229,229, 21
935,229,229, 21
936,229,229, 21
937,229,229, 21
938,229,229, 21
939,229,229, 21
940,229,229, 21
941,229,229, 21
942,229,229, 21
943,229,229, 21
944,229,229, 21
945,229,229, 21
946,229,229, 21
947,229,229, 21
948,229,229, 21
949,229,229, 21
950,229,229, 21
951,229,229, 21
952,229,229, 21
953,229,229, 21
954,229,229, 21
955,229,229, 21
956,229,229, 21
957,229,229, 21
958,229,229, 21
959,229,229, 21
960,229,229, 21
961,229,229, 21
962,229,229, 21
963,229,229, 21
964,229,229, 21
965,229,229, 21
966,229,229, 21
967,229,229, 21
968,229,229, 21
969,229,229, 21
970,229,229, 21
971,229,229, 21
972,229,229, 21
973,229,229, 21
974,229,229, 21
975,229,229, 21
976,229,229, 21
977,229,229, 21
978,229,229, 21
979,229,229, 21
980,229,229, 21
981,229,229, 21
982,229,229, 21
983,229,229, 21
984,229,229, 21
985,229,229, 21
986,229,229, 21
987,229,229, 21
988,229,229, 21
989,229,229, 21
990,229,229, 21
991,229,229, 21
992,229,229, 21
993,229,229, 21
994,229,229, 21
995,229,229, 21
996,229,229, 21
997,229,229, 21
998,229,229, 21
999,228,228, 22
1000,228,228, 22
1001,228,228, 22
1002,228,228, 22
1003,228,228, 22
1004,228,228, 22
1005,228,228, 22
1006,228,228, 22
1007,227,227, 23
1008,227,227, 23
1009,227,227, 23
1010,227,227, 23
1011,227,227, 23
1012,227,227, 23
1013,227,227, 23
1014,227,227, 23
1015,227,227, 23
1016,227,227, 23
1017,227,227, 23
1018,227,227, 23
1019,227,227, 23
1020,227,227, 23
1021,227,227, 23
1022,227,227, 23
1023,227,227, 23
1024,227,227, 23
1025,227,227, 23
1026,227,227, 23
1027,227,227, 23
1028,227,227, 23
1029,227,227, 23
1030,227,227, 23
1031,227,227, 23
1032,227,227, 23
1033,227,227, 23
1034,227,227, 23
1035,227,227, 23
1036,227,227, 23
1037,227,227, 23
1038,227,227, 23
1039,227,227, 23
1040,227,227, 23
1041,227,227, 23
1042,227,227, 23
1043,227,227, 23
1044,227,227, 23
1045,227,227, 23
1046,227,227, 23
1047,227,227, 23
1048,227,227, 23
1049,227,227, 23
1050,227,227, 23
1051,227,227, 23
1052,227,227, 23
1053,227,227, 23
1054,227,227, 23
1055,227,227, 23
1056,227,227, 23
1057,227,227, 23
1058,227,227, 23
1059,227,227, 23
1060,227,227, 23
1061,227,227, 23
1062,227,227, 23
1063,227,227, 23
1064,227,227, 23
1065,227,227, 23
1066,227,227, 23
1067,227,227, 23
1068,227,227, 23
1069,227,227, 23
1070,227,227, 23
1071,227,227, 23
1072,227,227, 23
1073,227,227, 23
1074,227,227, 23
1075,227,227, 23
1076,227,227, 23
1077,227,227, 23
1078,227,227, 23
1079,227,227, 23
1080,227,227, 23
1081,227,227, 23
1082,227,227, 23
1083,227,227, 23
1084,227,227, 23
1085,227,227, 23
1086,227,227, 23
1087,227,227, 23
1088,227,227, 23
1089,227,227, 23
1090,227,227, 23
1091,227,227, 23
1092,227,227, 23
1093,227,227, 23
1094,227,227, 23
1095,227,227, 23
1096,227,227, 23
1097,227,227, 23
1098,227,227, 23
1099,227,227, 23
1100,227,227, 23
1101,227,227, 23
1102,227,227, 23
1103,227,227, 23
1104,227,227, 23
1105,227,227, 23
1106,227,227, 23
1107,227,227, 23
1108,227,227, 23
1109,227,227, 23
1110,227,227, 23
1111,227,227, 23
1112,227,227, 23
1113,227,227, 23
1114,227,227, 23
1115,227,227, 23
1116,227,227, 23
1117,227,227, 23
1118,227,227, 23
1119,227,227, 23
1120,227,227, 23
1121,227,227, 23
1122,227,227, 23
1123,227,227, 23
1124,227,227, 23
1125,227,227, 23
1126,227,227, 23
1127,227,227, 23
1128,227,227, 23
1129,227,227, 23
1130,227,227, 23
1131,227,227, 23
1132,227,227, 23
1133,227,227, 23
1134,227,227, 23
1135,227,227, 23
1136,227,227, 23
1137,227,227, 23
1138,227,227, 23
1139,227,227, 23
1140,227,227, 23
1141,227,227, 23
1142,227,227, 23
1143,227,227, 23
1144,227,227, 23
1145,227,227, 23
1146,227,227, 23
1147,227,227, 23
1148,227,227, 23
1149,227,227, 23
1150,227,227, 23
1151,227,227, 23
1152,227,227, 23
1153,227,227, 23
1154,227,227, 23
1155,227,227, 23
1156,227,227, 23
1157,227,227, 23
1158,227,227, 23
1159,227,227, 23
1160,227,227, 23
1161,227,227, 23
1162,227,227, 23
1163,227,227, 23
1164,227,227, 23
1165,227,227, 23
1166,227,227, 23
1167,227,227, 23
1168,227,227, 23
1169,227,227, 23
1170,227,227, 23
1171,227,227, 23
1172,227,227, 23
1173,227,227, 23
1174,227,227, 23
1175,227,227, 23
1176,227,227, 23
1177,227,227, 23
1178,227,227, 23
1179,227,227, 23
1180,227,227, 23
1181,227,227, 23
1182,227,227, 23
1183,227,227, 23
1184,227,227, 23
1185,227,227, 23
1186,227,227, 23
1187,227,227, 23
1188,227,227, 23
1189,227,227, 23
1190,227,227, 23
1191,227,227, 23
1192,227,227, 23
1193,227,227, 23
1194,227,227, 23
1195,227,227, 23
1196,227,227, 23
1197,227,227, 23
1198,227,227, 23
1199,227,227, 23
1200,227,227, 23
1201,227,227, 23
1202,227,227, 23
1203,227,227, 23
1204,227,227, 23
1205,227,227, 23
1206,227,227, 23
1207,227,227, 23
1208,227,227, 23
1209,227,227, 23
1210,227,227, 23
1211,227,227, 23
1212,227,227, 23
1213,227,227, 23
1214,227,227, 23
1215,227,227, 23
1216,227,227, 23
1217,227,227, 23
1218,227,227, 23
1219,227,227, 23
1220,227,227, 23
1221,227,227, 23
1222,227,227, 23
1223,227,227, 23
1224,227,227, 23
1225,227,227, 23
1226,227,227, 23
1227,227,227, 23
1228,227,227, 23
1229,227,227, 23
1230,227,227, 23
1231,227,227, 23
1232,227,227, 23
1233,227,227, 23
1234,227,227, 23
1235,227,227, 23
1236,227,227, 23
1237,227,227, 23
1238,227,227, 23
1239,227,227, 23
1240,227,227, 23
1241,227,227, 23
1242,227,227, 23
1243,227,227, 23
1244,227,227, 23
1245,227,227, 23
1246,227,227, 23
1247,227,227, 23
1248,227,227, 23
1249,227,227, 23
1250,227,227, 23
1251,227,227, 23
1252,227,227, 23
1253,227,227, 23
1254,227,227, 23
1255,227,227, 23
1256,227,227, 23
1257,227,227, 23
1258,227,227, 23
1259,227,227, 23
1260,227,227, 23
1261,227,227, 23
1262,227,227, 23
1263,227,227, 23
1264,227,227, 23
1265,227,227, 23
1266,227,227, 23
1267,227,227, 23
1268,227,227, 23
1269,227,227, 23
1270,227,227, 23
1271,227,227, 23
1272,227,227, 23
1273,227,227, 23
1274,227,227, 23
1275,227,227, 23
1276,227,227, 23
1277,227,227, 23
1278,227,227, 23
1279,227,227, 23
1280,227,227, 23
1281,227,227, 23
1282,227,227, 23
1283,227,227, 23
1284,227,227, 23
1285,227,227, 23
1286,227,227, 23
1287,227,227, 23
1288,227,227, 23
1289,227,227, 23
1290,227,227, 23
1291,227,227, 23
1292,227,227, 23
1293,227,227, 23
1294,227,227, 23
1295,227,227, 23
1296,227,227, 23
1297,227,227, 23
1298,227,227, 23
1299,227,227, 23
1300,227,227, 23
1301,227,227, 23
1302,227,227, 23
1303,227,227, 23
1304,227,227, 23
1305,227,227, 23
1306,227,227, 23
1307,226,226, 24
1308,226,226, 24
1309,226,226, 24
1310,226,226, 24
1311,226,226, 24
1312,226,226, 24
1313,226,226, 24
1314,226,226, 24
1315,226,226, 24
1316,226,226, 24
1317,226,226, 24
1318,226,226, 24
1319,226,226, 24
1320,226,226, 24
1321,226,226, 24
1322,226,226, 24
1323,226,226, 24
1324,226,226, 24
1325,226,226, 24
1326,226,226, 24
1327,226,226, 24
1328,226,226, 24
1329,226,226, 24
1330,226,226, 24
1331,226,226, 24
1332,226,226, 24
1333,226,226, 24
1334,226,226, 24
1335,226,226, 24
1336,226,226, 24
1337,226,226, 24
1338,226,226, 24
1339,226,226, 24
1340,226,226, 24
1341,226,226, 24
1342,226,226, 24
1343,226,226, 24
1344,226,226, 24
1345,226,226, 24
1346,226,226, 24
1347,226,226, 24
1348,226,226, 24
1349,226,226, 24
1350,226,226, 24
1351,226,226, 24
1352,226,226, 24
1353,226,226, 24
1354,226,226, 24
1355,226,226, 24
1356,226,226, 24
1357,226,226, 24
1358,226,226, 24
1359,226,226, 24
1360,226,226, 24
1361,226,226, 24
1362,226,226, 24
1363,226,226, 24
1364,226,226, 24
1365,226,226, 24
1366,226,226, 24
1367,226,226, 24
1368,226,226, 24
1369,226,226, 24
1370,226,226, 24
1371,226,226, 24
1372,226,226, 24
1373,226,226, 24
1374,226,226, 24
1375,226,226, 24
1376,226,226, 24
1377,226,226, 24
1378,226,226, 24
1379,226,226, 24
1380,226,226, 24
1381,226,226, 24
1382,226,226, 24
1383,226,226, 24
1384,226,226, 24
1385,226,226, 24
1386,226,226, 24
1387,226,226, 24
1388,226,226, 24
1389,226,226, 24
1390,226,226, 24
1391,226,226, 24
1392,226,226, 24
1393,226,226, 24
1394,226,226, 24
1395,226,226, 24
1396,226,226, 24
1397,226,226, 24
1398,226,226, 24
1399,226,226, 24
1400,226,226, 24
1401,226,226, 24
1402,226,226, 24
1403,226,226, 24
1404,226,226, 24
1405,226,226, 24
1406,226,226, 24
1407,226,226, 24
1408,226,226, 24
1409,226,226, 24
1410,226,226, 24
1411,226,226, 24
1412,226,226, 24
1413,226,226, 24
1414,226,226, 24
1415,226,226, 24
1416,226,226, 24
1417,226,226, 24
1418,226,226, 24
1419,226,226, 24
1420,226,226, 24
1421,226,226, 24
1422,226,226, 24
1423,226,226, 24
1424,226,226, 24
1425,226,226, 24
1426,226,226, 24
1427,226,226, 24
1428,226,226, 24
1429,226,226, 24
1430,226,226, 24
1431,226,226, 24
1432,226,226, 24
1433,226,226, 24
1434,226,226, 24
1435,226,226, 24
1436,226,226, 24
1437,226,226, 24
1438,226,226, 24
1439,226,226, 24
1440,226,226, 24
1441,226,226, 24
1442,226,226, 24
1443,226,226, 24
1444,226,226, 24
1445,226,226, 24
1446,226,226, 24
1447,226,226, 24
1448,226,226, 24
1449,226,226, 24
1450,226,226, 24
1451,226,226, 24
1452,226,226, 24
1453,226,226, 24
1454,226,226, 24
1455,226,226, 24
1456,226,226, 24
1457,226,226, 24
1458,226,226, 24
1459,226,226, 24
1460,226,226, 24
1461,226,226, 24
1462,226,226, 24
1463,226,226, 24
1464,226,226, 24
1465,226,226, 24
1466,226,226, 24
1467,226,226, 24
1468,226,226, 24
1469,226,226, 24
1470,226,226, 24
1471,226,226, 24
1472,226,226, 24
1473,226,226, 24
1474,226,226, 24
1475,226,226, 24
1476,226,226, 24
1477,226,226, 24
1478,226,226, 24
1479,226,226, 24
1480,226,226, 24
1481,226,226, 24
1482,226,226, 24
1483,226,226, 24
1484,226,226, 24
1485,226,226, 24
1486,226,226, 24
1487,226,226, 24
1488,226,226, 24
1489,226,226, 24
1490,226,226, 24
1491,226,226, 24
1492,226,226, 24
1493,226,226, 24
1494,226,226, 24
1495,226,226, 24
1496,226,226, 24
1497,226,226, 24
1498,226,226, 24
1499,226,226, 24
