0,250,250, 0
1,250,250, 0
2,250,250, 0
3,250,250, 0
4,250,250, 0
5,250,250, 0
6,250,250, 0
7,250,250, 0
8,250,250, 0
9,250,250, 0
10,250,250, 0
11,250,250, 0
12,249,249, 1
13,249,249, 1
14,249,249, 1
15,249,249, 1
16,249,249, 1
17,249,249, 1
18,249,249, 1
19,249,249, 1
20,249,249, 1
21,249,249, 1
22,249,249, 1
23,249,249, 1
24,249,249, 1
25,249,249, 1
26,249,249, 1
27,249,249, 1
28,249,249, 1
29,249,249, 1
30,249,249, 1
31,249,249, 1
32,249,249, 1
33,249,249, 1
34,249,249, 1
35,249,249, 1
36,249,249, 1
37,249,249, 1
38,249,249, 1
39,249,249, 1
40,249,249, 1
41,249,249, 1
42,249,249, 1
43,249,249, 1
44,249,249, 1
45,249,249, 1
46,249,249, 1
47,249,249, 1
48,249,249, 1
49,249,249, 1
50,249,249, 1
51,249,249, 1
52,248,248, 2
53,248,248, 2
54,248,248, 2
55,248,248, 2
56,248,248, 2
57,248,248, 2
58,248,248, 2
59,248,248, 2
60,248,248, 2
61,248,248, 2
62,248,248, 2
63,248,248, 2
64,248,248, 2
65,248,248, 2
66,248,248, 2
67,248,248, 2
68,248,248, 2
69,248,248, 2
70,248,248, 2
71,248,248, 2
72,248,248, 2
73,248,248, 2
74,248,248, 2
75,248,248, 2
76,248,248, 2
77,248,248, 2
78,248,248, 2
79,248,248, 2
80,248,248, 2
81,248,248, 2
82,246,246, 4
83,246,246, 4
84,245,245, 5
85,244,244, 6
86,244,244, 6
87,244,244, 6
88,244,244, 6
89,244,244, 6
90,244,244, 6
91,243,243, 7
92,243,243, 7
93,243,243, 7
94,243,243, 7
95,242,242, 8
96,242,242, 8
97,241,241, 9
98,241,241, 9
99,241,241, 9
100,241,241, 9
101,241,241, 9
102,241,241, 9
103,241,241, 9
104,241,241, 9
105,241,241, 9
106,241,241, 9
107,241,241, 9
108,241,241, 9
109,241,241, 9
110,241,241, 9
111,241,241, 9
112,241,241, 9
113,241,241, 9
114,241,241, 9
115,241,241, 9
116,241,241, 9
117,241,241, 9
118,241,241, 9
119,241,241, 9
120,241,241, 9
121,241,241, 9
122,241,241, 9
123,240,240, 10
124,240,240, 10
125,240,240, 10
126,240,240, 10
127,240,240, 10
128,240,240, 10
129,239,239, 11
130,239,239, 11
131,239,239, 11
132,239,239, 11
133,239,239, 11
134,239,239, 11
135,239,239, 11
136,239,239, 11
137,239,239, 11
138,239,239, 11
139,239,239, 11
140,239,239, 11
141,239,239, 11
142,239,239, 11
143,239,239, 11
144,239,239, 11
145,239,239, 11
146,239,239, 11
147,239,239, 11
148,239,239, 11
149,239,239, 11
150,239,239, 11
151,239,239, 11
152,239,239, 11
153,239,239, 11
154,239,239, 11
155,239,239, 11
156,239,239, 11
157,239,239, 11
158,239,239, 11
159,239,239, 11
160,239,239, 11
161,239,239, 11
162,239,239, 11
163,239,239, 11
164,239,239, 11
165,239,239, 11
166,239,239, 11
167,239,239, 11
168,239,239, 11
169,239,239, 11
170,239,239, 11
171,239,239, 11
172,239,239, 11
173,239,239, 11
174,239,239, 11
175,239,239, 11
176,238,238, 12
177,238,238, 12
178,237,237, 13
179,237,237, 13
180,237,237, 13
181,237,237, 13
182,237,237, 13
183,237,237, 13
184,237,237, 13
185,237,237, 13
186,237,237, 13
187,237,237, 13
188,237,237, 13
189,237,237, 13
190,237,237, 13
191,237,237, 13
192,237,237, 13
193,237,237, 13
194,237,237, 13
195,237,237, 13
196,237,237, 13
197,237,237, 13
198,237,237, 13
199,237,237, 13
200,237,237, 13
201,237,237, 13
202,237,237, 13
203,237,237, 13
204,237,237, 13
205,237,237, 13
206,237,237, 13
207,237,237, 13
208,237,237, 13
209,236,236, 14
210,236,236, 14
211,236,236, 14
212,236,236, 14
213,236,236, 14
214,236,236, 14
215,236,236, 14
216,236,236, 14
217,236,236, 14
218,236,236, 14
219,235,235, 15
220,235,235, 15
221,235,235, 15
222,235,235, 15
223,235,235, 15
224,235,235, 15
225,235,235, 15
226,235,235, 15
227,235,235, 15
228,235,235, 15
229,235,235, 15
230,235,235, 15
231,235,235, 15
232,235,235, 15
233,235,235, 15
234,235,235, 15
235,235,235, 15
236,235,235, 15
237,235,235, 15
238,235,235, 15
239,235,235, 15
240,235,235, 15
241,235,235, 15
242,234,234, 16
243,234,234, 16
244,234,234, 16
245,234,234, 16
246,234,234, 16
247,234,234, 16
248,234,234, 16
249,234,234, 16
250,234,234, 16
251,234,234, 16
252,234,234, 16
253,234,234, 16
254,234,234, 16
255,234,234, 16
256,234,234, 16
257,234,234, 16
258,234,234, 16
259,234,234, 16
260,234,234, 16
261,234,234, 16
262,234,234, 16
263,234,234, 16
264,234,234, 16
265,234,234, 16
266,234,234, 16
267,234,234, 16
268,234,234, 16
269,234,234, 16
270,234,234, 16
271,234,234, 16
272,234,234, 16
273,234,234, 16
274,234,234, 16
275,234,234, 16
276,234,234, 16
277,234,234, 16
278,234,234, 16
279,234,234, 16
280,234,234, 16
281,234,234, 16
282,234,234, 16
283,234,234, 16
284,234,234, 16
285,234,234, 16
286,234,234, 16
287,234,234, 16
288,234,234, 16
289,234,234, 16
290,234,234, 16
291,234,234, 16
292,234,234, 16
293,234,234, 16
294,234,234, 16
295,234,234, 16
296,234,234, 16
297,234,234, 16
298,234,234, 16
299,234,234, 16
300,234,234, 16
301,234,234, 16
302,234,234, 16
303,234,234, 16
304,234,234, 16
305,234,234, 16
306,234,234, 16
307,234,234, 16
308,234,234, 16
309,234,234, 16
310,234,234, 16
311,234,234, 16
312,234,234, 16
313,234,234, 16
314,234,234, 16
315,234,234, 16
316,234,234, 16
317,234,234, 16
318,234,234, 16
319,234,234, 16
320,234,234, 16
321,234,234, 16
322,234,234, 16
323,234,234, 16
324,233,233, 17
325,233,233, 17
326,233,233, 17
327,233,233, 17
328,233,233, 17
329,233,233, 17
330,233,233, 17
331,233,233, 17
332,232,232, 18
333,232,232, 18
334,232,232, 18
335,232,232, 18
336,232,232, 18
337,232,232, 18
338,232,232, 18
339,232,232, 18
340,232,232, 18
341,232,232, 18
342,232,232, 18
343,232,232, 18
344,232,232, 18
345,232,232, 18
346,232,232, 18
347,232,232, 18
348,232,232, 18
349,232,232, 18
350,232,232, 18
351,232,232, 18
352,231,231, 19
353,231,231, 19
354,231,231, 19
355,231,231, 19
356,231,231, 19
357,231,231, 19
358,231,231, 19
359,231,231, 19
360,231,231, 19
361,231,231, 19
362,231,231, 19
363,231,231, 19
364,231,231, 19
365,231,231, 19
366,231,231, 19
367,231,231, 19
368,231,231, 19
369,231,231, 19
370,231,231, 19
371,231,231, 19
372,231,231, 19
373,231,231, 19
374,230,230, 20
375,230,230, 20
376,230,230, 20
377,230,230, 20
378,230,230, 20
379,230,230, 20
380,230,230, 20
381,230,230, 20
382,230,230, 20
383,230,230, 20
384,230,230, 20
385,230,230, 20
386,230,230, 20
387,230,230, 20
388,230,230, 20
389,230,230, 20
390,230,230, 20
391,230,230, 20
392,230,230, 20
393,230,230, 20
394,229,229, 21
395,229,229, 21
396,229,229, 21
397,229,229, 21
398,229,229, 21
399,229,229, 21
400,229,229, 21
401,229,229, 21
402,229,229, 21
403,229,229, 21
404,229,229, 21
405,229,229, 21
406,229,229, 21
407,229,229, 21
408,229,229, 21
409,229,229, 21
410,229,229, 21
411,229,229, 21
412,229,229, 21
413,229,229, 21
414,229,229, 21
415,229,229, 21
416,229,229, 21
417,229,229, 21
418,229,229, 21
419,229,229, 21
420,229,229, 21
421,229,229, 21
422,229,229, 21
423,229,229, 21
424,229,229, 21
425,229,229, 21
426,229,229, 21
427,229,229, 21
428,229,229, 21
429,229,229, 21
430,229,229, 21
431,229,229, 21
432,229,229, 21
433,228,228, 22
434,228,228, 22
435,228,228, 22
436,228,228, 22
437,228,228, 22
438,228,228, 22
439,228,228, 22
440,228,228, 22
441,228,228, 22
442,228,228, 22
443,228,228, 22
444,228,228, 22
445,228,228, 22
446,228,228, 22
447,228,228, 22
448,228,228, 22
449,228,228, 22
450,228,228, 22
451,228,228, 22
452,228,228, 22
453,228,228, 22
454,228,228, 22
455,228,228, 22
456,228,228, 22
457,228,228, 22
458,228,228, 22
459,228,228, 22
460,228,228, 22
461,228,228, 22
462,228,228, 22
463,228,228, 22
464,228,228, 22
465,228,228, 22
466,228,228, 22
467,228,228, 22
468,228,228, 22
469,228,228, 22
470,228,228, 22
471,228,228, 22
472,228,228, 22
473,228,228, 22
474,228,228, 22
475,228,228, 22
476,228,228, 22
477,228,228, 22
478,228,228, 22
479,228,228, 22
480,228,228, 22
481,228,228, 22
482,228,228, 22
483,228,228, 22
484,228,228, 22
485,228,228, 22
486,228,228, 22
487,228,228, 22
488,228,228, 22
489,228,228, 22
490,228,228, 22
491,228,228, 22
492,228,228, 22
493,228,228, 22
494,228,228, 22
495,228,228, 22
496,228,228, 22
497,228,228, 22
498,228,228, 22
499,228,228, 22
500,228,228, 22
501,228,228, 22
502,228,228, 22
503,228,228, 22
504,228,228, 22
505,228,228, 22
506,228,228, 22
507,228,228, 22
508,228,228, 22
509,228,228, 22
510,228,228, 22
511,228,228, 22
512,228,228, 22
513,228,228, 22
514,228,228, 22
515,228,228, 22
516,228,228, 22
517,228,228, 22
518,228,228, 22
519,228,228, 22
520,228,228, 22
521,228,228, 22
522,228,228, 22
523,228,228, 22
524,228,228, 22
525,228,228, 22
526,228,228, 22
527,228,228, 22
528,228,228, 22
529,228,228, 22
530,228,228, 22
531,228,228, 22
532,228,228, 22
533,228,228, 22
534,228,228, 22
535,228,228, 22
536,228,228, 22
537,228,228, 22
538,228,228, 22
539,228,228, 22
540,228,228, 22
541,228,228, 22
542,228,228, 22
543,228,228, 22
544,228,228, 22
545,228,228, 22
546,228,228, 22
547,228,228, 22
548,228,228, 22
549,228,228, 22
550,228,228, 22
551,228,228, 22
552,228,228, 22
553,228,228, 22
554,228,228, 22
555,228,228, 22
556,228,228, 22
557,228,228, 22
558,228,228, 22
559,228,228, 22
560,228,228, 22
561,228,228, 22
562,228,228, 22
563,228,228, 22
564,228,228, 22
565,228,228, 22
566,228,228, 22
567,228,228, 22
568,228,228, 22
569,227,227, 23
570,227,227, 23
571,227,227, 23
572,227,227, 23
573,227,227, 23
574,227,227, 23
575,227,227, 23
576,227,227, 23
577,227,227, 23
578,227,227, 23
579,227,227, 23
580,227,227, 23
581,227,227, 23
582,227,227, 23
583,227,227, 23
584,227,227, 23
585,227,227, 23
586,227,227, 23
587,227,227, 23
588,227,227, 23
589,227,227, 23
590,227,227, 23
591,227,227, 23
592,227,227, 23
593,227,227, 23
594,227,227, 23
595,227,227, 23
596,227,227, 23
597,227,227, 23
598,226,226, 24
599,226,226, 24
600,226,226, 24
601,226,226, 24
602,226,226, 24
603,226,226, 24
604,226,226, 24
605,226,226, 24
606,226,226, 24
607,226,226, 24
608,226,226, 24
609,226,226, 24
610,226,226, 24
611,226,226, 24
612,226,226, 24
613,226,226, 24
614,226,226, 24
615,226,226, 24
616,226,226, 24
617,226,226, 24
618,226,226, 24
619,226,226, 24
620,226,226, 24
621,226,226, 24
622,226,226, 24
623,226,226, 24
624,226,226, 24
625,226,226, 24
626,226,226, 24
627,226,226, 24
628,226,226, 24
629,225,225, 25
630,225,225, 25
631,225,225, 25
632,225,225, 25
633,225,225, 25
634,225,225, 25
635,225,225, 25
636,225,225, 25
637,225,225, 25
638,225,225, 25
639,225,225, 25
640,225,225, 25
641,225,225, 25
642,225,225, 25
643,225,225, 25
644,225,225, 25
645,225,225, 25
646,225,225, 25
647,225,225, 25
648,225,225, 25
649,225,225, 25
650,225,225, 25
651,225,225, 25
652,225,225, 25
653,225,225, 25
654,224,224, 26
655,224,224, 26
656,224,224, 26
657,224,224, 26
658,224,224, 26
659,224,224, 26
660,224,224, 26
661,224,224, 26
662,224,224, 26
663,224,224, 26
664,224,224, 26
665,224,224, 26
666,224,224, 26
667,224,224, 26
668,224,224, 26
669,224,224, 26
670,224,224, 26
671,224,224, 26
672,224,224, 26
673,224,224, 26
674,224,224, 26
675,224,224, 26
676,224,224, 26
677,224,224, 26
678,224,224, 26
679,224,224, 26
680,224,224, 26
681,224,224, 26
682,224,224, 26
683,223,223, 27
684,223,223, 27
685,223,223, 27
686,223,223, 27
687,222,222, 28
688,222,222, 28
689,222,222, 28
690,222,222, 28
691,221,221, 29
692,221,221, 29
693,220,220, 30
694,220,220, 30
695,220,220, 30
696,220,220, 30
697,220,220, 30
698,220,220, 30
699,220,220, 30
700,220,220, 30
701,220,220, 30
702,220,220, 30
703,220,220, 30
704,220,220, 30
705,220,220, 30
706,220,220, 30
707,220,220, 30
708,220,220, 30
709,220,220, 30
710,220,220, 30
711,220,220, 30
712,220,220, 30
713,220,220, 30
714,220,220, 30
715,220,220, 30
716,220,220, 30
717,220,220, 30
718,220,220, 30
719,220,220, 30
720,220,220, 30
721,220,220, 30
722,220,220, 30
723,220,220, 30
724,220,220, 30
725,220,220, 30
726,220,220, 30
727,220,220, 30
728,220,220, 30
729,220,220, 30
730,220,220, 30
731,220,220, 30
732,220,220, 30
733,220,220, 30
734,220,220, 30
735,220,220, 30
736,220,220, 30
737,220,220, 30
738,220,220, 30
739,220,220, 30
740,220,220, 30
741,220,220, 30
742,220,220, 30
743,220,220, 30
744,220,220, 30
745,220,220, 30
746,220,220, 30
747,220,220, 30
748,220,220, 30
749,220,220, 30
750,220,220, 30
751,220,220, 30
752,220,220, 30
753,220,220, 30
754,220,220, 30
755,220,220, 30
756,220,220, 30
757,220,220, 30
758,220,220, 30
759,220,220, 30
760,220,220, 30
761,220,220, 30
762,220,220, 30
763,220,220, 30
764,220,220, 30
765,220,220, 30
766,220,220, 30
767,220,220, 30
768,220,220, 30
769,220,220, 30
770,220,220, 30
771,220,220, 30
772,220,220, 30
773,220,220, 30
774,220,220, 30
775,220,220, 30
776,219,219, 31
777,219,219, 31
778,219,219, 31
779,219,219, 31
780,219,219, 31
781,219,219, 31
782,219,219, 31
783,219,219, 31
784,219,219, 31
785,219,219, 31
786,219,219, 31
787,219,219, 31
788,219,219, 31
789,219,219, 31
790,219,219, 31
791,219,219, 31
792,219,219, 31
793,219,219, 31
794,219,219, 31
795,219,219, 31
796,219,219, 31
797,219,219, 31
798,219,219, 31
799,219,219, 31
800,219,219, 31
801,219,219, 31
802,219,219, 31
803,219,219, 31
804,219,219, 31
805,219,219, 31
806,219,219, 31
807,219,219, 31
808,219,219, 31
809,219,219, 31
810,219,219, 31
811,219,219, 31
812,219,219, 31
813,219,219, 31
814,219,219, 31
815,219,219, 31
816,219,219, 31
817,219,219, 31
818,219,219, 31
819,219,219, 31
820,219,219, 31
821,219,219, 31
822,219,219, 31
823,219,219, 31
824,219,219, 31
825,219,219, 31
826,219,219, 31
827,219,219, 31
828,219,219, 31
829,219,219, 31
830,219,219, 31
831,219,219, 31
832,219,219, 31
833,219,219, 31
834,219,219, 31
835,219,219, 31
836,219,219, 31
837,219,219, 31
838,219,219, 31
839,219,219, 31
840,219,219, 31
841,219,219, 31
842,219,219, 31
843,219,219, 31
844,219,219, 31
845,219,219, 31
846,219,219, 31
847,219,219, 31
848,219,219, 31
849,219,219, 31
850,219,219, 31
851,219,219, 31
852,219,219, 31
853,219,219, 31
854,219,219, 31
855,219,219, 31
856,219,219, 31
857,219,219, 31
858,219,219, 31
859,219,219, 31
860,219,219, 31
861,219,219, 31
862,219,219, 31
863,219,219, 31
864,219,219, 31
865,219,219, 31
866,219,219, 31
867,219,219, 31
868,219,219, 31
869,219,219, 31
870,219,219, 31
871,219,219, 31
872,219,219, 31
873,219,219, 31
874,219,219, 31
875,219,219, 31
876,219,219, 31
877,219,219, 31
878,219,219, 31
879,219,219, 31
880,219,219, 31
881,219,219, 31
882,219,219, 31
883,219,219, 31
884,219,219, 31
885,219,219, 31
886,219,219, 31
887,219,219, 31
888,219,219, 31
889,219,219, 31
890,219,219, 31
891,219,219, 31
892,219,219, 31
893,219,219, 31
894,219,219, 31
895,219,219, 31
896,219,219, 31
897,219,219, 31
898,219,219, 31
899,219,219, 31
900,219,219, 31
901,219,219, 31
902,219,219, 31
903,219,219, 31
904,219,219, 31
905,219,219, 31
906,219,219, 31
907,219,219, 31
908,219,219, 31
909,219,219, 31
910,219,219, 31
911,219,219, 31
912,219,219, 31
913,219,219, 31
914,219,219, 31
915,219,219, 31
916,219,219, 31
917,219,219, 31
918,219,219, 31
919,219,219, 31
920,219,219, 31
921,219,219, 31
922,219,219, 31
923,219,219, 31
924,219,219, 31
925,219,219, 31
926,219,219, 31
927,219,219, 31
928,219,219, 31
929,219,219, 31
930,219,219, 31
931,219,219, 31
932,219,219, 31
933,219,219, 31
934,219,219, 31
935,219,219, 31
936,219,219, 31
937,219,219, 31
938,219,219, 31
939,219,219, 31
940,219,219, 31
941,219,219, 31
942,219,219, 31
943,219,219, 31
944,219,219, 31
945,219,219, 31
946,219,219, 31
947,219,219, 31
948,219,219, 31
949,219,219, 31
950,219,219, 31
951,219,219, 31
952,219,219, 31
953,219,219, 31
954,219,219, 31
955,218,218, 32
956,218,218, 32
957,218,218, 32
958,218,218, 32
959,218,218, 32
960,218,218, 32
961,218,218, 32
962,218,218, 32
963,218,218, 32
964,218,218, 32
965,218,218, 32
966,218,218, 32
967,218,218, 32
968,218,218, 32
969,218,218, 32
970,218,218, 32
971,218,218, 32
972,218,218, 32
973,218,218, 32
974,218,218, 32
975,218,218, 32
976,218,218, 32
977,218,218, 32
978,218,218, 32
979,218,218, 32
980,218,218, 32
981,218,218, 32
982,218,218, 32
983,218,218, 32
984,218,218, 32
985,218,218, 32
986,218,218, 32
987,218,218, 32
988,218,218, 32
989,218,218, 32
990,217,217, 33
991,217,217, 33
992,217,217, 33
993,217,217, 33
994,217,217, 33
995,217,217, 33
996,217,217, 33
997,217,217, 33
998,217,217, 33
999,217,217, 33
1000,217,217, 33
1001,217,217, 33
1002,217,217, 33
1003,217,217, 33
1004,217,217, 33
1005,217,217, 33
1006,217,217, 33
1007,217,217, 33
1008,217,217, 33
1009,217,217, 33
1010,217,217, 33
1011,217,217, 33
1012,216,216, 34
1013,216,216, 34
1014,216,216, 34
1015,216,216, 34
1016,216,216, 34
1017,216,216, 34
1018,216,216, 34
1019,216,216, 34
1020,216,216, 34
1021,216,216, 34
1022,216,216, 34
1023,216,216, 34
1024,216,216, 34
1025,216,216, 34
1026,216,216, 34
1027,216,216, 34
1028,216,216, 34
1029,216,216, 34
1030,216,216, 34
1031,216,216, 34
1032,216,216, 34
1033,216,216, 34
1034,216,216, 34
1035,216,216, 34
1036,216,216, 34
1037,216,216, 34
1038,216,216, 34
1039,216,216, 34
1040,216,216, 34
1041,216,216, 34
1042,216,216, 34
1043,216,216, 34
1044,216,216, 34
1045,216,216, 34
1046,216,216, 34
1047,216,216, 34
1048,216,216, 34
1049,216,216, 34
1050,216,216, 34
1051,216,216, 34
1052,216,216, 34
1053,216,216, 34
1054,216,216, 34
1055,216,216, 34
1056,216,216, 34
1057,216,216, 34
1058,216,216, 34
1059,216,216, 34
1060,216,216, 34
1061,216,216, 34
1062,216,216, 34
1063,216,216, 34
1064,216,216, 34
1065,216,216, 34
1066,216,216, 34
1067,216,216, 34
1068,216,216, 34
1069,216,216, 34
1070,216,216, 34
1071,216,216, 34
1072,216,216, 34
1073,216,216, 34
1074,216,216, 34
1075,216,216, 34
1076,216,216, 34
1077,216,216, 34
1078,216,216, 34
1079,216,216, 34
1080,215,215, 35
1081,215,215, 35
1082,215,215, 35
1083,215,215, 35
1084,215,215, 35
1085,215,215, 35
1086,215,215, 35
1087,215,215, 35
1088,215,215, 35
1089,215,215, 35
1090,215,215, 35
1091,215,215, 35
1092,215,215, 35
1093,215,215, 35
1094,215,215, 35
1095,215,215, 35
1096,215,215, 35
1097,215,215, 35
1098,215,215, 35
1099,215,215, 35
1100,215,215, 35
1101,215,215, 35
1102,215,215, 35
1103,215,215, 35
1104,215,215, 35
1105,215,215, 35
1106,215,215, 35
1107,215,215, 35
1108,215,215, 35
1109,215,215, 35
1110,215,215, 35
1111,215,215, 35
1112,215,215, 35
1113,215,215, 35
1114,215,215, 35
1115,215,215, 35
1116,215,215, 35
1117,215,215, 35
1118,215,215, 35
1119,215,215, 35
1120,215,215, 35
1121,215,215, 35
1122,215,215, 35
1123,215,215, 35
1124,215,215, 35
1125,215,215, 35
1126,215,215, 35
1127,215,215, 35
1128,215,215, 35
1129,215,215, 35
1130,215,215, 35
1131,215,215, 35
1132,215,215, 35
1133,215,215, 35
1134,215,215, 35
1135,215,215, 35
1136,215,215, 35
1137,215,215, 35
1138,215,215, 35
1139,215,215, 35
1140,215,215, 35
1141,215,215, 35
1142,215,215, 35
1143,215,215, 35
1144,215,215, 35
1145,215,215, 35
1146,215,215, 35
1147,215,215, 35
1148,215,215, 35
1149,215,215, 35
1150,215,215, 35
1151,215,215, 35
1152,215,215, 35
1153,215,215, 35
1154,215,215, 35
1155,215,215, 35
1156,215,215, 35
1157,215,215, 35
1158,215,215, 35
1159,215,215, 35
1160,215,215, 35
1161,215,215, 35
1162,215,215, 35
1163,215,215, 35
1164,215,215, 35
1165,215,215, 35
1166,215,215, 35
1167,215,215, 35
1168,215,215, 35
1169,215,215, 35
1170,215,215, 35
1171,215,215, 35
1172,215,215, 35
1173,215,215, 35
1174,215,215, 35
1175,215,215, 35
1176,215,215, 35
1177,215,215, 35
1178,215,215, 35
1179,215,215, 35
1180,215,215, 35
1181,215,215, 35
1182,215,215, 35
1183,215,215, 35
1184,215,215, 35
1185,215,215, 35
1186,215,215, 35
1187,215,215, 35
1188,215,215, 35
1189,215,215, 35
1190,215,215, 35
1191,215,215, 35
1192,215,215, 35
1193,215,215, 35
1194,215,215, 35
1195,215,215, 35
1196,215,215, 35
1197,215,215, 35
1198,215,215, 35
1199,215,215, 35
1200,215,215, 35
1201,215,215, 35
1202,215,215, 35
1203,215,215, 35
1204,215,215, 35
1205,215,215, 35
1206,215,215, 35
1207,215,215, 35
1208,215,215, 35
1209,215,215, 35
1210,215,215, 35
1211,215,215, 35
1212,215,215, 35
1213,215,215, 35
1214,215,215, 35
1215,215,215, 35
1216,215,215, 35
1217,215,215, 35
1218,215,215, 35
1219,215,215, 35
1220,215,215, 35
1221,215,215, 35
1222,215,215, 35
1223,215,215, 35
1224,215,215, 35
1225,215,215, 35
1226,215,215, 35
1227,215,215, 35
1228,215,215, 35
1229,215,215, 35
1230,215,215, 35
1231,215,215, 35
1232,215,215, 35
1233,215,215, 35
1234,215,215, 35
1235,215,215, 35
1236,215,215, 35
1237,215,215, 35
1238,215,215, 35
1239,215,215, 35
1240,215,215, 35
1241,215,215, 35
1242,215,215, 35
1243,215,215, 35
1244,215,215, 35
1245,215,215, 35
1246,215,215, 35
1247,215,215, 35
1248,215,215, 35
1249,215,215, 35
1250,215,215, 35
1251,215,215, 35
1252,215,215, 35
1253,215,215, 35
1254,215,215, 35
1255,215,215, 35
1256,215,215, 35
1257,215,215, 35
1258,215,215, 35
1259,215,215, 35
1260,215,215, 35
1261,215,215, 35
1262,215,215, 35
1263,215,215, 35
1264,215,215, 35
1265,215,215, 35
1266,215,215, 35
1267,215,215, 35
1268,215,215, 35
1269,215,215, 35
1270,215,215, 35
1271,215,215, 35
1272,215,215, 35
1273,215,215, 35
1274,215,215, 35
1275,215,215, 35
1276,215,215, 35
1277,215,215, 35
1278,215,215, 35
1279,215,215, 35
1280,215,215, 35
1281,215,215, 35
1282,215,215, 35
1283,215,215, 35
1284,215,215, 35
1285,215,215, 35
1286,215,215, 35
1287,215,215, 35
1288,215,215, 35
1289,215,215, 35
1290,215,215, 35
1291,215,215, 35
1292,215,215, 35
1293,215,215, 35
1294,215,215, 35
1295,215,215, 35
1296,215,215, 35
1297,215,215, 35
1298,215,215, 35
1299,215,215, 35
1300,215,215, 35
1301,215,215, 35
1302,215,215, 35
1303,215,215, 35
1304,215,215, 35
1305,215,215, 35
1306,215,215, 35
1307,215,215, 35
1308,215,215, 35
1309,215,215, 35
1310,215,215, 35
1311,215,215, 35
1312,215,215, 35
1313,215,215, 35
1314,215,215, 35
1315,215,215, 35
1316,215,215, 35
1317,215,215, 35
1318,215,215, 35
1319,215,215, 35
1320,215,215, 35
1321,215,215, 35
1322,215,215, 35
1323,215,215, 35
1324,215,215, 35
1325,215,215, 35
1326,215,215, 35
1327,215,215, 35
1328,215,215, 35
1329,215,215, 35
1330,214,214, 36
1331,214,214, 36
1332,214,214, 36
1333,214,214, 36
1334,214,214, 36
1335,214,214, 36
1336,214,214, 36
1337,214,214, 36
1338,214,214, 36
1339,214,214, 36
1340,214,214, 36
1341,214,214, 36
1342,214,214, 36
1343,214,214, 36
1344,214,214, 36
1345,214,214, 36
1346,214,214, 36
1347,214,214, 36
1348,214,214, 36
1349,214,214, 36
1350,214,214, 36
1351,214,214, 36
1352,214,214, 36
1353,214,214, 36
1354,214,214, 36
1355,214,214, 36
1356,214,214, 36
1357,214,214, 36
1358,214,214, 36
1359,214,214, 36
1360,214,214, 36
1361,214,214, 36
1362,214,214, 36
1363,214,214, 36
1364,214,214, 36
1365,214,214, 36
1366,214,214, 36
1367,214,214, 36
1368,214,214, 36
1369,214,214, 36
1370,214,214, 36
1371,214,214, 36
1372,214,214, 36
1373,214,214, 36
1374,214,214, 36
1375,214,214, 36
1376,214,214, 36
1377,214,214, 36
1378,214,214, 36
1379,214,214, 36
1380,214,214, 36
1381,214,214, 36
1382,214,214, 36
1383,214,214, 36
1384,214,214, 36
1385,214,214, 36
1386,214,214, 36
1387,214,214, 36
1388,214,214, 36
1389,214,214, 36
1390,214,214, 36
1391,214,214, 36
1392,214,214, 36
1393,214,214, 36
1394,214,214, 36
1395,214,214, 36
1396,214,214, 36
1397,214,214, 36
1398,214,214, 36
1399,214,214, 36
1400,214,214, 36
1401,214,214, 36
1402,214,214, 36
1403,214,214, 36
1404,214,214, 36
1405,214,214, 36
1406,214,214, 36
1407,214,214, 36
1408,214,214, 36
1409,214,214, 36
1410,214,214, 36
1411,214,214, 36
1412,214,214, 36
1413,214,214, 36
1414,214,214, 36
1415,214,214, 36
1416,214,214, 36
1417,214,214, 36
1418,214,214, 36
1419,214,214, 36
1420,214,214, 36
1421,214,214, 36
1422,214,214, 36
1423,214,214, 36
1424,214,214, 36
1425,214,214, 36
1426,214,214, 36
1427,214,214, 36
1428,214,214, 36
1429,214,214, 36
1430,214,214, 36
1431,214,214, 36
1432,214,214, 36
1433,214,214, 36
1434,214,214, 36
1435,214,214, 36
1436,214,214, 36
1437,214,214, 36
1438,214,214, 36
1439,214,214, 36
1440,214,214, 36
1441,214,214, 36
1442,214,214, 36
1443,214,214, 36
1444,214,214, 36
1445,214,214, 36
1446,214,214, 36
1447,214,214, 36
1448,214,214, 36
1449,214,214, 36
1450,214,214, 36
1451,214,214, 36
1452,214,214, 36
1453,214,214, 36
1454,214,214, 36
1455,214,214, 36
1456,214,214, 36
1457,214,214, 36
1458,214,214, 36
1459,214,214, 36
1460,214,214, 36
1461,214,214, 36
1462,214,214, 36
1463,214,214, 36
1464,214,214, 36
1465,214,214, 36
1466,214,214, 36
1467,214,214, 36
1468,214,214, 36
1469,214,214, 36
1470,214,214, 36
1471,214,214, 36
1472,214,214, 36
1473,214,214, 36
1474,214,214, 36
1475,214,214, 36
1476,213,213, 37
1477,213,213, 37
1478,213,213, 37
1479,213,213, 37
1480,213,213, 37
1481,213,213, 37
1482,213,213, 37
1483,213,213, 37
1484,213,213, 37
1485,213,213, 37
1486,213,213, 37
1487,213,213, 37
1488,213,213, 37
1489,213,213, 37
1490,213,213, 37
1491,213,213, 37
1492,213,213, 37
1493,213,213, 37
1494,213,213, 37
1495,213,213, 37
1496,213,213, 37
1497,213,213, 37
1498,213,213, 37
1499,213,213, 37
