0,250,250, 0
1,250,250, 0
2,250,250, 0
3,250,250, 0
4,250,250, 0
5,250,250, 0
6,250,250, 0
7,250,250, 0
8,249,249, 1
9,249,249, 1
10,249,249, 1
11,249,249, 1
12,249,249, 1
13,248,248, 2
14,248,248, 2
15,248,248, 2
16,248,248, 2
17,248,248, 2
18,248,248, 2
19,248,248, 2
20,248,248, 2
21,248,248, 2
22,248,248, 2
23,248,248, 2
24,248,248, 2
25,248,248, 2
26,248,248, 2
27,248,248, 2
28,248,248, 2
29,248,248, 2
30,248,248, 2
31,248,248, 2
32,248,248, 2
33,248,248, 2
34,248,248, 2
35,248,248, 2
36,248,248, 2
37,248,248, 2
38,248,248, 2
39,248,248, 2
40,248,248, 2
41,248,248, 2
42,248,248, 2
43,248,248, 2
44,248,248, 2
45,248,248, 2
46,248,248, 2
47,247,247, 3
48,247,247, 3
49,247,247, 3
50,247,247, 3
51,247,247, 3
52,247,247, 3
53,247,247, 3
54,247,247, 3
55,247,247, 3
56,246,246, 4
57,246,246, 4
58,246,246, 4
59,246,246, 4
60,246,246, 4
61,246,246, 4
62,246,246, 4
63,246,246, 4
64,246,246, 4
65,246,246, 4
66,245,245, 5
67,245,245, 5
68,245,245, 5
69,244,244, 6
70,244,244, 6
71,244,244, 6
72,244,244, 6
73,244,244, 6
74,244,244, 6
75,244,244, 6
76,243,243, 7
77,243,243, 7
78,243,243, 7
79,243,243, 7
80,243,243, 7
81,243,243, 7
82,243,243, 7
83,243,243, 7
84,243,243, 7
85,242,242, 8
86,242,242, 8
87,242,242, 8
88,242,242, 8
89,242,242, 8
90,242,242, 8
91,242,242, 8
92,242,242, 8
93,242,242, 8
94,242,242, 8
95,242,242, 8
96,242,242, 8
97,242,242, 8
98,242,242, 8
99,242,242, 8
100,242,242, 8
101,242,242, 8
102,242,242, 8
103,242,242, 8
104,242,242, 8
105,242,242, 8
106,242,242, 8
107,242,242, 8
108,242,242, 8
109,242,242, 8
110,242,242, 8
111,241,241, 9
112,241,241, 9
113,241,241, 9
114,241,241, 9
115,241,241, 9
116,241,241, 9
117,241,241, 9
118,241,241, 9
119,241,241, 9
120,241,241, 9
121,241,241, 9
122,241,241, 9
123,241,241, 9
124,241,241, 9
125,241,241, 9
126,241,241, 9
127,241,241, 9
128,241,241, 9
129,241,241, 9
130,241,241, 9
131,241,241, 9
132,241,241, 9
133,241,241, 9
134,241,241, 9
135,241,241, 9
136,241,241, 9
137,241,241, 9
138,241,241, 9
139,241,241, 9
140,241,241, 9
141,241,241, 9
142,241,241, 9
143,241,241, 9
144,241,241, 9
145,241,241, 9
146,241,241, 9
147,240,240, 10
148,240,240, 10
149,240,240, 10
150,240,240, 10
151,240,240, 10
152,240,240, 10
153,240,240, 10
154,240,240, 10
155,240,240, 10
156,240,240, 10
157,240,240, 10
158,240,240, 10
159,240,240, 10
160,240,240, 10
161,240,240, 10
162,240,240, 10
163,240,240, 10
164,240,240, 10
165,240,240, 10
166,240,240, 10
167,240,240, 10
168,240,240, 10
169,240,240, 10
170,240,240, 10
171,240,240, 10
172,240,240, 10
173,240,240, 10
174,240,240, 10
175,240,240, 10
176,240,240, 10
177,239,239, 11
178,239,239, 11
179,239,239, 11
180,239,239, 11
181,239,239, 11
182,239,239, 11
183,239,239, 11
184,239,239, 11
185,239,239, 11
186,239,239, 11
187,239,239, 11
188,239,239, 11
189,239,239, 11
190,239,239, 11
191,239,239, 11
192,239,239, 11
193,239,239, 11
194,239,239, 11
195,239,239, 11
196,239,239, 11
197,239,239, 11
198,239,239, 11
199,239,239, 11
200,239,239, 11
201,239,239, 11
202,239,239, 11
203,239,239, 11
204,239,239, 11
205,239,239, 11
206,239,239, 11
207,239,239, 11
208,239,239, 11
209,239,239, 11
210,239,239, 11
211,239,239, 11
212,238,238, 12
213,238,238, 12
214,238,238, 12
215,238,238, 12
216,238,238, 12
217,238,238, 12
218,238,238, 12
219,238,238, 12
220,238,238, 12
221,238,238, 12
222,238,238, 12
223,238,238, 12
224,238,238, 12
225,238,238, 12
226,238,238, 12
227,238,238, 12
228,238,238, 12
229,238,238, 12
230,238,238, 12
231,238,238, 12
232,238,238, 12
233,238,238, 12
234,238,238, 12
235,238,238, 12
236,238,238, 12
237,238,238, 12
238,238,238, 12
239,238,238, 12
240,238,238, 12
241,238,238, 12
242,238,238, 12
243,238,238, 12
244,238,238, 12
245,238,238, 12
246,238,238, 12
247,238,238, 12
248,238,238, 12
249,238,238, 12
250,238,238, 12
251,238,238, 12
252,238,238, 12
253,237,237, 13
254,237,237, 13
255,237,237, 13
256,237,237, 13
257,237,237, 13
258,237,237, 13
259,237,237, 13
260,237,237, 13
261,237,237, 13
262,237,237, 13
263,237,237, 13
264,236,236, 14
265,236,236, 14
266,236,236, 14
267,236,236, 14
268,236,236, 14
269,236,236, 14
270,236,236, 14
271,236,236, 14
272,236,236, 14
273,236,236, 14
274,236,236, 14
275,236,236, 14
276,236,236, 14
277,236,236, 14
278,236,236, 14
279,236,236, 14
280,236,236, 14
281,236,236, 14
282,236,236, 14
283,236,236, 14
284,236,236, 14
285,236,236, 14
286,236,236, 14
287,236,236, 14
288,236,236, 14
289,236,236, 14
290,236,236, 14
291,236,236, 14
292,236,236, 14
293,235,235, 15
294,235,235, 15
295,235,235, 15
296,235,235, 15
297,234,234, 16
298,234,234, 16
299,234,234, 16
300,234,234, 16
301,234,234, 16
302,234,234, 16
303,234,234, 16
304,234,234, 16
305,234,234, 16
306,234,234, 16
307,234,234, 16
308,234,234, 16
309,234,234, 16
310,234,234, 16
311,234,234, 16
312,234,234, 16
313,234,234, 16
314,234,234, 16
315,234,234, 16
316,234,234, 16
317,234,234, 16
318,234,234, 16
319,234,234, 16
320,234,234, 16
321,234,234, 16
322,234,234, 16
323,234,234, 16
324,234,234, 16
325,234,234, 16
326,234,234, 16
327,234,234, 16
328,234,234, 16
329,234,234, 16
330,234,234, 16
331,234,234, 16
332,234,234, 16
333,234,234, 16
334,234,234, 16
335,234,234, 16
336,234,234, 16
337,234,234, 16
338,234,234, 16
339,234,234, 16
340,234,234, 16
341,234,234, 16
342,234,234, 16
343,234,234, 16
344,234,234, 16
345,234,234, 16
346,234,234, 16
347,234,234, 16
348,234,234, 16
349,234,234, 16
350,234,234, 16
351,234,234, 16
352,234,234, 16
353,234,234, 16
354,234,234, 16
355,234,234, 16
356,234,234, 16
357,234,234, 16
358,234,234, 16
359,234,234, 16
360,234,234, 16
361,233,233, 17
362,233,233, 17
363,233,233, 17
364,233,233, 17
365,233,233, 17
366,233,233, 17
367,233,233, 17
368,233,233, 17
369,233,233, 17
370,233,233, 17
371,233,233, 17
372,233,233, 17
373,233,233, 17
374,233,233, 17
375,233,233, 17
376,233,233, 17
377,233,233, 17
378,233,233, 17
379,233,233, 17
380,233,233, 17
381,233,233, 17
382,233,233, 17
383,233,233, 17
384,233,233, 17
385,233,233, 17
386,233,233, 17
387,233,233, 17
388,233,233, 17
389,233,233, 17
390,233,233, 17
391,233,233, 17
392,233,233, 17
393,233,233, 17
394,233,233, 17
395,233,233, 17
396,233,233, 17
397,233,233, 17
398,233,233, 17
399,233,233, 17
400,233,233, 17
401,233,233, 17
402,233,233, 17
403,233,233, 17
404,233,233, 17
405,233,233, 17
406,233,233, 17
407,233,233, 17
408,233,233, 17
409,233,233, 17
410,233,233, 17
411,233,233, 17
412,233,233, 17
413,233,233, 17
414,233,233, 17
415,233,233, 17
416,233,233, 17
417,233,233, 17
418,233,233, 17
419,232,232, 18
420,232,232, 18
421,232,232, 18
422,232,232, 18
423,232,232, 18
424,232,232, 18
425,232,232, 18
426,232,232, 18
427,232,232, 18
428,232,232, 18
429,232,232, 18
430,232,232, 18
431,232,232, 18
432,231,231, 19
433,231,231, 19
434,231,231, 19
435,231,231, 19
436,231,231, 19
437,231,231, 19
438,231,231, 19
439,231,231, 19
440,231,231, 19
441,231,231, 19
442,231,231, 19
443,231,231, 19
444,231,231, 19
445,231,231, 19
446,231,231, 19
447,231,231, 19
448,231,231, 19
449,231,231, 19
450,231,231, 19
451,231,231, 19
452,231,231, 19
453,231,231, 19
454,231,231, 19
455,231,231, 19
456,231,231, 19
457,231,231, 19
458,231,231, 19
459,231,231, 19
460,231,231, 19
461,231,231, 19
462,231,231, 19
463,231,231, 19
464,231,231, 19
465,231,231, 19
466,231,231, 19
467,231,231, 19
468,231,231, 19
469,231,231, 19
470,231,231, 19
471,231,231, 19
472,231,231, 19
473,231,231, 19
474,231,231, 19
475,231,231, 19
476,231,231, 19
477,231,231, 19
478,231,231, 19
479,231,231, 19
480,231,231, 19
481,231,231, 19
482,231,231, 19
483,231,231, 19
484,231,231, 19
485,231,231, 19
486,231,231, 19
487,231,231, 19
488,231,231, 19
489,231,231, 19
490,231,231, 19
491,231,231, 19
492,231,231, 19
493,231,231, 19
494,231,231, 19
495,231,231, 19
496,231,231, 19
497,231,231, 19
498,231,231, 19
499,231,231, 19
500,231,231, 19
501,231,231, 19
502,231,231, 19
503,231,231, 19
504,231,231, 19
505,231,231, 19
506,231,231, 19
507,231,231, 19
508,231,231, 19
509,231,231, 19
510,231,231, 19
511,231,231, 19
512,231,231, 19
513,231,231, 19
514,231,231, 19
515,231,231, 19
516,231,231, 19
517,231,231, 19
518,231,231, 19
519,231,231, 19
520,231,231, 19
521,231,231, 19
522,231,231, 19
523,231,231, 19
524,231,231, 19
525,231,231, 19
526,231,231, 19
527,231,231, 19
528,231,231, 19
529,231,231, 19
530,231,231, 19
531,231,231, 19
532,231,231, 19
533,231,231, 19
534,231,231, 19
535,231,231, 19
536,231,231, 19
537,231,231, 19
538,231,231, 19
539,231,231, 19
540,231,231, 19
541,231,231, 19
542,231,231, 19
543,231,231, 19
544,231,231, 19
545,231,231, 19
546,231,231, 19
547,231,231, 19
548,231,231, 19
549,231,231, 19
550,231,231, 19
551,231,231, 19
552,231,231, 19
553,231,231, 19
554,231,231, 19
555,231,231, 19
556,231,231, 19
557,231,231, 19
558,231,231, 19
559,230,230, 20
560,230,230, 20
561,230,230, 20
562,230,230, 20
563,230,230, 20
564,230,230, 20
565,230,230, 20
566,230,230, 20
567,230,230, 20
568,230,230, 20
569,230,230, 20
570,230,230, 20
571,230,230, 20
572,230,230, 20
573,230,230, 20
574,230,230, 20
575,230,230, 20
576,230,230, 20
577,230,230, 20
578,230,230, 20
579,230,230, 20
580,230,230, 20
581,230,230, 20
582,230,230, 20
583,230,230, 20
584,230,230, 20
585,230,230, 20
586,230,230, 20
587,230,230, 20
588,230,230, 20
589,230,230, 20
590,230,230, 20
591,230,230, 20
592,230,230, 20
593,230,230, 20
594,230,230, 20
595,230,230, 20
596,230,230, 20
597,230,230, 20
598,230,230, 20
599,230,230, 20
600,230,230, 20
601,230,230, 20
602,230,230, 20
603,230,230, 20
604,230,230, 20
605,230,230, 20
606,230,230, 20
607,230,230, 20
608,230,230, 20
609,230,230, 20
610,230,230, 20
611,230,230, 20
612,230,230, 20
613,230,230, 20
614,230,230, 20
615,230,230, 20
616,230,230, 20
617,230,230, 20
618,230,230, 20
619,230,230, 20
620,230,230, 20
621,230,230, 20
622,230,230, 20
623,230,230, 20
624,230,230, 20
625,230,230, 20
626,230,230, 20
627,230,230, 20
628,230,230, 20
629,230,230, 20
630,230,230, 20
631,230,230, 20
632,230,230, 20
633,230,230, 20
634,230,230, 20
635,230,230, 20
636,230,230, 20
637,230,230, 20
638,230,230, 20
639,230,230, 20
640,230,230, 20
641,230,230, 20
642,230,230, 20
643,230,230, 20
644,229,229, 21
645,229,229, 21
646,229,229, 21
647,229,229, 21
648,229,229, 21
649,229,229, 21
650,229,229, 21
651,229,229, 21
652,229,229, 21
653,229,229, 21
654,229,229, 21
655,229,229, 21
656,229,229, 21
657,229,229, 21
658,229,229, 21
659,229,229, 21
660,229,229, 21
661,229,229, 21
662,229,229, 21
663,229,229, 21
664,228,228, 22
665,228,228, 22
666,228,228, 22
667,228,228, 22
668,228,228, 22
669,228,228, 22
670,228,228, 22
671,228,228, 22
672,228,228, 22
673,228,228, 22
674,228,228, 22
675,228,228, 22
676,228,228, 22
677,228,228, 22
678,228,228, 22
679,228,228, 22
680,228,228, 22
681,228,228, 22
682,228,228, 22
683,228,228, 22
684,228,228, 22
685,228,228, 22
686,228,228, 22
687,228,228, 22
688,228,228, 22
689,228,228, 22
690,228,228, 22
691,228,228, 22
692,228,228, 22
693,228,228, 22
694,228,228, 22
695,228,228, 22
696,228,228, 22
697,228,228, 22
698,228,228, 22
699,228,228, 22
700,228,228, 22
701,228,228, 22
702,228,228, 22
703,228,228, 22
704,228,228, 22
705,228,228, 22
706,228,228, 22
707,228,228, 22
708,228,228, 22
709,228,228, 22
710,228,228, 22
711,228,228, 22
712,228,228, 22
713,228,228, 22
714,228,228, 22
715,228,228, 22
716,228,228, 22
717,228,228, 22
718,228,228, 22
719,228,228, 22
720,228,228, 22
721,228,228, 22
722,228,228, 22
723,228,228, 22
724,228,228, 22
725,228,228, 22
726,228,228, 22
727,228,228, 22
728,228,228, 22
729,228,228, 22
730,228,228, 22
731,228,228, 22
732,228,228, 22
733,228,228, 22
734,228,228, 22
735,228,228, 22
736,228,228, 22
737,228,228, 22
738,228,228, 22
739,228,228, 22
740,228,228, 22
741,228,228, 22
742,228,228, 22
743,228,228, 22
744,228,228, 22
745,228,228, 22
746,228,228, 22
747,228,228, 22
748,228,228, 22
749,228,228, 22
750,228,228, 22
751,228,228, 22
752,228,228, 22
753,228,228, 22
754,228,228, 22
755,228,228, 22
756,228,228, 22
757,228,228, 22
758,228,228, 22
759,228,228, 22
760,228,228, 22
761,228,228, 22
762,228,228, 22
763,228,228, 22
764,228,228, 22
765,228,228, 22
766,228,228, 22
767,228,228, 22
768,228,228, 22
769,228,228, 22
770,228,228, 22
771,228,228, 22
772,228,228, 22
773,228,228, 22
774,228,228, 22
775,228,228, 22
776,228,228, 22
777,228,228, 22
778,228,228, 22
779,228,228, 22
780,228,228, 22
781,228,228, 22
782,228,228, 22
783,228,228, 22
784,228,228, 22
785,228,228, 22
786,228,228, 22
787,228,228, 22
788,228,228, 22
789,228,228, 22
790,228,228, 22
791,228,228, 22
792,228,228, 22
793,228,228, 22
794,228,228, 22
795,228,228, 22
796,228,228, 22
797,228,228, 22
798,228,228, 22
799,228,228, 22
800,228,228, 22
801,228,228, 22
802,228,228, 22
803,228,228, 22
804,228,228, 22
805,228,228, 22
806,228,228, 22
807,228,228, 22
808,228,228, 22
809,228,228, 22
810,228,228, 22
811,228,228, 22
812,228,228, 22
813,228,228, 22
814,228,228, 22
815,228,228, 22
816,228,228, 22
817,228,228, 22
818,228,228, 22
819,228,228, 22
820,228,228, 22
821,228,228, 22
822,228,228, 22
823,228,228, 22
824,228,228, 22
825,228,228, 22
826,228,228, 22
827,228,228, 22
828,228,228, 22
829,228,228, 22
830,228,228, 22
831,228,228, 22
832,228,228, 22
833,228,228, 22
834,228,228, 22
835,228,228, 22
836,228,228, 22
837,228,228, 22
838,228,228, 22
839,228,228, 22
840,228,228, 22
841,228,228, 22
842,228,228, 22
843,228,228, 22
844,228,228, 22
845,228,228, 22
846,228,228, 22
847,228,228, 22
848,228,228, 22
849,228,228, 22
850,228,228, 22
851,228,228, 22
852,228,228, 22
853,228,228, 22
854,228,228, 22
855,228,228, 22
856,228,228, 22
857,228,228, 22
858,228,228, 22
859,228,228, 22
860,228,228, 22
861,228,228, 22
862,228,228, 22
863,228,228, 22
864,228,228, 22
865,228,228, 22
866,228,228, 22
867,228,228, 22
868,228,228, 22
869,228,228, 22
870,228,228, 22
871,228,228, 22
872,228,228, 22
873,228,228, 22
874,228,228, 22
875,228,228, 22
876,228,228, 22
877,228,228, 22
878,228,228, 22
879,228,228, 22
880,228,228, 22
881,228,228, 22
882,228,228, 22
883,228,228, 22
884,228,228, 22
885,228,228, 22
886,228,228, 22
887,228,228, 22
888,228,228, 22
889,228,228, 22
890,228,228, 22
891,228,228, 22
892,228,228, 22
893,228,228, 22
894,228,228, 22
895,228,228, 22
896,228,228, 22
897,228,228, 22
898,228,228, 22
899,228,228, 22
900,228,228, 22
901,228,228, 22
902,228,228, 22
903,228,228, 22
904,228,228, 22
905,228,228, 22
906,228,228, 22
907,228,228, 22
908,228,228, 22
909,228,228, 22
910,228,228, 22
911,228,228, 22
912,228,228, 22
913,228,228, 22
914,228,228, 22
915,228,228, 22
916,228,228, 22
917,228,228, 22
918,228,228, 22
919,228,228, 22
920,228,228, 22
921,228,228, 22
922,228,228, 22
923,228,228, 22
924,228,228, 22
925,228,228, 22
926,228,228, 22
927,228,228, 22
928,228,228, 22
929,228,228, 22
930,228,228, 22
931,228,228, 22
932,228,228, 22
933,228,228, 22
934,228,228, 22
935,228,228, 22
936,228,228, 22
937,228,228, 22
938,228,228, 22
939,228,228, 22
940,228,228, 22
941,228,228, 22
942,228,228, 22
943,228,228, 22
944,228,228, 22
945,228,228, 22
946,228,228, 22
947,228,228, 22
948,228,228, 22
949,228,228, 22
950,228,228, 22
951,228,228, 22
952,228,228, 22
953,228,228, 22
954,228,228, 22
955,227,227, 23
956,227,227, 23
957,227,227, 23
958,227,227, 23
959,227,227, 23
960,227,227, 23
961,227,227, 23
962,227,227, 23
963,227,227, 23
964,227,227, 23
965,227,227, 23
966,227,227, 23
967,227,227, 23
968,227,227, 23
969,227,227, 23
970,227,227, 23
971,227,227, 23
972,227,227, 23
973,227,227, 23
974,227,227, 23
975,227,227, 23
976,227,227, 23
977,227,227, 23
978,227,227, 23
979,227,227, 23
980,227,227, 23
981,227,227, 23
982,227,227, 23
983,227,227, 23
984,227,227, 23
985,227,227, 23
986,227,227, 23
987,227,227, 23
988,227,227, 23
989,227,227, 23
990,227,227, 23
991,227,227, 23
992,227,227, 23
993,227,227, 23
994,227,227, 23
995,227,227, 23
996,227,227, 23
997,227,227, 23
998,227,227, 23
999,227,227, 23
1000,227,227, 23
1001,227,227, 23
1002,227,227, 23
1003,227,227, 23
1004,227,227, 23
1005,227,227, 23
1006,227,227, 23
1007,227,227, 23
1008,227,227, 23
1009,227,227, 23
1010,227,227, 23
1011,227,227, 23
1012,227,227, 23
1013,227,227, 23
1014,227,227, 23
1015,227,227, 23
1016,227,227, 23
1017,227,227, 23
1018,227,227, 23
1019,227,227, 23
1020,227,227, 23
1021,227,227, 23
1022,227,227, 23
1023,227,227, 23
1024,227,227, 23
1025,227,227, 23
1026,227,227, 23
1027,227,227, 23
1028,227,227, 23
1029,227,227, 23
1030,227,227, 23
1031,227,227, 23
1032,227,227, 23
1033,227,227, 23
1034,227,227, 23
1035,227,227, 23
1036,227,227, 23
1037,227,227, 23
1038,227,227, 23
1039,227,227, 23
1040,227,227, 23
1041,227,227, 23
1042,227,227, 23
1043,227,227, 23
1044,227,227, 23
1045,227,227, 23
1046,227,227, 23
1047,227,227, 23
1048,227,227, 23
1049,227,227, 23
1050,227,227, 23
1051,227,227, 23
1052,227,227, 23
1053,227,227, 23
1054,227,227, 23
1055,227,227, 23
1056,227,227, 23
1057,227,227, 23
1058,227,227, 23
1059,227,227, 23
1060,227,227, 23
1061,227,227, 23
1062,227,227, 23
1063,227,227, 23
1064,227,227, 23
1065,227,227, 23
1066,227,227, 23
1067,227,227, 23
1068,227,227, 23
1069,227,227, 23
1070,227,227, 23
1071,227,227, 23
1072,227,227, 23
1073,227,227, 23
1074,227,227, 23
1075,227,227, 23
1076,227,227, 23
1077,227,227, 23
1078,227,227, 23
1079,227,227, 23
1080,227,227, 23
1081,227,227, 23
1082,227,227, 23
1083,227,227, 23
1084,227,227, 23
1085,227,227, 23
1086,227,227, 23
1087,227,227, 23
1088,227,227, 23
1089,227,227, 23
1090,227,227, 23
1091,227,227, 23
1092,227,227, 23
1093,227,227, 23
1094,227,227, 23
1095,227,227, 23
1096,227,227, 23
1097,227,227, 23
1098,227,227, 23
1099,227,227, 23
1100,227,227, 23
1101,227,227, 23
1102,227,227, 23
1103,227,227, 23
1104,227,227, 23
1105,227,227, 23
1106,227,227, 23
1107,227,227, 23
1108,227,227, 23
1109,227,227, 23
1110,227,227, 23
1111,227,227, 23
1112,227,227, 23
1113,227,227, 23
1114,227,227, 23
1115,227,227, 23
1116,227,227, 23
1117,227,227, 23
1118,227,227, 23
1119,227,227, 23
1120,227,227, 23
1121,227,227, 23
1122,227,227, 23
1123,227,227, 23
1124,227,227, 23
1125,227,227, 23
1126,227,227, 23
1127,227,227, 23
1128,227,227, 23
1129,227,227, 23
1130,227,227, 23
1131,227,227, 23
1132,227,227, 23
1133,227,227, 23
1134,227,227, 23
1135,227,227, 23
1136,227,227, 23
1137,227,227, 23
1138,227,227, 23
1139,227,227, 23
1140,227,227, 23
1141,227,227, 23
1142,227,227, 23
1143,227,227, 23
1144,227,227, 23
1145,227,227, 23
1146,227,227, 23
1147,227,227, 23
1148,227,227, 23
1149,227,227, 23
1150,227,227, 23
1151,227,227, 23
1152,227,227, 23
1153,227,227, 23
1154,227,227, 23
1155,227,227, 23
1156,227,227, 23
1157,227,227, 23
1158,227,227, 23
1159,227,227, 23
1160,227,227, 23
1161,227,227, 23
1162,227,227, 23
1163,227,227, 23
1164,227,227, 23
1165,227,227, 23
1166,227,227, 23
1167,227,227, 23
1168,227,227, 23
1169,227,227, 23
1170,227,227, 23
1171,227,227, 23
1172,227,227, 23
1173,227,227, 23
1174,227,227, 23
1175,227,227, 23
1176,227,227, 23
1177,227,227, 23
1178,227,227, 23
1179,227,227, 23
1180,227,227, 23
1181,227,227, 23
1182,227,227, 23
1183,227,227, 23
1184,227,227, 23
1185,227,227, 23
1186,227,227, 23
1187,227,227, 23
1188,227,227, 23
1189,227,227, 23
1190,227,227, 23
1191,227,227, 23
1192,227,227, 23
1193,227,227, 23
1194,227,227, 23
1195,227,227, 23
1196,227,227, 23
1197,227,227, 23
1198,227,227, 23
1199,227,227, 23
1200,227,227, 23
1201,227,227, 23
1202,227,227, 23
1203,227,227, 23
1204,227,227, 23
1205,227,227, 23
1206,227,227, 23
1207,227,227, 23
1208,227,227, 23
1209,227,227, 23
1210,227,227, 23
1211,227,227, 23
1212,227,227, 23
1213,227,227, 23
1214,227,227, 23
1215,227,227, 23
1216,227,227, 23
1217,227,227, 23
1218,227,227, 23
1219,227,227, 23
1220,227,227, 23
1221,227,227, 23
1222,227,227, 23
1223,227,227, 23
1224,227,227, 23
1225,227,227, 23
1226,227,227, 23
1227,227,227, 23
1228,227,227, 23
1229,227,227, 23
1230,227,227, 23
1231,227,227, 23
1232,227,227, 23
1233,227,227, 23
1234,227,227, 23
1235,227,227, 23
1236,227,227, 23
1237,227,227, 23
1238,227,227, 23
1239,227,227, 23
1240,227,227, 23
1241,227,227, 23
1242,227,227, 23
1243,227,227, 23
1244,227,227, 23
1245,227,227, 23
1246,227,227, 23
1247,227,227, 23
1248,227,227, 23
1249,227,227, 23
1250,227,227, 23
1251,227,227, 23
1252,227,227, 23
1253,227,227, 23
1254,227,227, 23
1255,227,227, 23
1256,227,227, 23
1257,227,227, 23
1258,227,227, 23
1259,227,227, 23
1260,227,227, 23
1261,227,227, 23
1262,227,227, 23
1263,227,227, 23
1264,227,227, 23
1265,227,227, 23
1266,227,227, 23
1267,227,227, 23
1268,227,227, 23
1269,227,227, 23
1270,227,227, 23
1271,227,227, 23
1272,227,227, 23
1273,227,227, 23
1274,227,227, 23
1275,227,227, 23
1276,227,227, 23
1277,227,227, 23
1278,227,227, 23
1279,227,227, 23
1280,227,227, 23
1281,227,227, 23
1282,227,227, 23
1283,227,227, 23
1284,227,227, 23
1285,227,227, 23
1286,227,227, 23
1287,227,227, 23
1288,227,227, 23
1289,227,227, 23
1290,227,227, 23
1291,227,227, 23
1292,227,227, 23
1293,227,227, 23
1294,227,227, 23
1295,227,227, 23
1296,227,227, 23
1297,227,227, 23
1298,227,227, 23
1299,227,227, 23
1300,227,227, 23
1301,227,227, 23
1302,227,227, 23
1303,227,227, 23
1304,227,227, 23
1305,227,227, 23
1306,227,227, 23
1307,227,227, 23
1308,227,227, 23
1309,227,227, 23
1310,227,227, 23
1311,227,227, 23
1312,227,227, 23
1313,227,227, 23
1314,227,227, 23
1315,227,227, 23
1316,227,227, 23
1317,227,227, 23
1318,227,227, 23
1319,227,227, 23
1320,227,227, 23
1321,227,227, 23
1322,227,227, 23
1323,227,227, 23
1324,227,227, 23
1325,227,227, 23
1326,227,227, 23
1327,227,227, 23
1328,227,227, 23
1329,227,227, 23
1330,227,227, 23
1331,227,227, 23
1332,227,227, 23
1333,227,227, 23
1334,227,227, 23
1335,227,227, 23
1336,227,227, 23
1337,227,227, 23
1338,227,227, 23
1339,227,227, 23
1340,227,227, 23
1341,227,227, 23
1342,227,227, 23
1343,227,227, 23
1344,227,227, 23
1345,227,227, 23
1346,227,227, 23
1347,227,227, 23
1348,227,227, 23
1349,227,227, 23
1350,227,227, 23
1351,227,227, 23
1352,227,227, 23
1353,227,227, 23
1354,227,227, 23
1355,227,227, 23
1356,227,227, 23
1357,227,227, 23
1358,227,227, 23
1359,227,227, 23
1360,227,227, 23
1361,227,227, 23
1362,227,227, 23
1363,227,227, 23
1364,227,227, 23
1365,227,227, 23
1366,227,227, 23
1367,227,227, 23
1368,227,227, 23
1369,227,227, 23
1370,227,227, 23
1371,227,227, 23
1372,227,227, 23
1373,227,227, 23
1374,227,227, 23
1375,227,227, 23
1376,227,227, 23
1377,227,227, 23
1378,227,227, 23
1379,227,227, 23
1380,227,227, 23
1381,227,227, 23
1382,227,227, 23
1383,227,227, 23
1384,227,227, 23
1385,227,227, 23
1386,227,227, 23
1387,227,227, 23
1388,227,227, 23
1389,227,227, 23
1390,227,227, 23
1391,227,227, 23
1392,227,227, 23
1393,227,227, 23
1394,227,227, 23
1395,227,227, 23
1396,227,227, 23
1397,227,227, 23
1398,227,227, 23
1399,227,227, 23
1400,227,227, 23
1401,227,227, 23
1402,227,227, 23
1403,227,227, 23
1404,227,227, 23
1405,227,227, 23
1406,227,227, 23
1407,227,227, 23
1408,227,227, 23
1409,227,227, 23
1410,227,227, 23
1411,227,227, 23
1412,227,227, 23
1413,227,227, 23
1414,227,227, 23
1415,227,227, 23
1416,227,227, 23
1417,227,227, 23
1418,227,227, 23
1419,227,227, 23
1420,227,227, 23
1421,227,227, 23
1422,227,227, 23
1423,227,227, 23
1424,227,227, 23
1425,227,227, 23
1426,227,227, 23
1427,227,227, 23
1428,227,227, 23
1429,227,227, 23
1430,227,227, 23
1431,227,227, 23
1432,227,227, 23
1433,227,227, 23
1434,227,227, 23
1435,227,227, 23
1436,227,227, 23
1437,227,227, 23
1438,227,227, 23
1439,227,227, 23
1440,227,227, 23
1441,227,227, 23
1442,227,227, 23
1443,227,227, 23
1444,227,227, 23
1445,227,227, 23
1446,227,227, 23
1447,227,227, 23
1448,227,227, 23
1449,227,227, 23
1450,227,227, 23
1451,227,227, 23
1452,227,227, 23
1453,227,227, 23
1454,227,227, 23
1455,227,227, 23
1456,227,227, 23
1457,227,227, 23
1458,227,227, 23
1459,227,227, 23
1460,227,227, 23
1461,227,227, 23
1462,227,227, 23
1463,227,227, 23
1464,227,227, 23
1465,227,227, 23
1466,227,227, 23
1467,227,227, 23
1468,227,227, 23
1469,227,227, 23
1470,227,227, 23
1471,227,227, 23
1472,227,227, 23
1473,227,227, 23
1474,227,227, 23
1475,227,227, 23
1476,227,227, 23
1477,227,227, 23
1478,227,227, 23
1479,227,227, 23
1480,227,227, 23
1481,227,227, 23
1482,227,227, 23
1483,227,227, 23
1484,227,227, 23
1485,227,227, 23
1486,227,227, 23
1487,227,227, 23
1488,227,227, 23
1489,227,227, 23
1490,227,227, 23
1491,227,227, 23
1492,227,227, 23
1493,227,227, 23
1494,227,227, 23
1495,227,227, 23
1496,227,227, 23
1497,227,227, 23
1498,227,227, 23
1499,227,227, 23
