0,250,250, 0
1,250,250, 0
2,250,250, 0
3,249,249, 1
4,249,249, 1
5,249,249, 1
6,249,249, 1
7,249,249, 1
8,249,249, 1
9,249,249, 1
10,249,249, 1
11,249,249, 1
12,249,249, 1
13,249,249, 1
14,249,249, 1
15,249,249, 1
16,249,249, 1
17,249,249, 1
18,249,249, 1
19,249,249, 1
20,249,249, 1
21,249,249, 1
22,249,249, 1
23,249,249, 1
24,249,249, 1
25,249,249, 1
26,249,249, 1
27,249,249, 1
28,249,249, 1
29,249,249, 1
30,249,249, 1
31,249,249, 1
32,249,249, 1
33,249,249, 1
34,249,249, 1
35,249,249, 1
36,249,249, 1
37,249,249, 1
38,249,249, 1
39,249,249, 1
40,249,249, 1
41,249,249, 1
42,249,249, 1
43,249,249, 1
44,248,248, 2
45,248,248, 2
46,248,248, 2
47,248,248, 2
48,248,248, 2
49,248,248, 2
50,248,248, 2
51,248,248, 2
52,248,248, 2
53,248,248, 2
54,248,248, 2
55,248,248, 2
56,248,248, 2
57,248,248, 2
58,248,248, 2
59,248,248, 2
60,248,248, 2
61,248,248, 2
62,248,248, 2
63,248,248, 2
64,248,248, 2
65,248,248, 2
66,247,247, 3
67,247,247, 3
68,247,247, 3
69,247,247, 3
70,247,247, 3
71,247,247, 3
72,247,247, 3
73,247,247, 3
74,247,247, 3
75,247,247, 3
76,247,247, 3
77,247,247, 3
78,247,247, 3
79,247,247, 3
80,247,247, 3
81,247,247, 3
82,247,247, 3
83,247,247, 3
84,247,247, 3
85,247,247, 3
86,247,247, 3
87,247,247, 3
88,247,247, 3
89,247,247, 3
90,247,247, 3
91,247,247, 3
92,247,247, 3
93,247,247, 3
94,247,247, 3
95,247,247, 3
96,247,247, 3
97,247,247, 3
98,247,247, 3
99,247,247, 3
100,247,247, 3
101,247,247, 3
102,247,247, 3
103,247,247, 3
104,247,247, 3
105,247,247, 3
106,247,247, 3
107,247,247, 3
108,247,247, 3
109,247,247, 3
110,247,247, 3
111,247,247, 3
112,246,246, 4
113,246,246, 4
114,246,246, 4
115,246,246, 4
116,246,246, 4
117,246,246, 4
118,246,246, 4
119,246,246, 4
120,246,246, 4
121,246,246, 4
122,246,246, 4
123,246,246, 4
124,246,246, 4
125,246,246, 4
126,246,246, 4
127,246,246, 4
128,246,246, 4
129,246,246, 4
130,246,246, 4
131,246,246, 4
132,246,246, 4
133,245,245, 5
134,245,245, 5
135,245,245, 5
136,245,245, 5
137,245,245, 5
138,245,245, 5
139,245,245, 5
140,245,245, 5
141,245,245, 5
142,245,245, 5
143,245,245, 5
144,245,245, 5
145,245,245, 5
146,245,245, 5
147,245,245, 5
148,245,245, 5
149,245,245, 5
150,245,245, 5
151,245,245, 5
152,245,245, 5
153,245,245, 5
154,245,245, 5
155,245,245, 5
156,245,245, 5
157,245,245, 5
158,245,245, 5
159,245,245, 5
160,244,244, 6
161,244,244, 6
162,244,244, 6
163,244,244, 6
164,244,244, 6
165,244,244, 6
166,244,244, 6
167,244,244, 6
168,244,244, 6
169,244,244, 6
170,244,244, 6
171,244,244, 6
172,244,244, 6
173,244,244, 6
174,244,244, 6
175,244,244, 6
176,244,244, 6
177,244,244, 6
178,244,244, 6
179,244,244, 6
180,244,244, 6
181,244,244, 6
182,244,244, 6
183,243,243, 7
184,243,243, 7
185,243,243, 7
186,243,243, 7
187,243,243, 7
188,243,243, 7
189,243,243, 7
190,243,243, 7
191,243,243, 7
192,243,243, 7
193,243,243, 7
194,243,243, 7
195,243,243, 7
196,243,243, 7
197,243,243, 7
198,243,243, 7
199,243,243, 7
200,242,242, 8
201,242,242, 8
202,242,242, 8
203,242,242, 8
204,242,242, 8
205,242,242, 8
206,242,242, 8
207,242,242, 8
208,242,242, 8
209,241,241, 9
210,241,241, 9
211,241,241, 9
212,241,241, 9
213,241,241, 9
214,241,241, 9
215,241,241, 9
216,241,241, 9
217,241,241, 9
218,241,241, 9
219,241,241, 9
220,241,241, 9
221,241,241, 9
222,241,241, 9
223,241,241, 9
224,241,241, 9
225,241,241, 9
226,241,241, 9
227,241,241, 9
228,241,241, 9
229,241,241, 9
230,241,241, 9
231,241,241, 9
232,241,241, 9
233,241,241, 9
234,241,241, 9
235,241,241, 9
236,241,241, 9
237,241,241, 9
238,241,241, 9
239,241,241, 9
240,241,241, 9
241,241,241, 9
242,241,241, 9
243,241,241, 9
244,241,241, 9
245,241,241, 9
246,241,241, 9
247,241,241, 9
248,241,241, 9
249,241,241, 9
250,241,241, 9
251,241,241, 9
252,241,241, 9
253,241,241, 9
254,241,241, 9
255,241,241, 9
256,241,241, 9
257,241,241, 9
258,241,241, 9
259,241,241, 9
260,241,241, 9
261,241,241, 9
262,241,241, 9
263,241,241, 9
264,241,241, 9
265,241,241, 9
266,241,241, 9
267,241,241, 9
268,241,241, 9
269,241,241, 9
270,241,241, 9
271,241,241, 9
272,241,241, 9
273,241,241, 9
274,241,241, 9
275,241,241, 9
276,241,241, 9
277,241,241, 9
278,241,241, 9
279,241,241, 9
280,240,240, 10
281,240,240, 10
282,240,240, 10
283,240,240, 10
284,240,240, 10
285,240,240, 10
286,240,240, 10
287,240,240, 10
288,240,240, 10
289,240,240, 10
290,240,240, 10
291,240,240, 10
292,240,240, 10
293,240,240, 10
294,240,240, 10
295,240,240, 10
296,240,240, 10
297,240,240, 10
298,240,240, 10
299,240,240, 10
300,240,240, 10
301,240,240, 10
302,240,240, 10
303,240,240, 10
304,240,240, 10
305,240,240, 10
306,240,240, 10
307,240,240, 10
308,240,240, 10
309,240,240, 10
310,240,240, 10
311,240,240, 10
312,240,240, 10
313,240,240, 10
314,240,240, 10
315,240,240, 10
316,240,240, 10
317,240,240, 10
318,240,240, 10
319,240,240, 10
320,240,240, 10
321,240,240, 10
322,240,240, 10
323,240,240, 10
324,240,240, 10
325,240,240, 10
326,240,240, 10
327,240,240, 10
328,240,240, 10
329,240,240, 10
330,240,240, 10
331,240,240, 10
332,240,240, 10
333,240,240, 10
334,240,240, 10
335,240,240, 10
336,240,240, 10
337,240,240, 10
338,239,239, 11
339,239,239, 11
340,239,239, 11
341,239,239, 11
342,239,239, 11
343,239,239, 11
344,239,239, 11
345,239,239, 11
346,239,239, 11
347,239,239, 11
348,239,239, 11
349,239,239, 11
350,239,239, 11
351,239,239, 11
352,239,239, 11
353,239,239, 11
354,239,239, 11
355,239,239, 11
356,239,239, 11
357,239,239, 11
358,239,239, 11
359,239,239, 11
360,239,239, 11
361,239,239, 11
362,239,239, 11
363,239,239, 11
364,239,239, 11
365,239,239, 11
366,239,239, 11
367,239,239, 11
368,239,239, 11
369,239,239, 11
370,239,239, 11
371,239,239, 11
372,239,239, 11
373,239,239, 11
374,239,239, 11
375,239,239, 11
376,239,239, 11
377,239,239, 11
378,239,239, 11
379,238,238, 12
380,238,238, 12
381,238,238, 12
382,238,238, 12
383,238,238, 12
384,238,238, 12
385,238,238, 12
386,238,238, 12
387,238,238, 12
388,238,238, 12
389,238,238, 12
390,238,238, 12
391,238,238, 12
392,238,238, 12
393,238,238, 12
394,238,238, 12
395,238,238, 12
396,238,238, 12
397,238,238, 12
398,238,238, 12
399,238,238, 12
400,238,238, 12
401,238,238, 12
402,238,238, 12
403,238,238, 12
404,238,238, 12
405,238,238, 12
406,238,238, 12
407,238,238, 12
408,238,238, 12
409,238,238, 12
410,237,237, 13
411,237,237, 13
412,237,237, 13
413,237,237, 13
414,237,237, 13
415,237,237, 13
416,237,237, 13
417,237,237, 13
418,237,237, 13
419,237,237, 13
420,237,237, 13
421,237,237, 13
422,237,237, 13
423,237,237, 13
424,237,237, 13
425,237,237, 13
426,237,237, 13
427,237,237, 13
428,237,237, 13
429,237,237, 13
430,237,237, 13
431,237,237, 13
432,237,237, 13
433,237,237, 13
434,237,237, 13
435,237,237, 13
436,237,237, 13
437,237,237, 13
438,237,237, 13
439,237,237, 13
440,237,237, 13
441,237,237, 13
442,237,237, 13
443,237,237, 13
444,237,237, 13
445,237,237, 13
446,237,237, 13
447,237,237, 13
448,237,237, 13
449,237,237, 13
450,237,237, 13
451,237,237, 13
452,237,237, 13
453,237,237, 13
454,237,237, 13
455,237,237, 13
456,237,237, 13
457,237,237, 13
458,237,237, 13
459,237,237, 13
460,237,237, 13
461,237,237, 13
462,237,237, 13
463,237,237, 13
464,237,237, 13
465,237,237, 13
466,237,237, 13
467,237,237, 13
468,237,237, 13
469,237,237, 13
470,237,237, 13
471,237,237, 13
472,237,237, 13
473,237,237, 13
474,237,237, 13
475,237,237, 13
476,237,237, 13
477,237,237, 13
478,237,237, 13
479,237,237, 13
480,237,237, 13
481,237,237, 13
482,237,237, 13
483,237,237, 13
484,237,237, 13
485,237,237, 13
486,237,237, 13
487,237,237, 13
488,237,237, 13
489,237,237, 13
490,237,237, 13
491,237,237, 13
492,237,237, 13
493,237,237, 13
494,237,237, 13
495,237,237, 13
496,237,237, 13
497,237,237, 13
498,237,237, 13
499,237,237, 13
500,237,237, 13
501,237,237, 13
502,237,237, 13
503,237,237, 13
504,237,237, 13
505,237,237, 13
506,237,237, 13
507,237,237, 13
508,237,237, 13
509,237,237, 13
510,237,237, 13
511,237,237, 13
512,237,237, 13
513,237,237, 13
514,237,237, 13
515,237,237, 13
516,237,237, 13
517,237,237, 13
518,237,237, 13
519,237,237, 13
520,237,237, 13
521,237,237, 13
522,237,237, 13
523,237,237, 13
524,237,237, 13
525,237,237, 13
526,237,237, 13
527,237,237, 13
528,237,237, 13
529,237,237, 13
530,237,237, 13
531,237,237, 13
532,237,237, 13
533,237,237, 13
534,237,237, 13
535,237,237, 13
536,237,237, 13
537,237,237, 13
538,237,237, 13
539,237,237, 13
540,237,237, 13
541,237,237, 13
542,237,237, 13
543,237,237, 13
544,237,237, 13
545,237,237, 13
546,237,237, 13
547,237,237, 13
548,237,237, 13
549,237,237, 13
550,237,237, 13
551,237,237, 13
552,237,237, 13
553,237,237, 13
554,237,237, 13
555,237,237, 13
556,237,237, 13
557,237,237, 13
558,237,237, 13
559,237,237, 13
560,237,237, 13
561,237,237, 13
562,237,237, 13
563,237,237, 13
564,237,237, 13
565,237,237, 13
566,237,237, 13
567,237,237, 13
568,237,237, 13
569,237,237, 13
570,237,237, 13
571,237,237, 13
572,237,237, 13
573,237,237, 13
574,237,237, 13
575,237,237, 13
576,237,237, 13
577,237,237, 13
578,237,237, 13
579,237,237, 13
580,237,237, 13
581,237,237, 13
582,237,237, 13
583,237,237, 13
584,237,237, 13
585,237,237, 13
586,237,237, 13
587,237,237, 13
588,237,237, 13
589,237,237, 13
590,237,237, 13
591,237,237, 13
592,237,237, 13
593,237,237, 13
594,237,237, 13
595,236,236, 14
596,236,236, 14
597,236,236, 14
598,236,236, 14
599,236,236, 14
600,236,236, 14
601,236,236, 14
602,236,236, 14
603,236,236, 14
604,236,236, 14
605,236,236, 14
606,236,236, 14
607,236,236, 14
608,236,236, 14
609,236,236, 14
610,236,236, 14
611,236,236, 14
612,236,236, 14
613,236,236, 14
614,235,235, 15
615,235,235, 15
616,235,235, 15
617,235,235, 15
618,235,235, 15
619,235,235, 15
620,235,235, 15
621,235,235, 15
622,235,235, 15
623,235,235, 15
624,235,235, 15
625,235,235, 15
626,235,235, 15
627,235,235, 15
628,235,235, 15
629,235,235, 15
630,235,235, 15
631,235,235, 15
632,235,235, 15
633,235,235, 15
634,235,235, 15
635,235,235, 15
636,235,235, 15
637,235,235, 15
638,235,235, 15
639,235,235, 15
640,235,235, 15
641,235,235, 15
642,235,235, 15
643,235,235, 15
644,235,235, 15
645,235,235, 15
646,235,235, 15
647,235,235, 15
648,235,235, 15
649,235,235, 15
650,235,235, 15
651,235,235, 15
652,235,235, 15
653,235,235, 15
654,235,235, 15
655,235,235, 15
656,235,235, 15
657,235,235, 15
658,235,235, 15
659,235,235, 15
660,235,235, 15
661,234,234, 16
662,234,234, 16
663,234,234, 16
664,234,234, 16
665,234,234, 16
666,234,234, 16
667,234,234, 16
668,234,234, 16
669,234,234, 16
670,234,234, 16
671,234,234, 16
672,234,234, 16
673,234,234, 16
674,234,234, 16
675,234,234, 16
676,234,234, 16
677,234,234, 16
678,234,234, 16
679,234,234, 16
680,234,234, 16
681,234,234, 16
682,234,234, 16
683,234,234, 16
684,234,234, 16
685,234,234, 16
686,234,234, 16
687,234,234, 16
688,234,234, 16
689,234,234, 16
690,234,234, 16
691,234,234, 16
692,234,234, 16
693,234,234, 16
694,234,234, 16
695,234,234, 16
696,234,234, 16
697,234,234, 16
698,234,234, 16
699,234,234, 16
700,234,234, 16
701,234,234, 16
702,234,234, 16
703,234,234, 16
704,234,234, 16
705,234,234, 16
706,234,234, 16
707,234,234, 16
708,234,234, 16
709,234,234, 16
710,234,234, 16
711,234,234, 16
712,234,234, 16
713,234,234, 16
714,234,234, 16
715,234,234, 16
716,234,234, 16
717,234,234, 16
718,234,234, 16
719,234,234, 16
720,234,234, 16
721,234,234, 16
722,234,234, 16
723,234,234, 16
724,234,234, 16
725,234,234, 16
726,234,234, 16
727,234,234, 16
728,234,234, 16
729,234,234, 16
730,234,234, 16
731,234,234, 16
732,234,234, 16
733,234,234, 16
734,234,234, 16
735,234,234, 16
736,234,234, 16
737,234,234, 16
738,234,234, 16
739,234,234, 16
740,234,234, 16
741,234,234, 16
742,234,234, 16
743,234,234, 16
744,234,234, 16
745,234,234, 16
746,234,234, 16
747,234,234, 16
748,234,234, 16
749,234,234, 16
750,234,234, 16
751,234,234, 16
752,234,234, 16
753,234,234, 16
754,234,234, 16
755,234,234, 16
756,234,234, 16
757,234,234, 16
758,234,234, 16
759,234,234, 16
760,234,234, 16
761,234,234, 16
762,234,234, 16
763,234,234, 16
764,234,234, 16
765,234,234, 16
766,234,234, 16
767,234,234, 16
768,234,234, 16
769,234,234, 16
770,234,234, 16
771,234,234, 16
772,234,234, 16
773,234,234, 16
774,234,234, 16
775,234,234, 16
776,234,234, 16
777,234,234, 16
778,234,234, 16
779,234,234, 16
780,234,234, 16
781,234,234, 16
782,234,234, 16
783,234,234, 16
784,234,234, 16
785,234,234, 16
786,234,234, 16
787,234,234, 16
788,234,234, 16
789,234,234, 16
790,234,234, 16
791,234,234, 16
792,234,234, 16
793,234,234, 16
794,234,234, 16
795,234,234, 16
796,234,234, 16
797,234,234, 16
798,234,234, 16
799,234,234, 16
800,234,234, 16
801,234,234, 16
802,234,234, 16
803,234,234, 16
804,234,234, 16
805,234,234, 16
806,234,234, 16
807,234,234, 16
808,234,234, 16
809,234,234, 16
810,234,234, 16
811,234,234, 16
812,234,234, 16
813,234,234, 16
814,234,234, 16
815,234,234, 16
816,234,234, 16
817,234,234, 16
818,234,234, 16
819,234,234, 16
820,234,234, 16
821,234,234, 16
822,234,234, 16
823,234,234, 16
824,234,234, 16
825,234,234, 16
826,234,234, 16
827,234,234, 16
828,234,234, 16
829,234,234, 16
830,234,234, 16
831,234,234, 16
832,234,234, 16
833,234,234, 16
834,234,234, 16
835,234,234, 16
836,234,234, 16
837,234,234, 16
838,234,234, 16
839,234,234, 16
840,234,234, 16
841,234,234, 16
842,234,234, 16
843,234,234, 16
844,234,234, 16
845,234,234, 16
846,234,234, 16
847,234,234, 16
848,234,234, 16
849,234,234, 16
850,234,234, 16
851,234,234, 16
852,234,234, 16
853,234,234, 16
854,234,234, 16
855,234,234, 16
856,234,234, 16
857,234,234, 16
858,234,234, 16
859,234,234, 16
860,234,234, 16
861,233,233, 17
862,233,233, 17
863,233,233, 17
864,233,233, 17
865,233,233, 17
866,233,233, 17
867,233,233, 17
868,233,233, 17
869,233,233, 17
870,233,233, 17
871,233,233, 17
872,233,233, 17
873,233,233, 17
874,233,233, 17
875,233,233, 17
876,233,233, 17
877,233,233, 17
878,233,233, 17
879,233,233, 17
880,233,233, 17
881,233,233, 17
882,233,233, 17
883,233,233, 17
884,233,233, 17
885,233,233, 17
886,233,233, 17
887,233,233, 17
888,233,233, 17
889,233,233, 17
890,233,233, 17
891,233,233, 17
892,233,233, 17
893,233,233, 17
894,233,233, 17
895,233,233, 17
896,233,233, 17
897,233,233, 17
898,233,233, 17
899,233,233, 17
900,233,233, 17
901,233,233, 17
902,233,233, 17
903,233,233, 17
904,233,233, 17
905,233,233, 17
906,233,233, 17
907,233,233, 17
908,233,233, 17
909,233,233, 17
910,233,233, 17
911,233,233, 17
912,233,233, 17
913,233,233, 17
914,233,233, 17
915,233,233, 17
916,233,233, 17
917,233,233, 17
918,233,233, 17
919,233,233, 17
920,233,233, 17
921,232,232, 18
922,232,232, 18
923,232,232, 18
924,232,232, 18
925,232,232, 18
926,232,232, 18
927,232,232, 18
928,232,232, 18
929,232,232, 18
930,232,232, 18
931,232,232, 18
932,232,232, 18
933,232,232, 18
934,232,232, 18
935,232,232, 18
936,232,232, 18
937,232,232, 18
938,232,232, 18
939,232,232, 18
940,232,232, 18
941,232,232, 18
942,232,232, 18
943,232,232, 18
944,232,232, 18
945,232,232, 18
946,232,232, 18
947,232,232, 18
948,232,232, 18
949,232,232, 18
950,232,232, 18
951,232,232, 18
952,232,232, 18
953,232,232, 18
954,232,232, 18
955,232,232, 18
956,232,232, 18
957,232,232, 18
958,232,232, 18
959,232,232, 18
960,232,232, 18
961,232,232, 18
962,232,232, 18
963,232,232, 18
964,232,232, 18
965,232,232, 18
966,232,232, 18
967,232,232, 18
968,232,232, 18
969,232,232, 18
970,232,232, 18
971,232,232, 18
972,232,232, 18
973,232,232, 18
974,232,232, 18
975,232,232, 18
976,232,232, 18
977,232,232, 18
978,232,232, 18
979,232,232, 18
980,232,232, 18
981,232,232, 18
982,232,232, 18
983,232,232, 18
984,232,232, 18
985,232,232, 18
986,232,232, 18
987,232,232, 18
988,232,232, 18
989,232,232, 18
990,232,232, 18
991,232,232, 18
992,232,232, 18
993,232,232, 18
994,232,232, 18
995,232,232, 18
996,232,232, 18
997,232,232, 18
998,232,232, 18
999,232,232, 18
1000,232,232, 18
1001,232,232, 18
1002,232,232, 18
1003,232,232, 18
1004,232,232, 18
1005,232,232, 18
1006,232,232, 18
1007,232,232, 18
1008,232,232, 18
1009,232,232, 18
1010,232,232, 18
1011,232,232, 18
1012,232,232, 18
1013,232,232, 18
1014,232,232, 18
1015,232,232, 18
1016,232,232, 18
1017,232,232, 18
1018,232,232, 18
1019,232,232, 18
1020,232,232, 18
1021,232,232, 18
1022,232,232, 18
1023,232,232, 18
1024,232,232, 18
1025,232,232, 18
1026,232,232, 18
1027,232,232, 18
1028,232,232, 18
1029,232,232, 18
1030,232,232, 18
1031,232,232, 18
1032,232,232, 18
1033,232,232, 18
1034,232,232, 18
1035,232,232, 18
1036,232,232, 18
1037,232,232, 18
1038,232,232, 18
1039,232,232, 18
1040,232,232, 18
1041,232,232, 18
1042,232,232, 18
1043,232,232, 18
1044,232,232, 18
1045,232,232, 18
1046,232,232, 18
1047,232,232, 18
1048,232,232, 18
1049,232,232, 18
1050,231,231, 19
1051,231,231, 19
1052,231,231, 19
1053,231,231, 19
1054,231,231, 19
1055,231,231, 19
1056,231,231, 19
1057,231,231, 19
1058,231,231, 19
1059,231,231, 19
1060,231,231, 19
1061,231,231, 19
1062,231,231, 19
1063,231,231, 19
1064,231,231, 19
1065,231,231, 19
1066,231,231, 19
1067,231,231, 19
1068,231,231, 19
1069,231,231, 19
1070,231,231, 19
1071,231,231, 19
1072,231,231, 19
1073,231,231, 19
1074,231,231, 19
1075,231,231, 19
1076,231,231, 19
1077,231,231, 19
1078,231,231, 19
1079,231,231, 19
1080,231,231, 19
1081,231,231, 19
1082,231,231, 19
1083,231,231, 19
1084,231,231, 19
1085,231,231, 19
1086,231,231, 19
1087,231,231, 19
1088,231,231, 19
1089,231,231, 19
1090,231,231, 19
1091,231,231, 19
1092,231,231, 19
1093,231,231, 19
1094,231,231, 19
1095,231,231, 19
1096,231,231, 19
1097,231,231, 19
1098,231,231, 19
1099,231,231, 19
1100,231,231, 19
1101,231,231, 19
1102,231,231, 19
1103,231,231, 19
1104,231,231, 19
1105,231,231, 19
1106,231,231, 19
1107,231,231, 19
1108,231,231, 19
1109,231,231, 19
1110,231,231, 19
1111,231,231, 19
1112,231,231, 19
1113,231,231, 19
1114,231,231, 19
1115,231,231, 19
1116,231,231, 19
1117,231,231, 19
1118,231,231, 19
1119,231,231, 19
1120,231,231, 19
1121,231,231, 19
1122,231,231, 19
1123,231,231, 19
1124,231,231, 19
1125,231,231, 19
1126,231,231, 19
1127,231,231, 19
1128,231,231, 19
1129,231,231, 19
1130,231,231, 19
1131,231,231, 19
1132,231,231, 19
1133,231,231, 19
1134,231,231, 19
1135,231,231, 19
1136,231,231, 19
1137,231,231, 19
1138,231,231, 19
1139,231,231, 19
1140,231,231, 19
1141,231,231, 19
1142,231,231, 19
1143,231,231, 19
1144,231,231, 19
1145,231,231, 19
1146,231,231, 19
1147,231,231, 19
1148,231,231, 19
1149,231,231, 19
1150,231,231, 19
1151,231,231, 19
1152,231,231, 19
1153,231,231, 19
1154,231,231, 19
1155,231,231, 19
1156,231,231, 19
1157,231,231, 19
1158,231,231, 19
1159,231,231, 19
1160,231,231, 19
1161,231,231, 19
1162,231,231, 19
1163,231,231, 19
1164,231,231, 19
1165,231,231, 19
1166,231,231, 19
1167,231,231, 19
1168,230,230, 20
1169,230,230, 20
1170,230,230, 20
1171,230,230, 20
1172,230,230, 20
1173,230,230, 20
1174,230,230, 20
1175,230,230, 20
1176,230,230, 20
1177,230,230, 20
1178,230,230, 20
1179,230,230, 20
1180,230,230, 20
1181,230,230, 20
1182,230,230, 20
1183,230,230, 20
1184,230,230, 20
1185,230,230, 20
1186,230,230, 20
1187,230,230, 20
1188,230,230, 20
1189,230,230, 20
1190,230,230, 20
1191,230,230, 20
1192,230,230, 20
1193,230,230, 20
1194,230,230, 20
1195,230,230, 20
1196,230,230, 20
1197,230,230, 20
1198,230,230, 20
1199,230,230, 20
1200,230,230, 20
1201,230,230, 20
1202,230,230, 20
1203,230,230, 20
1204,230,230, 20
1205,230,230, 20
1206,230,230, 20
1207,230,230, 20
1208,230,230, 20
1209,230,230, 20
1210,230,230, 20
1211,230,230, 20
1212,230,230, 20
1213,230,230, 20
1214,230,230, 20
1215,230,230, 20
1216,230,230, 20
1217,230,230, 20
1218,230,230, 20
1219,230,230, 20
1220,230,230, 20
1221,230,230, 20
1222,230,230, 20
1223,230,230, 20
1224,230,230, 20
1225,230,230, 20
1226,230,230, 20
1227,230,230, 20
1228,230,230, 20
1229,230,230, 20
1230,230,230, 20
1231,230,230, 20
1232,230,230, 20
1233,230,230, 20
1234,230,230, 20
1235,230,230, 20
1236,230,230, 20
1237,230,230, 20
1238,230,230, 20
1239,230,230, 20
1240,230,230, 20
1241,230,230, 20
1242,230,230, 20
1243,230,230, 20
1244,230,230, 20
1245,230,230, 20
1246,230,230, 20
1247,230,230, 20
1248,230,230, 20
1249,230,230, 20
1250,230,230, 20
1251,230,230, 20
1252,230,230, 20
1253,230,230, 20
1254,230,230, 20
1255,230,230, 20
1256,230,230, 20
1257,230,230, 20
1258,230,230, 20
1259,230,230, 20
1260,230,230, 20
1261,230,230, 20
1262,230,230, 20
1263,230,230, 20
1264,230,230, 20
1265,230,230, 20
1266,230,230, 20
1267,230,230, 20
1268,230,230, 20
1269,230,230, 20
1270,230,230, 20
1271,230,230, 20
1272,230,230, 20
1273,230,230, 20
1274,230,230, 20
1275,230,230, 20
1276,230,230, 20
1277,230,230, 20
1278,230,230, 20
1279,230,230, 20
1280,230,230, 20
1281,230,230, 20
1282,230,230, 20
1283,230,230, 20
1284,230,230, 20
1285,230,230, 20
1286,230,230, 20
1287,230,230, 20
1288,230,230, 20
1289,230,230, 20
1290,230,230, 20
1291,230,230, 20
1292,230,230, 20
1293,230,230, 20
1294,230,230, 20
1295,230,230, 20
1296,230,230, 20
1297,230,230, 20
1298,230,230, 20
1299,230,230, 20
1300,230,230, 20
1301,230,230, 20
1302,230,230, 20
1303,230,230, 20
1304,230,230, 20
1305,230,230, 20
1306,230,230, 20
1307,230,230, 20
1308,230,230, 20
1309,230,230, 20
1310,230,230, 20
1311,230,230, 20
1312,230,230, 20
1313,230,230, 20
1314,230,230, 20
1315,230,230, 20
1316,230,230, 20
1317,230,230, 20
1318,230,230, 20
1319,230,230, 20
1320,230,230, 20
1321,230,230, 20
1322,230,230, 20
1323,230,230, 20
1324,230,230, 20
1325,230,230, 20
1326,230,230, 20
1327,230,230, 20
1328,230,230, 20
1329,230,230, 20
1330,230,230, 20
1331,230,230, 20
1332,230,230, 20
1333,230,230, 20
1334,230,230, 20
1335,230,230, 20
1336,230,230, 20
1337,230,230, 20
1338,230,230, 20
1339,230,230, 20
1340,230,230, 20
1341,230,230, 20
1342,230,230, 20
1343,230,230, 20
1344,230,230, 20
1345,230,230, 20
1346,230,230, 20
1347,230,230, 20
1348,230,230, 20
1349,230,230, 20
1350,230,230, 20
1351,230,230, 20
1352,230,230, 20
1353,230,230, 20
1354,230,230, 20
1355,230,230, 20
1356,230,230, 20
1357,230,230, 20
1358,230,230, 20
1359,230,230, 20
1360,230,230, 20
1361,230,230, 20
1362,230,230, 20
1363,230,230, 20
1364,230,230, 20
1365,230,230, 20
1366,230,230, 20
1367,230,230, 20
1368,230,230, 20
1369,230,230, 20
1370,230,230, 20
1371,230,230, 20
1372,230,230, 20
1373,230,230, 20
1374,230,230, 20
1375,230,230, 20
1376,230,230, 20
1377,230,230, 20
1378,230,230, 20
1379,230,230, 20
1380,230,230, 20
1381,230,230, 20
1382,230,230, 20
1383,230,230, 20
1384,230,230, 20
1385,230,230, 20
1386,230,230, 20
1387,230,230, 20
1388,230,230, 20
1389,230,230, 20
1390,230,230, 20
1391,230,230, 20
1392,230,230, 20
1393,230,230, 20
1394,230,230, 20
1395,230,230, 20
1396,230,230, 20
1397,230,230, 20
1398,230,230, 20
1399,230,230, 20
1400,230,230, 20
1401,230,230, 20
1402,230,230, 20
1403,230,230, 20
1404,230,230, 20
1405,230,230, 20
1406,230,230, 20
1407,230,230, 20
1408,230,230, 20
1409,230,230, 20
1410,230,230, 20
1411,230,230, 20
1412,230,230, 20
1413,230,230, 20
1414,230,230, 20
1415,230,230, 20
1416,230,230, 20
1417,230,230, 20
1418,230,230, 20
1419,230,230, 20
1420,230,230, 20
1421,230,230, 20
1422,230,230, 20
1423,230,230, 20
1424,230,230, 20
1425,230,230, 20
1426,230,230, 20
1427,230,230, 20
1428,230,230, 20
1429,230,230, 20
1430,230,230, 20
1431,230,230, 20
1432,230,230, 20
1433,230,230, 20
1434,230,230, 20
1435,230,230, 20
1436,230,230, 20
1437,230,230, 20
1438,230,230, 20
1439,230,230, 20
1440,230,230, 20
1441,230,230, 20
1442,230,230, 20
1443,230,230, 20
1444,230,230, 20
1445,230,230, 20
1446,230,230, 20
1447,230,230, 20
1448,230,230, 20
1449,230,230, 20
1450,230,230, 20
1451,230,230, 20
1452,230,230, 20
1453,230,230, 20
1454,230,230, 20
1455,230,230, 20
1456,230,230, 20
1457,230,230, 20
1458,230,230, 20
1459,230,230, 20
1460,230,230, 20
1461,230,230, 20
1462,230,230, 20
1463,230,230, 20
1464,230,230, 20
1465,230,230, 20
1466,230,230, 20
1467,230,230, 20
1468,229,229, 21
1469,229,229, 21
1470,229,229, 21
1471,229,229, 21
1472,229,229, 21
1473,229,229, 21
1474,229,229, 21
1475,229,229, 21
1476,229,229, 21
1477,229,229, 21
1478,229,229, 21
1479,229,229, 21
1480,229,229, 21
1481,229,229, 21
1482,229,229, 21
1483,229,229, 21
1484,229,229, 21
1485,229,229, 21
1486,229,229, 21
1487,229,229, 21
1488,229,229, 21
1489,229,229, 21
1490,229,229, 21
1491,229,229, 21
1492,229,229, 21
1493,229,229, 21
1494,229,229, 21
1495,229,229, 21
1496,229,229, 21
1497,229,229, 21
1498,229,229, 21
1499,229,229, 21
