0,250,250, 0
1,250,250, 0
2,250,250, 0
3,250,250, 0
4,250,250, 0
5,250,250, 0
6,250,250, 0
7,250,250, 0
8,250,250, 0
9,250,250, 0
10,250,250, 0
11,250,250, 0
12,250,250, 0
13,250,250, 0
14,250,250, 0
15,250,250, 0
16,250,250, 0
17,250,250, 0
18,249,249, 1
19,249,249, 1
20,249,249, 1
21,249,249, 1
22,248,248, 2
23,248,248, 2
24,248,248, 2
25,248,248, 2
26,248,248, 2
27,248,248, 2
28,248,248, 2
29,248,248, 2
30,248,248, 2
31,248,248, 2
32,247,247, 3
33,247,247, 3
34,247,247, 3
35,247,247, 3
36,247,247, 3
37,247,247, 3
38,247,247, 3
39,247,247, 3
40,247,247, 3
41,247,247, 3
42,247,247, 3
43,247,247, 3
44,247,247, 3
45,247,247, 3
46,247,247, 3
47,247,247, 3
48,247,247, 3
49,247,247, 3
50,247,247, 3
51,247,247, 3
52,247,247, 3
53,247,247, 3
54,247,247, 3
55,246,246, 4
56,246,246, 4
57,246,246, 4
58,245,245, 5
59,245,245, 5
60,245,245, 5
61,245,245, 5
62,245,245, 5
63,245,245, 5
64,245,245, 5
65,245,245, 5
66,245,245, 5
67,245,245, 5
68,245,245, 5
69,245,245, 5
70,245,245, 5
71,245,245, 5
72,245,245, 5
73,245,245, 5
74,245,245, 5
75,245,245, 5
76,245,245, 5
77,245,245, 5
78,245,245, 5
79,245,245, 5
80,245,245, 5
81,245,245, 5
82,245,245, 5
83,245,245, 5
84,244,244, 6
85,244,244, 6
86,244,244, 6
87,244,244, 6
88,244,244, 6
89,244,244, 6
90,244,244, 6
91,244,244, 6
92,244,244, 6
93,244,244, 6
94,244,244, 6
95,244,244, 6
96,244,244, 6
97,244,244, 6
98,244,244, 6
99,244,244, 6
100,244,244, 6
101,244,244, 6
102,244,244, 6
103,244,244, 6
104,244,244, 6
105,244,244, 6
106,244,244, 6
107,244,244, 6
108,243,243, 7
109,243,243, 7
110,243,243, 7
111,243,243, 7
112,242,242, 8
113,242,242, 8
114,241,241, 9
115,241,241, 9
116,241,241, 9
117,241,241, 9
118,241,241, 9
119,241,241, 9
120,241,241, 9
121,241,241, 9
122,241,241, 9
123,241,241, 9
124,241,241, 9
125,241,241, 9
126,241,241, 9
127,241,241, 9
128,241,241, 9
129,241,241, 9
130,241,241, 9
131,241,241, 9
132,241,241, 9
133,241,241, 9
134,241,241, 9
135,241,241, 9
136,241,241, 9
137,241,241, 9
138,241,241, 9
139,241,241, 9
140,241,241, 9
141,241,241, 9
142,241,241, 9
143,241,241, 9
144,241,241, 9
145,241,241, 9
146,241,241, 9
147,241,241, 9
148,241,241, 9
149,241,241, 9
150,241,241, 9
151,241,241, 9
152,241,241, 9
153,241,241, 9
154,241,241, 9
155,241,241, 9
156,241,241, 9
157,241,241, 9
158,241,241, 9
159,241,241, 9
160,241,241, 9
161,241,241, 9
162,241,241, 9
163,241,241, 9
164,241,241, 9
165,241,241, 9
166,241,241, 9
167,241,241, 9
168,241,241, 9
169,241,241, 9
170,241,241, 9
171,241,241, 9
172,241,241, 9
173,241,241, 9
174,241,241, 9
175,241,241, 9
176,241,241, 9
177,241,241, 9
178,241,241, 9
179,241,241, 9
180,240,240, 10
181,240,240, 10
182,240,240, 10
183,239,239, 11
184,239,239, 11
185,239,239, 11
186,239,239, 11
187,239,239, 11
188,239,239, 11
189,239,239, 11
190,239,239, 11
191,239,239, 11
192,239,239, 11
193,239,239, 11
194,239,239, 11
195,239,239, 11
196,239,239, 11
197,238,238, 12
198,238,238, 12
199,238,238, 12
200,238,238, 12
201,238,238, 12
202,238,238, 12
203,238,238, 12
204,238,238, 12
205,238,238, 12
206,238,238, 12
207,238,238, 12
208,238,238, 12
209,238,238, 12
210,238,238, 12
211,238,238, 12
212,238,238, 12
213,238,238, 12
214,238,238, 12
215,238,238, 12
216,238,238, 12
217,238,238, 12
218,238,238, 12
219,238,238, 12
220,238,238, 12
221,238,238, 12
222,238,238, 12
223,238,238, 12
224,238,238, 12
225,238,238, 12
226,238,238, 12
227,238,238, 12
228,238,238, 12
229,238,238, 12
230,238,238, 12
231,238,238, 12
232,238,238, 12
233,238,238, 12
234,238,238, 12
235,238,238, 12
236,238,238, 12
237,238,238, 12
238,238,238, 12
239,238,238, 12
240,238,238, 12
241,238,238, 12
242,238,238, 12
243,238,238, 12
244,238,238, 12
245,238,238, 12
246,238,238, 12
247,238,238, 12
248,238,238, 12
249,237,237, 13
250,237,237, 13
251,237,237, 13
252,237,237, 13
253,237,237, 13
254,237,237, 13
255,237,237, 13
256,237,237, 13
257,237,237, 13
258,237,237, 13
259,237,237, 13
260,237,237, 13
261,237,237, 13
262,237,237, 13
263,237,237, 13
264,237,237, 13
265,237,237, 13
266,237,237, 13
267,237,237, 13
268,237,237, 13
269,237,237, 13
270,237,237, 13
271,237,237, 13
272,237,237, 13
273,237,237, 13
274,237,237, 13
275,237,237, 13
276,237,237, 13
277,237,237, 13
278,237,237, 13
279,237,237, 13
280,237,237, 13
281,237,237, 13
282,237,237, 13
283,237,237, 13
284,237,237, 13
285,237,237, 13
286,237,237, 13
287,237,237, 13
288,237,237, 13
289,237,237, 13
290,237,237, 13
291,237,237, 13
292,237,237, 13
293,237,237, 13
294,237,237, 13
295,237,237, 13
296,237,237, 13
297,237,237, 13
298,237,237, 13
299,237,237, 13
300,237,237, 13
301,237,237, 13
302,237,237, 13
303,237,237, 13
304,237,237, 13
305,237,237, 13
306,237,237, 13
307,237,237, 13
308,237,237, 13
309,237,237, 13
310,237,237, 13
311,237,237, 13
312,237,237, 13
313,237,237, 13
314,237,237, 13
315,237,237, 13
316,237,237, 13
317,237,237, 13
318,237,237, 13
319,237,237, 13
320,237,237, 13
321,237,237, 13
322,237,237, 13
323,237,237, 13
324,237,237, 13
325,237,237, 13
326,237,237, 13
327,237,237, 13
328,237,237, 13
329,237,237, 13
330,237,237, 13
331,237,237, 13
332,237,237, 13
333,237,237, 13
334,237,237, 13
335,237,237, 13
336,237,237, 13
337,237,237, 13
338,237,237, 13
339,237,237, 13
340,237,237, 13
341,237,237, 13
342,237,237, 13
343,237,237, 13
344,237,237, 13
345,237,237, 13
346,237,237, 13
347,237,237, 13
348,237,237, 13
349,237,237, 13
350,236,236, 14
351,236,236, 14
352,236,236, 14
353,236,236, 14
354,236,236, 14
355,236,236, 14
356,236,236, 14
357,236,236, 14
358,236,236, 14
359,236,236, 14
360,236,236, 14
361,236,236, 14
362,236,236, 14
363,236,236, 14
364,236,236, 14
365,236,236, 14
366,236,236, 14
367,236,236, 14
368,236,236, 14
369,236,236, 14
370,236,236, 14
371,236,236, 14
372,236,236, 14
373,236,236, 14
374,235,235, 15
375,235,235, 15
376,235,235, 15
377,235,235, 15
378,235,235, 15
379,235,235, 15
380,235,235, 15
381,235,235, 15
382,235,235, 15
383,235,235, 15
384,235,235, 15
385,235,235, 15
386,235,235, 15
387,235,235, 15
388,235,235, 15
389,235,235, 15
390,235,235, 15
391,235,235, 15
392,235,235, 15
393,235,235, 15
394,235,235, 15
395,235,235, 15
396,235,235, 15
397,235,235, 15
398,235,235, 15
399,235,235, 15
400,235,235, 15
401,235,235, 15
402,235,235, 15
403,235,235, 15
404,235,235, 15
405,235,235, 15
406,234,234, 16
407,234,234, 16
408,234,234, 16
409,234,234, 16
410,234,234, 16
411,234,234, 16
412,234,234, 16
413,234,234, 16
414,234,234, 16
415,234,234, 16
416,234,234, 16
417,234,234, 16
418,234,234, 16
419,234,234, 16
420,234,234, 16
421,234,234, 16
422,234,234, 16
423,234,234, 16
424,234,234, 16
425,234,234, 16
426,234,234, 16
427,234,234, 16
428,234,234, 16
429,234,234, 16
430,234,234, 16
431,234,234, 16
432,234,234, 16
433,234,234, 16
434,234,234, 16
435,234,234, 16
436,234,234, 16
437,234,234, 16
438,234,234, 16
439,234,234, 16
440,234,234, 16
441,234,234, 16
442,234,234, 16
443,234,234, 16
444,234,234, 16
445,234,234, 16
446,234,234, 16
447,234,234, 16
448,234,234, 16
449,233,233, 17
450,233,233, 17
451,233,233, 17
452,233,233, 17
453,233,233, 17
454,233,233, 17
455,233,233, 17
456,233,233, 17
457,233,233, 17
458,233,233, 17
459,233,233, 17
460,233,233, 17
461,233,233, 17
462,233,233, 17
463,233,233, 17
464,233,233, 17
465,233,233, 17
466,233,233, 17
467,233,233, 17
468,233,233, 17
469,233,233, 17
470,233,233, 17
471,233,233, 17
472,233,233, 17
473,232,232, 18
474,232,232, 18
475,232,232, 18
476,232,232, 18
477,232,232, 18
478,232,232, 18
479,232,232, 18
480,232,232, 18
481,231,231, 19
482,231,231, 19
483,231,231, 19
484,231,231, 19
485,231,231, 19
486,231,231, 19
487,231,231, 19
488,231,231, 19
489,231,231, 19
490,231,231, 19
491,231,231, 19
492,231,231, 19
493,231,231, 19
494,231,231, 19
495,231,231, 19
496,231,231, 19
497,231,231, 19
498,231,231, 19
499,231,231, 19
500,231,231, 19
501,231,231, 19
502,231,231, 19
503,231,231, 19
504,231,231, 19
505,231,231, 19
506,231,231, 19
507,231,231, 19
508,231,231, 19
509,231,231, 19
510,231,231, 19
511,231,231, 19
512,231,231, 19
513,230,230, 20
514,230,230, 20
515,230,230, 20
516,230,230, 20
517,230,230, 20
518,230,230, 20
519,230,230, 20
520,230,230, 20
521,230,230, 20
522,230,230, 20
523,230,230, 20
524,230,230, 20
525,230,230, 20
526,230,230, 20
527,230,230, 20
528,230,230, 20
529,230,230, 20
530,230,230, 20
531,230,230, 20
532,230,230, 20
533,230,230, 20
534,230,230, 20
535,230,230, 20
536,230,230, 20
537,230,230, 20
538,230,230, 20
539,230,230, 20
540,230,230, 20
541,230,230, 20
542,230,230, 20
543,230,230, 20
544,230,230, 20
545,230,230, 20
546,230,230, 20
547,230,230, 20
548,230,230, 20
549,230,230, 20
550,230,230, 20
551,230,230, 20
552,230,230, 20
553,230,230, 20
554,230,230, 20
555,230,230, 20
556,230,230, 20
557,230,230, 20
558,230,230, 20
559,230,230, 20
560,230,230, 20
561,230,230, 20
562,230,230, 20
563,230,230, 20
564,230,230, 20
565,230,230, 20
566,230,230, 20
567,230,230, 20
568,230,230, 20
569,230,230, 20
570,230,230, 20
571,230,230, 20
572,230,230, 20
573,230,230, 20
574,230,230, 20
575,230,230, 20
576,230,230, 20
577,230,230, 20
578,230,230, 20
579,230,230, 20
580,230,230, 20
581,230,230, 20
582,230,230, 20
583,230,230, 20
584,230,230, 20
585,230,230, 20
586,230,230, 20
587,230,230, 20
588,230,230, 20
589,230,230, 20
590,230,230, 20
591,230,230, 20
592,230,230, 20
593,230,230, 20
594,230,230, 20
595,230,230, 20
596,230,230, 20
597,230,230, 20
598,229,229, 21
599,228,228, 22
600,228,228, 22
601,228,228, 22
602,228,228, 22
603,228,228, 22
604,228,228, 22
605,228,228, 22
606,228,228, 22
607,228,228, 22
608,228,228, 22
609,228,228, 22
610,228,228, 22
611,228,228, 22
612,228,228, 22
613,228,228, 22
614,228,228, 22
615,228,228, 22
616,228,228, 22
617,228,228, 22
618,228,228, 22
619,228,228, 22
620,228,228, 22
621,228,228, 22
622,228,228, 22
623,228,228, 22
624,228,228, 22
625,228,228, 22
626,228,228, 22
627,228,228, 22
628,228,228, 22
629,228,228, 22
630,228,228, 22
631,228,228, 22
632,228,228, 22
633,228,228, 22
634,228,228, 22
635,228,228, 22
636,228,228, 22
637,228,228, 22
638,228,228, 22
639,228,228, 22
640,228,228, 22
641,228,228, 22
642,228,228, 22
643,228,228, 22
644,228,228, 22
645,228,228, 22
646,228,228, 22
647,228,228, 22
648,228,228, 22
649,228,228, 22
650,228,228, 22
651,228,228, 22
652,228,228, 22
653,228,228, 22
654,228,228, 22
655,228,228, 22
656,228,228, 22
657,228,228, 22
658,228,228, 22
659,228,228, 22
660,228,228, 22
661,228,228, 22
662,228,228, 22
663,228,228, 22
664,228,228, 22
665,228,228, 22
666,228,228, 22
667,228,228, 22
668,228,228, 22
669,228,228, 22
670,228,228, 22
671,228,228, 22
672,228,228, 22
673,228,228, 22
674,228,228, 22
675,227,227, 23
676,227,227, 23
677,227,227, 23
678,226,226, 24
679,226,226, 24
680,226,226, 24
681,226,226, 24
682,226,226, 24
683,226,226, 24
684,226,226, 24
685,226,226, 24
686,226,226, 24
687,226,226, 24
688,226,226, 24
689,226,226, 24
690,226,226, 24
691,226,226, 24
692,226,226, 24
693,226,226, 24
694,226,226, 24
695,226,226, 24
696,226,226, 24
697,226,226, 24
698,226,226, 24
699,226,226, 24
700,226,226, 24
701,226,226, 24
702,226,226, 24
703,226,226, 24
704,226,226, 24
705,226,226, 24
706,226,226, 24
707,226,226, 24
708,226,226, 24
709,226,226, 24
710,226,226, 24
711,226,226, 24
712,226,226, 24
713,226,226, 24
714,226,226, 24
715,226,226, 24
716,226,226, 24
717,226,226, 24
718,226,226, 24
719,226,226, 24
720,226,226, 24
721,226,226, 24
722,226,226, 24
723,226,226, 24
724,226,226, 24
725,226,226, 24
726,226,226, 24
727,226,226, 24
728,226,226, 24
729,226,226, 24
730,226,226, 24
731,226,226, 24
732,226,226, 24
733,226,226, 24
734,226,226, 24
735,226,226, 24
736,226,226, 24
737,226,226, 24
738,226,226, 24
739,226,226, 24
740,226,226, 24
741,226,226, 24
742,226,226, 24
743,226,226, 24
744,226,226, 24
745,226,226, 24
746,226,226, 24
747,226,226, 24
748,226,226, 24
749,226,226, 24
750,226,226, 24
751,226,226, 24
752,226,226, 24
753,226,226, 24
754,226,226, 24
755,226,226, 24
756,226,226, 24
757,226,226, 24
758,226,226, 24
759,226,226, 24
760,226,226, 24
761,226,226, 24
762,226,226, 24
763,226,226, 24
764,226,226, 24
765,226,226, 24
766,226,226, 24
767,226,226, 24
768,226,226, 24
769,226,226, 24
770,226,226, 24
771,226,226, 24
772,226,226, 24
773,226,226, 24
774,226,226, 24
775,226,226, 24
776,226,226, 24
777,226,226, 24
778,226,226, 24
779,226,226, 24
780,226,226, 24
781,226,226, 24
782,226,226, 24
783,226,226, 24
784,226,226, 24
785,226,226, 24
786,226,226, 24
787,226,226, 24
788,226,226, 24
789,226,226, 24
790,226,226, 24
791,226,226, 24
792,226,226, 24
793,226,226, 24
794,226,226, 24
795,226,226, 24
796,226,226, 24
797,226,226, 24
798,226,226, 24
799,226,226, 24
800,226,226, 24
801,226,226, 24
802,226,226, 24
803,226,226, 24
804,226,226, 24
805,226,226, 24
806,226,226, 24
807,226,226, 24
808,226,226, 24
809,226,226, 24
810,226,226, 24
811,226,226, 24
812,226,226, 24
813,226,226, 24
814,226,226, 24
815,226,226, 24
816,226,226, 24
817,226,226, 24
818,226,226, 24
819,226,226, 24
820,226,226, 24
821,226,226, 24
822,226,226, 24
823,226,226, 24
824,226,226, 24
825,226,226, 24
826,226,226, 24
827,226,226, 24
828,226,226, 24
829,226,226, 24
830,226,226, 24
831,226,226, 24
832,226,226, 24
833,226,226, 24
834,226,226, 24
835,226,226, 24
836,226,226, 24
837,226,226, 24
838,226,226, 24
839,226,226, 24
840,226,226, 24
841,226,226, 24
842,226,226, 24
843,226,226, 24
844,226,226, 24
845,226,226, 24
846,226,226, 24
847,226,226, 24
848,226,226, 24
849,226,226, 24
850,226,226, 24
851,226,226, 24
852,226,226, 24
853,226,226, 24
854,226,226, 24
855,226,226, 24
856,226,226, 24
857,226,226, 24
858,226,226, 24
859,226,226, 24
860,226,226, 24
861,226,226, 24
862,226,226, 24
863,226,226, 24
864,226,226, 24
865,226,226, 24
866,226,226, 24
867,226,226, 24
868,226,226, 24
869,226,226, 24
870,226,226, 24
871,226,226, 24
872,226,226, 24
873,226,226, 24
874,226,226, 24
875,226,226, 24
876,226,226, 24
877,226,226, 24
878,225,225, 25
879,225,225, 25
880,225,225, 25
881,225,225, 25
882,225,225, 25
883,225,225, 25
884,225,225, 25
885,225,225, 25
886,225,225, 25
887,225,225, 25
888,225,225, 25
889,225,225, 25
890,225,225, 25
891,225,225, 25
892,225,225, 25
893,225,225, 25
894,225,225, 25
895,225,225, 25
896,225,225, 25
897,225,225, 25
898,225,225, 25
899,225,225, 25
900,225,225, 25
901,225,225, 25
902,225,225, 25
903,225,225, 25
904,225,225, 25
905,225,225, 25
906,225,225, 25
907,225,225, 25
908,225,225, 25
909,225,225, 25
910,225,225, 25
911,225,225, 25
912,225,225, 25
913,225,225, 25
914,225,225, 25
915,225,225, 25
916,225,225, 25
917,225,225, 25
918,225,225, 25
919,225,225, 25
920,225,225, 25
921,225,225, 25
922,225,225, 25
923,225,225, 25
924,225,225, 25
925,225,225, 25
926,225,225, 25
927,225,225, 25
928,225,225, 25
929,225,225, 25
930,225,225, 25
931,225,225, 25
932,225,225, 25
933,225,225, 25
934,225,225, 25
935,225,225, 25
936,225,225, 25
937,225,225, 25
938,225,225, 25
939,225,225, 25
940,225,225, 25
941,225,225, 25
942,225,225, 25
943,225,225, 25
944,225,225, 25
945,225,225, 25
946,225,225, 25
947,225,225, 25
948,225,225, 25
949,225,225, 25
950,225,225, 25
951,225,225, 25
952,225,225, 25
953,225,225, 25
954,225,225, 25
955,225,225, 25
956,225,225, 25
957,225,225, 25
958,225,225, 25
959,225,225, 25
960,225,225, 25
961,225,225, 25
962,225,225, 25
963,225,225, 25
964,225,225, 25
965,225,225, 25
966,225,225, 25
967,225,225, 25
968,225,225, 25
969,225,225, 25
970,225,225, 25
971,225,225, 25
972,225,225, 25
973,225,225, 25
974,225,225, 25
975,224,224, 26
976,224,224, 26
977,224,224, 26
978,223,223, 27
979,223,223, 27
980,223,223, 27
981,223,223, 27
982,223,223, 27
983,223,223, 27
984,223,223, 27
985,223,223, 27
986,223,223, 27
987,223,223, 27
988,223,223, 27
989,223,223, 27
990,223,223, 27
991,223,223, 27
992,223,223, 27
993,223,223, 27
994,223,223, 27
995,223,223, 27
996,223,223, 27
997,223,223, 27
998,223,223, 27
999,223,223, 27
1000,223,223, 27
1001,223,223, 27
1002,223,223, 27
1003,223,223, 27
1004,223,223, 27
1005,223,223, 27
1006,223,223, 27
1007,223,223, 27
1008,223,223, 27
1009,223,223, 27
1010,223,223, 27
1011,223,223, 27
1012,223,223, 27
1013,223,223, 27
1014,223,223, 27
1015,223,223, 27
1016,223,223, 27
1017,223,223, 27
1018,223,223, 27
1019,223,223, 27
1020,223,223, 27
1021,223,223, 27
1022,223,223, 27
1023,222,222, 28
1024,222,222, 28
1025,222,222, 28
1026,222,222, 28
1027,222,222, 28
1028,222,222, 28
1029,222,222, 28
1030,222,222, 28
1031,222,222, 28
1032,222,222, 28
1033,222,222, 28
1034,222,222, 28
1035,222,222, 28
1036,222,222, 28
1037,222,222, 28
1038,222,222, 28
1039,222,222, 28
1040,222,222, 28
1041,222,222, 28
1042,222,222, 28
1043,222,222, 28
1044,222,222, 28
1045,222,222, 28
1046,222,222, 28
1047,222,222, 28
1048,222,222, 28
1049,222,222, 28
1050,222,222, 28
1051,222,222, 28
1052,222,222, 28
1053,222,222, 28
1054,222,222, 28
1055,222,222, 28
1056,222,222, 28
1057,222,222, 28
1058,222,222, 28
1059,222,222, 28
1060,222,222, 28
1061,222,222, 28
1062,222,222, 28
1063,222,222, 28
1064,222,222, 28
1065,222,222, 28
1066,222,222, 28
1067,222,222, 28
1068,222,222, 28
1069,222,222, 28
1070,222,222, 28
1071,222,222, 28
1072,222,222, 28
1073,222,222, 28
1074,222,222, 28
1075,221,221, 29
1076,221,221, 29
1077,221,221, 29
1078,221,221, 29
1079,221,221, 29
1080,221,221, 29
1081,221,221, 29
1082,221,221, 29
1083,221,221, 29
1084,221,221, 29
1085,221,221, 29
1086,221,221, 29
1087,221,221, 29
1088,221,221, 29
1089,221,221, 29
1090,221,221, 29
1091,221,221, 29
1092,221,221, 29
1093,221,221, 29
1094,221,221, 29
1095,221,221, 29
1096,221,221, 29
1097,221,221, 29
1098,221,221, 29
1099,221,221, 29
1100,221,221, 29
1101,221,221, 29
1102,221,221, 29
1103,221,221, 29
1104,221,221, 29
1105,221,221, 29
1106,221,221, 29
1107,221,221, 29
1108,221,221, 29
1109,221,221, 29
1110,221,221, 29
1111,221,221, 29
1112,221,221, 29
1113,221,221, 29
1114,221,221, 29
1115,221,221, 29
1116,221,221, 29
1117,221,221, 29
1118,221,221, 29
1119,221,221, 29
1120,221,221, 29
1121,221,221, 29
1122,221,221, 29
1123,221,221, 29
1124,221,221, 29
1125,221,221, 29
1126,221,221, 29
1127,221,221, 29
1128,221,221, 29
1129,221,221, 29
1130,221,221, 29
1131,221,221, 29
1132,221,221, 29
1133,221,221, 29
1134,221,221, 29
1135,221,221, 29
1136,221,221, 29
1137,221,221, 29
1138,221,221, 29
1139,221,221, 29
1140,221,221, 29
1141,221,221, 29
1142,221,221, 29
1143,221,221, 29
1144,221,221, 29
1145,221,221, 29
1146,221,221, 29
1147,221,221, 29
1148,221,221, 29
1149,221,221, 29
1150,221,221, 29
1151,221,221, 29
1152,221,221, 29
1153,221,221, 29
1154,221,221, 29
1155,221,221, 29
1156,221,221, 29
1157,221,221, 29
1158,221,221, 29
1159,221,221, 29
1160,221,221, 29
1161,221,221, 29
1162,221,221, 29
1163,221,221, 29
1164,221,221, 29
1165,221,221, 29
1166,221,221, 29
1167,221,221, 29
1168,221,221, 29
1169,221,221, 29
1170,221,221, 29
1171,221,221, 29
1172,221,221, 29
1173,221,221, 29
1174,221,221, 29
1175,221,221, 29
1176,221,221, 29
1177,221,221, 29
1178,221,221, 29
1179,221,221, 29
1180,221,221, 29
1181,221,221, 29
1182,221,221, 29
1183,221,221, 29
1184,221,221, 29
1185,221,221, 29
1186,221,221, 29
1187,221,221, 29
1188,221,221, 29
1189,221,221, 29
1190,220,220, 30
1191,220,220, 30
1192,220,220, 30
1193,220,220, 30
1194,220,220, 30
1195,220,220, 30
1196,220,220, 30
1197,220,220, 30
1198,220,220, 30
1199,220,220, 30
1200,220,220, 30
1201,220,220, 30
1202,220,220, 30
1203,220,220, 30
1204,220,220, 30
1205,220,220, 30
1206,220,220, 30
1207,220,220, 30
1208,220,220, 30
1209,220,220, 30
1210,220,220, 30
1211,220,220, 30
1212,220,220, 30
1213,220,220, 30
1214,220,220, 30
1215,220,220, 30
1216,220,220, 30
1217,220,220, 30
1218,220,220, 30
1219,220,220, 30
1220,220,220, 30
1221,220,220, 30
1222,220,220, 30
1223,220,220, 30
1224,220,220, 30
1225,220,220, 30
1226,220,220, 30
1227,220,220, 30
1228,220,220, 30
1229,220,220, 30
1230,220,220, 30
1231,220,220, 30
1232,220,220, 30
1233,220,220, 30
1234,220,220, 30
1235,220,220, 30
1236,220,220, 30
1237,220,220, 30
1238,220,220, 30
1239,220,220, 30
1240,220,220, 30
1241,220,220, 30
1242,220,220, 30
1243,220,220, 30
1244,220,220, 30
1245,220,220, 30
1246,220,220, 30
1247,220,220, 30
1248,220,220, 30
1249,220,220, 30
1250,220,220, 30
1251,220,220, 30
1252,220,220, 30
1253,220,220, 30
1254,220,220, 30
1255,220,220, 30
1256,220,220, 30
1257,220,220, 30
1258,220,220, 30
1259,220,220, 30
1260,220,220, 30
1261,220,220, 30
1262,220,220, 30
1263,220,220, 30
1264,220,220, 30
1265,220,220, 30
1266,220,220, 30
1267,220,220, 30
1268,220,220, 30
1269,220,220, 30
1270,220,220, 30
1271,220,220, 30
1272,220,220, 30
1273,220,220, 30
1274,220,220, 30
1275,220,220, 30
1276,220,220, 30
1277,220,220, 30
1278,220,220, 30
1279,220,220, 30
1280,220,220, 30
1281,220,220, 30
1282,220,220, 30
1283,220,220, 30
1284,220,220, 30
1285,220,220, 30
1286,220,220, 30
1287,220,220, 30
1288,220,220, 30
1289,220,220, 30
1290,220,220, 30
1291,220,220, 30
1292,220,220, 30
1293,220,220, 30
1294,220,220, 30
1295,220,220, 30
1296,220,220, 30
1297,220,220, 30
1298,220,220, 30
1299,220,220, 30
1300,220,220, 30
1301,220,220, 30
1302,220,220, 30
1303,220,220, 30
1304,220,220, 30
1305,220,220, 30
1306,220,220, 30
1307,220,220, 30
1308,220,220, 30
1309,220,220, 30
1310,220,220, 30
1311,220,220, 30
1312,220,220, 30
1313,220,220, 30
1314,220,220, 30
1315,220,220, 30
1316,220,220, 30
1317,220,220, 30
1318,220,220, 30
1319,220,220, 30
1320,220,220, 30
1321,220,220, 30
1322,220,220, 30
1323,220,220, 30
1324,220,220, 30
1325,220,220, 30
1326,220,220, 30
1327,220,220, 30
1328,220,220, 30
1329,220,220, 30
1330,220,220, 30
1331,220,220, 30
1332,220,220, 30
1333,220,220, 30
1334,220,220, 30
1335,220,220, 30
1336,220,220, 30
1337,220,220, 30
1338,220,220, 30
1339,220,220, 30
1340,220,220, 30
1341,220,220, 30
1342,220,220, 30
1343,220,220, 30
1344,220,220, 30
1345,220,220, 30
1346,220,220, 30
1347,220,220, 30
1348,220,220, 30
1349,220,220, 30
1350,220,220, 30
1351,220,220, 30
1352,220,220, 30
1353,220,220, 30
1354,220,220, 30
1355,220,220, 30
1356,220,220, 30
1357,220,220, 30
1358,220,220, 30
1359,220,220, 30
1360,220,220, 30
1361,220,220, 30
1362,220,220, 30
1363,220,220, 30
1364,220,220, 30
1365,220,220, 30
1366,220,220, 30
1367,220,220, 30
1368,220,220, 30
1369,220,220, 30
1370,220,220, 30
1371,220,220, 30
1372,220,220, 30
1373,220,220, 30
1374,220,220, 30
1375,220,220, 30
1376,220,220, 30
1377,220,220, 30
1378,220,220, 30
1379,220,220, 30
1380,220,220, 30
1381,220,220, 30
1382,220,220, 30
1383,220,220, 30
1384,220,220, 30
1385,220,220, 30
1386,220,220, 30
1387,220,220, 30
1388,220,220, 30
1389,220,220, 30
1390,220,220, 30
1391,220,220, 30
1392,220,220, 30
1393,220,220, 30
1394,220,220, 30
1395,220,220, 30
1396,220,220, 30
1397,220,220, 30
1398,220,220, 30
1399,220,220, 30
1400,220,220, 30
1401,220,220, 30
1402,220,220, 30
1403,220,220, 30
1404,220,220, 30
1405,220,220, 30
1406,220,220, 30
1407,220,220, 30
1408,220,220, 30
1409,220,220, 30
1410,220,220, 30
1411,220,220, 30
1412,220,220, 30
1413,220,220, 30
1414,220,220, 30
1415,220,220, 30
1416,220,220, 30
1417,220,220, 30
1418,220,220, 30
1419,220,220, 30
1420,220,220, 30
1421,220,220, 30
1422,220,220, 30
1423,220,220, 30
1424,220,220, 30
1425,220,220, 30
1426,220,220, 30
1427,220,220, 30
1428,220,220, 30
1429,220,220, 30
1430,220,220, 30
1431,220,220, 30
1432,220,220, 30
1433,220,220, 30
1434,220,220, 30
1435,220,220, 30
1436,220,220, 30
1437,220,220, 30
1438,220,220, 30
1439,220,220, 30
1440,220,220, 30
1441,220,220, 30
1442,220,220, 30
1443,220,220, 30
1444,220,220, 30
1445,220,220, 30
1446,220,220, 30
1447,220,220, 30
1448,220,220, 30
1449,220,220, 30
1450,220,220, 30
1451,220,220, 30
1452,220,220, 30
1453,220,220, 30
1454,220,220, 30
1455,220,220, 30
1456,220,220, 30
1457,220,220, 30
1458,220,220, 30
1459,220,220, 30
1460,220,220, 30
1461,220,220, 30
1462,220,220, 30
1463,220,220, 30
1464,220,220, 30
1465,220,220, 30
1466,220,220, 30
1467,220,220, 30
1468,220,220, 30
1469,220,220, 30
1470,220,220, 30
1471,220,220, 30
1472,220,220, 30
1473,220,220, 30
1474,220,220, 30
1475,220,220, 30
1476,220,220, 30
1477,220,220, 30
1478,220,220, 30
1479,220,220, 30
1480,220,220, 30
1481,220,220, 30
1482,220,220, 30
1483,220,220, 30
1484,220,220, 30
1485,220,220, 30
1486,220,220, 30
1487,220,220, 30
1488,220,220, 30
1489,220,220, 30
1490,220,220, 30
1491,220,220, 30
1492,220,220, 30
1493,220,220, 30
1494,220,220, 30
1495,220,220, 30
1496,220,220, 30
1497,220,220, 30
1498,220,220, 30
1499,220,220, 30
