0,250,250, 0
1,250,250, 0
2,250,250, 0
3,250,250, 0
4,250,250, 0
5,250,250, 0
6,250,250, 0
7,250,250, 0
8,250,250, 0
9,250,250, 0
10,250,250, 0
11,250,250, 0
12,249,249, 1
13,249,249, 1
14,249,249, 1
15,248,248, 2
16,248,248, 2
17,248,248, 2
18,248,248, 2
19,248,248, 2
20,248,248, 2
21,248,248, 2
22,248,248, 2
23,247,247, 3
24,247,247, 3
25,247,247, 3
26,247,247, 3
27,247,247, 3
28,247,247, 3
29,247,247, 3
30,247,247, 3
31,247,247, 3
32,247,247, 3
33,247,247, 3
34,247,247, 3
35,247,247, 3
36,247,247, 3
37,247,247, 3
38,247,247, 3
39,247,247, 3
40,247,247, 3
41,247,247, 3
42,247,247, 3
43,247,247, 3
44,247,247, 3
45,247,247, 3
46,247,247, 3
47,247,247, 3
48,247,247, 3
49,247,247, 3
50,247,247, 3
51,247,247, 3
52,247,247, 3
53,247,247, 3
54,247,247, 3
55,247,247, 3
56,247,247, 3
57,247,247, 3
58,247,247, 3
59,246,246, 4
60,246,246, 4
61,246,246, 4
62,246,246, 4
63,246,246, 4
64,246,246, 4
65,246,246, 4
66,245,245, 5
67,245,245, 5
68,245,245, 5
69,245,245, 5
70,245,245, 5
71,245,245, 5
72,245,245, 5
73,245,245, 5
74,245,245, 5
75,245,245, 5
76,245,245, 5
77,245,245, 5
78,245,245, 5
79,245,245, 5
80,245,245, 5
81,245,245, 5
82,244,244, 6
83,244,244, 6
84,244,244, 6
85,244,244, 6
86,244,244, 6
87,244,244, 6
88,244,244, 6
89,244,244, 6
90,244,244, 6
91,244,244, 6
92,244,244, 6
93,244,244, 6
94,244,244, 6
95,244,244, 6
96,244,244, 6
97,244,244, 6
98,244,244, 6
99,244,244, 6
100,244,244, 6
101,244,244, 6
102,244,244, 6
103,244,244, 6
104,244,244, 6
105,244,244, 6
106,244,244, 6
107,244,244, 6
108,244,244, 6
109,244,244, 6
110,244,244, 6
111,244,244, 6
112,244,244, 6
113,244,244, 6
114,244,244, 6
115,244,244, 6
116,244,244, 6
117,244,244, 6
118,244,244, 6
119,244,244, 6
120,244,244, 6
121,244,244, 6
122,244,244, 6
123,244,244, 6
124,244,244, 6
125,244,244, 6
126,244,244, 6
127,244,244, 6
128,244,244, 6
129,244,244, 6
130,244,244, 6
131,244,244, 6
132,244,244, 6
133,244,244, 6
134,244,244, 6
135,244,244, 6
136,244,244, 6
137,244,244, 6
138,244,244, 6
139,244,244, 6
140,244,244, 6
141,244,244, 6
142,244,244, 6
143,244,244, 6
144,244,244, 6
145,244,244, 6
146,244,244, 6
147,244,244, 6
148,244,244, 6
149,244,244, 6
150,244,244, 6
151,243,243, 7
152,243,243, 7
153,243,243, 7
154,243,243, 7
155,243,243, 7
156,243,243, 7
157,243,243, 7
158,243,243, 7
159,243,243, 7
160,243,243, 7
161,243,243, 7
162,243,243, 7
163,243,243, 7
164,243,243, 7
165,243,243, 7
166,243,243, 7
167,243,243, 7
168,243,243, 7
169,243,243, 7
170,243,243, 7
171,243,243, 7
172,243,243, 7
173,243,243, 7
174,243,243, 7
175,243,243, 7
176,243,243, 7
177,243,243, 7
178,243,243, 7
179,243,243, 7
180,243,243, 7
181,243,243, 7
182,242,242, 8
183,242,242, 8
184,242,242, 8
185,242,242, 8
186,242,242, 8
187,242,242, 8
188,242,242, 8
189,242,242, 8
190,242,242, 8
191,242,242, 8
192,242,242, 8
193,242,242, 8
194,242,242, 8
195,242,242, 8
196,242,242, 8
197,242,242, 8
198,242,242, 8
199,242,242, 8
200,242,242, 8
201,242,242, 8
202,242,242, 8
203,242,242, 8
204,242,242, 8
205,242,242, 8
206,242,242, 8
207,242,242, 8
208,242,242, 8
209,242,242, 8
210,242,242, 8
211,242,242, 8
212,242,242, 8
213,242,242, 8
214,242,242, 8
215,242,242, 8
216,242,242, 8
217,242,242, 8
218,242,242, 8
219,242,242, 8
220,242,242, 8
221,242,242, 8
222,242,242, 8
223,242,242, 8
224,242,242, 8
225,242,242, 8
226,242,242, 8
227,242,242, 8
228,242,242, 8
229,242,242, 8
230,242,242, 8
231,242,242, 8
232,242,242, 8
233,242,242, 8
234,242,242, 8
235,242,242, 8
236,241,241, 9
237,241,241, 9
238,241,241, 9
239,241,241, 9
240,241,241, 9
241,241,241, 9
242,241,241, 9
243,241,241, 9
244,241,241, 9
245,241,241, 9
246,241,241, 9
247,241,241, 9
248,241,241, 9
249,241,241, 9
250,241,241, 9
251,241,241, 9
252,241,241, 9
253,241,241, 9
254,241,241, 9
255,241,241, 9
256,241,241, 9
257,241,241, 9
258,241,241, 9
259,241,241, 9
260,241,241, 9
261,241,241, 9
262,241,241, 9
263,241,241, 9
264,241,241, 9
265,241,241, 9
266,241,241, 9
267,241,241, 9
268,241,241, 9
269,241,241, 9
270,241,241, 9
271,241,241, 9
272,241,241, 9
273,241,241, 9
274,241,241, 9
275,241,241, 9
276,241,241, 9
277,241,241, 9
278,241,241, 9
279,241,241, 9
280,241,241, 9
281,241,241, 9
282,241,241, 9
283,241,241, 9
284,241,241, 9
285,241,241, 9
286,241,241, 9
287,241,241, 9
288,241,241, 9
289,241,241, 9
290,241,241, 9
291,241,241, 9
292,241,241, 9
293,241,241, 9
294,241,241, 9
295,241,241, 9
296,241,241, 9
297,241,241, 9
298,241,241, 9
299,241,241, 9
300,241,241, 9
301,241,241, 9
302,241,241, 9
303,241,241, 9
304,241,241, 9
305,241,241, 9
306,241,241, 9
307,241,241, 9
308,241,241, 9
309,241,241, 9
310,241,241, 9
311,241,241, 9
312,241,241, 9
313,241,241, 9
314,241,241, 9
315,241,241, 9
316,241,241, 9
317,241,241, 9
318,241,241, 9
319,241,241, 9
320,240,240, 10
321,240,240, 10
322,240,240, 10
323,240,240, 10
324,240,240, 10
325,240,240, 10
326,240,240, 10
327,240,240, 10
328,240,240, 10
329,240,240, 10
330,240,240, 10
331,240,240, 10
332,240,240, 10
333,240,240, 10
334,240,240, 10
335,240,240, 10
336,240,240, 10
337,240,240, 10
338,240,240, 10
339,240,240, 10
340,240,240, 10
341,240,240, 10
342,240,240, 10
343,240,240, 10
344,240,240, 10
345,240,240, 10
346,240,240, 10
347,240,240, 10
348,240,240, 10
349,240,240, 10
350,240,240, 10
351,240,240, 10
352,240,240, 10
353,240,240, 10
354,240,240, 10
355,240,240, 10
356,240,240, 10
357,240,240, 10
358,240,240, 10
359,240,240, 10
360,240,240, 10
361,240,240, 10
362,240,240, 10
363,240,240, 10
364,240,240, 10
365,240,240, 10
366,240,240, 10
367,240,240, 10
368,240,240, 10
369,240,240, 10
370,240,240, 10
371,240,240, 10
372,240,240, 10
373,240,240, 10
374,240,240, 10
375,240,240, 10
376,240,240, 10
377,240,240, 10
378,240,240, 10
379,240,240, 10
380,240,240, 10
381,240,240, 10
382,240,240, 10
383,240,240, 10
384,240,240, 10
385,240,240, 10
386,240,240, 10
387,240,240, 10
388,240,240, 10
389,240,240, 10
390,240,240, 10
391,240,240, 10
392,240,240, 10
393,240,240, 10
394,240,240, 10
395,240,240, 10
396,240,240, 10
397,240,240, 10
398,240,240, 10
399,240,240, 10
400,240,240, 10
401,240,240, 10
402,238,238, 12
403,238,238, 12
404,238,238, 12
405,238,238, 12
406,238,238, 12
407,238,238, 12
408,238,238, 12
409,237,237, 13
410,237,237, 13
411,237,237, 13
412,237,237, 13
413,237,237, 13
414,237,237, 13
415,237,237, 13
416,237,237, 13
417,237,237, 13
418,237,237, 13
419,237,237, 13
420,237,237, 13
421,237,237, 13
422,237,237, 13
423,237,237, 13
424,237,237, 13
425,237,237, 13
426,237,237, 13
427,237,237, 13
428,237,237, 13
429,237,237, 13
430,236,236, 14
431,236,236, 14
432,236,236, 14
433,236,236, 14
434,236,236, 14
435,236,236, 14
436,236,236, 14
437,236,236, 14
438,236,236, 14
439,236,236, 14
440,236,236, 14
441,236,236, 14
442,236,236, 14
443,236,236, 14
444,236,236, 14
445,236,236, 14
446,236,236, 14
447,236,236, 14
448,236,236, 14
449,236,236, 14
450,236,236, 14
451,236,236, 14
452,236,236, 14
453,236,236, 14
454,236,236, 14
455,236,236, 14
456,236,236, 14
457,236,236, 14
458,236,236, 14
459,236,236, 14
460,236,236, 14
461,236,236, 14
462,236,236, 14
463,236,236, 14
464,236,236, 14
465,236,236, 14
466,236,236, 14
467,236,236, 14
468,236,236, 14
469,236,236, 14
470,236,236, 14
471,236,236, 14
472,236,236, 14
473,236,236, 14
474,236,236, 14
475,236,236, 14
476,236,236, 14
477,236,236, 14
478,236,236, 14
479,236,236, 14
480,236,236, 14
481,236,236, 14
482,236,236, 14
483,236,236, 14
484,236,236, 14
485,236,236, 14
486,236,236, 14
487,236,236, 14
488,236,236, 14
489,236,236, 14
490,235,235, 15
491,235,235, 15
492,235,235, 15
493,235,235, 15
494,235,235, 15
495,235,235, 15
496,235,235, 15
497,235,235, 15
498,235,235, 15
499,235,235, 15
500,235,235, 15
501,235,235, 15
502,235,235, 15
503,235,235, 15
504,235,235, 15
505,235,235, 15
506,235,235, 15
507,235,235, 15
508,235,235, 15
509,235,235, 15
510,235,235, 15
511,234,234, 16
512,234,234, 16
513,234,234, 16
514,234,234, 16
515,234,234, 16
516,234,234, 16
517,234,234, 16
518,234,234, 16
519,234,234, 16
520,234,234, 16
521,234,234, 16
522,234,234, 16
523,234,234, 16
524,234,234, 16
525,234,234, 16
526,234,234, 16
527,234,234, 16
528,234,234, 16
529,234,234, 16
530,234,234, 16
531,234,234, 16
532,234,234, 16
533,234,234, 16
534,234,234, 16
535,234,234, 16
536,234,234, 16
537,234,234, 16
538,234,234, 16
539,234,234, 16
540,234,234, 16
541,234,234, 16
542,234,234, 16
543,234,234, 16
544,234,234, 16
545,234,234, 16
546,234,234, 16
547,234,234, 16
548,233,233, 17
549,233,233, 17
550,233,233, 17
551,233,233, 17
552,233,233, 17
553,233,233, 17
554,233,233, 17
555,233,233, 17
556,233,233, 17
557,233,233, 17
558,233,233, 17
559,233,233, 17
560,233,233, 17
561,233,233, 17
562,233,233, 17
563,233,233, 17
564,233,233, 17
565,233,233, 17
566,233,233, 17
567,233,233, 17
568,233,233, 17
569,233,233, 17
570,233,233, 17
571,233,233, 17
572,233,233, 17
573,233,233, 17
574,233,233, 17
575,233,233, 17
576,232,232, 18
577,232,232, 18
578,232,232, 18
579,232,232, 18
580,232,232, 18
581,232,232, 18
582,232,232, 18
583,232,232, 18
584,232,232, 18
585,232,232, 18
586,232,232, 18
587,232,232, 18
588,232,232, 18
589,232,232, 18
590,232,232, 18
591,232,232, 18
592,231,231, 19
593,231,231, 19
594,231,231, 19
595,231,231, 19
596,231,231, 19
597,231,231, 19
598,231,231, 19
599,231,231, 19
600,231,231, 19
601,231,231, 19
602,231,231, 19
603,231,231, 19
604,231,231, 19
605,231,231, 19
606,231,231, 19
607,231,231, 19
608,231,231, 19
609,231,231, 19
610,231,231, 19
611,231,231, 19
612,231,231, 19
613,231,231, 19
614,231,231, 19
615,231,231, 19
616,231,231, 19
617,231,231, 19
618,231,231, 19
619,231,231, 19
620,231,231, 19
621,231,231, 19
622,231,231, 19
623,231,231, 19
624,231,231, 19
625,231,231, 19
626,231,231, 19
627,231,231, 19
628,231,231, 19
629,231,231, 19
630,231,231, 19
631,231,231, 19
632,231,231, 19
633,231,231, 19
634,231,231, 19
635,231,231, 19
636,231,231, 19
637,231,231, 19
638,231,231, 19
639,231,231, 19
640,231,231, 19
641,231,231, 19
642,231,231, 19
643,231,231, 19
644,231,231, 19
645,231,231, 19
646,231,231, 19
647,231,231, 19
648,231,231, 19
649,231,231, 19
650,231,231, 19
651,231,231, 19
652,231,231, 19
653,231,231, 19
654,231,231, 19
655,231,231, 19
656,231,231, 19
657,231,231, 19
658,231,231, 19
659,231,231, 19
660,231,231, 19
661,231,231, 19
662,231,231, 19
663,231,231, 19
664,231,231, 19
665,231,231, 19
666,231,231, 19
667,231,231, 19
668,231,231, 19
669,231,231, 19
670,231,231, 19
671,231,231, 19
672,231,231, 19
673,231,231, 19
674,231,231, 19
675,231,231, 19
676,231,231, 19
677,231,231, 19
678,231,231, 19
679,231,231, 19
680,231,231, 19
681,231,231, 19
682,231,231, 19
683,231,231, 19
684,231,231, 19
685,231,231, 19
686,231,231, 19
687,231,231, 19
688,231,231, 19
689,231,231, 19
690,231,231, 19
691,231,231, 19
692,231,231, 19
693,231,231, 19
694,231,231, 19
695,231,231, 19
696,231,231, 19
697,231,231, 19
698,231,231, 19
699,231,231, 19
700,231,231, 19
701,231,231, 19
702,231,231, 19
703,231,231, 19
704,231,231, 19
705,231,231, 19
706,231,231, 19
707,231,231, 19
708,231,231, 19
709,231,231, 19
710,231,231, 19
711,231,231, 19
712,231,231, 19
713,231,231, 19
714,231,231, 19
715,231,231, 19
716,231,231, 19
717,231,231, 19
718,231,231, 19
719,231,231, 19
720,231,231, 19
721,231,231, 19
722,231,231, 19
723,231,231, 19
724,231,231, 19
725,231,231, 19
726,231,231, 19
727,231,231, 19
728,231,231, 19
729,231,231, 19
730,231,231, 19
731,231,231, 19
732,231,231, 19
733,231,231, 19
734,231,231, 19
735,231,231, 19
736,231,231, 19
737,231,231, 19
738,230,230, 20
739,230,230, 20
740,230,230, 20
741,230,230, 20
742,230,230, 20
743,230,230, 20
744,230,230, 20
745,230,230, 20
746,230,230, 20
747,230,230, 20
748,230,230, 20
749,230,230, 20
750,230,230, 20
751,230,230, 20
752,230,230, 20
753,230,230, 20
754,230,230, 20
755,230,230, 20
756,230,230, 20
757,230,230, 20
758,230,230, 20
759,230,230, 20
760,230,230, 20
761,230,230, 20
762,230,230, 20
763,230,230, 20
764,230,230, 20
765,230,230, 20
766,230,230, 20
767,230,230, 20
768,230,230, 20
769,230,230, 20
770,230,230, 20
771,230,230, 20
772,230,230, 20
773,230,230, 20
774,230,230, 20
775,230,230, 20
776,230,230, 20
777,230,230, 20
778,230,230, 20
779,230,230, 20
780,230,230, 20
781,230,230, 20
782,230,230, 20
783,230,230, 20
784,230,230, 20
785,230,230, 20
786,230,230, 20
787,230,230, 20
788,230,230, 20
789,230,230, 20
790,229,229, 21
791,229,229, 21
792,228,228, 22
793,228,228, 22
794,228,228, 22
795,228,228, 22
796,228,228, 22
797,228,228, 22
798,228,228, 22
799,228,228, 22
800,228,228, 22
801,228,228, 22
802,228,228, 22
803,228,228, 22
804,228,228, 22
805,228,228, 22
806,228,228, 22
807,227,227, 23
808,227,227, 23
809,227,227, 23
810,227,227, 23
811,227,227, 23
812,227,227, 23
813,227,227, 23
814,227,227, 23
815,227,227, 23
816,227,227, 23
817,227,227, 23
818,227,227, 23
819,227,227, 23
820,227,227, 23
821,227,227, 23
822,227,227, 23
823,227,227, 23
824,227,227, 23
825,227,227, 23
826,227,227, 23
827,227,227, 23
828,227,227, 23
829,227,227, 23
830,227,227, 23
831,227,227, 23
832,227,227, 23
833,227,227, 23
834,227,227, 23
835,227,227, 23
836,227,227, 23
837,227,227, 23
838,227,227, 23
839,227,227, 23
840,227,227, 23
841,227,227, 23
842,227,227, 23
843,227,227, 23
844,227,227, 23
845,227,227, 23
846,227,227, 23
847,227,227, 23
848,227,227, 23
849,227,227, 23
850,227,227, 23
851,227,227, 23
852,227,227, 23
853,227,227, 23
854,227,227, 23
855,227,227, 23
856,227,227, 23
857,227,227, 23
858,226,226, 24
859,226,226, 24
860,226,226, 24
861,226,226, 24
862,226,226, 24
863,225,225, 25
864,225,225, 25
865,225,225, 25
866,225,225, 25
867,225,225, 25
868,225,225, 25
869,225,225, 25
870,225,225, 25
871,225,225, 25
872,225,225, 25
873,225,225, 25
874,225,225, 25
875,225,225, 25
876,225,225, 25
877,225,225, 25
878,225,225, 25
879,225,225, 25
880,225,225, 25
881,225,225, 25
882,225,225, 25
883,225,225, 25
884,225,225, 25
885,225,225, 25
886,225,225, 25
887,225,225, 25
888,225,225, 25
889,225,225, 25
890,225,225, 25
891,225,225, 25
892,225,225, 25
893,225,225, 25
894,225,225, 25
895,225,225, 25
896,225,225, 25
897,225,225, 25
898,224,224, 26
899,224,224, 26
900,224,224, 26
901,224,224, 26
902,224,224, 26
903,224,224, 26
904,224,224, 26
905,224,224, 26
906,224,224, 26
907,224,224, 26
908,224,224, 26
909,224,224, 26
910,224,224, 26
911,224,224, 26
912,224,224, 26
913,224,224, 26
914,224,224, 26
915,223,223, 27
916,223,223, 27
917,223,223, 27
918,223,223, 27
919,223,223, 27
920,223,223, 27
921,223,223, 27
922,223,223, 27
923,223,223, 27
924,223,223, 27
925,223,223, 27
926,223,223, 27
927,223,223, 27
928,223,223, 27
929,223,223, 27
930,223,223, 27
931,223,223, 27
932,223,223, 27
933,223,223, 27
934,223,223, 27
935,223,223, 27
936,223,223, 27
937,223,223, 27
938,223,223, 27
939,223,223, 27
940,223,223, 27
941,223,223, 27
942,223,223, 27
943,223,223, 27
944,223,223, 27
945,223,223, 27
946,223,223, 27
947,223,223, 27
948,223,223, 27
949,223,223, 27
950,223,223, 27
951,223,223, 27
952,223,223, 27
953,223,223, 27
954,223,223, 27
955,223,223, 27
956,223,223, 27
957,223,223, 27
958,222,222, 28
959,222,222, 28
960,222,222, 28
961,222,222, 28
962,222,222, 28
963,222,222, 28
964,222,222, 28
965,222,222, 28
966,222,222, 28
967,222,222, 28
968,222,222, 28
969,222,222, 28
970,222,222, 28
971,222,222, 28
972,222,222, 28
973,222,222, 28
974,222,222, 28
975,222,222, 28
976,222,222, 28
977,222,222, 28
978,222,222, 28
979,222,222, 28
980,222,222, 28
981,222,222, 28
982,222,222, 28
983,222,222, 28
984,222,222, 28
985,222,222, 28
986,222,222, 28
987,222,222, 28
988,222,222, 28
989,222,222, 28
990,222,222, 28
991,222,222, 28
992,222,222, 28
993,222,222, 28
994,222,222, 28
995,222,222, 28
996,222,222, 28
997,222,222, 28
998,222,222, 28
999,222,222, 28
1000,222,222, 28
1001,222,222, 28
1002,222,222, 28
1003,222,222, 28
1004,222,222, 28
1005,222,222, 28
1006,222,222, 28
1007,222,222, 28
1008,222,222, 28
1009,222,222, 28
1010,222,222, 28
1011,222,222, 28
1012,222,222, 28
1013,222,222, 28
1014,222,222, 28
1015,222,222, 28
1016,222,222, 28
1017,222,222, 28
1018,222,222, 28
1019,222,222, 28
1020,222,222, 28
1021,222,222, 28
1022,222,222, 28
1023,222,222, 28
1024,222,222, 28
1025,222,222, 28
1026,222,222, 28
1027,222,222, 28
1028,222,222, 28
1029,222,222, 28
1030,222,222, 28
1031,222,222, 28
1032,222,222, 28
1033,222,222, 28
1034,222,222, 28
1035,222,222, 28
1036,222,222, 28
1037,222,222, 28
1038,222,222, 28
1039,222,222, 28
1040,222,222, 28
1041,222,222, 28
1042,222,222, 28
1043,222,222, 28
1044,221,221, 29
1045,221,221, 29
1046,221,221, 29
1047,221,221, 29
1048,221,221, 29
1049,221,221, 29
1050,221,221, 29
1051,221,221, 29
1052,221,221, 29
1053,221,221, 29
1054,221,221, 29
1055,221,221, 29
1056,221,221, 29
1057,221,221, 29
1058,221,221, 29
1059,221,221, 29
1060,221,221, 29
1061,221,221, 29
1062,221,221, 29
1063,221,221, 29
1064,221,221, 29
1065,221,221, 29
1066,221,221, 29
1067,221,221, 29
1068,221,221, 29
1069,221,221, 29
1070,221,221, 29
1071,221,221, 29
1072,221,221, 29
1073,221,221, 29
1074,221,221, 29
1075,221,221, 29
1076,221,221, 29
1077,221,221, 29
1078,221,221, 29
1079,221,221, 29
1080,221,221, 29
1081,221,221, 29
1082,221,221, 29
1083,221,221, 29
1084,221,221, 29
1085,221,221, 29
1086,221,221, 29
1087,221,221, 29
1088,221,221, 29
1089,221,221, 29
1090,221,221, 29
1091,221,221, 29
1092,221,221, 29
1093,221,221, 29
1094,221,221, 29
1095,221,221, 29
1096,221,221, 29
1097,221,221, 29
1098,221,221, 29
1099,221,221, 29
1100,221,221, 29
1101,221,221, 29
1102,221,221, 29
1103,221,221, 29
1104,221,221, 29
1105,221,221, 29
1106,221,221, 29
1107,221,221, 29
1108,221,221, 29
1109,221,221, 29
1110,221,221, 29
1111,221,221, 29
1112,221,221, 29
1113,221,221, 29
1114,221,221, 29
1115,221,221, 29
1116,221,221, 29
1117,221,221, 29
1118,221,221, 29
1119,221,221, 29
1120,221,221, 29
1121,221,221, 29
1122,221,221, 29
1123,221,221, 29
1124,221,221, 29
1125,221,221, 29
1126,221,221, 29
1127,221,221, 29
1128,221,221, 29
1129,221,221, 29
1130,221,221, 29
1131,221,221, 29
1132,221,221, 29
1133,221,221, 29
1134,221,221, 29
1135,221,221, 29
1136,221,221, 29
1137,221,221, 29
1138,221,221, 29
1139,221,221, 29
1140,221,221, 29
1141,221,221, 29
1142,221,221, 29
1143,221,221, 29
1144,221,221, 29
1145,221,221, 29
1146,221,221, 29
1147,221,221, 29
1148,221,221, 29
1149,221,221, 29
1150,221,221, 29
1151,221,221, 29
1152,221,221, 29
1153,221,221, 29
1154,221,221, 29
1155,221,221, 29
1156,221,221, 29
1157,221,221, 29
1158,221,221, 29
1159,221,221, 29
1160,221,221, 29
1161,221,221, 29
1162,221,221, 29
1163,221,221, 29
1164,221,221, 29
1165,221,221, 29
1166,221,221, 29
1167,221,221, 29
1168,221,221, 29
1169,221,221, 29
1170,221,221, 29
1171,221,221, 29
1172,221,221, 29
1173,221,221, 29
1174,221,221, 29
1175,221,221, 29
1176,221,221, 29
1177,221,221, 29
1178,221,221, 29
1179,221,221, 29
1180,221,221, 29
1181,221,221, 29
1182,221,221, 29
1183,221,221, 29
1184,221,221, 29
1185,221,221, 29
1186,221,221, 29
1187,221,221, 29
1188,221,221, 29
1189,221,221, 29
1190,221,221, 29
1191,221,221, 29
1192,221,221, 29
1193,221,221, 29
1194,221,221, 29
1195,221,221, 29
1196,221,221, 29
1197,221,221, 29
1198,221,221, 29
1199,221,221, 29
1200,221,221, 29
1201,221,221, 29
1202,221,221, 29
1203,221,221, 29
1204,221,221, 29
1205,221,221, 29
1206,221,221, 29
1207,221,221, 29
1208,221,221, 29
1209,221,221, 29
1210,221,221, 29
1211,221,221, 29
1212,221,221, 29
1213,221,221, 29
1214,221,221, 29
1215,221,221, 29
1216,221,221, 29
1217,221,221, 29
1218,221,221, 29
1219,221,221, 29
1220,221,221, 29
1221,221,221, 29
1222,221,221, 29
1223,221,221, 29
1224,221,221, 29
1225,221,221, 29
1226,221,221, 29
1227,221,221, 29
1228,221,221, 29
1229,221,221, 29
1230,221,221, 29
1231,221,221, 29
1232,221,221, 29
1233,221,221, 29
1234,221,221, 29
1235,221,221, 29
1236,221,221, 29
1237,221,221, 29
1238,221,221, 29
1239,221,221, 29
1240,221,221, 29
1241,221,221, 29
1242,221,221, 29
1243,221,221, 29
1244,221,221, 29
1245,221,221, 29
1246,221,221, 29
1247,221,221, 29
1248,221,221, 29
1249,221,221, 29
1250,221,221, 29
1251,221,221, 29
1252,221,221, 29
1253,221,221, 29
1254,221,221, 29
1255,221,221, 29
1256,221,221, 29
1257,221,221, 29
1258,221,221, 29
1259,221,221, 29
1260,221,221, 29
1261,221,221, 29
1262,221,221, 29
1263,221,221, 29
1264,221,221, 29
1265,221,221, 29
1266,221,221, 29
1267,221,221, 29
1268,221,221, 29
1269,221,221, 29
1270,221,221, 29
1271,221,221, 29
1272,221,221, 29
1273,221,221, 29
1274,221,221, 29
1275,221,221, 29
1276,221,221, 29
1277,221,221, 29
1278,221,221, 29
1279,221,221, 29
1280,221,221, 29
1281,221,221, 29
1282,221,221, 29
1283,221,221, 29
1284,221,221, 29
1285,221,221, 29
1286,221,221, 29
1287,221,221, 29
1288,221,221, 29
1289,221,221, 29
1290,221,221, 29
1291,221,221, 29
1292,221,221, 29
1293,221,221, 29
1294,221,221, 29
1295,221,221, 29
1296,221,221, 29
1297,221,221, 29
1298,221,221, 29
1299,221,221, 29
1300,221,221, 29
1301,221,221, 29
1302,221,221, 29
1303,221,221, 29
1304,221,221, 29
1305,221,221, 29
1306,221,221, 29
1307,221,221, 29
1308,221,221, 29
1309,221,221, 29
1310,221,221, 29
1311,221,221, 29
1312,221,221, 29
1313,221,221, 29
1314,221,221, 29
1315,221,221, 29
1316,221,221, 29
1317,221,221, 29
1318,221,221, 29
1319,221,221, 29
1320,221,221, 29
1321,221,221, 29
1322,221,221, 29
1323,221,221, 29
1324,221,221, 29
1325,221,221, 29
1326,221,221, 29
1327,221,221, 29
1328,221,221, 29
1329,221,221, 29
1330,221,221, 29
1331,221,221, 29
1332,221,221, 29
1333,221,221, 29
1334,221,221, 29
1335,221,221, 29
1336,221,221, 29
1337,221,221, 29
1338,221,221, 29
1339,221,221, 29
1340,221,221, 29
1341,221,221, 29
1342,221,221, 29
1343,221,221, 29
1344,221,221, 29
1345,221,221, 29
1346,221,221, 29
1347,221,221, 29
1348,221,221, 29
1349,221,221, 29
1350,221,221, 29
1351,221,221, 29
1352,221,221, 29
1353,221,221, 29
1354,221,221, 29
1355,221,221, 29
1356,221,221, 29
1357,221,221, 29
1358,221,221, 29
1359,221,221, 29
1360,221,221, 29
1361,221,221, 29
1362,221,221, 29
1363,221,221, 29
1364,221,221, 29
1365,221,221, 29
1366,221,221, 29
1367,221,221, 29
1368,221,221, 29
1369,221,221, 29
1370,221,221, 29
1371,221,221, 29
1372,221,221, 29
1373,221,221, 29
1374,221,221, 29
1375,221,221, 29
1376,221,221, 29
1377,221,221, 29
1378,221,221, 29
1379,221,221, 29
1380,221,221, 29
1381,221,221, 29
1382,221,221, 29
1383,221,221, 29
1384,221,221, 29
1385,221,221, 29
1386,221,221, 29
1387,221,221, 29
1388,221,221, 29
1389,221,221, 29
1390,221,221, 29
1391,221,221, 29
1392,221,221, 29
1393,221,221, 29
1394,221,221, 29
1395,221,221, 29
1396,221,221, 29
1397,221,221, 29
1398,221,221, 29
1399,221,221, 29
1400,221,221, 29
1401,221,221, 29
1402,221,221, 29
1403,221,221, 29
1404,221,221, 29
1405,221,221, 29
1406,221,221, 29
1407,221,221, 29
1408,221,221, 29
1409,221,221, 29
1410,221,221, 29
1411,221,221, 29
1412,221,221, 29
1413,221,221, 29
1414,221,221, 29
1415,221,221, 29
1416,221,221, 29
1417,221,221, 29
1418,221,221, 29
1419,221,221, 29
1420,221,221, 29
1421,221,221, 29
1422,221,221, 29
1423,221,221, 29
1424,221,221, 29
1425,221,221, 29
1426,221,221, 29
1427,221,221, 29
1428,221,221, 29
1429,221,221, 29
1430,221,221, 29
1431,221,221, 29
1432,221,221, 29
1433,221,221, 29
1434,221,221, 29
1435,221,221, 29
1436,221,221, 29
1437,221,221, 29
1438,221,221, 29
1439,221,221, 29
1440,221,221, 29
1441,221,221, 29
1442,221,221, 29
1443,221,221, 29
1444,221,221, 29
1445,221,221, 29
1446,221,221, 29
1447,221,221, 29
1448,221,221, 29
1449,221,221, 29
1450,221,221, 29
1451,221,221, 29
1452,221,221, 29
1453,221,221, 29
1454,221,221, 29
1455,221,221, 29
1456,221,221, 29
1457,221,221, 29
1458,221,221, 29
1459,221,221, 29
1460,221,221, 29
1461,221,221, 29
1462,221,221, 29
1463,221,221, 29
1464,221,221, 29
1465,221,221, 29
1466,221,221, 29
1467,221,221, 29
1468,221,221, 29
1469,221,221, 29
1470,221,221, 29
1471,221,221, 29
1472,221,221, 29
1473,221,221, 29
1474,221,221, 29
1475,221,221, 29
1476,221,221, 29
1477,221,221, 29
1478,221,221, 29
1479,221,221, 29
1480,221,221, 29
1481,221,221, 29
1482,221,221, 29
1483,221,221, 29
1484,221,221, 29
1485,221,221, 29
1486,221,221, 29
1487,221,221, 29
1488,221,221, 29
1489,221,221, 29
1490,221,221, 29
1491,221,221, 29
1492,221,221, 29
1493,221,221, 29
1494,221,221, 29
1495,221,221, 29
1496,221,221, 29
1497,221,221, 29
1498,221,221, 29
1499,221,221, 29
