0,250,250, 0
1,250,250, 0
2,250,250, 0
3,250,250, 0
4,250,250, 0
5,249,249, 1
6,249,249, 1
7,249,249, 1
8,249,249, 1
9,249,249, 1
10,249,249, 1
11,249,249, 1
12,249,249, 1
13,249,249, 1
14,249,249, 1
15,249,249, 1
16,249,249, 1
17,249,249, 1
18,249,249, 1
19,249,249, 1
20,249,249, 1
21,249,249, 1
22,249,249, 1
23,249,249, 1
24,249,249, 1
25,249,249, 1
26,249,249, 1
27,249,249, 1
28,248,248, 2
29,248,248, 2
30,248,248, 2
31,248,248, 2
32,248,248, 2
33,248,248, 2
34,248,248, 2
35,248,248, 2
36,248,248, 2
37,248,248, 2
38,248,248, 2
39,248,248, 2
40,248,248, 2
41,248,248, 2
42,248,248, 2
43,248,248, 2
44,248,248, 2
45,248,248, 2
46,248,248, 2
47,248,248, 2
48,247,247, 3
49,247,247, 3
50,247,247, 3
51,247,247, 3
52,247,247, 3
53,247,247, 3
54,247,247, 3
55,246,246, 4
56,246,246, 4
57,246,246, 4
58,246,246, 4
59,246,246, 4
60,246,246, 4
61,246,246, 4
62,246,246, 4
63,246,246, 4
64,246,246, 4
65,246,246, 4
66,246,246, 4
67,246,246, 4
68,246,246, 4
69,246,246, 4
70,246,246, 4
71,246,246, 4
72,246,246, 4
73,246,246, 4
74,246,246, 4
75,245,245, 5
76,245,245, 5
77,245,245, 5
78,245,245, 5
79,245,245, 5
80,245,245, 5
81,245,245, 5
82,245,245, 5
83,245,245, 5
84,245,245, 5
85,245,245, 5
86,245,245, 5
87,245,245, 5
88,245,245, 5
89,245,245, 5
90,245,245, 5
91,245,245, 5
92,245,245, 5
93,244,244, 6
94,244,244, 6
95,244,244, 6
96,244,244, 6
97,243,243, 7
98,243,243, 7
99,242,242, 8
100,242,242, 8
101,242,242, 8
102,242,242, 8
103,242,242, 8
104,242,242, 8
105,242,242, 8
106,242,242, 8
107,242,242, 8
108,242,242, 8
109,242,242, 8
110,242,242, 8
111,242,242, 8
112,242,242, 8
113,242,242, 8
114,242,242, 8
115,242,242, 8
116,242,242, 8
117,242,242, 8
118,242,242, 8
119,242,242, 8
120,242,242, 8
121,242,242, 8
122,242,242, 8
123,242,242, 8
124,242,242, 8
125,242,242, 8
126,242,242, 8
127,242,242, 8
128,242,242, 8
129,242,242, 8
130,242,242, 8
131,242,242, 8
132,242,242, 8
133,242,242, 8
134,242,242, 8
135,242,242, 8
136,242,242, 8
137,242,242, 8
138,242,242, 8
139,242,242, 8
140,242,242, 8
141,242,242, 8
142,242,242, 8
143,242,242, 8
144,242,242, 8
145,242,242, 8
146,242,242, 8
147,242,242, 8
148,242,242, 8
149,242,242, 8
150,242,242, 8
151,242,242, 8
152,242,242, 8
153,242,242, 8
154,242,242, 8
155,242,242, 8
156,242,242, 8
157,242,242, 8
158,242,242, 8
159,242,242, 8
160,242,242, 8
161,242,242, 8
162,242,242, 8
163,242,242, 8
164,242,242, 8
165,242,242, 8
166,242,242, 8
167,242,242, 8
168,241,241, 9
169,241,241, 9
170,241,241, 9
171,241,241, 9
172,241,241, 9
173,241,241, 9
174,241,241, 9
175,241,241, 9
176,241,241, 9
177,241,241, 9
178,241,241, 9
179,241,241, 9
180,241,241, 9
181,241,241, 9
182,241,241, 9
183,241,241, 9
184,241,241, 9
185,241,241, 9
186,241,241, 9
187,241,241, 9
188,241,241, 9
189,241,241, 9
190,241,241, 9
191,241,241, 9
192,241,241, 9
193,241,241, 9
194,241,241, 9
195,241,241, 9
196,241,241, 9
197,241,241, 9
198,241,241, 9
199,241,241, 9
200,241,241, 9
201,241,241, 9
202,241,241, 9
203,241,241, 9
204,241,241, 9
205,241,241, 9
206,241,241, 9
207,241,241, 9
208,241,241, 9
209,241,241, 9
210,241,241, 9
211,241,241, 9
212,241,241, 9
213,241,241, 9
214,241,241, 9
215,241,241, 9
216,241,241, 9
217,241,241, 9
218,241,241, 9
219,241,241, 9
220,241,241, 9
221,241,241, 9
222,241,241, 9
223,241,241, 9
224,241,241, 9
225,241,241, 9
226,241,241, 9
227,241,241, 9
228,241,241, 9
229,241,241, 9
230,241,241, 9
231,241,241, 9
232,241,241, 9
233,241,241, 9
234,241,241, 9
235,241,241, 9
236,241,241, 9
237,241,241, 9
238,241,241, 9
239,241,241, 9
240,241,241, 9
241,241,241, 9
242,241,241, 9
243,241,241, 9
244,241,241, 9
245,241,241, 9
246,241,241, 9
247,241,241, 9
248,241,241, 9
249,241,241, 9
250,241,241, 9
251,241,241, 9
252,241,241, 9
253,241,241, 9
254,241,241, 9
255,241,241, 9
256,241,241, 9
257,241,241, 9
258,241,241, 9
259,241,241, 9
260,240,240, 10
261,240,240, 10
262,240,240, 10
263,240,240, 10
264,240,240, 10
265,240,240, 10
266,240,240, 10
267,240,240, 10
268,240,240, 10
269,240,240, 10
270,240,240, 10
271,240,240, 10
272,240,240, 10
273,240,240, 10
274,240,240, 10
275,240,240, 10
276,240,240, 10
277,240,240, 10
278,240,240, 10
279,240,240, 10
280,240,240, 10
281,240,240, 10
282,240,240, 10
283,240,240, 10
284,240,240, 10
285,240,240, 10
286,240,240, 10
287,240,240, 10
288,240,240, 10
289,240,240, 10
290,240,240, 10
291,240,240, 10
292,240,240, 10
293,240,240, 10
294,240,240, 10
295,240,240, 10
296,240,240, 10
297,240,240, 10
298,240,240, 10
299,240,240, 10
300,239,239, 11
301,239,239, 11
302,239,239, 11
303,239,239, 11
304,239,239, 11
305,239,239, 11
306,239,239, 11
307,239,239, 11
308,239,239, 11
309,239,239, 11
310,239,239, 11
311,239,239, 11
312,239,239, 11
313,239,239, 11
314,239,239, 11
315,239,239, 11
316,239,239, 11
317,239,239, 11
318,239,239, 11
319,238,238, 12
320,238,238, 12
321,238,238, 12
322,238,238, 12
323,238,238, 12
324,238,238, 12
325,238,238, 12
326,238,238, 12
327,238,238, 12
328,238,238, 12
329,238,238, 12
330,238,238, 12
331,238,238, 12
332,238,238, 12
333,238,238, 12
334,238,238, 12
335,238,238, 12
336,238,238, 12
337,238,238, 12
338,238,238, 12
339,238,238, 12
340,238,238, 12
341,237,237, 13
342,237,237, 13
343,237,237, 13
344,237,237, 13
345,237,237, 13
346,237,237, 13
347,237,237, 13
348,237,237, 13
349,237,237, 13
350,237,237, 13
351,237,237, 13
352,237,237, 13
353,237,237, 13
354,237,237, 13
355,237,237, 13
356,237,237, 13
357,237,237, 13
358,237,237, 13
359,237,237, 13
360,237,237, 13
361,237,237, 13
362,237,237, 13
363,237,237, 13
364,237,237, 13
365,237,237, 13
366,237,237, 13
367,237,237, 13
368,237,237, 13
369,237,237, 13
370,237,237, 13
371,237,237, 13
372,237,237, 13
373,237,237, 13
374,237,237, 13
375,237,237, 13
376,237,237, 13
377,237,237, 13
378,237,237, 13
379,237,237, 13
380,237,237, 13
381,237,237, 13
382,237,237, 13
383,237,237, 13
384,237,237, 13
385,237,237, 13
386,237,237, 13
387,237,237, 13
388,237,237, 13
389,237,237, 13
390,237,237, 13
391,237,237, 13
392,237,237, 13
393,237,237, 13
394,237,237, 13
395,237,237, 13
396,237,237, 13
397,237,237, 13
398,237,237, 13
399,237,237, 13
400,237,237, 13
401,237,237, 13
402,237,237, 13
403,237,237, 13
404,237,237, 13
405,237,237, 13
406,237,237, 13
407,237,237, 13
408,237,237, 13
409,237,237, 13
410,237,237, 13
411,237,237, 13
412,237,237, 13
413,237,237, 13
414,237,237, 13
415,237,237, 13
416,235,235, 15
417,235,235, 15
418,235,235, 15
419,235,235, 15
420,235,235, 15
421,235,235, 15
422,235,235, 15
423,235,235, 15
424,235,235, 15
425,235,235, 15
426,235,235, 15
427,235,235, 15
428,235,235, 15
429,235,235, 15
430,235,235, 15
431,235,235, 15
432,235,235, 15
433,235,235, 15
434,235,235, 15
435,235,235, 15
436,235,235, 15
437,235,235, 15
438,235,235, 15
439,235,235, 15
440,235,235, 15
441,235,235, 15
442,234,234, 16
443,234,234, 16
444,234,234, 16
445,234,234, 16
446,234,234, 16
447,234,234, 16
448,234,234, 16
449,234,234, 16
450,234,234, 16
451,234,234, 16
452,234,234, 16
453,234,234, 16
454,234,234, 16
455,234,234, 16
456,234,234, 16
457,234,234, 16
458,234,234, 16
459,234,234, 16
460,234,234, 16
461,234,234, 16
462,234,234, 16
463,234,234, 16
464,234,234, 16
465,234,234, 16
466,234,234, 16
467,234,234, 16
468,234,234, 16
469,234,234, 16
470,234,234, 16
471,234,234, 16
472,234,234, 16
473,234,234, 16
474,234,234, 16
475,234,234, 16
476,234,234, 16
477,234,234, 16
478,234,234, 16
479,234,234, 16
480,234,234, 16
481,234,234, 16
482,234,234, 16
483,234,234, 16
484,234,234, 16
485,234,234, 16
486,234,234, 16
487,234,234, 16
488,234,234, 16
489,234,234, 16
490,234,234, 16
491,234,234, 16
492,234,234, 16
493,234,234, 16
494,233,233, 17
495,233,233, 17
496,233,233, 17
497,233,233, 17
498,233,233, 17
499,233,233, 17
500,233,233, 17
501,233,233, 17
502,233,233, 17
503,233,233, 17
504,233,233, 17
505,233,233, 17
506,233,233, 17
507,233,233, 17
508,233,233, 17
509,233,233, 17
510,233,233, 17
511,233,233, 17
512,233,233, 17
513,233,233, 17
514,233,233, 17
515,233,233, 17
516,233,233, 17
517,232,232, 18
518,232,232, 18
519,232,232, 18
520,232,232, 18
521,232,232, 18
522,232,232, 18
523,232,232, 18
524,232,232, 18
525,232,232, 18
526,232,232, 18
527,232,232, 18
528,232,232, 18
529,232,232, 18
530,232,232, 18
531,232,232, 18
532,232,232, 18
533,232,232, 18
534,232,232, 18
535,232,232, 18
536,232,232, 18
537,232,232, 18
538,232,232, 18
539,232,232, 18
540,232,232, 18
541,232,232, 18
542,232,232, 18
543,232,232, 18
544,232,232, 18
545,232,232, 18
546,232,232, 18
547,232,232, 18
548,232,232, 18
549,232,232, 18
550,232,232, 18
551,232,232, 18
552,232,232, 18
553,232,232, 18
554,232,232, 18
555,232,232, 18
556,232,232, 18
557,232,232, 18
558,232,232, 18
559,232,232, 18
560,232,232, 18
561,232,232, 18
562,232,232, 18
563,232,232, 18
564,232,232, 18
565,232,232, 18
566,232,232, 18
567,232,232, 18
568,232,232, 18
569,232,232, 18
570,232,232, 18
571,232,232, 18
572,232,232, 18
573,232,232, 18
574,232,232, 18
575,232,232, 18
576,232,232, 18
577,232,232, 18
578,232,232, 18
579,232,232, 18
580,232,232, 18
581,232,232, 18
582,232,232, 18
583,232,232, 18
584,231,231, 19
585,231,231, 19
586,231,231, 19
587,231,231, 19
588,231,231, 19
589,231,231, 19
590,231,231, 19
591,231,231, 19
592,231,231, 19
593,231,231, 19
594,231,231, 19
595,231,231, 19
596,231,231, 19
597,231,231, 19
598,231,231, 19
599,231,231, 19
600,231,231, 19
601,231,231, 19
602,231,231, 19
603,231,231, 19
604,231,231, 19
605,231,231, 19
606,231,231, 19
607,231,231, 19
608,231,231, 19
609,231,231, 19
610,231,231, 19
611,231,231, 19
612,231,231, 19
613,231,231, 19
614,231,231, 19
615,231,231, 19
616,231,231, 19
617,230,230, 20
618,230,230, 20
619,230,230, 20
620,230,230, 20
621,230,230, 20
622,230,230, 20
623,230,230, 20
624,230,230, 20
625,230,230, 20
626,230,230, 20
627,230,230, 20
628,230,230, 20
629,230,230, 20
630,230,230, 20
631,230,230, 20
632,230,230, 20
633,229,229, 21
634,229,229, 21
635,229,229, 21
636,229,229, 21
637,229,229, 21
638,229,229, 21
639,229,229, 21
640,229,229, 21
641,229,229, 21
642,229,229, 21
643,229,229, 21
644,229,229, 21
645,229,229, 21
646,229,229, 21
647,229,229, 21
648,229,229, 21
649,229,229, 21
650,229,229, 21
651,229,229, 21
652,229,229, 21
653,229,229, 21
654,229,229, 21
655,229,229, 21
656,229,229, 21
657,229,229, 21
658,228,228, 22
659,228,228, 22
660,228,228, 22
661,228,228, 22
662,228,228, 22
663,228,228, 22
664,228,228, 22
665,228,228, 22
666,228,228, 22
667,228,228, 22
668,228,228, 22
669,228,228, 22
670,228,228, 22
671,228,228, 22
672,228,228, 22
673,227,227, 23
674,227,227, 23
675,227,227, 23
676,227,227, 23
677,227,227, 23
678,227,227, 23
679,227,227, 23
680,227,227, 23
681,227,227, 23
682,227,227, 23
683,227,227, 23
684,227,227, 23
685,227,227, 23
686,227,227, 23
687,227,227, 23
688,227,227, 23
689,227,227, 23
690,227,227, 23
691,227,227, 23
692,227,227, 23
693,227,227, 23
694,227,227, 23
695,227,227, 23
696,227,227, 23
697,227,227, 23
698,227,227, 23
699,227,227, 23
700,227,227, 23
701,227,227, 23
702,227,227, 23
703,227,227, 23
704,227,227, 23
705,227,227, 23
706,227,227, 23
707,227,227, 23
708,227,227, 23
709,227,227, 23
710,227,227, 23
711,227,227, 23
712,227,227, 23
713,227,227, 23
714,227,227, 23
715,227,227, 23
716,227,227, 23
717,227,227, 23
718,227,227, 23
719,227,227, 23
720,227,227, 23
721,227,227, 23
722,227,227, 23
723,227,227, 23
724,227,227, 23
725,227,227, 23
726,227,227, 23
727,227,227, 23
728,227,227, 23
729,227,227, 23
730,227,227, 23
731,227,227, 23
732,227,227, 23
733,227,227, 23
734,227,227, 23
735,227,227, 23
736,227,227, 23
737,227,227, 23
738,227,227, 23
739,227,227, 23
740,227,227, 23
741,227,227, 23
742,227,227, 23
743,227,227, 23
744,227,227, 23
745,227,227, 23
746,227,227, 23
747,227,227, 23
748,227,227, 23
749,227,227, 23
750,227,227, 23
751,227,227, 23
752,227,227, 23
753,227,227, 23
754,227,227, 23
755,227,227, 23
756,227,227, 23
757,227,227, 23
758,227,227, 23
759,227,227, 23
760,227,227, 23
761,227,227, 23
762,227,227, 23
763,227,227, 23
764,227,227, 23
765,227,227, 23
766,227,227, 23
767,227,227, 23
768,227,227, 23
769,227,227, 23
770,227,227, 23
771,227,227, 23
772,227,227, 23
773,227,227, 23
774,227,227, 23
775,227,227, 23
776,227,227, 23
777,227,227, 23
778,227,227, 23
779,227,227, 23
780,227,227, 23
781,227,227, 23
782,227,227, 23
783,227,227, 23
784,227,227, 23
785,227,227, 23
786,227,227, 23
787,227,227, 23
788,227,227, 23
789,227,227, 23
790,227,227, 23
791,227,227, 23
792,227,227, 23
793,227,227, 23
794,227,227, 23
795,227,227, 23
796,227,227, 23
797,227,227, 23
798,227,227, 23
799,227,227, 23
800,227,227, 23
801,227,227, 23
802,227,227, 23
803,227,227, 23
804,227,227, 23
805,227,227, 23
806,227,227, 23
807,227,227, 23
808,227,227, 23
809,227,227, 23
810,227,227, 23
811,227,227, 23
812,227,227, 23
813,227,227, 23
814,227,227, 23
815,227,227, 23
816,227,227, 23
817,227,227, 23
818,227,227, 23
819,227,227, 23
820,227,227, 23
821,227,227, 23
822,227,227, 23
823,227,227, 23
824,227,227, 23
825,227,227, 23
826,227,227, 23
827,227,227, 23
828,227,227, 23
829,227,227, 23
830,227,227, 23
831,227,227, 23
832,227,227, 23
833,227,227, 23
834,227,227, 23
835,227,227, 23
836,227,227, 23
837,227,227, 23
838,227,227, 23
839,227,227, 23
840,227,227, 23
841,227,227, 23
842,227,227, 23
843,227,227, 23
844,227,227, 23
845,227,227, 23
846,227,227, 23
847,227,227, 23
848,227,227, 23
849,227,227, 23
850,227,227, 23
851,227,227, 23
852,227,227, 23
853,227,227, 23
854,227,227, 23
855,227,227, 23
856,227,227, 23
857,227,227, 23
858,227,227, 23
859,227,227, 23
860,227,227, 23
861,227,227, 23
862,227,227, 23
863,227,227, 23
864,227,227, 23
865,227,227, 23
866,227,227, 23
867,227,227, 23
868,227,227, 23
869,227,227, 23
870,227,227, 23
871,227,227, 23
872,227,227, 23
873,227,227, 23
874,227,227, 23
875,227,227, 23
876,227,227, 23
877,227,227, 23
878,227,227, 23
879,227,227, 23
880,227,227, 23
881,227,227, 23
882,227,227, 23
883,227,227, 23
884,227,227, 23
885,227,227, 23
886,227,227, 23
887,227,227, 23
888,227,227, 23
889,227,227, 23
890,227,227, 23
891,227,227, 23
892,227,227, 23
893,227,227, 23
894,227,227, 23
895,227,227, 23
896,227,227, 23
897,227,227, 23
898,227,227, 23
899,227,227, 23
900,227,227, 23
901,227,227, 23
902,227,227, 23
903,227,227, 23
904,227,227, 23
905,227,227, 23
906,227,227, 23
907,227,227, 23
908,227,227, 23
909,227,227, 23
910,227,227, 23
911,227,227, 23
912,227,227, 23
913,227,227, 23
914,227,227, 23
915,227,227, 23
916,227,227, 23
917,227,227, 23
918,227,227, 23
919,227,227, 23
920,227,227, 23
921,227,227, 23
922,227,227, 23
923,227,227, 23
924,227,227, 23
925,227,227, 23
926,227,227, 23
927,227,227, 23
928,227,227, 23
929,227,227, 23
930,227,227, 23
931,227,227, 23
932,227,227, 23
933,227,227, 23
934,227,227, 23
935,227,227, 23
936,227,227, 23
937,227,227, 23
938,227,227, 23
939,227,227, 23
940,227,227, 23
941,227,227, 23
942,227,227, 23
943,227,227, 23
944,227,227, 23
945,227,227, 23
946,227,227, 23
947,227,227, 23
948,227,227, 23
949,227,227, 23
950,227,227, 23
951,227,227, 23
952,227,227, 23
953,227,227, 23
954,227,227, 23
955,227,227, 23
956,227,227, 23
957,227,227, 23
958,227,227, 23
959,227,227, 23
960,227,227, 23
961,227,227, 23
962,227,227, 23
963,227,227, 23
964,227,227, 23
965,227,227, 23
966,227,227, 23
967,227,227, 23
968,227,227, 23
969,227,227, 23
970,227,227, 23
971,227,227, 23
972,227,227, 23
973,227,227, 23
974,227,227, 23
975,227,227, 23
976,227,227, 23
977,227,227, 23
978,227,227, 23
979,227,227, 23
980,227,227, 23
981,227,227, 23
982,227,227, 23
983,227,227, 23
984,227,227, 23
985,227,227, 23
986,227,227, 23
987,227,227, 23
988,227,227, 23
989,227,227, 23
990,227,227, 23
991,227,227, 23
992,227,227, 23
993,227,227, 23
994,227,227, 23
995,227,227, 23
996,227,227, 23
997,227,227, 23
998,227,227, 23
999,227,227, 23
1000,227,227, 23
1001,227,227, 23
1002,227,227, 23
1003,227,227, 23
1004,227,227, 23
1005,227,227, 23
1006,227,227, 23
1007,227,227, 23
1008,227,227, 23
1009,227,227, 23
1010,227,227, 23
1011,227,227, 23
1012,227,227, 23
1013,227,227, 23
1014,227,227, 23
1015,227,227, 23
1016,227,227, 23
1017,227,227, 23
1018,227,227, 23
1019,227,227, 23
1020,227,227, 23
1021,227,227, 23
1022,227,227, 23
1023,227,227, 23
1024,227,227, 23
1025,227,227, 23
1026,227,227, 23
1027,227,227, 23
1028,227,227, 23
1029,227,227, 23
1030,227,227, 23
1031,227,227, 23
1032,227,227, 23
1033,227,227, 23
1034,227,227, 23
1035,227,227, 23
1036,227,227, 23
1037,227,227, 23
1038,227,227, 23
1039,227,227, 23
1040,227,227, 23
1041,227,227, 23
1042,227,227, 23
1043,227,227, 23
1044,227,227, 23
1045,227,227, 23
1046,227,227, 23
1047,227,227, 23
1048,227,227, 23
1049,227,227, 23
1050,227,227, 23
1051,227,227, 23
1052,227,227, 23
1053,227,227, 23
1054,227,227, 23
1055,227,227, 23
1056,227,227, 23
1057,227,227, 23
1058,227,227, 23
1059,227,227, 23
1060,227,227, 23
1061,227,227, 23
1062,227,227, 23
1063,227,227, 23
1064,227,227, 23
1065,227,227, 23
1066,227,227, 23
1067,227,227, 23
1068,227,227, 23
1069,227,227, 23
1070,227,227, 23
1071,227,227, 23
1072,227,227, 23
1073,227,227, 23
1074,227,227, 23
1075,227,227, 23
1076,227,227, 23
1077,227,227, 23
1078,227,227, 23
1079,227,227, 23
1080,227,227, 23
1081,227,227, 23
1082,227,227, 23
1083,227,227, 23
1084,227,227, 23
1085,227,227, 23
1086,227,227, 23
1087,227,227, 23
1088,227,227, 23
1089,227,227, 23
1090,227,227, 23
1091,227,227, 23
1092,227,227, 23
1093,227,227, 23
1094,227,227, 23
1095,227,227, 23
1096,227,227, 23
1097,227,227, 23
1098,227,227, 23
1099,227,227, 23
1100,227,227, 23
1101,227,227, 23
1102,227,227, 23
1103,227,227, 23
1104,227,227, 23
1105,227,227, 23
1106,227,227, 23
1107,227,227, 23
1108,227,227, 23
1109,227,227, 23
1110,226,226, 24
1111,226,226, 24
1112,226,226, 24
1113,226,226, 24
1114,226,226, 24
1115,226,226, 24
1116,225,225, 25
1117,225,225, 25
1118,225,225, 25
1119,225,225, 25
1120,225,225, 25
1121,225,225, 25
1122,225,225, 25
1123,225,225, 25
1124,225,225, 25
1125,225,225, 25
1126,225,225, 25
1127,225,225, 25
1128,225,225, 25
1129,225,225, 25
1130,225,225, 25
1131,225,225, 25
1132,225,225, 25
1133,225,225, 25
1134,225,225, 25
1135,225,225, 25
1136,225,225, 25
1137,225,225, 25
1138,225,225, 25
1139,225,225, 25
1140,225,225, 25
1141,225,225, 25
1142,225,225, 25
1143,225,225, 25
1144,225,225, 25
1145,225,225, 25
1146,225,225, 25
1147,225,225, 25
1148,225,225, 25
1149,225,225, 25
1150,225,225, 25
1151,225,225, 25
1152,225,225, 25
1153,225,225, 25
1154,225,225, 25
1155,225,225, 25
1156,225,225, 25
1157,225,225, 25
1158,225,225, 25
1159,225,225, 25
1160,225,225, 25
1161,225,225, 25
1162,225,225, 25
1163,225,225, 25
1164,225,225, 25
1165,225,225, 25
1166,225,225, 25
1167,225,225, 25
1168,225,225, 25
1169,225,225, 25
1170,225,225, 25
1171,225,225, 25
1172,225,225, 25
1173,225,225, 25
1174,225,225, 25
1175,225,225, 25
1176,225,225, 25
1177,225,225, 25
1178,225,225, 25
1179,225,225, 25
1180,225,225, 25
1181,225,225, 25
1182,225,225, 25
1183,225,225, 25
1184,225,225, 25
1185,225,225, 25
1186,225,225, 25
1187,225,225, 25
1188,225,225, 25
1189,225,225, 25
1190,225,225, 25
1191,225,225, 25
1192,225,225, 25
1193,225,225, 25
1194,225,225, 25
1195,225,225, 25
1196,225,225, 25
1197,225,225, 25
1198,225,225, 25
1199,225,225, 25
1200,225,225, 25
1201,225,225, 25
1202,225,225, 25
1203,225,225, 25
1204,225,225, 25
1205,225,225, 25
1206,225,225, 25
1207,225,225, 25
1208,225,225, 25
1209,225,225, 25
1210,225,225, 25
1211,225,225, 25
1212,225,225, 25
1213,225,225, 25
1214,225,225, 25
1215,225,225, 25
1216,225,225, 25
1217,225,225, 25
1218,225,225, 25
1219,225,225, 25
1220,225,225, 25
1221,225,225, 25
1222,225,225, 25
1223,225,225, 25
1224,225,225, 25
1225,225,225, 25
1226,225,225, 25
1227,225,225, 25
1228,225,225, 25
1229,225,225, 25
1230,225,225, 25
1231,225,225, 25
1232,225,225, 25
1233,225,225, 25
1234,225,225, 25
1235,225,225, 25
1236,225,225, 25
1237,225,225, 25
1238,225,225, 25
1239,225,225, 25
1240,225,225, 25
1241,225,225, 25
1242,225,225, 25
1243,225,225, 25
1244,225,225, 25
1245,225,225, 25
1246,225,225, 25
1247,225,225, 25
1248,225,225, 25
1249,225,225, 25
1250,225,225, 25
1251,225,225, 25
1252,224,224, 26
1253,224,224, 26
1254,224,224, 26
1255,224,224, 26
1256,224,224, 26
1257,224,224, 26
1258,224,224, 26
1259,224,224, 26
1260,224,224, 26
1261,224,224, 26
1262,224,224, 26
1263,224,224, 26
1264,224,224, 26
1265,224,224, 26
1266,224,224, 26
1267,224,224, 26
1268,224,224, 26
1269,224,224, 26
1270,224,224, 26
1271,224,224, 26
1272,224,224, 26
1273,224,224, 26
1274,224,224, 26
1275,224,224, 26
1276,224,224, 26
1277,224,224, 26
1278,224,224, 26
1279,224,224, 26
1280,224,224, 26
1281,224,224, 26
1282,224,224, 26
1283,224,224, 26
1284,224,224, 26
1285,224,224, 26
1286,224,224, 26
1287,224,224, 26
1288,224,224, 26
1289,224,224, 26
1290,224,224, 26
1291,224,224, 26
1292,224,224, 26
1293,224,224, 26
1294,224,224, 26
1295,224,224, 26
1296,224,224, 26
1297,224,224, 26
1298,224,224, 26
1299,224,224, 26
1300,224,224, 26
1301,224,224, 26
1302,224,224, 26
1303,224,224, 26
1304,224,224, 26
1305,224,224, 26
1306,224,224, 26
1307,224,224, 26
1308,224,224, 26
1309,224,224, 26
1310,224,224, 26
1311,224,224, 26
1312,224,224, 26
1313,224,224, 26
1314,224,224, 26
1315,224,224, 26
1316,224,224, 26
1317,224,224, 26
1318,224,224, 26
1319,224,224, 26
1320,224,224, 26
1321,224,224, 26
1322,224,224, 26
1323,224,224, 26
1324,224,224, 26
1325,224,224, 26
1326,224,224, 26
1327,224,224, 26
1328,224,224, 26
1329,224,224, 26
1330,224,224, 26
1331,224,224, 26
1332,224,224, 26
1333,224,224, 26
1334,224,224, 26
1335,224,224, 26
1336,224,224, 26
1337,224,224, 26
1338,224,224, 26
1339,224,224, 26
1340,224,224, 26
1341,224,224, 26
1342,224,224, 26
1343,224,224, 26
1344,224,224, 26
1345,224,224, 26
1346,224,224, 26
1347,224,224, 26
1348,224,224, 26
1349,224,224, 26
1350,224,224, 26
1351,224,224, 26
1352,224,224, 26
1353,224,224, 26
1354,224,224, 26
1355,224,224, 26
1356,224,224, 26
1357,224,224, 26
1358,224,224, 26
1359,224,224, 26
1360,224,224, 26
1361,224,224, 26
1362,224,224, 26
1363,224,224, 26
1364,224,224, 26
1365,224,224, 26
1366,224,224, 26
1367,224,224, 26
1368,224,224, 26
1369,224,224, 26
1370,224,224, 26
1371,224,224, 26
1372,224,224, 26
1373,224,224, 26
1374,224,224, 26
1375,224,224, 26
1376,224,224, 26
1377,224,224, 26
1378,224,224, 26
1379,224,224, 26
1380,224,224, 26
1381,224,224, 26
1382,224,224, 26
1383,224,224, 26
1384,224,224, 26
1385,224,224, 26
1386,224,224, 26
1387,224,224, 26
1388,224,224, 26
1389,224,224, 26
1390,224,224, 26
1391,224,224, 26
1392,224,224, 26
1393,224,224, 26
1394,224,224, 26
1395,224,224, 26
1396,224,224, 26
1397,224,224, 26
1398,224,224, 26
1399,224,224, 26
1400,224,224, 26
1401,224,224, 26
1402,224,224, 26
1403,224,224, 26
1404,224,224, 26
1405,224,224, 26
1406,224,224, 26
1407,224,224, 26
1408,224,224, 26
1409,224,224, 26
1410,224,224, 26
1411,224,224, 26
1412,224,224, 26
1413,224,224, 26
1414,224,224, 26
1415,224,224, 26
1416,224,224, 26
1417,224,224, 26
1418,224,224, 26
1419,224,224, 26
1420,223,223, 27
1421,223,223, 27
1422,223,223, 27
1423,223,223, 27
1424,223,223, 27
1425,223,223, 27
1426,223,223, 27
1427,223,223, 27
1428,223,223, 27
1429,223,223, 27
1430,223,223, 27
1431,223,223, 27
1432,223,223, 27
1433,223,223, 27
1434,223,223, 27
1435,223,223, 27
1436,223,223, 27
1437,223,223, 27
1438,223,223, 27
1439,223,223, 27
1440,223,223, 27
1441,223,223, 27
1442,223,223, 27
1443,223,223, 27
1444,223,223, 27
1445,223,223, 27
1446,223,223, 27
1447,223,223, 27
1448,223,223, 27
1449,223,223, 27
1450,223,223, 27
1451,223,223, 27
1452,223,223, 27
1453,223,223, 27
1454,223,223, 27
1455,223,223, 27
1456,223,223, 27
1457,223,223, 27
1458,223,223, 27
1459,223,223, 27
1460,223,223, 27
1461,223,223, 27
1462,223,223, 27
1463,223,223, 27
1464,223,223, 27
1465,223,223, 27
1466,223,223, 27
1467,223,223, 27
1468,223,223, 27
1469,223,223, 27
1470,223,223, 27
1471,223,223, 27
1472,223,223, 27
1473,223,223, 27
1474,223,223, 27
1475,223,223, 27
1476,223,223, 27
1477,223,223, 27
1478,223,223, 27
1479,223,223, 27
1480,223,223, 27
1481,223,223, 27
1482,223,223, 27
1483,223,223, 27
1484,223,223, 27
1485,223,223, 27
1486,223,223, 27
1487,223,223, 27
1488,223,223, 27
1489,223,223, 27
1490,223,223, 27
1491,223,223, 27
1492,223,223, 27
1493,223,223, 27
1494,223,223, 27
1495,223,223, 27
1496,223,223, 27
1497,223,223, 27
1498,223,223, 27
1499,223,223, 27
