0,249,249, 1
1,249,249, 1
2,249,249, 1
3,249,249, 1
4,249,249, 1
5,249,249, 1
6,249,249, 1
7,249,249, 1
8,249,249, 1
9,249,249, 1
10,249,249, 1
11,249,249, 1
12,249,249, 1
13,249,249, 1
14,249,249, 1
15,248,248, 2
16,247,247, 3
17,247,247, 3
18,247,247, 3
19,247,247, 3
20,247,247, 3
21,247,247, 3
22,247,247, 3
23,247,247, 3
24,247,247, 3
25,247,247, 3
26,247,247, 3
27,247,247, 3
28,247,247, 3
29,247,247, 3
30,247,247, 3
31,247,247, 3
32,247,247, 3
33,247,247, 3
34,247,247, 3
35,247,247, 3
36,247,247, 3
37,247,247, 3
38,247,247, 3
39,247,247, 3
40,247,247, 3
41,247,247, 3
42,247,247, 3
43,247,247, 3
44,247,247, 3
45,247,247, 3
46,246,246, 4
47,246,246, 4
48,246,246, 4
49,246,246, 4
50,246,246, 4
51,245,245, 5
52,245,245, 5
53,245,245, 5
54,245,245, 5
55,245,245, 5
56,245,245, 5
57,245,245, 5
58,245,245, 5
59,245,245, 5
60,245,245, 5
61,245,245, 5
62,245,245, 5
63,245,245, 5
64,245,245, 5
65,244,244, 6
66,244,244, 6
67,244,244, 6
68,244,244, 6
69,244,244, 6
70,244,244, 6
71,244,244, 6
72,244,244, 6
73,244,244, 6
74,244,244, 6
75,244,244, 6
76,244,244, 6
77,244,244, 6
78,244,244, 6
79,244,244, 6
80,244,244, 6
81,244,244, 6
82,244,244, 6
83,244,244, 6
84,244,244, 6
85,244,244, 6
86,244,244, 6
87,244,244, 6
88,244,244, 6
89,244,244, 6
90,244,244, 6
91,244,244, 6
92,244,244, 6
93,244,244, 6
94,244,244, 6
95,244,244, 6
96,244,244, 6
97,244,244, 6
98,244,244, 6
99,244,244, 6
100,244,244, 6
101,244,244, 6
102,244,244, 6
103,244,244, 6
104,243,243, 7
105,243,243, 7
106,243,243, 7
107,243,243, 7
108,243,243, 7
109,243,243, 7
110,243,243, 7
111,242,242, 8
112,242,242, 8
113,242,242, 8
114,242,242, 8
115,242,242, 8
116,242,242, 8
117,242,242, 8
118,242,242, 8
119,242,242, 8
120,242,242, 8
121,242,242, 8
122,242,242, 8
123,242,242, 8
124,242,242, 8
125,242,242, 8
126,242,242, 8
127,242,242, 8
128,242,242, 8
129,242,242, 8
130,242,242, 8
131,242,242, 8
132,242,242, 8
133,242,242, 8
134,242,242, 8
135,242,242, 8
136,242,242, 8
137,241,241, 9
138,241,241, 9
139,241,241, 9
140,241,241, 9
141,241,241, 9
142,241,241, 9
143,241,241, 9
144,241,241, 9
145,241,241, 9
146,241,241, 9
147,241,241, 9
148,241,241, 9
149,241,241, 9
150,241,241, 9
151,241,241, 9
152,241,241, 9
153,241,241, 9
154,241,241, 9
155,241,241, 9
156,241,241, 9
157,241,241, 9
158,241,241, 9
159,241,241, 9
160,241,241, 9
161,241,241, 9
162,241,241, 9
163,241,241, 9
164,241,241, 9
165,241,241, 9
166,241,241, 9
167,240,240, 10
168,240,240, 10
169,240,240, 10
170,240,240, 10
171,240,240, 10
172,240,240, 10
173,240,240, 10
174,240,240, 10
175,240,240, 10
176,240,240, 10
177,240,240, 10
178,240,240, 10
179,240,240, 10
180,240,240, 10
181,240,240, 10
182,240,240, 10
183,240,240, 10
184,240,240, 10
185,240,240, 10
186,240,240, 10
187,240,240, 10
188,240,240, 10
189,240,240, 10
190,240,240, 10
191,240,240, 10
192,240,240, 10
193,240,240, 10
194,240,240, 10
195,240,240, 10
196,240,240, 10
197,240,240, 10
198,240,240, 10
199,240,240, 10
200,240,240, 10
201,240,240, 10
202,240,240, 10
203,240,240, 10
204,240,240, 10
205,240,240, 10
206,240,240, 10
207,240,240, 10
208,240,240, 10
209,240,240, 10
210,240,240, 10
211,240,240, 10
212,239,239, 11
213,239,239, 11
214,239,239, 11
215,239,239, 11
216,239,239, 11
217,239,239, 11
218,239,239, 11
219,239,239, 11
220,239,239, 11
221,239,239, 11
222,239,239, 11
223,239,239, 11
224,239,239, 11
225,239,239, 11
226,239,239, 11
227,239,239, 11
228,239,239, 11
229,239,239, 11
230,239,239, 11
231,239,239, 11
232,239,239, 11
233,239,239, 11
234,239,239, 11
235,239,239, 11
236,239,239, 11
237,239,239, 11
238,239,239, 11
239,239,239, 11
240,239,239, 11
241,239,239, 11
242,239,239, 11
243,239,239, 11
244,239,239, 11
245,239,239, 11
246,239,239, 11
247,239,239, 11
248,239,239, 11
249,239,239, 11
250,239,239, 11
251,239,239, 11
252,239,239, 11
253,239,239, 11
254,239,239, 11
255,239,239, 11
256,239,239, 11
257,239,239, 11
258,239,239, 11
259,239,239, 11
260,239,239, 11
261,239,239, 11
262,239,239, 11
263,239,239, 11
264,239,239, 11
265,239,239, 11
266,239,239, 11
267,239,239, 11
268,239,239, 11
269,238,238, 12
270,238,238, 12
271,238,238, 12
272,238,238, 12
273,238,238, 12
274,238,238, 12
275,238,238, 12
276,238,238, 12
277,238,238, 12
278,238,238, 12
279,238,238, 12
280,238,238, 12
281,238,238, 12
282,238,238, 12
283,238,238, 12
284,238,238, 12
285,238,238, 12
286,238,238, 12
287,238,238, 12
288,238,238, 12
289,238,238, 12
290,238,238, 12
291,238,238, 12
292,238,238, 12
293,238,238, 12
294,238,238, 12
295,238,238, 12
296,238,238, 12
297,238,238, 12
298,238,238, 12
299,238,238, 12
300,238,238, 12
301,238,238, 12
302,238,238, 12
303,238,238, 12
304,238,238, 12
305,238,238, 12
306,238,238, 12
307,238,238, 12
308,238,238, 12
309,238,238, 12
310,238,238, 12
311,238,238, 12
312,238,238, 12
313,238,238, 12
314,238,238, 12
315,238,238, 12
316,238,238, 12
317,238,238, 12
318,238,238, 12
319,238,238, 12
320,238,238, 12
321,238,238, 12
322,238,238, 12
323,238,238, 12
324,238,238, 12
325,238,238, 12
326,238,238, 12
327,238,238, 12
328,238,238, 12
329,238,238, 12
330,238,238, 12
331,238,238, 12
332,238,238, 12
333,238,238, 12
334,238,238, 12
335,238,238, 12
336,238,238, 12
337,238,238, 12
338,238,238, 12
339,237,237, 13
340,237,237, 13
341,237,237, 13
342,237,237, 13
343,237,237, 13
344,237,237, 13
345,237,237, 13
346,237,237, 13
347,237,237, 13
348,237,237, 13
349,237,237, 13
350,237,237, 13
351,237,237, 13
352,237,237, 13
353,237,237, 13
354,237,237, 13
355,237,237, 13
356,237,237, 13
357,237,237, 13
358,237,237, 13
359,237,237, 13
360,237,237, 13
361,237,237, 13
362,237,237, 13
363,237,237, 13
364,237,237, 13
365,237,237, 13
366,237,237, 13
367,237,237, 13
368,237,237, 13
369,237,237, 13
370,237,237, 13
371,237,237, 13
372,237,237, 13
373,237,237, 13
374,237,237, 13
375,237,237, 13
376,237,237, 13
377,237,237, 13
378,237,237, 13
379,237,237, 13
380,237,237, 13
381,237,237, 13
382,237,237, 13
383,237,237, 13
384,237,237, 13
385,237,237, 13
386,237,237, 13
387,237,237, 13
388,237,237, 13
389,237,237, 13
390,237,237, 13
391,237,237, 13
392,237,237, 13
393,237,237, 13
394,237,237, 13
395,237,237, 13
396,236,236, 14
397,236,236, 14
398,236,236, 14
399,236,236, 14
400,236,236, 14
401,236,236, 14
402,235,235, 15
403,235,235, 15
404,235,235, 15
405,235,235, 15
406,235,235, 15
407,235,235, 15
408,235,235, 15
409,235,235, 15
410,235,235, 15
411,235,235, 15
412,235,235, 15
413,235,235, 15
414,235,235, 15
415,235,235, 15
416,235,235, 15
417,235,235, 15
418,235,235, 15
419,235,235, 15
420,235,235, 15
421,235,235, 15
422,235,235, 15
423,235,235, 15
424,235,235, 15
425,235,235, 15
426,235,235, 15
427,235,235, 15
428,235,235, 15
429,235,235, 15
430,235,235, 15
431,235,235, 15
432,235,235, 15
433,235,235, 15
434,235,235, 15
435,235,235, 15
436,235,235, 15
437,235,235, 15
438,235,235, 15
439,235,235, 15
440,235,235, 15
441,235,235, 15
442,235,235, 15
443,235,235, 15
444,235,235, 15
445,235,235, 15
446,235,235, 15
447,235,235, 15
448,235,235, 15
449,235,235, 15
450,235,235, 15
451,235,235, 15
452,235,235, 15
453,235,235, 15
454,235,235, 15
455,235,235, 15
456,235,235, 15
457,235,235, 15
458,235,235, 15
459,235,235, 15
460,235,235, 15
461,235,235, 15
462,235,235, 15
463,235,235, 15
464,235,235, 15
465,235,235, 15
466,235,235, 15
467,235,235, 15
468,235,235, 15
469,235,235, 15
470,235,235, 15
471,234,234, 16
472,234,234, 16
473,234,234, 16
474,234,234, 16
475,234,234, 16
476,234,234, 16
477,234,234, 16
478,234,234, 16
479,234,234, 16
480,234,234, 16
481,234,234, 16
482,234,234, 16
483,234,234, 16
484,234,234, 16
485,234,234, 16
486,234,234, 16
487,234,234, 16
488,234,234, 16
489,234,234, 16
490,234,234, 16
491,234,234, 16
492,234,234, 16
493,234,234, 16
494,234,234, 16
495,234,234, 16
496,234,234, 16
497,234,234, 16
498,234,234, 16
499,234,234, 16
500,234,234, 16
501,234,234, 16
502,234,234, 16
503,234,234, 16
504,234,234, 16
505,234,234, 16
506,234,234, 16
507,234,234, 16
508,234,234, 16
509,234,234, 16
510,234,234, 16
511,234,234, 16
512,234,234, 16
513,234,234, 16
514,234,234, 16
515,234,234, 16
516,234,234, 16
517,234,234, 16
518,234,234, 16
519,234,234, 16
520,234,234, 16
521,234,234, 16
522,234,234, 16
523,234,234, 16
524,234,234, 16
525,234,234, 16
526,234,234, 16
527,234,234, 16
528,234,234, 16
529,234,234, 16
530,234,234, 16
531,234,234, 16
532,234,234, 16
533,234,234, 16
534,234,234, 16
535,234,234, 16
536,234,234, 16
537,234,234, 16
538,234,234, 16
539,234,234, 16
540,234,234, 16
541,234,234, 16
542,234,234, 16
543,234,234, 16
544,234,234, 16
545,234,234, 16
546,234,234, 16
547,234,234, 16
548,234,234, 16
549,234,234, 16
550,234,234, 16
551,234,234, 16
552,234,234, 16
553,234,234, 16
554,234,234, 16
555,234,234, 16
556,234,234, 16
557,234,234, 16
558,234,234, 16
559,234,234, 16
560,234,234, 16
561,234,234, 16
562,234,234, 16
563,234,234, 16
564,234,234, 16
565,234,234, 16
566,234,234, 16
567,234,234, 16
568,234,234, 16
569,234,234, 16
570,234,234, 16
571,234,234, 16
572,234,234, 16
573,234,234, 16
574,234,234, 16
575,234,234, 16
576,234,234, 16
577,234,234, 16
578,234,234, 16
579,234,234, 16
580,234,234, 16
581,234,234, 16
582,234,234, 16
583,234,234, 16
584,234,234, 16
585,234,234, 16
586,234,234, 16
587,234,234, 16
588,234,234, 16
589,234,234, 16
590,234,234, 16
591,234,234, 16
592,234,234, 16
593,234,234, 16
594,234,234, 16
595,234,234, 16
596,234,234, 16
597,234,234, 16
598,234,234, 16
599,234,234, 16
600,234,234, 16
601,234,234, 16
602,234,234, 16
603,234,234, 16
604,234,234, 16
605,234,234, 16
606,234,234, 16
607,234,234, 16
608,234,234, 16
609,234,234, 16
610,234,234, 16
611,234,234, 16
612,234,234, 16
613,234,234, 16
614,234,234, 16
615,234,234, 16
616,234,234, 16
617,234,234, 16
618,234,234, 16
619,234,234, 16
620,234,234, 16
621,234,234, 16
622,234,234, 16
623,233,233, 17
624,233,233, 17
625,233,233, 17
626,233,233, 17
627,233,233, 17
628,233,233, 17
629,232,232, 18
630,232,232, 18
631,232,232, 18
632,232,232, 18
633,232,232, 18
634,232,232, 18
635,232,232, 18
636,232,232, 18
637,232,232, 18
638,232,232, 18
639,232,232, 18
640,232,232, 18
641,232,232, 18
642,232,232, 18
643,232,232, 18
644,232,232, 18
645,232,232, 18
646,232,232, 18
647,232,232, 18
648,232,232, 18
649,232,232, 18
650,232,232, 18
651,232,232, 18
652,232,232, 18
653,232,232, 18
654,232,232, 18
655,232,232, 18
656,232,232, 18
657,232,232, 18
658,232,232, 18
659,232,232, 18
660,232,232, 18
661,232,232, 18
662,232,232, 18
663,232,232, 18
664,232,232, 18
665,232,232, 18
666,232,232, 18
667,232,232, 18
668,232,232, 18
669,232,232, 18
670,232,232, 18
671,232,232, 18
672,232,232, 18
673,232,232, 18
674,232,232, 18
675,232,232, 18
676,232,232, 18
677,232,232, 18
678,232,232, 18
679,232,232, 18
680,232,232, 18
681,232,232, 18
682,232,232, 18
683,231,231, 19
684,231,231, 19
685,231,231, 19
686,231,231, 19
687,231,231, 19
688,231,231, 19
689,231,231, 19
690,231,231, 19
691,231,231, 19
692,231,231, 19
693,231,231, 19
694,231,231, 19
695,231,231, 19
696,231,231, 19
697,231,231, 19
698,231,231, 19
699,231,231, 19
700,231,231, 19
701,231,231, 19
702,231,231, 19
703,231,231, 19
704,231,231, 19
705,231,231, 19
706,231,231, 19
707,231,231, 19
708,231,231, 19
709,231,231, 19
710,231,231, 19
711,231,231, 19
712,231,231, 19
713,231,231, 19
714,231,231, 19
715,231,231, 19
716,231,231, 19
717,231,231, 19
718,231,231, 19
719,231,231, 19
720,231,231, 19
721,231,231, 19
722,231,231, 19
723,231,231, 19
724,231,231, 19
725,231,231, 19
726,231,231, 19
727,231,231, 19
728,231,231, 19
729,231,231, 19
730,231,231, 19
731,231,231, 19
732,231,231, 19
733,231,231, 19
734,231,231, 19
735,231,231, 19
736,231,231, 19
737,231,231, 19
738,231,231, 19
739,231,231, 19
740,231,231, 19
741,231,231, 19
742,231,231, 19
743,231,231, 19
744,231,231, 19
745,231,231, 19
746,231,231, 19
747,231,231, 19
748,231,231, 19
749,231,231, 19
750,231,231, 19
751,231,231, 19
752,231,231, 19
753,231,231, 19
754,231,231, 19
755,231,231, 19
756,231,231, 19
757,231,231, 19
758,231,231, 19
759,231,231, 19
760,231,231, 19
761,231,231, 19
762,231,231, 19
763,231,231, 19
764,231,231, 19
765,231,231, 19
766,231,231, 19
767,231,231, 19
768,231,231, 19
769,231,231, 19
770,231,231, 19
771,231,231, 19
772,231,231, 19
773,230,230, 20
774,230,230, 20
775,230,230, 20
776,230,230, 20
777,230,230, 20
778,230,230, 20
779,230,230, 20
780,230,230, 20
781,230,230, 20
782,230,230, 20
783,230,230, 20
784,230,230, 20
785,230,230, 20
786,230,230, 20
787,230,230, 20
788,230,230, 20
789,230,230, 20
790,230,230, 20
791,230,230, 20
792,229,229, 21
793,229,229, 21
794,229,229, 21
795,229,229, 21
796,229,229, 21
797,229,229, 21
798,229,229, 21
799,229,229, 21
800,229,229, 21
801,229,229, 21
802,229,229, 21
803,229,229, 21
804,229,229, 21
805,229,229, 21
806,229,229, 21
807,229,229, 21
808,229,229, 21
809,229,229, 21
810,229,229, 21
811,229,229, 21
812,229,229, 21
813,229,229, 21
814,229,229, 21
815,229,229, 21
816,229,229, 21
817,229,229, 21
818,229,229, 21
819,229,229, 21
820,229,229, 21
821,229,229, 21
822,229,229, 21
823,229,229, 21
824,229,229, 21
825,229,229, 21
826,229,229, 21
827,229,229, 21
828,229,229, 21
829,229,229, 21
830,229,229, 21
831,229,229, 21
832,229,229, 21
833,229,229, 21
834,229,229, 21
835,229,229, 21
836,229,229, 21
837,229,229, 21
838,229,229, 21
839,229,229, 21
840,229,229, 21
841,229,229, 21
842,229,229, 21
843,229,229, 21
844,229,229, 21
845,229,229, 21
846,229,229, 21
847,229,229, 21
848,229,229, 21
849,229,229, 21
850,229,229, 21
851,229,229, 21
852,229,229, 21
853,229,229, 21
854,229,229, 21
855,229,229, 21
856,229,229, 21
857,229,229, 21
858,229,229, 21
859,229,229, 21
860,229,229, 21
861,229,229, 21
862,229,229, 21
863,229,229, 21
864,229,229, 21
865,229,229, 21
866,229,229, 21
867,229,229, 21
868,229,229, 21
869,229,229, 21
870,229,229, 21
871,229,229, 21
872,229,229, 21
873,229,229, 21
874,229,229, 21
875,229,229, 21
876,229,229, 21
877,229,229, 21
878,229,229, 21
879,229,229, 21
880,228,228, 22
881,228,228, 22
882,228,228, 22
883,228,228, 22
884,228,228, 22
885,228,228, 22
886,228,228, 22
887,228,228, 22
888,228,228, 22
889,228,228, 22
890,228,228, 22
891,228,228, 22
892,228,228, 22
893,228,228, 22
894,228,228, 22
895,228,228, 22
896,228,228, 22
897,228,228, 22
898,228,228, 22
899,228,228, 22
900,228,228, 22
901,228,228, 22
902,228,228, 22
903,228,228, 22
904,228,228, 22
905,228,228, 22
906,228,228, 22
907,228,228, 22
908,228,228, 22
909,228,228, 22
910,228,228, 22
911,228,228, 22
912,228,228, 22
913,228,228, 22
914,228,228, 22
915,228,228, 22
916,228,228, 22
917,228,228, 22
918,228,228, 22
919,228,228, 22
920,228,228, 22
921,227,227, 23
922,227,227, 23
923,227,227, 23
924,227,227, 23
925,227,227, 23
926,227,227, 23
927,227,227, 23
928,227,227, 23
929,227,227, 23
930,227,227, 23
931,226,226, 24
932,226,226, 24
933,226,226, 24
934,226,226, 24
935,226,226, 24
936,226,226, 24
937,226,226, 24
938,226,226, 24
939,226,226, 24
940,226,226, 24
941,226,226, 24
942,226,226, 24
943,226,226, 24
944,226,226, 24
945,226,226, 24
946,226,226, 24
947,226,226, 24
948,226,226, 24
949,226,226, 24
950,226,226, 24
951,226,226, 24
952,226,226, 24
953,226,226, 24
954,226,226, 24
955,226,226, 24
956,226,226, 24
957,226,226, 24
958,226,226, 24
959,226,226, 24
960,226,226, 24
961,226,226, 24
962,226,226, 24
963,226,226, 24
964,226,226, 24
965,226,226, 24
966,226,226, 24
967,226,226, 24
968,226,226, 24
969,226,226, 24
970,226,226, 24
971,226,226, 24
972,226,226, 24
973,226,226, 24
974,226,226, 24
975,226,226, 24
976,226,226, 24
977,226,226, 24
978,226,226, 24
979,226,226, 24
980,226,226, 24
981,226,226, 24
982,226,226, 24
983,226,226, 24
984,226,226, 24
985,226,226, 24
986,226,226, 24
987,226,226, 24
988,226,226, 24
989,226,226, 24
990,226,226, 24
991,226,226, 24
992,226,226, 24
993,226,226, 24
994,226,226, 24
995,226,226, 24
996,226,226, 24
997,226,226, 24
998,226,226, 24
999,226,226, 24
1000,226,226, 24
1001,226,226, 24
1002,226,226, 24
1003,226,226, 24
1004,226,226, 24
1005,226,226, 24
1006,226,226, 24
1007,226,226, 24
1008,226,226, 24
1009,226,226, 24
1010,226,226, 24
1011,226,226, 24
1012,226,226, 24
1013,226,226, 24
1014,226,226, 24
1015,226,226, 24
1016,226,226, 24
1017,226,226, 24
1018,226,226, 24
1019,226,226, 24
1020,226,226, 24
1021,226,226, 24
1022,226,226, 24
1023,226,226, 24
1024,226,226, 24
1025,226,226, 24
1026,226,226, 24
1027,226,226, 24
1028,226,226, 24
1029,226,226, 24
1030,226,226, 24
1031,226,226, 24
1032,226,226, 24
1033,226,226, 24
1034,226,226, 24
1035,226,226, 24
1036,226,226, 24
1037,226,226, 24
1038,226,226, 24
1039,226,226, 24
1040,226,226, 24
1041,226,226, 24
1042,226,226, 24
1043,226,226, 24
1044,226,226, 24
1045,226,226, 24
1046,226,226, 24
1047,226,226, 24
1048,226,226, 24
1049,226,226, 24
1050,226,226, 24
1051,226,226, 24
1052,226,226, 24
1053,226,226, 24
1054,226,226, 24
1055,226,226, 24
1056,226,226, 24
1057,226,226, 24
1058,226,226, 24
1059,226,226, 24
1060,226,226, 24
1061,226,226, 24
1062,226,226, 24
1063,226,226, 24
1064,226,226, 24
1065,226,226, 24
1066,226,226, 24
1067,226,226, 24
1068,226,226, 24
1069,226,226, 24
1070,226,226, 24
1071,226,226, 24
1072,226,226, 24
1073,226,226, 24
1074,226,226, 24
1075,226,226, 24
1076,226,226, 24
1077,226,226, 24
1078,226,226, 24
1079,226,226, 24
1080,226,226, 24
1081,226,226, 24
1082,226,226, 24
1083,226,226, 24
1084,226,226, 24
1085,226,226, 24
1086,226,226, 24
1087,226,226, 24
1088,226,226, 24
1089,226,226, 24
1090,226,226, 24
1091,226,226, 24
1092,226,226, 24
1093,226,226, 24
1094,226,226, 24
1095,226,226, 24
1096,226,226, 24
1097,226,226, 24
1098,226,226, 24
1099,226,226, 24
1100,226,226, 24
1101,226,226, 24
1102,226,226, 24
1103,226,226, 24
1104,226,226, 24
1105,226,226, 24
1106,226,226, 24
1107,226,226, 24
1108,226,226, 24
1109,226,226, 24
1110,226,226, 24
1111,226,226, 24
1112,226,226, 24
1113,226,226, 24
1114,225,225, 25
1115,225,225, 25
1116,225,225, 25
1117,225,225, 25
1118,225,225, 25
1119,225,225, 25
1120,225,225, 25
1121,225,225, 25
1122,225,225, 25
1123,225,225, 25
1124,225,225, 25
1125,225,225, 25
1126,225,225, 25
1127,225,225, 25
1128,225,225, 25
1129,225,225, 25
1130,225,225, 25
1131,225,225, 25
1132,225,225, 25
1133,225,225, 25
1134,225,225, 25
1135,225,225, 25
1136,225,225, 25
1137,225,225, 25
1138,225,225, 25
1139,225,225, 25
1140,225,225, 25
1141,225,225, 25
1142,225,225, 25
1143,225,225, 25
1144,225,225, 25
1145,225,225, 25
1146,225,225, 25
1147,225,225, 25
1148,225,225, 25
1149,225,225, 25
1150,225,225, 25
1151,225,225, 25
1152,225,225, 25
1153,225,225, 25
1154,225,225, 25
1155,225,225, 25
1156,225,225, 25
1157,225,225, 25
1158,225,225, 25
1159,225,225, 25
1160,225,225, 25
1161,225,225, 25
1162,225,225, 25
1163,225,225, 25
1164,225,225, 25
1165,225,225, 25
1166,225,225, 25
1167,225,225, 25
1168,225,225, 25
1169,225,225, 25
1170,225,225, 25
1171,225,225, 25
1172,225,225, 25
1173,225,225, 25
1174,225,225, 25
1175,225,225, 25
1176,225,225, 25
1177,225,225, 25
1178,225,225, 25
1179,225,225, 25
1180,225,225, 25
1181,225,225, 25
1182,225,225, 25
1183,225,225, 25
1184,225,225, 25
1185,225,225, 25
1186,225,225, 25
1187,225,225, 25
1188,225,225, 25
1189,225,225, 25
1190,225,225, 25
1191,225,225, 25
1192,225,225, 25
1193,225,225, 25
1194,225,225, 25
1195,225,225, 25
1196,225,225, 25
1197,225,225, 25
1198,225,225, 25
1199,225,225, 25
1200,225,225, 25
1201,225,225, 25
1202,225,225, 25
1203,225,225, 25
1204,225,225, 25
1205,225,225, 25
1206,225,225, 25
1207,225,225, 25
1208,225,225, 25
1209,225,225, 25
1210,225,225, 25
1211,225,225, 25
1212,225,225, 25
1213,225,225, 25
1214,225,225, 25
1215,225,225, 25
1216,225,225, 25
1217,225,225, 25
1218,225,225, 25
1219,225,225, 25
1220,225,225, 25
1221,225,225, 25
1222,225,225, 25
1223,225,225, 25
1224,225,225, 25
1225,225,225, 25
1226,225,225, 25
1227,225,225, 25
1228,225,225, 25
1229,225,225, 25
1230,225,225, 25
1231,225,225, 25
1232,225,225, 25
1233,225,225, 25
1234,225,225, 25
1235,225,225, 25
1236,225,225, 25
1237,225,225, 25
1238,225,225, 25
1239,225,225, 25
1240,225,225, 25
1241,225,225, 25
1242,225,225, 25
1243,225,225, 25
1244,225,225, 25
1245,225,225, 25
1246,225,225, 25
1247,225,225, 25
1248,225,225, 25
1249,225,225, 25
1250,225,225, 25
1251,225,225, 25
1252,225,225, 25
1253,225,225, 25
1254,225,225, 25
1255,225,225, 25
1256,225,225, 25
1257,225,225, 25
1258,225,225, 25
1259,225,225, 25
1260,225,225, 25
1261,225,225, 25
1262,225,225, 25
1263,225,225, 25
1264,225,225, 25
1265,225,225, 25
1266,225,225, 25
1267,225,225, 25
1268,225,225, 25
1269,225,225, 25
1270,225,225, 25
1271,225,225, 25
1272,225,225, 25
1273,225,225, 25
1274,225,225, 25
1275,225,225, 25
1276,225,225, 25
1277,225,225, 25
1278,225,225, 25
1279,225,225, 25
1280,225,225, 25
1281,225,225, 25
1282,225,225, 25
1283,225,225, 25
1284,225,225, 25
1285,225,225, 25
1286,225,225, 25
1287,225,225, 25
1288,225,225, 25
1289,225,225, 25
1290,225,225, 25
1291,225,225, 25
1292,225,225, 25
1293,225,225, 25
1294,225,225, 25
1295,225,225, 25
1296,225,225, 25
1297,225,225, 25
1298,225,225, 25
1299,225,225, 25
1300,225,225, 25
1301,225,225, 25
1302,225,225, 25
1303,225,225, 25
1304,225,225, 25
1305,225,225, 25
1306,225,225, 25
1307,225,225, 25
1308,225,225, 25
1309,225,225, 25
1310,225,225, 25
1311,225,225, 25
1312,225,225, 25
1313,225,225, 25
1314,225,225, 25
1315,225,225, 25
1316,225,225, 25
1317,225,225, 25
1318,225,225, 25
1319,225,225, 25
1320,225,225, 25
1321,225,225, 25
1322,225,225, 25
1323,225,225, 25
1324,225,225, 25
1325,225,225, 25
1326,225,225, 25
1327,225,225, 25
1328,225,225, 25
1329,225,225, 25
1330,225,225, 25
1331,225,225, 25
1332,225,225, 25
1333,225,225, 25
1334,225,225, 25
1335,225,225, 25
1336,225,225, 25
1337,225,225, 25
1338,225,225, 25
1339,225,225, 25
1340,225,225, 25
1341,225,225, 25
1342,225,225, 25
1343,225,225, 25
1344,225,225, 25
1345,225,225, 25
1346,225,225, 25
1347,225,225, 25
1348,225,225, 25
1349,225,225, 25
1350,225,225, 25
1351,225,225, 25
1352,225,225, 25
1353,225,225, 25
1354,225,225, 25
1355,225,225, 25
1356,225,225, 25
1357,225,225, 25
1358,225,225, 25
1359,225,225, 25
1360,225,225, 25
1361,225,225, 25
1362,225,225, 25
1363,225,225, 25
1364,225,225, 25
1365,225,225, 25
1366,225,225, 25
1367,225,225, 25
1368,225,225, 25
1369,225,225, 25
1370,225,225, 25
1371,225,225, 25
1372,225,225, 25
1373,225,225, 25
1374,225,225, 25
1375,225,225, 25
1376,225,225, 25
1377,225,225, 25
1378,225,225, 25
1379,225,225, 25
1380,225,225, 25
1381,225,225, 25
1382,225,225, 25
1383,225,225, 25
1384,225,225, 25
1385,225,225, 25
1386,225,225, 25
1387,225,225, 25
1388,225,225, 25
1389,225,225, 25
1390,225,225, 25
1391,225,225, 25
1392,225,225, 25
1393,225,225, 25
1394,225,225, 25
1395,225,225, 25
1396,225,225, 25
1397,225,225, 25
1398,225,225, 25
1399,225,225, 25
1400,225,225, 25
1401,225,225, 25
1402,225,225, 25
1403,225,225, 25
1404,225,225, 25
1405,225,225, 25
1406,225,225, 25
1407,225,225, 25
1408,225,225, 25
1409,225,225, 25
1410,225,225, 25
1411,225,225, 25
1412,225,225, 25
1413,225,225, 25
1414,225,225, 25
1415,225,225, 25
1416,225,225, 25
1417,225,225, 25
1418,225,225, 25
1419,225,225, 25
1420,225,225, 25
1421,225,225, 25
1422,225,225, 25
1423,225,225, 25
1424,225,225, 25
1425,225,225, 25
1426,225,225, 25
1427,225,225, 25
1428,225,225, 25
1429,225,225, 25
1430,225,225, 25
1431,225,225, 25
1432,225,225, 25
1433,225,225, 25
1434,225,225, 25
1435,225,225, 25
1436,225,225, 25
1437,225,225, 25
1438,225,225, 25
1439,225,225, 25
1440,225,225, 25
1441,225,225, 25
1442,225,225, 25
1443,225,225, 25
1444,225,225, 25
1445,225,225, 25
1446,225,225, 25
1447,225,225, 25
1448,225,225, 25
1449,225,225, 25
1450,225,225, 25
1451,225,225, 25
1452,225,225, 25
1453,225,225, 25
1454,225,225, 25
1455,225,225, 25
1456,225,225, 25
1457,225,225, 25
1458,225,225, 25
1459,225,225, 25
1460,225,225, 25
1461,225,225, 25
1462,225,225, 25
1463,225,225, 25
1464,225,225, 25
1465,225,225, 25
1466,225,225, 25
1467,225,225, 25
1468,225,225, 25
1469,225,225, 25
1470,225,225, 25
1471,225,225, 25
1472,225,225, 25
1473,225,225, 25
1474,225,225, 25
1475,225,225, 25
1476,225,225, 25
1477,225,225, 25
1478,225,225, 25
1479,225,225, 25
1480,225,225, 25
1481,225,225, 25
1482,225,225, 25
1483,225,225, 25
1484,225,225, 25
1485,225,225, 25
1486,225,225, 25
1487,225,225, 25
1488,225,225, 25
1489,224,224, 26
1490,224,224, 26
1491,224,224, 26
1492,224,224, 26
1493,224,224, 26
1494,224,224, 26
1495,224,224, 26
1496,224,224, 26
1497,224,224, 26
1498,224,224, 26
1499,224,224, 26
