0,249,249, 1
1,249,249, 1
2,249,249, 1
3,249,249, 1
4,249,249, 1
5,249,249, 1
6,249,249, 1
7,249,249, 1
8,249,249, 1
9,249,249, 1
10,249,249, 1
11,247,247, 3
12,247,247, 3
13,247,247, 3
14,247,247, 3
15,247,247, 3
16,247,247, 3
17,247,247, 3
18,247,247, 3
19,247,247, 3
20,247,247, 3
21,247,247, 3
22,247,247, 3
23,246,246, 4
24,245,245, 5
25,245,245, 5
26,245,245, 5
27,245,245, 5
28,245,245, 5
29,245,245, 5
30,245,245, 5
31,245,245, 5
32,244,244, 6
33,244,244, 6
34,244,244, 6
35,244,244, 6
36,244,244, 6
37,244,244, 6
38,243,243, 7
39,243,243, 7
40,243,243, 7
41,242,242, 8
42,242,242, 8
43,242,242, 8
44,242,242, 8
45,242,242, 8
46,242,242, 8
47,242,242, 8
48,242,242, 8
49,242,242, 8
50,242,242, 8
51,242,242, 8
52,242,242, 8
53,242,242, 8
54,242,242, 8
55,242,242, 8
56,242,242, 8
57,242,242, 8
58,242,242, 8
59,242,242, 8
60,242,242, 8
61,242,242, 8
62,242,242, 8
63,242,242, 8
64,242,242, 8
65,242,242, 8
66,242,242, 8
67,242,242, 8
68,240,240, 10
69,240,240, 10
70,240,240, 10
71,240,240, 10
72,240,240, 10
73,240,240, 10
74,240,240, 10
75,240,240, 10
76,240,240, 10
77,240,240, 10
78,240,240, 10
79,240,240, 10
80,240,240, 10
81,240,240, 10
82,240,240, 10
83,240,240, 10
84,240,240, 10
85,240,240, 10
86,240,240, 10
87,240,240, 10
88,240,240, 10
89,240,240, 10
90,240,240, 10
91,240,240, 10
92,240,240, 10
93,240,240, 10
94,240,240, 10
95,240,240, 10
96,240,240, 10
97,240,240, 10
98,240,240, 10
99,240,240, 10
100,240,240, 10
101,240,240, 10
102,240,240, 10
103,240,240, 10
104,240,240, 10
105,240,240, 10
106,240,240, 10
107,240,240, 10
108,240,240, 10
109,239,239, 11
110,239,239, 11
111,239,239, 11
112,239,239, 11
113,239,239, 11
114,239,239, 11
115,238,238, 12
116,238,238, 12
117,238,238, 12
118,238,238, 12
119,238,238, 12
120,238,238, 12
121,238,238, 12
122,238,238, 12
123,238,238, 12
124,238,238, 12
125,238,238, 12
126,238,238, 12
127,238,238, 12
128,238,238, 12
129,238,238, 12
130,238,238, 12
131,238,238, 12
132,238,238, 12
133,238,238, 12
134,238,238, 12
135,238,238, 12
136,238,238, 12
137,238,238, 12
138,238,238, 12
139,238,238, 12
140,238,238, 12
141,238,238, 12
142,238,238, 12
143,238,238, 12
144,238,238, 12
145,238,238, 12
146,238,238, 12
147,238,238, 12
148,238,238, 12
149,238,238, 12
150,238,238, 12
151,238,238, 12
152,238,238, 12
153,238,238, 12
154,238,238, 12
155,238,238, 12
156,238,238, 12
157,238,238, 12
158,238,238, 12
159,238,238, 12
160,238,238, 12
161,238,238, 12
162,238,238, 12
163,238,238, 12
164,238,238, 12
165,238,238, 12
166,238,238, 12
167,238,238, 12
168,238,238, 12
169,238,238, 12
170,238,238, 12
171,238,238, 12
172,238,238, 12
173,237,237, 13
174,237,237, 13
175,237,237, 13
176,237,237, 13
177,237,237, 13
178,237,237, 13
179,237,237, 13
180,237,237, 13
181,237,237, 13
182,237,237, 13
183,237,237, 13
184,237,237, 13
185,237,237, 13
186,237,237, 13
187,237,237, 13
188,237,237, 13
189,237,237, 13
190,237,237, 13
191,237,237, 13
192,237,237, 13
193,237,237, 13
194,237,237, 13
195,237,237, 13
196,237,237, 13
197,237,237, 13
198,237,237, 13
199,237,237, 13
200,237,237, 13
201,237,237, 13
202,237,237, 13
203,237,237, 13
204,237,237, 13
205,237,237, 13
206,237,237, 13
207,237,237, 13
208,237,237, 13
209,237,237, 13
210,237,237, 13
211,237,237, 13
212,237,237, 13
213,237,237, 13
214,237,237, 13
215,237,237, 13
216,237,237, 13
217,237,237, 13
218,237,237, 13
219,237,237, 13
220,237,237, 13
221,237,237, 13
222,237,237, 13
223,237,237, 13
224,237,237, 13
225,237,237, 13
226,237,237, 13
227,237,237, 13
228,237,237, 13
229,237,237, 13
230,237,237, 13
231,237,237, 13
232,237,237, 13
233,237,237, 13
234,237,237, 13
235,237,237, 13
236,237,237, 13
237,237,237, 13
238,237,237, 13
239,237,237, 13
240,237,237, 13
241,237,237, 13
242,237,237, 13
243,237,237, 13
244,237,237, 13
245,237,237, 13
246,237,237, 13
247,237,237, 13
248,237,237, 13
249,237,237, 13
250,237,237, 13
251,237,237, 13
252,236,236, 14
253,236,236, 14
254,236,236, 14
255,236,236, 14
256,236,236, 14
257,235,235, 15
258,235,235, 15
259,235,235, 15
260,235,235, 15
261,235,235, 15
262,235,235, 15
263,235,235, 15
264,235,235, 15
265,234,234, 16
266,234,234, 16
267,234,234, 16
268,234,234, 16
269,234,234, 16
270,234,234, 16
271,234,234, 16
272,234,234, 16
273,234,234, 16
274,234,234, 16
275,234,234, 16
276,234,234, 16
277,234,234, 16
278,234,234, 16
279,234,234, 16
280,234,234, 16
281,234,234, 16
282,234,234, 16
283,234,234, 16
284,234,234, 16
285,234,234, 16
286,234,234, 16
287,234,234, 16
288,234,234, 16
289,234,234, 16
290,234,234, 16
291,234,234, 16
292,234,234, 16
293,234,234, 16
294,234,234, 16
295,234,234, 16
296,234,234, 16
297,234,234, 16
298,234,234, 16
299,234,234, 16
300,234,234, 16
301,234,234, 16
302,234,234, 16
303,234,234, 16
304,234,234, 16
305,234,234, 16
306,234,234, 16
307,234,234, 16
308,234,234, 16
309,234,234, 16
310,234,234, 16
311,234,234, 16
312,234,234, 16
313,234,234, 16
314,234,234, 16
315,234,234, 16
316,234,234, 16
317,234,234, 16
318,234,234, 16
319,234,234, 16
320,234,234, 16
321,234,234, 16
322,234,234, 16
323,234,234, 16
324,234,234, 16
325,234,234, 16
326,234,234, 16
327,234,234, 16
328,234,234, 16
329,234,234, 16
330,234,234, 16
331,234,234, 16
332,234,234, 16
333,234,234, 16
334,234,234, 16
335,234,234, 16
336,234,234, 16
337,234,234, 16
338,234,234, 16
339,234,234, 16
340,234,234, 16
341,234,234, 16
342,234,234, 16
343,234,234, 16
344,234,234, 16
345,234,234, 16
346,234,234, 16
347,234,234, 16
348,234,234, 16
349,234,234, 16
350,234,234, 16
351,234,234, 16
352,234,234, 16
353,234,234, 16
354,234,234, 16
355,234,234, 16
356,234,234, 16
357,234,234, 16
358,234,234, 16
359,234,234, 16
360,234,234, 16
361,234,234, 16
362,234,234, 16
363,234,234, 16
364,234,234, 16
365,234,234, 16
366,234,234, 16
367,234,234, 16
368,234,234, 16
369,234,234, 16
370,234,234, 16
371,233,233, 17
372,233,233, 17
373,233,233, 17
374,233,233, 17
375,233,233, 17
376,232,232, 18
377,232,232, 18
378,232,232, 18
379,232,232, 18
380,232,232, 18
381,232,232, 18
382,232,232, 18
383,232,232, 18
384,232,232, 18
385,232,232, 18
386,232,232, 18
387,232,232, 18
388,232,232, 18
389,232,232, 18
390,232,232, 18
391,232,232, 18
392,232,232, 18
393,232,232, 18
394,232,232, 18
395,232,232, 18
396,232,232, 18
397,232,232, 18
398,232,232, 18
399,232,232, 18
400,232,232, 18
401,232,232, 18
402,232,232, 18
403,232,232, 18
404,232,232, 18
405,232,232, 18
406,232,232, 18
407,232,232, 18
408,232,232, 18
409,232,232, 18
410,232,232, 18
411,232,232, 18
412,232,232, 18
413,232,232, 18
414,232,232, 18
415,232,232, 18
416,232,232, 18
417,232,232, 18
418,232,232, 18
419,231,231, 19
420,231,231, 19
421,231,231, 19
422,231,231, 19
423,231,231, 19
424,231,231, 19
425,231,231, 19
426,231,231, 19
427,231,231, 19
428,231,231, 19
429,231,231, 19
430,231,231, 19
431,231,231, 19
432,231,231, 19
433,231,231, 19
434,231,231, 19
435,231,231, 19
436,231,231, 19
437,231,231, 19
438,231,231, 19
439,231,231, 19
440,231,231, 19
441,231,231, 19
442,231,231, 19
443,231,231, 19
444,231,231, 19
445,231,231, 19
446,231,231, 19
447,231,231, 19
448,231,231, 19
449,231,231, 19
450,231,231, 19
451,231,231, 19
452,231,231, 19
453,231,231, 19
454,231,231, 19
455,231,231, 19
456,231,231, 19
457,231,231, 19
458,231,231, 19
459,231,231, 19
460,231,231, 19
461,231,231, 19
462,231,231, 19
463,231,231, 19
464,231,231, 19
465,231,231, 19
466,231,231, 19
467,231,231, 19
468,231,231, 19
469,231,231, 19
470,231,231, 19
471,231,231, 19
472,231,231, 19
473,231,231, 19
474,231,231, 19
475,231,231, 19
476,231,231, 19
477,231,231, 19
478,231,231, 19
479,231,231, 19
480,231,231, 19
481,231,231, 19
482,231,231, 19
483,231,231, 19
484,231,231, 19
485,231,231, 19
486,231,231, 19
487,231,231, 19
488,231,231, 19
489,231,231, 19
490,231,231, 19
491,231,231, 19
492,231,231, 19
493,231,231, 19
494,231,231, 19
495,231,231, 19
496,231,231, 19
497,231,231, 19
498,231,231, 19
499,231,231, 19
500,231,231, 19
501,231,231, 19
502,231,231, 19
503,231,231, 19
504,231,231, 19
505,230,230, 20
506,230,230, 20
507,230,230, 20
508,230,230, 20
509,230,230, 20
510,230,230, 20
511,230,230, 20
512,230,230, 20
513,230,230, 20
514,230,230, 20
515,230,230, 20
516,230,230, 20
517,230,230, 20
518,230,230, 20
519,230,230, 20
520,230,230, 20
521,230,230, 20
522,230,230, 20
523,230,230, 20
524,230,230, 20
525,230,230, 20
526,230,230, 20
527,230,230, 20
528,230,230, 20
529,230,230, 20
530,230,230, 20
531,230,230, 20
532,230,230, 20
533,230,230, 20
534,230,230, 20
535,230,230, 20
536,230,230, 20
537,230,230, 20
538,230,230, 20
539,230,230, 20
540,230,230, 20
541,230,230, 20
542,230,230, 20
543,230,230, 20
544,230,230, 20
545,230,230, 20
546,230,230, 20
547,230,230, 20
548,230,230, 20
549,230,230, 20
550,230,230, 20
551,230,230, 20
552,230,230, 20
553,230,230, 20
554,230,230, 20
555,230,230, 20
556,230,230, 20
557,230,230, 20
558,230,230, 20
559,230,230, 20
560,230,230, 20
561,230,230, 20
562,229,229, 21
563,229,229, 21
564,229,229, 21
565,229,229, 21
566,229,229, 21
567,229,229, 21
568,229,229, 21
569,229,229, 21
570,229,229, 21
571,229,229, 21
572,229,229, 21
573,229,229, 21
574,229,229, 21
575,229,229, 21
576,229,229, 21
577,229,229, 21
578,229,229, 21
579,229,229, 21
580,229,229, 21
581,229,229, 21
582,229,229, 21
583,229,229, 21
584,229,229, 21
585,229,229, 21
586,229,229, 21
587,229,229, 21
588,229,229, 21
589,229,229, 21
590,229,229, 21
591,229,229, 21
592,229,229, 21
593,229,229, 21
594,229,229, 21
595,229,229, 21
596,229,229, 21
597,229,229, 21
598,229,229, 21
599,229,229, 21
600,229,229, 21
601,229,229, 21
602,229,229, 21
603,229,229, 21
604,229,229, 21
605,229,229, 21
606,229,229, 21
607,229,229, 21
608,229,229, 21
609,229,229, 21
610,229,229, 21
611,229,229, 21
612,229,229, 21
613,229,229, 21
614,229,229, 21
615,229,229, 21
616,229,229, 21
617,229,229, 21
618,229,229, 21
619,229,229, 21
620,229,229, 21
621,229,229, 21
622,229,229, 21
623,229,229, 21
624,229,229, 21
625,229,229, 21
626,229,229, 21
627,229,229, 21
628,229,229, 21
629,229,229, 21
630,229,229, 21
631,229,229, 21
632,229,229, 21
633,229,229, 21
634,229,229, 21
635,229,229, 21
636,229,229, 21
637,229,229, 21
638,229,229, 21
639,229,229, 21
640,229,229, 21
641,229,229, 21
642,229,229, 21
643,229,229, 21
644,229,229, 21
645,229,229, 21
646,229,229, 21
647,229,229, 21
648,229,229, 21
649,229,229, 21
650,229,229, 21
651,229,229, 21
652,229,229, 21
653,229,229, 21
654,229,229, 21
655,229,229, 21
656,229,229, 21
657,229,229, 21
658,229,229, 21
659,229,229, 21
660,229,229, 21
661,229,229, 21
662,229,229, 21
663,229,229, 21
664,229,229, 21
665,229,229, 21
666,229,229, 21
667,229,229, 21
668,229,229, 21
669,229,229, 21
670,229,229, 21
671,229,229, 21
672,229,229, 21
673,229,229, 21
674,229,229, 21
675,229,229, 21
676,229,229, 21
677,229,229, 21
678,229,229, 21
679,229,229, 21
680,229,229, 21
681,229,229, 21
682,229,229, 21
683,229,229, 21
684,229,229, 21
685,228,228, 22
686,228,228, 22
687,228,228, 22
688,227,227, 23
689,227,227, 23
690,227,227, 23
691,227,227, 23
692,227,227, 23
693,227,227, 23
694,227,227, 23
695,227,227, 23
696,227,227, 23
697,227,227, 23
698,226,226, 24
699,226,226, 24
700,226,226, 24
701,226,226, 24
702,226,226, 24
703,226,226, 24
704,226,226, 24
705,226,226, 24
706,226,226, 24
707,226,226, 24
708,226,226, 24
709,226,226, 24
710,226,226, 24
711,226,226, 24
712,226,226, 24
713,226,226, 24
714,226,226, 24
715,226,226, 24
716,226,226, 24
717,226,226, 24
718,226,226, 24
719,226,226, 24
720,226,226, 24
721,225,225, 25
722,225,225, 25
723,225,225, 25
724,225,225, 25
725,225,225, 25
726,225,225, 25
727,225,225, 25
728,225,225, 25
729,225,225, 25
730,225,225, 25
731,225,225, 25
732,225,225, 25
733,225,225, 25
734,225,225, 25
735,225,225, 25
736,225,225, 25
737,225,225, 25
738,224,224, 26
739,224,224, 26
740,224,224, 26
741,224,224, 26
742,224,224, 26
743,224,224, 26
744,224,224, 26
745,224,224, 26
746,224,224, 26
747,224,224, 26
748,224,224, 26
749,224,224, 26
750,224,224, 26
751,224,224, 26
752,224,224, 26
753,224,224, 26
754,224,224, 26
755,224,224, 26
756,224,224, 26
757,224,224, 26
758,224,224, 26
759,224,224, 26
760,224,224, 26
761,224,224, 26
762,224,224, 26
763,224,224, 26
764,224,224, 26
765,224,224, 26
766,224,224, 26
767,224,224, 26
768,224,224, 26
769,224,224, 26
770,224,224, 26
771,224,224, 26
772,224,224, 26
773,224,224, 26
774,224,224, 26
775,224,224, 26
776,224,224, 26
777,224,224, 26
778,224,224, 26
779,224,224, 26
780,224,224, 26
781,224,224, 26
782,224,224, 26
783,224,224, 26
784,224,224, 26
785,224,224, 26
786,224,224, 26
787,223,223, 27
788,223,223, 27
789,223,223, 27
790,223,223, 27
791,223,223, 27
792,223,223, 27
793,223,223, 27
794,223,223, 27
795,223,223, 27
796,223,223, 27
797,223,223, 27
798,223,223, 27
799,223,223, 27
800,223,223, 27
801,223,223, 27
802,223,223, 27
803,223,223, 27
804,223,223, 27
805,223,223, 27
806,223,223, 27
807,223,223, 27
808,223,223, 27
809,223,223, 27
810,223,223, 27
811,223,223, 27
812,223,223, 27
813,223,223, 27
814,223,223, 27
815,223,223, 27
816,223,223, 27
817,223,223, 27
818,223,223, 27
819,223,223, 27
820,223,223, 27
821,223,223, 27
822,223,223, 27
823,223,223, 27
824,223,223, 27
825,223,223, 27
826,223,223, 27
827,223,223, 27
828,223,223, 27
829,223,223, 27
830,223,223, 27
831,223,223, 27
832,223,223, 27
833,223,223, 27
834,223,223, 27
835,223,223, 27
836,223,223, 27
837,223,223, 27
838,223,223, 27
839,223,223, 27
840,223,223, 27
841,223,223, 27
842,223,223, 27
843,223,223, 27
844,223,223, 27
845,223,223, 27
846,223,223, 27
847,223,223, 27
848,223,223, 27
849,223,223, 27
850,223,223, 27
851,223,223, 27
852,223,223, 27
853,223,223, 27
854,223,223, 27
855,223,223, 27
856,223,223, 27
857,223,223, 27
858,223,223, 27
859,223,223, 27
860,223,223, 27
861,223,223, 27
862,223,223, 27
863,223,223, 27
864,223,223, 27
865,223,223, 27
866,223,223, 27
867,223,223, 27
868,223,223, 27
869,223,223, 27
870,223,223, 27
871,223,223, 27
872,223,223, 27
873,223,223, 27
874,223,223, 27
875,223,223, 27
876,223,223, 27
877,223,223, 27
878,223,223, 27
879,223,223, 27
880,223,223, 27
881,223,223, 27
882,223,223, 27
883,223,223, 27
884,223,223, 27
885,223,223, 27
886,223,223, 27
887,223,223, 27
888,223,223, 27
889,223,223, 27
890,223,223, 27
891,223,223, 27
892,223,223, 27
893,223,223, 27
894,223,223, 27
895,223,223, 27
896,223,223, 27
897,223,223, 27
898,223,223, 27
899,223,223, 27
900,223,223, 27
901,223,223, 27
902,223,223, 27
903,223,223, 27
904,223,223, 27
905,223,223, 27
906,223,223, 27
907,223,223, 27
908,223,223, 27
909,223,223, 27
910,223,223, 27
911,223,223, 27
912,223,223, 27
913,223,223, 27
914,223,223, 27
915,223,223, 27
916,223,223, 27
917,223,223, 27
918,223,223, 27
919,223,223, 27
920,223,223, 27
921,223,223, 27
922,223,223, 27
923,223,223, 27
924,223,223, 27
925,223,223, 27
926,223,223, 27
927,223,223, 27
928,223,223, 27
929,223,223, 27
930,223,223, 27
931,223,223, 27
932,223,223, 27
933,223,223, 27
934,223,223, 27
935,223,223, 27
936,223,223, 27
937,223,223, 27
938,223,223, 27
939,223,223, 27
940,223,223, 27
941,223,223, 27
942,223,223, 27
943,223,223, 27
944,223,223, 27
945,223,223, 27
946,223,223, 27
947,223,223, 27
948,223,223, 27
949,223,223, 27
950,223,223, 27
951,223,223, 27
952,223,223, 27
953,223,223, 27
954,223,223, 27
955,223,223, 27
956,223,223, 27
957,223,223, 27
958,223,223, 27
959,223,223, 27
960,223,223, 27
961,223,223, 27
962,223,223, 27
963,223,223, 27
964,223,223, 27
965,223,223, 27
966,223,223, 27
967,223,223, 27
968,223,223, 27
969,223,223, 27
970,223,223, 27
971,223,223, 27
972,223,223, 27
973,223,223, 27
974,223,223, 27
975,223,223, 27
976,223,223, 27
977,223,223, 27
978,223,223, 27
979,223,223, 27
980,223,223, 27
981,223,223, 27
982,223,223, 27
983,223,223, 27
984,223,223, 27
985,223,223, 27
986,223,223, 27
987,223,223, 27
988,223,223, 27
989,223,223, 27
990,223,223, 27
991,223,223, 27
992,223,223, 27
993,223,223, 27
994,223,223, 27
995,223,223, 27
996,223,223, 27
997,223,223, 27
998,223,223, 27
999,223,223, 27
1000,223,223, 27
1001,223,223, 27
1002,223,223, 27
1003,223,223, 27
1004,223,223, 27
1005,223,223, 27
1006,223,223, 27
1007,223,223, 27
1008,223,223, 27
1009,223,223, 27
1010,223,223, 27
1011,223,223, 27
1012,223,223, 27
1013,223,223, 27
1014,223,223, 27
1015,223,223, 27
1016,223,223, 27
1017,223,223, 27
1018,223,223, 27
1019,223,223, 27
1020,223,223, 27
1021,223,223, 27
1022,223,223, 27
1023,223,223, 27
1024,223,223, 27
1025,223,223, 27
1026,223,223, 27
1027,223,223, 27
1028,223,223, 27
1029,223,223, 27
1030,223,223, 27
1031,223,223, 27
1032,223,223, 27
1033,223,223, 27
1034,223,223, 27
1035,223,223, 27
1036,223,223, 27
1037,223,223, 27
1038,223,223, 27
1039,223,223, 27
1040,223,223, 27
1041,223,223, 27
1042,223,223, 27
1043,223,223, 27
1044,223,223, 27
1045,223,223, 27
1046,223,223, 27
1047,223,223, 27
1048,223,223, 27
1049,223,223, 27
1050,223,223, 27
1051,223,223, 27
1052,223,223, 27
1053,223,223, 27
1054,223,223, 27
1055,223,223, 27
1056,223,223, 27
1057,223,223, 27
1058,223,223, 27
1059,223,223, 27
1060,223,223, 27
1061,223,223, 27
1062,223,223, 27
1063,223,223, 27
1064,223,223, 27
1065,223,223, 27
1066,223,223, 27
1067,223,223, 27
1068,223,223, 27
1069,223,223, 27
1070,223,223, 27
1071,223,223, 27
1072,223,223, 27
1073,223,223, 27
1074,223,223, 27
1075,223,223, 27
1076,223,223, 27
1077,223,223, 27
1078,223,223, 27
1079,223,223, 27
1080,223,223, 27
1081,223,223, 27
1082,223,223, 27
1083,223,223, 27
1084,223,223, 27
1085,223,223, 27
1086,223,223, 27
1087,223,223, 27
1088,223,223, 27
1089,223,223, 27
1090,223,223, 27
1091,223,223, 27
1092,223,223, 27
1093,223,223, 27
1094,223,223, 27
1095,223,223, 27
1096,223,223, 27
1097,223,223, 27
1098,223,223, 27
1099,223,223, 27
1100,223,223, 27
1101,223,223, 27
1102,223,223, 27
1103,223,223, 27
1104,223,223, 27
1105,223,223, 27
1106,223,223, 27
1107,223,223, 27
1108,223,223, 27
1109,223,223, 27
1110,223,223, 27
1111,223,223, 27
1112,223,223, 27
1113,223,223, 27
1114,223,223, 27
1115,223,223, 27
1116,223,223, 27
1117,223,223, 27
1118,223,223, 27
1119,223,223, 27
1120,223,223, 27
1121,223,223, 27
1122,223,223, 27
1123,223,223, 27
1124,223,223, 27
1125,223,223, 27
1126,223,223, 27
1127,223,223, 27
1128,223,223, 27
1129,223,223, 27
1130,223,223, 27
1131,223,223, 27
1132,223,223, 27
1133,223,223, 27
1134,223,223, 27
1135,223,223, 27
1136,223,223, 27
1137,223,223, 27
1138,223,223, 27
1139,223,223, 27
1140,223,223, 27
1141,223,223, 27
1142,223,223, 27
1143,223,223, 27
1144,223,223, 27
1145,223,223, 27
1146,223,223, 27
1147,223,223, 27
1148,223,223, 27
1149,223,223, 27
1150,223,223, 27
1151,223,223, 27
1152,223,223, 27
1153,223,223, 27
1154,223,223, 27
1155,223,223, 27
1156,223,223, 27
1157,223,223, 27
1158,223,223, 27
1159,223,223, 27
1160,223,223, 27
1161,223,223, 27
1162,223,223, 27
1163,223,223, 27
1164,223,223, 27
1165,223,223, 27
1166,223,223, 27
1167,223,223, 27
1168,223,223, 27
1169,223,223, 27
1170,223,223, 27
1171,223,223, 27
1172,223,223, 27
1173,223,223, 27
1174,223,223, 27
1175,223,223, 27
1176,223,223, 27
1177,223,223, 27
1178,223,223, 27
1179,223,223, 27
1180,223,223, 27
1181,223,223, 27
1182,223,223, 27
1183,223,223, 27
1184,223,223, 27
1185,223,223, 27
1186,223,223, 27
1187,223,223, 27
1188,223,223, 27
1189,223,223, 27
1190,223,223, 27
1191,223,223, 27
1192,223,223, 27
1193,223,223, 27
1194,223,223, 27
1195,223,223, 27
1196,223,223, 27
1197,223,223, 27
1198,223,223, 27
1199,223,223, 27
1200,223,223, 27
1201,223,223, 27
1202,223,223, 27
1203,223,223, 27
1204,223,223, 27
1205,223,223, 27
1206,223,223, 27
1207,223,223, 27
1208,223,223, 27
1209,223,223, 27
1210,223,223, 27
1211,223,223, 27
1212,223,223, 27
1213,223,223, 27
1214,223,223, 27
1215,223,223, 27
1216,223,223, 27
1217,223,223, 27
1218,223,223, 27
1219,223,223, 27
1220,223,223, 27
1221,223,223, 27
1222,223,223, 27
1223,223,223, 27
1224,223,223, 27
1225,223,223, 27
1226,223,223, 27
1227,223,223, 27
1228,223,223, 27
1229,223,223, 27
1230,223,223, 27
1231,223,223, 27
1232,223,223, 27
1233,223,223, 27
1234,223,223, 27
1235,223,223, 27
1236,223,223, 27
1237,223,223, 27
1238,223,223, 27
1239,223,223, 27
1240,223,223, 27
1241,223,223, 27
1242,223,223, 27
1243,223,223, 27
1244,223,223, 27
1245,223,223, 27
1246,223,223, 27
1247,223,223, 27
1248,223,223, 27
1249,223,223, 27
1250,223,223, 27
1251,223,223, 27
1252,222,222, 28
1253,222,222, 28
1254,222,222, 28
1255,222,222, 28
1256,222,222, 28
1257,222,222, 28
1258,222,222, 28
1259,222,222, 28
1260,222,222, 28
1261,222,222, 28
1262,222,222, 28
1263,222,222, 28
1264,222,222, 28
1265,222,222, 28
1266,222,222, 28
1267,222,222, 28
1268,222,222, 28
1269,222,222, 28
1270,222,222, 28
1271,222,222, 28
1272,222,222, 28
1273,222,222, 28
1274,222,222, 28
1275,222,222, 28
1276,222,222, 28
1277,222,222, 28
1278,222,222, 28
1279,222,222, 28
1280,222,222, 28
1281,222,222, 28
1282,222,222, 28
1283,222,222, 28
1284,222,222, 28
1285,222,222, 28
1286,222,222, 28
1287,222,222, 28
1288,222,222, 28
1289,222,222, 28
1290,222,222, 28
1291,222,222, 28
1292,222,222, 28
1293,222,222, 28
1294,222,222, 28
1295,222,222, 28
1296,222,222, 28
1297,222,222, 28
1298,222,222, 28
1299,222,222, 28
1300,222,222, 28
1301,222,222, 28
1302,222,222, 28
1303,222,222, 28
1304,222,222, 28
1305,222,222, 28
1306,222,222, 28
1307,222,222, 28
1308,222,222, 28
1309,222,222, 28
1310,222,222, 28
1311,222,222, 28
1312,222,222, 28
1313,222,222, 28
1314,222,222, 28
1315,222,222, 28
1316,222,222, 28
1317,222,222, 28
1318,222,222, 28
1319,222,222, 28
1320,222,222, 28
1321,222,222, 28
1322,222,222, 28
1323,222,222, 28
1324,222,222, 28
1325,222,222, 28
1326,222,222, 28
1327,222,222, 28
1328,222,222, 28
1329,222,222, 28
1330,222,222, 28
1331,222,222, 28
1332,222,222, 28
1333,222,222, 28
1334,222,222, 28
1335,222,222, 28
1336,222,222, 28
1337,222,222, 28
1338,222,222, 28
1339,222,222, 28
1340,222,222, 28
1341,222,222, 28
1342,222,222, 28
1343,222,222, 28
1344,222,222, 28
1345,222,222, 28
1346,222,222, 28
1347,222,222, 28
1348,222,222, 28
1349,222,222, 28
1350,222,222, 28
1351,222,222, 28
1352,221,221, 29
1353,221,221, 29
1354,221,221, 29
1355,221,221, 29
1356,221,221, 29
1357,221,221, 29
1358,221,221, 29
1359,221,221, 29
1360,221,221, 29
1361,221,221, 29
1362,221,221, 29
1363,221,221, 29
1364,221,221, 29
1365,221,221, 29
1366,221,221, 29
1367,221,221, 29
1368,221,221, 29
1369,221,221, 29
1370,221,221, 29
1371,221,221, 29
1372,221,221, 29
1373,221,221, 29
1374,221,221, 29
1375,221,221, 29
1376,221,221, 29
1377,221,221, 29
1378,221,221, 29
1379,221,221, 29
1380,221,221, 29
1381,221,221, 29
1382,221,221, 29
1383,221,221, 29
1384,221,221, 29
1385,221,221, 29
1386,221,221, 29
1387,221,221, 29
1388,221,221, 29
1389,221,221, 29
1390,221,221, 29
1391,221,221, 29
1392,221,221, 29
1393,221,221, 29
1394,221,221, 29
1395,221,221, 29
1396,221,221, 29
1397,221,221, 29
1398,221,221, 29
1399,221,221, 29
1400,221,221, 29
1401,221,221, 29
1402,221,221, 29
1403,221,221, 29
1404,221,221, 29
1405,221,221, 29
1406,221,221, 29
1407,221,221, 29
1408,221,221, 29
1409,221,221, 29
1410,221,221, 29
1411,221,221, 29
1412,221,221, 29
1413,221,221, 29
1414,221,221, 29
1415,221,221, 29
1416,221,221, 29
1417,221,221, 29
1418,221,221, 29
1419,221,221, 29
1420,221,221, 29
1421,221,221, 29
1422,221,221, 29
1423,221,221, 29
1424,221,221, 29
1425,221,221, 29
1426,221,221, 29
1427,221,221, 29
1428,221,221, 29
1429,221,221, 29
1430,221,221, 29
1431,221,221, 29
1432,221,221, 29
1433,221,221, 29
1434,221,221, 29
1435,221,221, 29
1436,221,221, 29
1437,221,221, 29
1438,221,221, 29
1439,221,221, 29
1440,221,221, 29
1441,221,221, 29
1442,221,221, 29
1443,221,221, 29
1444,221,221, 29
1445,221,221, 29
1446,221,221, 29
1447,221,221, 29
1448,221,221, 29
1449,221,221, 29
1450,221,221, 29
1451,221,221, 29
1452,221,221, 29
1453,221,221, 29
1454,221,221, 29
1455,221,221, 29
1456,221,221, 29
1457,221,221, 29
1458,221,221, 29
1459,221,221, 29
1460,221,221, 29
1461,221,221, 29
1462,221,221, 29
1463,221,221, 29
1464,221,221, 29
1465,221,221, 29
1466,221,221, 29
1467,221,221, 29
1468,221,221, 29
1469,221,221, 29
1470,221,221, 29
1471,221,221, 29
1472,221,221, 29
1473,221,221, 29
1474,221,221, 29
1475,221,221, 29
1476,221,221, 29
1477,221,221, 29
1478,221,221, 29
1479,221,221, 29
1480,221,221, 29
1481,221,221, 29
1482,221,221, 29
1483,221,221, 29
1484,221,221, 29
1485,221,221, 29
1486,221,221, 29
1487,221,221, 29
1488,221,221, 29
1489,221,221, 29
1490,221,221, 29
1491,221,221, 29
1492,221,221, 29
1493,221,221, 29
1494,221,221, 29
1495,221,221, 29
1496,221,221, 29
1497,221,221, 29
1498,221,221, 29
1499,221,221, 29
