0,250,250, 0
1,250,250, 0
2,250,250, 0
3,250,250, 0
4,250,250, 0
5,250,250, 0
6,249,249, 1
7,249,249, 1
8,249,249, 1
9,249,249, 1
10,248,248, 2
11,248,248, 2
12,248,248, 2
13,248,248, 2
14,248,248, 2
15,248,248, 2
16,248,248, 2
17,248,248, 2
18,248,248, 2
19,248,248, 2
20,248,248, 2
21,248,248, 2
22,248,248, 2
23,248,248, 2
24,248,248, 2
25,248,248, 2
26,247,247, 3
27,247,247, 3
28,247,247, 3
29,247,247, 3
30,246,246, 4
31,246,246, 4
32,246,246, 4
33,246,246, 4
34,246,246, 4
35,246,246, 4
36,246,246, 4
37,246,246, 4
38,246,246, 4
39,246,246, 4
40,246,246, 4
41,246,246, 4
42,246,246, 4
43,246,246, 4
44,246,246, 4
45,246,246, 4
46,245,245, 5
47,245,245, 5
48,244,244, 6
49,244,244, 6
50,244,244, 6
51,244,244, 6
52,244,244, 6
53,244,244, 6
54,243,243, 7
55,243,243, 7
56,243,243, 7
57,243,243, 7
58,243,243, 7
59,243,243, 7
60,243,243, 7
61,243,243, 7
62,243,243, 7
63,243,243, 7
64,243,243, 7
65,243,243, 7
66,243,243, 7
67,243,243, 7
68,243,243, 7
69,243,243, 7
70,243,243, 7
71,243,243, 7
72,243,243, 7
73,243,243, 7
74,243,243, 7
75,243,243, 7
76,243,243, 7
77,243,243, 7
78,243,243, 7
79,243,243, 7
80,243,243, 7
81,243,243, 7
82,243,243, 7
83,243,243, 7
84,243,243, 7
85,243,243, 7
86,243,243, 7
87,243,243, 7
88,243,243, 7
89,243,243, 7
90,243,243, 7
91,243,243, 7
92,243,243, 7
93,243,243, 7
94,243,243, 7
95,243,243, 7
96,243,243, 7
97,243,243, 7
98,242,242, 8
99,242,242, 8
100,242,242, 8
101,242,242, 8
102,242,242, 8
103,242,242, 8
104,242,242, 8
105,242,242, 8
106,242,242, 8
107,242,242, 8
108,242,242, 8
109,242,242, 8
110,242,242, 8
111,242,242, 8
112,242,242, 8
113,242,242, 8
114,242,242, 8
115,242,242, 8
116,242,242, 8
117,242,242, 8
118,242,242, 8
119,242,242, 8
120,242,242, 8
121,242,242, 8
122,242,242, 8
123,242,242, 8
124,242,242, 8
125,242,242, 8
126,242,242, 8
127,242,242, 8
128,242,242, 8
129,242,242, 8
130,242,242, 8
131,242,242, 8
132,242,242, 8
133,242,242, 8
134,242,242, 8
135,242,242, 8
136,242,242, 8
137,242,242, 8
138,242,242, 8
139,242,242, 8
140,242,242, 8
141,242,242, 8
142,242,242, 8
143,242,242, 8
144,242,242, 8
145,242,242, 8
146,242,242, 8
147,242,242, 8
148,242,242, 8
149,242,242, 8
150,242,242, 8
151,242,242, 8
152,242,242, 8
153,242,242, 8
154,242,242, 8
155,242,242, 8
156,242,242, 8
157,241,241, 9
158,241,241, 9
159,241,241, 9
160,241,241, 9
161,241,241, 9
162,241,241, 9
163,241,241, 9
164,241,241, 9
165,241,241, 9
166,241,241, 9
167,241,241, 9
168,241,241, 9
169,241,241, 9
170,241,241, 9
171,241,241, 9
172,241,241, 9
173,241,241, 9
174,241,241, 9
175,241,241, 9
176,241,241, 9
177,241,241, 9
178,241,241, 9
179,241,241, 9
180,241,241, 9
181,241,241, 9
182,241,241, 9
183,241,241, 9
184,241,241, 9
185,241,241, 9
186,241,241, 9
187,241,241, 9
188,241,241, 9
189,241,241, 9
190,241,241, 9
191,240,240, 10
192,240,240, 10
193,240,240, 10
194,240,240, 10
195,240,240, 10
196,240,240, 10
197,240,240, 10
198,240,240, 10
199,240,240, 10
200,240,240, 10
201,240,240, 10
202,240,240, 10
203,240,240, 10
204,240,240, 10
205,240,240, 10
206,240,240, 10
207,240,240, 10
208,240,240, 10
209,240,240, 10
210,240,240, 10
211,240,240, 10
212,240,240, 10
213,240,240, 10
214,240,240, 10
215,240,240, 10
216,240,240, 10
217,240,240, 10
218,240,240, 10
219,240,240, 10
220,240,240, 10
221,240,240, 10
222,240,240, 10
223,240,240, 10
224,240,240, 10
225,240,240, 10
226,240,240, 10
227,240,240, 10
228,240,240, 10
229,240,240, 10
230,240,240, 10
231,240,240, 10
232,240,240, 10
233,240,240, 10
234,240,240, 10
235,240,240, 10
236,240,240, 10
237,240,240, 10
238,240,240, 10
239,240,240, 10
240,240,240, 10
241,240,240, 10
242,240,240, 10
243,240,240, 10
244,240,240, 10
245,240,240, 10
246,240,240, 10
247,240,240, 10
248,240,240, 10
249,240,240, 10
250,240,240, 10
251,240,240, 10
252,240,240, 10
253,240,240, 10
254,240,240, 10
255,240,240, 10
256,240,240, 10
257,240,240, 10
258,240,240, 10
259,240,240, 10
260,240,240, 10
261,240,240, 10
262,240,240, 10
263,240,240, 10
264,240,240, 10
265,240,240, 10
266,240,240, 10
267,240,240, 10
268,240,240, 10
269,240,240, 10
270,240,240, 10
271,240,240, 10
272,240,240, 10
273,240,240, 10
274,240,240, 10
275,240,240, 10
276,240,240, 10
277,240,240, 10
278,240,240, 10
279,240,240, 10
280,240,240, 10
281,240,240, 10
282,240,240, 10
283,240,240, 10
284,240,240, 10
285,240,240, 10
286,240,240, 10
287,240,240, 10
288,239,239, 11
289,239,239, 11
290,239,239, 11
291,239,239, 11
292,239,239, 11
293,239,239, 11
294,239,239, 11
295,239,239, 11
296,239,239, 11
297,239,239, 11
298,239,239, 11
299,239,239, 11
300,239,239, 11
301,239,239, 11
302,239,239, 11
303,239,239, 11
304,239,239, 11
305,239,239, 11
306,239,239, 11
307,239,239, 11
308,239,239, 11
309,239,239, 11
310,239,239, 11
311,238,238, 12
312,238,238, 12
313,238,238, 12
314,238,238, 12
315,238,238, 12
316,238,238, 12
317,238,238, 12
318,238,238, 12
319,238,238, 12
320,238,238, 12
321,238,238, 12
322,238,238, 12
323,238,238, 12
324,238,238, 12
325,238,238, 12
326,238,238, 12
327,238,238, 12
328,238,238, 12
329,238,238, 12
330,238,238, 12
331,238,238, 12
332,238,238, 12
333,238,238, 12
334,238,238, 12
335,238,238, 12
336,238,238, 12
337,238,238, 12
338,238,238, 12
339,238,238, 12
340,238,238, 12
341,238,238, 12
342,238,238, 12
343,238,238, 12
344,238,238, 12
345,238,238, 12
346,238,238, 12
347,238,238, 12
348,238,238, 12
349,238,238, 12
350,238,238, 12
351,238,238, 12
352,238,238, 12
353,238,238, 12
354,238,238, 12
355,238,238, 12
356,238,238, 12
357,238,238, 12
358,238,238, 12
359,238,238, 12
360,238,238, 12
361,238,238, 12
362,238,238, 12
363,238,238, 12
364,237,237, 13
365,237,237, 13
366,237,237, 13
367,237,237, 13
368,237,237, 13
369,237,237, 13
370,237,237, 13
371,235,235, 15
372,235,235, 15
373,235,235, 15
374,235,235, 15
375,235,235, 15
376,235,235, 15
377,235,235, 15
378,235,235, 15
379,235,235, 15
380,235,235, 15
381,235,235, 15
382,235,235, 15
383,235,235, 15
384,235,235, 15
385,235,235, 15
386,235,235, 15
387,235,235, 15
388,235,235, 15
389,235,235, 15
390,235,235, 15
391,235,235, 15
392,235,235, 15
393,235,235, 15
394,235,235, 15
395,235,235, 15
396,235,235, 15
397,235,235, 15
398,235,235, 15
399,235,235, 15
400,235,235, 15
401,235,235, 15
402,235,235, 15
403,235,235, 15
404,235,235, 15
405,235,235, 15
406,235,235, 15
407,235,235, 15
408,235,235, 15
409,235,235, 15
410,235,235, 15
411,235,235, 15
412,235,235, 15
413,235,235, 15
414,235,235, 15
415,235,235, 15
416,235,235, 15
417,235,235, 15
418,235,235, 15
419,235,235, 15
420,235,235, 15
421,235,235, 15
422,235,235, 15
423,235,235, 15
424,235,235, 15
425,235,235, 15
426,235,235, 15
427,235,235, 15
428,235,235, 15
429,235,235, 15
430,235,235, 15
431,235,235, 15
432,235,235, 15
433,235,235, 15
434,235,235, 15
435,235,235, 15
436,235,235, 15
437,235,235, 15
438,235,235, 15
439,235,235, 15
440,235,235, 15
441,235,235, 15
442,235,235, 15
443,235,235, 15
444,234,234, 16
445,234,234, 16
446,234,234, 16
447,234,234, 16
448,234,234, 16
449,234,234, 16
450,234,234, 16
451,234,234, 16
452,234,234, 16
453,234,234, 16
454,234,234, 16
455,234,234, 16
456,234,234, 16
457,234,234, 16
458,234,234, 16
459,234,234, 16
460,234,234, 16
461,234,234, 16
462,234,234, 16
463,234,234, 16
464,234,234, 16
465,234,234, 16
466,234,234, 16
467,234,234, 16
468,234,234, 16
469,234,234, 16
470,234,234, 16
471,234,234, 16
472,234,234, 16
473,234,234, 16
474,234,234, 16
475,234,234, 16
476,234,234, 16
477,234,234, 16
478,234,234, 16
479,234,234, 16
480,233,233, 17
481,233,233, 17
482,233,233, 17
483,233,233, 17
484,233,233, 17
485,233,233, 17
486,233,233, 17
487,233,233, 17
488,233,233, 17
489,233,233, 17
490,233,233, 17
491,233,233, 17
492,233,233, 17
493,233,233, 17
494,233,233, 17
495,233,233, 17
496,233,233, 17
497,233,233, 17
498,233,233, 17
499,233,233, 17
500,233,233, 17
501,233,233, 17
502,233,233, 17
503,233,233, 17
504,233,233, 17
505,233,233, 17
506,233,233, 17
507,233,233, 17
508,233,233, 17
509,233,233, 17
510,233,233, 17
511,233,233, 17
512,233,233, 17
513,233,233, 17
514,233,233, 17
515,233,233, 17
516,233,233, 17
517,233,233, 17
518,233,233, 17
519,233,233, 17
520,233,233, 17
521,233,233, 17
522,233,233, 17
523,233,233, 17
524,233,233, 17
525,233,233, 17
526,233,233, 17
527,233,233, 17
528,233,233, 17
529,233,233, 17
530,233,233, 17
531,233,233, 17
532,233,233, 17
533,233,233, 17
534,233,233, 17
535,233,233, 17
536,233,233, 17
537,233,233, 17
538,233,233, 17
539,233,233, 17
540,233,233, 17
541,233,233, 17
542,233,233, 17
543,233,233, 17
544,233,233, 17
545,233,233, 17
546,233,233, 17
547,233,233, 17
548,233,233, 17
549,233,233, 17
550,233,233, 17
551,233,233, 17
552,233,233, 17
553,233,233, 17
554,233,233, 17
555,233,233, 17
556,233,233, 17
557,233,233, 17
558,233,233, 17
559,233,233, 17
560,233,233, 17
561,233,233, 17
562,233,233, 17
563,233,233, 17
564,233,233, 17
565,233,233, 17
566,233,233, 17
567,233,233, 17
568,233,233, 17
569,233,233, 17
570,233,233, 17
571,233,233, 17
572,233,233, 17
573,233,233, 17
574,233,233, 17
575,233,233, 17
576,233,233, 17
577,233,233, 17
578,233,233, 17
579,233,233, 17
580,233,233, 17
581,233,233, 17
582,232,232, 18
583,232,232, 18
584,232,232, 18
585,232,232, 18
586,232,232, 18
587,232,232, 18
588,232,232, 18
589,232,232, 18
590,232,232, 18
591,232,232, 18
592,232,232, 18
593,232,232, 18
594,232,232, 18
595,232,232, 18
596,232,232, 18
597,232,232, 18
598,232,232, 18
599,232,232, 18
600,232,232, 18
601,232,232, 18
602,232,232, 18
603,232,232, 18
604,232,232, 18
605,232,232, 18
606,232,232, 18
607,232,232, 18
608,232,232, 18
609,232,232, 18
610,232,232, 18
611,232,232, 18
612,232,232, 18
613,232,232, 18
614,232,232, 18
615,232,232, 18
616,232,232, 18
617,232,232, 18
618,232,232, 18
619,232,232, 18
620,232,232, 18
621,232,232, 18
622,232,232, 18
623,232,232, 18
624,232,232, 18
625,232,232, 18
626,232,232, 18
627,232,232, 18
628,232,232, 18
629,232,232, 18
630,232,232, 18
631,232,232, 18
632,232,232, 18
633,232,232, 18
634,232,232, 18
635,232,232, 18
636,232,232, 18
637,232,232, 18
638,232,232, 18
639,232,232, 18
640,232,232, 18
641,232,232, 18
642,232,232, 18
643,232,232, 18
644,232,232, 18
645,232,232, 18
646,232,232, 18
647,232,232, 18
648,232,232, 18
649,232,232, 18
650,232,232, 18
651,232,232, 18
652,232,232, 18
653,232,232, 18
654,232,232, 18
655,232,232, 18
656,232,232, 18
657,232,232, 18
658,232,232, 18
659,232,232, 18
660,231,231, 19
661,231,231, 19
662,231,231, 19
663,231,231, 19
664,231,231, 19
665,231,231, 19
666,231,231, 19
667,231,231, 19
668,231,231, 19
669,231,231, 19
670,231,231, 19
671,231,231, 19
672,231,231, 19
673,231,231, 19
674,231,231, 19
675,231,231, 19
676,231,231, 19
677,231,231, 19
678,231,231, 19
679,231,231, 19
680,231,231, 19
681,231,231, 19
682,231,231, 19
683,231,231, 19
684,231,231, 19
685,231,231, 19
686,231,231, 19
687,231,231, 19
688,231,231, 19
689,231,231, 19
690,231,231, 19
691,231,231, 19
692,231,231, 19
693,231,231, 19
694,231,231, 19
695,231,231, 19
696,231,231, 19
697,231,231, 19
698,231,231, 19
699,231,231, 19
700,231,231, 19
701,231,231, 19
702,231,231, 19
703,231,231, 19
704,231,231, 19
705,231,231, 19
706,231,231, 19
707,231,231, 19
708,231,231, 19
709,231,231, 19
710,231,231, 19
711,231,231, 19
712,231,231, 19
713,231,231, 19
714,231,231, 19
715,231,231, 19
716,231,231, 19
717,231,231, 19
718,231,231, 19
719,231,231, 19
720,231,231, 19
721,231,231, 19
722,231,231, 19
723,231,231, 19
724,231,231, 19
725,231,231, 19
726,231,231, 19
727,231,231, 19
728,231,231, 19
729,231,231, 19
730,231,231, 19
731,231,231, 19
732,231,231, 19
733,231,231, 19
734,231,231, 19
735,231,231, 19
736,231,231, 19
737,231,231, 19
738,231,231, 19
739,231,231, 19
740,231,231, 19
741,231,231, 19
742,231,231, 19
743,231,231, 19
744,231,231, 19
745,231,231, 19
746,231,231, 19
747,231,231, 19
748,231,231, 19
749,231,231, 19
750,231,231, 19
751,231,231, 19
752,231,231, 19
753,231,231, 19
754,231,231, 19
755,231,231, 19
756,231,231, 19
757,231,231, 19
758,231,231, 19
759,231,231, 19
760,231,231, 19
761,231,231, 19
762,231,231, 19
763,231,231, 19
764,231,231, 19
765,231,231, 19
766,231,231, 19
767,231,231, 19
768,231,231, 19
769,231,231, 19
770,231,231, 19
771,231,231, 19
772,231,231, 19
773,231,231, 19
774,231,231, 19
775,231,231, 19
776,231,231, 19
777,231,231, 19
778,231,231, 19
779,231,231, 19
780,231,231, 19
781,231,231, 19
782,231,231, 19
783,231,231, 19
784,231,231, 19
785,231,231, 19
786,231,231, 19
787,231,231, 19
788,231,231, 19
789,231,231, 19
790,231,231, 19
791,231,231, 19
792,231,231, 19
793,231,231, 19
794,231,231, 19
795,231,231, 19
796,231,231, 19
797,231,231, 19
798,231,231, 19
799,231,231, 19
800,231,231, 19
801,231,231, 19
802,231,231, 19
803,231,231, 19
804,231,231, 19
805,231,231, 19
806,231,231, 19
807,231,231, 19
808,231,231, 19
809,231,231, 19
810,231,231, 19
811,231,231, 19
812,231,231, 19
813,231,231, 19
814,231,231, 19
815,231,231, 19
816,231,231, 19
817,231,231, 19
818,231,231, 19
819,231,231, 19
820,230,230, 20
821,230,230, 20
822,230,230, 20
823,230,230, 20
824,230,230, 20
825,230,230, 20
826,230,230, 20
827,230,230, 20
828,230,230, 20
829,230,230, 20
830,230,230, 20
831,230,230, 20
832,230,230, 20
833,230,230, 20
834,230,230, 20
835,230,230, 20
836,230,230, 20
837,230,230, 20
838,230,230, 20
839,230,230, 20
840,230,230, 20
841,230,230, 20
842,230,230, 20
843,230,230, 20
844,230,230, 20
845,230,230, 20
846,230,230, 20
847,230,230, 20
848,230,230, 20
849,230,230, 20
850,230,230, 20
851,230,230, 20
852,230,230, 20
853,230,230, 20
854,230,230, 20
855,230,230, 20
856,230,230, 20
857,230,230, 20
858,230,230, 20
859,230,230, 20
860,230,230, 20
861,230,230, 20
862,230,230, 20
863,230,230, 20
864,230,230, 20
865,230,230, 20
866,230,230, 20
867,230,230, 20
868,230,230, 20
869,230,230, 20
870,230,230, 20
871,230,230, 20
872,230,230, 20
873,230,230, 20
874,230,230, 20
875,230,230, 20
876,230,230, 20
877,230,230, 20
878,230,230, 20
879,230,230, 20
880,230,230, 20
881,230,230, 20
882,230,230, 20
883,230,230, 20
884,230,230, 20
885,230,230, 20
886,230,230, 20
887,230,230, 20
888,230,230, 20
889,230,230, 20
890,230,230, 20
891,230,230, 20
892,230,230, 20
893,230,230, 20
894,230,230, 20
895,230,230, 20
896,230,230, 20
897,230,230, 20
898,230,230, 20
899,230,230, 20
900,230,230, 20
901,230,230, 20
902,230,230, 20
903,230,230, 20
904,230,230, 20
905,230,230, 20
906,229,229, 21
907,229,229, 21
908,229,229, 21
909,229,229, 21
910,229,229, 21
911,229,229, 21
912,229,229, 21
913,229,229, 21
914,229,229, 21
915,229,229, 21
916,229,229, 21
917,229,229, 21
918,229,229, 21
919,229,229, 21
920,229,229, 21
921,229,229, 21
922,229,229, 21
923,229,229, 21
924,229,229, 21
925,229,229, 21
926,229,229, 21
927,229,229, 21
928,229,229, 21
929,229,229, 21
930,229,229, 21
931,229,229, 21
932,229,229, 21
933,229,229, 21
934,229,229, 21
935,229,229, 21
936,229,229, 21
937,229,229, 21
938,229,229, 21
939,229,229, 21
940,229,229, 21
941,229,229, 21
942,229,229, 21
943,229,229, 21
944,229,229, 21
945,229,229, 21
946,229,229, 21
947,229,229, 21
948,229,229, 21
949,229,229, 21
950,229,229, 21
951,229,229, 21
952,229,229, 21
953,229,229, 21
954,229,229, 21
955,229,229, 21
956,229,229, 21
957,229,229, 21
958,229,229, 21
959,229,229, 21
960,229,229, 21
961,229,229, 21
962,229,229, 21
963,229,229, 21
964,229,229, 21
965,229,229, 21
966,229,229, 21
967,229,229, 21
968,229,229, 21
969,229,229, 21
970,229,229, 21
971,229,229, 21
972,229,229, 21
973,229,229, 21
974,229,229, 21
975,229,229, 21
976,229,229, 21
977,229,229, 21
978,229,229, 21
979,229,229, 21
980,229,229, 21
981,229,229, 21
982,229,229, 21
983,229,229, 21
984,229,229, 21
985,229,229, 21
986,229,229, 21
987,229,229, 21
988,229,229, 21
989,229,229, 21
990,229,229, 21
991,229,229, 21
992,229,229, 21
993,229,229, 21
994,229,229, 21
995,229,229, 21
996,229,229, 21
997,229,229, 21
998,229,229, 21
999,229,229, 21
1000,229,229, 21
1001,229,229, 21
1002,229,229, 21
1003,229,229, 21
1004,229,229, 21
1005,229,229, 21
1006,229,229, 21
1007,229,229, 21
1008,229,229, 21
1009,229,229, 21
1010,229,229, 21
1011,229,229, 21
1012,229,229, 21
1013,229,229, 21
1014,229,229, 21
1015,229,229, 21
1016,229,229, 21
1017,229,229, 21
1018,229,229, 21
1019,229,229, 21
1020,229,229, 21
1021,229,229, 21
1022,229,229, 21
1023,229,229, 21
1024,229,229, 21
1025,229,229, 21
1026,229,229, 21
1027,229,229, 21
1028,229,229, 21
1029,229,229, 21
1030,229,229, 21
1031,229,229, 21
1032,229,229, 21
1033,229,229, 21
1034,229,229, 21
1035,229,229, 21
1036,229,229, 21
1037,229,229, 21
1038,229,229, 21
1039,229,229, 21
1040,229,229, 21
1041,229,229, 21
1042,229,229, 21
1043,229,229, 21
1044,229,229, 21
1045,229,229, 21
1046,229,229, 21
1047,229,229, 21
1048,229,229, 21
1049,229,229, 21
1050,229,229, 21
1051,229,229, 21
1052,229,229, 21
1053,229,229, 21
1054,229,229, 21
1055,229,229, 21
1056,229,229, 21
1057,228,228, 22
1058,228,228, 22
1059,228,228, 22
1060,228,228, 22
1061,228,228, 22
1062,228,228, 22
1063,228,228, 22
1064,228,228, 22
1065,228,228, 22
1066,228,228, 22
1067,228,228, 22
1068,228,228, 22
1069,228,228, 22
1070,228,228, 22
1071,228,228, 22
1072,228,228, 22
1073,228,228, 22
1074,228,228, 22
1075,228,228, 22
1076,228,228, 22
1077,228,228, 22
1078,228,228, 22
1079,228,228, 22
1080,228,228, 22
1081,228,228, 22
1082,228,228, 22
1083,228,228, 22
1084,228,228, 22
1085,228,228, 22
1086,228,228, 22
1087,228,228, 22
1088,228,228, 22
1089,228,228, 22
1090,228,228, 22
1091,228,228, 22
1092,228,228, 22
1093,228,228, 22
1094,228,228, 22
1095,228,228, 22
1096,228,228, 22
1097,228,228, 22
1098,228,228, 22
1099,228,228, 22
1100,228,228, 22
1101,228,228, 22
1102,228,228, 22
1103,228,228, 22
1104,228,228, 22
1105,228,228, 22
1106,228,228, 22
1107,228,228, 22
1108,228,228, 22
1109,228,228, 22
1110,228,228, 22
1111,228,228, 22
1112,228,228, 22
1113,228,228, 22
1114,228,228, 22
1115,228,228, 22
1116,228,228, 22
1117,228,228, 22
1118,228,228, 22
1119,228,228, 22
1120,228,228, 22
1121,228,228, 22
1122,228,228, 22
1123,228,228, 22
1124,228,228, 22
1125,228,228, 22
1126,228,228, 22
1127,228,228, 22
1128,228,228, 22
1129,228,228, 22
1130,228,228, 22
1131,228,228, 22
1132,228,228, 22
1133,228,228, 22
1134,228,228, 22
1135,228,228, 22
1136,228,228, 22
1137,228,228, 22
1138,228,228, 22
1139,228,228, 22
1140,228,228, 22
1141,228,228, 22
1142,228,228, 22
1143,228,228, 22
1144,228,228, 22
1145,228,228, 22
1146,228,228, 22
1147,228,228, 22
1148,228,228, 22
1149,228,228, 22
1150,228,228, 22
1151,228,228, 22
1152,228,228, 22
1153,228,228, 22
1154,228,228, 22
1155,228,228, 22
1156,228,228, 22
1157,228,228, 22
1158,228,228, 22
1159,228,228, 22
1160,228,228, 22
1161,228,228, 22
1162,228,228, 22
1163,228,228, 22
1164,228,228, 22
1165,228,228, 22
1166,228,228, 22
1167,228,228, 22
1168,228,228, 22
1169,228,228, 22
1170,228,228, 22
1171,228,228, 22
1172,228,228, 22
1173,228,228, 22
1174,228,228, 22
1175,228,228, 22
1176,228,228, 22
1177,228,228, 22
1178,228,228, 22
1179,228,228, 22
1180,228,228, 22
1181,228,228, 22
1182,228,228, 22
1183,228,228, 22
1184,228,228, 22
1185,228,228, 22
1186,228,228, 22
1187,228,228, 22
1188,228,228, 22
1189,228,228, 22
1190,228,228, 22
1191,228,228, 22
1192,228,228, 22
1193,228,228, 22
1194,228,228, 22
1195,228,228, 22
1196,228,228, 22
1197,228,228, 22
1198,228,228, 22
1199,228,228, 22
1200,228,228, 22
1201,228,228, 22
1202,228,228, 22
1203,228,228, 22
1204,228,228, 22
1205,228,228, 22
1206,228,228, 22
1207,228,228, 22
1208,228,228, 22
1209,228,228, 22
1210,228,228, 22
1211,228,228, 22
1212,228,228, 22
1213,228,228, 22
1214,228,228, 22
1215,228,228, 22
1216,228,228, 22
1217,228,228, 22
1218,228,228, 22
1219,228,228, 22
1220,228,228, 22
1221,228,228, 22
1222,228,228, 22
1223,228,228, 22
1224,228,228, 22
1225,228,228, 22
1226,228,228, 22
1227,228,228, 22
1228,228,228, 22
1229,228,228, 22
1230,228,228, 22
1231,228,228, 22
1232,228,228, 22
1233,228,228, 22
1234,228,228, 22
1235,228,228, 22
1236,228,228, 22
1237,228,228, 22
1238,228,228, 22
1239,228,228, 22
1240,228,228, 22
1241,228,228, 22
1242,228,228, 22
1243,228,228, 22
1244,228,228, 22
1245,228,228, 22
1246,228,228, 22
1247,228,228, 22
1248,228,228, 22
1249,228,228, 22
1250,228,228, 22
1251,228,228, 22
1252,228,228, 22
1253,228,228, 22
1254,228,228, 22
1255,228,228, 22
1256,228,228, 22
1257,228,228, 22
1258,228,228, 22
1259,228,228, 22
1260,228,228, 22
1261,228,228, 22
1262,228,228, 22
1263,228,228, 22
1264,228,228, 22
1265,228,228, 22
1266,228,228, 22
1267,228,228, 22
1268,228,228, 22
1269,228,228, 22
1270,228,228, 22
1271,228,228, 22
1272,228,228, 22
1273,228,228, 22
1274,228,228, 22
1275,228,228, 22
1276,228,228, 22
1277,228,228, 22
1278,228,228, 22
1279,228,228, 22
1280,228,228, 22
1281,228,228, 22
1282,228,228, 22
1283,228,228, 22
1284,228,228, 22
1285,228,228, 22
1286,228,228, 22
1287,228,228, 22
1288,228,228, 22
1289,228,228, 22
1290,228,228, 22
1291,228,228, 22
1292,228,228, 22
1293,228,228, 22
1294,228,228, 22
1295,228,228, 22
1296,228,228, 22
1297,228,228, 22
1298,228,228, 22
1299,228,228, 22
1300,228,228, 22
1301,228,228, 22
1302,228,228, 22
1303,228,228, 22
1304,228,228, 22
1305,228,228, 22
1306,228,228, 22
1307,228,228, 22
1308,228,228, 22
1309,228,228, 22
1310,228,228, 22
1311,227,227, 23
1312,227,227, 23
1313,227,227, 23
1314,227,227, 23
1315,227,227, 23
1316,227,227, 23
1317,227,227, 23
1318,227,227, 23
1319,227,227, 23
1320,227,227, 23
1321,227,227, 23
1322,227,227, 23
1323,227,227, 23
1324,227,227, 23
1325,227,227, 23
1326,227,227, 23
1327,227,227, 23
1328,227,227, 23
1329,227,227, 23
1330,227,227, 23
1331,227,227, 23
1332,227,227, 23
1333,227,227, 23
1334,227,227, 23
1335,227,227, 23
1336,227,227, 23
1337,227,227, 23
1338,227,227, 23
1339,227,227, 23
1340,227,227, 23
1341,227,227, 23
1342,227,227, 23
1343,227,227, 23
1344,227,227, 23
1345,227,227, 23
1346,227,227, 23
1347,227,227, 23
1348,227,227, 23
1349,227,227, 23
1350,227,227, 23
1351,227,227, 23
1352,227,227, 23
1353,227,227, 23
1354,227,227, 23
1355,227,227, 23
1356,227,227, 23
1357,227,227, 23
1358,227,227, 23
1359,227,227, 23
1360,227,227, 23
1361,227,227, 23
1362,227,227, 23
1363,227,227, 23
1364,227,227, 23
1365,227,227, 23
1366,227,227, 23
1367,227,227, 23
1368,227,227, 23
1369,227,227, 23
1370,227,227, 23
1371,227,227, 23
1372,227,227, 23
1373,227,227, 23
1374,227,227, 23
1375,227,227, 23
1376,227,227, 23
1377,227,227, 23
1378,227,227, 23
1379,227,227, 23
1380,227,227, 23
1381,227,227, 23
1382,227,227, 23
1383,227,227, 23
1384,227,227, 23
1385,227,227, 23
1386,227,227, 23
1387,227,227, 23
1388,227,227, 23
1389,227,227, 23
1390,227,227, 23
1391,227,227, 23
1392,227,227, 23
1393,227,227, 23
1394,227,227, 23
1395,227,227, 23
1396,227,227, 23
1397,227,227, 23
1398,227,227, 23
1399,227,227, 23
1400,227,227, 23
1401,227,227, 23
1402,227,227, 23
1403,227,227, 23
1404,227,227, 23
1405,227,227, 23
1406,227,227, 23
1407,227,227, 23
1408,227,227, 23
1409,227,227, 23
1410,227,227, 23
1411,227,227, 23
1412,227,227, 23
1413,227,227, 23
1414,227,227, 23
1415,227,227, 23
1416,227,227, 23
1417,227,227, 23
1418,227,227, 23
1419,227,227, 23
1420,227,227, 23
1421,227,227, 23
1422,227,227, 23
1423,227,227, 23
1424,227,227, 23
1425,227,227, 23
1426,227,227, 23
1427,227,227, 23
1428,227,227, 23
1429,227,227, 23
1430,227,227, 23
1431,227,227, 23
1432,227,227, 23
1433,227,227, 23
1434,227,227, 23
1435,227,227, 23
1436,227,227, 23
1437,227,227, 23
1438,227,227, 23
1439,227,227, 23
1440,227,227, 23
1441,227,227, 23
1442,227,227, 23
1443,227,227, 23
1444,227,227, 23
1445,227,227, 23
1446,227,227, 23
1447,227,227, 23
1448,227,227, 23
1449,227,227, 23
1450,227,227, 23
1451,227,227, 23
1452,227,227, 23
1453,227,227, 23
1454,227,227, 23
1455,227,227, 23
1456,227,227, 23
1457,227,227, 23
1458,227,227, 23
1459,227,227, 23
1460,227,227, 23
1461,227,227, 23
1462,227,227, 23
1463,227,227, 23
1464,227,227, 23
1465,227,227, 23
1466,227,227, 23
1467,227,227, 23
1468,227,227, 23
1469,227,227, 23
1470,227,227, 23
1471,227,227, 23
1472,227,227, 23
1473,226,226, 24
1474,226,226, 24
1475,225,225, 25
1476,225,225, 25
1477,225,225, 25
1478,225,225, 25
1479,225,225, 25
1480,225,225, 25
1481,225,225, 25
1482,225,225, 25
1483,225,225, 25
1484,225,225, 25
1485,225,225, 25
1486,225,225, 25
1487,225,225, 25
1488,225,225, 25
1489,225,225, 25
1490,225,225, 25
1491,225,225, 25
1492,225,225, 25
1493,225,225, 25
1494,225,225, 25
1495,225,225, 25
1496,225,225, 25
1497,225,225, 25
1498,225,225, 25
1499,225,225, 25
