0,250,250, 0
1,250,250, 0
2,250,250, 0
3,250,250, 0
4,250,250, 0
5,250,250, 0
6,250,250, 0
7,250,250, 0
8,250,250, 0
9,250,250, 0
10,250,250, 0
11,250,250, 0
12,250,250, 0
13,249,249, 1
14,249,249, 1
15,249,249, 1
16,249,249, 1
17,249,249, 1
18,249,249, 1
19,249,249, 1
20,249,249, 1
21,249,249, 1
22,249,249, 1
23,249,249, 1
24,249,249, 1
25,249,249, 1
26,249,249, 1
27,249,249, 1
28,249,249, 1
29,249,249, 1
30,249,249, 1
31,249,249, 1
32,249,249, 1
33,249,249, 1
34,249,249, 1
35,249,249, 1
36,249,249, 1
37,249,249, 1
38,249,249, 1
39,249,249, 1
40,249,249, 1
41,249,249, 1
42,249,249, 1
43,249,249, 1
44,249,249, 1
45,249,249, 1
46,249,249, 1
47,249,249, 1
48,249,249, 1
49,249,249, 1
50,249,249, 1
51,249,249, 1
52,249,249, 1
53,249,249, 1
54,249,249, 1
55,249,249, 1
56,249,249, 1
57,249,249, 1
58,249,249, 1
59,249,249, 1
60,249,249, 1
61,249,249, 1
62,249,249, 1
63,249,249, 1
64,249,249, 1
65,249,249, 1
66,249,249, 1
67,249,249, 1
68,249,249, 1
69,249,249, 1
70,249,249, 1
71,249,249, 1
72,249,249, 1
73,248,248, 2
74,248,248, 2
75,248,248, 2
76,247,247, 3
77,247,247, 3
78,247,247, 3
79,247,247, 3
80,247,247, 3
81,247,247, 3
82,247,247, 3
83,247,247, 3
84,246,246, 4
85,246,246, 4
86,246,246, 4
87,246,246, 4
88,246,246, 4
89,246,246, 4
90,246,246, 4
91,246,246, 4
92,246,246, 4
93,246,246, 4
94,246,246, 4
95,246,246, 4
96,246,246, 4
97,246,246, 4
98,246,246, 4
99,246,246, 4
100,246,246, 4
101,246,246, 4
102,246,246, 4
103,246,246, 4
104,246,246, 4
105,246,246, 4
106,246,246, 4
107,246,246, 4
108,246,246, 4
109,246,246, 4
110,246,246, 4
111,246,246, 4
112,246,246, 4
113,246,246, 4
114,246,246, 4
115,246,246, 4
116,246,246, 4
117,246,246, 4
118,246,246, 4
119,246,246, 4
120,246,246, 4
121,246,246, 4
122,246,246, 4
123,246,246, 4
124,246,246, 4
125,246,246, 4
126,246,246, 4
127,246,246, 4
128,246,246, 4
129,246,246, 4
130,246,246, 4
131,246,246, 4
132,246,246, 4
133,246,246, 4
134,246,246, 4
135,246,246, 4
136,246,246, 4
137,246,246, 4
138,246,246, 4
139,246,246, 4
140,246,246, 4
141,246,246, 4
142,246,246, 4
143,246,246, 4
144,246,246, 4
145,246,246, 4
146,246,246, 4
147,246,246, 4
148,246,246, 4
149,246,246, 4
150,246,246, 4
151,246,246, 4
152,246,246, 4
153,246,246, 4
154,246,246, 4
155,246,246, 4
156,246,246, 4
157,246,246, 4
158,246,246, 4
159,246,246, 4
160,246,246, 4
161,246,246, 4
162,246,246, 4
163,246,246, 4
164,245,245, 5
165,245,245, 5
166,245,245, 5
167,245,245, 5
168,245,245, 5
169,245,245, 5
170,245,245, 5
171,245,245, 5
172,245,245, 5
173,245,245, 5
174,245,245, 5
175,245,245, 5
176,245,245, 5
177,245,245, 5
178,245,245, 5
179,245,245, 5
180,245,245, 5
181,245,245, 5
182,245,245, 5
183,245,245, 5
184,245,245, 5
185,245,245, 5
186,245,245, 5
187,245,245, 5
188,245,245, 5
189,245,245, 5
190,245,245, 5
191,245,245, 5
192,245,245, 5
193,245,245, 5
194,245,245, 5
195,245,245, 5
196,245,245, 5
197,245,245, 5
198,245,245, 5
199,245,245, 5
200,245,245, 5
201,245,245, 5
202,245,245, 5
203,245,245, 5
204,245,245, 5
205,245,245, 5
206,245,245, 5
207,245,245, 5
208,245,245, 5
209,245,245, 5
210,245,245, 5
211,244,244, 6
212,244,244, 6
213,244,244, 6
214,244,244, 6
215,244,244, 6
216,244,244, 6
217,244,244, 6
218,244,244, 6
219,244,244, 6
220,244,244, 6
221,244,244, 6
222,244,244, 6
223,244,244, 6
224,244,244, 6
225,244,244, 6
226,244,244, 6
227,244,244, 6
228,244,244, 6
229,244,244, 6
230,244,244, 6
231,244,244, 6
232,244,244, 6
233,244,244, 6
234,244,244, 6
235,244,244, 6
236,244,244, 6
237,244,244, 6
238,244,244, 6
239,244,244, 6
240,244,244, 6
241,244,244, 6
242,244,244, 6
243,244,244, 6
244,244,244, 6
245,244,244, 6
246,244,244, 6
247,244,244, 6
248,244,244, 6
249,244,244, 6
250,244,244, 6
251,244,244, 6
252,244,244, 6
253,244,244, 6
254,244,244, 6
255,244,244, 6
256,244,244, 6
257,244,244, 6
258,244,244, 6
259,244,244, 6
260,244,244, 6
261,244,244, 6
262,244,244, 6
263,244,244, 6
264,244,244, 6
265,244,244, 6
266,244,244, 6
267,244,244, 6
268,244,244, 6
269,244,244, 6
270,244,244, 6
271,244,244, 6
272,244,244, 6
273,244,244, 6
274,244,244, 6
275,244,244, 6
276,244,244, 6
277,244,244, 6
278,244,244, 6
279,244,244, 6
280,244,244, 6
281,244,244, 6
282,244,244, 6
283,244,244, 6
284,244,244, 6
285,244,244, 6
286,244,244, 6
287,244,244, 6
288,244,244, 6
289,244,244, 6
290,244,244, 6
291,244,244, 6
292,244,244, 6
293,244,244, 6
294,244,244, 6
295,244,244, 6
296,243,243, 7
297,243,243, 7
298,243,243, 7
299,243,243, 7
300,243,243, 7
301,243,243, 7
302,243,243, 7
303,243,243, 7
304,243,243, 7
305,243,243, 7
306,243,243, 7
307,243,243, 7
308,243,243, 7
309,243,243, 7
310,243,243, 7
311,243,243, 7
312,243,243, 7
313,242,242, 8
314,242,242, 8
315,242,242, 8
316,242,242, 8
317,242,242, 8
318,242,242, 8
319,242,242, 8
320,242,242, 8
321,242,242, 8
322,242,242, 8
323,242,242, 8
324,242,242, 8
325,242,242, 8
326,242,242, 8
327,242,242, 8
328,242,242, 8
329,242,242, 8
330,242,242, 8
331,242,242, 8
332,242,242, 8
333,242,242, 8
334,242,242, 8
335,242,242, 8
336,242,242, 8
337,242,242, 8
338,242,242, 8
339,242,242, 8
340,242,242, 8
341,242,242, 8
342,242,242, 8
343,242,242, 8
344,242,242, 8
345,242,242, 8
346,242,242, 8
347,242,242, 8
348,242,242, 8
349,242,242, 8
350,242,242, 8
351,242,242, 8
352,242,242, 8
353,242,242, 8
354,242,242, 8
355,242,242, 8
356,242,242, 8
357,242,242, 8
358,242,242, 8
359,242,242, 8
360,242,242, 8
361,242,242, 8
362,242,242, 8
363,242,242, 8
364,242,242, 8
365,242,242, 8
366,242,242, 8
367,242,242, 8
368,242,242, 8
369,242,242, 8
370,242,242, 8
371,242,242, 8
372,242,242, 8
373,242,242, 8
374,242,242, 8
375,242,242, 8
376,242,242, 8
377,242,242, 8
378,242,242, 8
379,242,242, 8
380,242,242, 8
381,242,242, 8
382,242,242, 8
383,242,242, 8
384,242,242, 8
385,242,242, 8
386,242,242, 8
387,242,242, 8
388,242,242, 8
389,242,242, 8
390,242,242, 8
391,242,242, 8
392,242,242, 8
393,242,242, 8
394,242,242, 8
395,242,242, 8
396,242,242, 8
397,242,242, 8
398,242,242, 8
399,242,242, 8
400,242,242, 8
401,242,242, 8
402,242,242, 8
403,242,242, 8
404,242,242, 8
405,242,242, 8
406,242,242, 8
407,242,242, 8
408,242,242, 8
409,242,242, 8
410,242,242, 8
411,241,241, 9
412,241,241, 9
413,241,241, 9
414,241,241, 9
415,241,241, 9
416,241,241, 9
417,241,241, 9
418,241,241, 9
419,241,241, 9
420,241,241, 9
421,241,241, 9
422,241,241, 9
423,241,241, 9
424,240,240, 10
425,240,240, 10
426,240,240, 10
427,240,240, 10
428,240,240, 10
429,240,240, 10
430,240,240, 10
431,240,240, 10
432,240,240, 10
433,240,240, 10
434,240,240, 10
435,240,240, 10
436,240,240, 10
437,240,240, 10
438,240,240, 10
439,240,240, 10
440,240,240, 10
441,240,240, 10
442,240,240, 10
443,240,240, 10
444,240,240, 10
445,240,240, 10
446,240,240, 10
447,240,240, 10
448,240,240, 10
449,240,240, 10
450,240,240, 10
451,240,240, 10
452,240,240, 10
453,240,240, 10
454,240,240, 10
455,240,240, 10
456,240,240, 10
457,240,240, 10
458,240,240, 10
459,240,240, 10
460,240,240, 10
461,240,240, 10
462,240,240, 10
463,240,240, 10
464,240,240, 10
465,240,240, 10
466,240,240, 10
467,240,240, 10
468,240,240, 10
469,240,240, 10
470,240,240, 10
471,240,240, 10
472,240,240, 10
473,240,240, 10
474,240,240, 10
475,240,240, 10
476,240,240, 10
477,240,240, 10
478,240,240, 10
479,240,240, 10
480,240,240, 10
481,240,240, 10
482,240,240, 10
483,240,240, 10
484,240,240, 10
485,240,240, 10
486,240,240, 10
487,240,240, 10
488,240,240, 10
489,240,240, 10
490,240,240, 10
491,240,240, 10
492,240,240, 10
493,240,240, 10
494,240,240, 10
495,240,240, 10
496,240,240, 10
497,240,240, 10
498,240,240, 10
499,240,240, 10
500,240,240, 10
501,240,240, 10
502,240,240, 10
503,240,240, 10
504,240,240, 10
505,240,240, 10
506,240,240, 10
507,240,240, 10
508,240,240, 10
509,240,240, 10
510,240,240, 10
511,240,240, 10
512,240,240, 10
513,240,240, 10
514,240,240, 10
515,240,240, 10
516,240,240, 10
517,240,240, 10
518,240,240, 10
519,240,240, 10
520,240,240, 10
521,240,240, 10
522,240,240, 10
523,240,240, 10
524,240,240, 10
525,240,240, 10
526,240,240, 10
527,240,240, 10
528,240,240, 10
529,240,240, 10
530,240,240, 10
531,240,240, 10
532,240,240, 10
533,240,240, 10
534,239,239, 11
535,239,239, 11
536,239,239, 11
537,239,239, 11
538,239,239, 11
539,239,239, 11
540,239,239, 11
541,239,239, 11
542,239,239, 11
543,239,239, 11
544,239,239, 11
545,239,239, 11
546,239,239, 11
547,239,239, 11
548,239,239, 11
549,239,239, 11
550,239,239, 11
551,239,239, 11
552,239,239, 11
553,239,239, 11
554,239,239, 11
555,239,239, 11
556,239,239, 11
557,239,239, 11
558,239,239, 11
559,239,239, 11
560,239,239, 11
561,239,239, 11
562,239,239, 11
563,239,239, 11
564,239,239, 11
565,239,239, 11
566,239,239, 11
567,239,239, 11
568,239,239, 11
569,239,239, 11
570,238,238, 12
571,238,238, 12
572,238,238, 12
573,238,238, 12
574,238,238, 12
575,238,238, 12
576,238,238, 12
577,238,238, 12
578,238,238, 12
579,238,238, 12
580,238,238, 12
581,238,238, 12
582,238,238, 12
583,238,238, 12
584,238,238, 12
585,238,238, 12
586,238,238, 12
587,238,238, 12
588,238,238, 12
589,238,238, 12
590,238,238, 12
591,238,238, 12
592,238,238, 12
593,238,238, 12
594,238,238, 12
595,238,238, 12
596,238,238, 12
597,238,238, 12
598,238,238, 12
599,238,238, 12
600,238,238, 12
601,238,238, 12
602,238,238, 12
603,238,238, 12
604,238,238, 12
605,238,238, 12
606,238,238, 12
607,238,238, 12
608,238,238, 12
609,238,238, 12
610,238,238, 12
611,238,238, 12
612,238,238, 12
613,238,238, 12
614,238,238, 12
615,238,238, 12
616,238,238, 12
617,238,238, 12
618,238,238, 12
619,238,238, 12
620,238,238, 12
621,238,238, 12
622,238,238, 12
623,238,238, 12
624,238,238, 12
625,238,238, 12
626,238,238, 12
627,237,237, 13
628,237,237, 13
629,237,237, 13
630,237,237, 13
631,236,236, 14
632,236,236, 14
633,236,236, 14
634,235,235, 15
635,235,235, 15
636,235,235, 15
637,234,234, 16
638,234,234, 16
639,234,234, 16
640,234,234, 16
641,234,234, 16
642,234,234, 16
643,234,234, 16
644,234,234, 16
645,234,234, 16
646,234,234, 16
647,234,234, 16
648,234,234, 16
649,234,234, 16
650,234,234, 16
651,234,234, 16
652,234,234, 16
653,234,234, 16
654,234,234, 16
655,234,234, 16
656,234,234, 16
657,234,234, 16
658,234,234, 16
659,234,234, 16
660,234,234, 16
661,234,234, 16
662,234,234, 16
663,234,234, 16
664,234,234, 16
665,234,234, 16
666,234,234, 16
667,234,234, 16
668,234,234, 16
669,234,234, 16
670,234,234, 16
671,234,234, 16
672,234,234, 16
673,234,234, 16
674,234,234, 16
675,234,234, 16
676,234,234, 16
677,234,234, 16
678,234,234, 16
679,234,234, 16
680,234,234, 16
681,234,234, 16
682,234,234, 16
683,234,234, 16
684,234,234, 16
685,234,234, 16
686,234,234, 16
687,234,234, 16
688,234,234, 16
689,234,234, 16
690,234,234, 16
691,234,234, 16
692,234,234, 16
693,234,234, 16
694,234,234, 16
695,234,234, 16
696,234,234, 16
697,234,234, 16
698,234,234, 16
699,234,234, 16
700,234,234, 16
701,234,234, 16
702,234,234, 16
703,234,234, 16
704,234,234, 16
705,234,234, 16
706,234,234, 16
707,234,234, 16
708,234,234, 16
709,234,234, 16
710,234,234, 16
711,233,233, 17
712,233,233, 17
713,233,233, 17
714,233,233, 17
715,233,233, 17
716,233,233, 17
717,233,233, 17
718,233,233, 17
719,233,233, 17
720,233,233, 17
721,232,232, 18
722,232,232, 18
723,231,231, 19
724,231,231, 19
725,231,231, 19
726,231,231, 19
727,231,231, 19
728,231,231, 19
729,230,230, 20
730,230,230, 20
731,230,230, 20
732,230,230, 20
733,230,230, 20
734,230,230, 20
735,230,230, 20
736,230,230, 20
737,230,230, 20
738,230,230, 20
739,230,230, 20
740,230,230, 20
741,230,230, 20
742,230,230, 20
743,230,230, 20
744,230,230, 20
745,230,230, 20
746,230,230, 20
747,230,230, 20
748,230,230, 20
749,230,230, 20
750,230,230, 20
751,230,230, 20
752,230,230, 20
753,230,230, 20
754,230,230, 20
755,230,230, 20
756,230,230, 20
757,230,230, 20
758,230,230, 20
759,230,230, 20
760,230,230, 20
761,230,230, 20
762,230,230, 20
763,230,230, 20
764,230,230, 20
765,230,230, 20
766,230,230, 20
767,230,230, 20
768,230,230, 20
769,230,230, 20
770,230,230, 20
771,230,230, 20
772,230,230, 20
773,230,230, 20
774,230,230, 20
775,230,230, 20
776,230,230, 20
777,230,230, 20
778,230,230, 20
779,230,230, 20
780,230,230, 20
781,230,230, 20
782,230,230, 20
783,230,230, 20
784,230,230, 20
785,230,230, 20
786,230,230, 20
787,230,230, 20
788,230,230, 20
789,230,230, 20
790,230,230, 20
791,230,230, 20
792,230,230, 20
793,230,230, 20
794,230,230, 20
795,230,230, 20
796,230,230, 20
797,230,230, 20
798,230,230, 20
799,230,230, 20
800,230,230, 20
801,230,230, 20
802,230,230, 20
803,230,230, 20
804,230,230, 20
805,230,230, 20
806,230,230, 20
807,230,230, 20
808,230,230, 20
809,230,230, 20
810,230,230, 20
811,230,230, 20
812,230,230, 20
813,230,230, 20
814,230,230, 20
815,230,230, 20
816,230,230, 20
817,230,230, 20
818,230,230, 20
819,230,230, 20
820,230,230, 20
821,230,230, 20
822,230,230, 20
823,230,230, 20
824,230,230, 20
825,230,230, 20
826,230,230, 20
827,230,230, 20
828,230,230, 20
829,230,230, 20
830,230,230, 20
831,230,230, 20
832,229,229, 21
833,228,228, 22
834,228,228, 22
835,228,228, 22
836,228,228, 22
837,228,228, 22
838,228,228, 22
839,228,228, 22
840,228,228, 22
841,228,228, 22
842,228,228, 22
843,228,228, 22
844,228,228, 22
845,228,228, 22
846,228,228, 22
847,228,228, 22
848,228,228, 22
849,228,228, 22
850,228,228, 22
851,228,228, 22
852,228,228, 22
853,228,228, 22
854,228,228, 22
855,228,228, 22
856,228,228, 22
857,228,228, 22
858,228,228, 22
859,228,228, 22
860,228,228, 22
861,228,228, 22
862,228,228, 22
863,228,228, 22
864,228,228, 22
865,228,228, 22
866,228,228, 22
867,228,228, 22
868,228,228, 22
869,228,228, 22
870,228,228, 22
871,228,228, 22
872,228,228, 22
873,228,228, 22
874,228,228, 22
875,228,228, 22
876,228,228, 22
877,228,228, 22
878,228,228, 22
879,228,228, 22
880,228,228, 22
881,228,228, 22
882,228,228, 22
883,228,228, 22
884,228,228, 22
885,228,228, 22
886,228,228, 22
887,228,228, 22
888,228,228, 22
889,228,228, 22
890,228,228, 22
891,228,228, 22
892,228,228, 22
893,228,228, 22
894,228,228, 22
895,228,228, 22
896,228,228, 22
897,228,228, 22
898,228,228, 22
899,228,228, 22
900,228,228, 22
901,228,228, 22
902,228,228, 22
903,228,228, 22
904,228,228, 22
905,228,228, 22
906,228,228, 22
907,228,228, 22
908,228,228, 22
909,228,228, 22
910,228,228, 22
911,228,228, 22
912,228,228, 22
913,227,227, 23
914,227,227, 23
915,227,227, 23
916,227,227, 23
917,227,227, 23
918,227,227, 23
919,227,227, 23
920,227,227, 23
921,227,227, 23
922,227,227, 23
923,227,227, 23
924,227,227, 23
925,227,227, 23
926,227,227, 23
927,227,227, 23
928,227,227, 23
929,227,227, 23
930,227,227, 23
931,227,227, 23
932,227,227, 23
933,227,227, 23
934,227,227, 23
935,227,227, 23
936,227,227, 23
937,227,227, 23
938,227,227, 23
939,227,227, 23
940,227,227, 23
941,227,227, 23
942,227,227, 23
943,227,227, 23
944,227,227, 23
945,227,227, 23
946,227,227, 23
947,227,227, 23
948,227,227, 23
949,227,227, 23
950,227,227, 23
951,227,227, 23
952,227,227, 23
953,227,227, 23
954,227,227, 23
955,227,227, 23
956,227,227, 23
957,227,227, 23
958,227,227, 23
959,227,227, 23
960,227,227, 23
961,227,227, 23
962,227,227, 23
963,227,227, 23
964,227,227, 23
965,227,227, 23
966,227,227, 23
967,227,227, 23
968,227,227, 23
969,227,227, 23
970,227,227, 23
971,227,227, 23
972,227,227, 23
973,227,227, 23
974,227,227, 23
975,227,227, 23
976,227,227, 23
977,227,227, 23
978,227,227, 23
979,227,227, 23
980,227,227, 23
981,227,227, 23
982,227,227, 23
983,227,227, 23
984,227,227, 23
985,227,227, 23
986,227,227, 23
987,227,227, 23
988,227,227, 23
989,227,227, 23
990,227,227, 23
991,227,227, 23
992,227,227, 23
993,227,227, 23
994,227,227, 23
995,227,227, 23
996,227,227, 23
997,227,227, 23
998,227,227, 23
999,227,227, 23
1000,227,227, 23
1001,227,227, 23
1002,227,227, 23
1003,227,227, 23
1004,227,227, 23
1005,227,227, 23
1006,227,227, 23
1007,227,227, 23
1008,227,227, 23
1009,227,227, 23
1010,227,227, 23
1011,227,227, 23
1012,227,227, 23
1013,227,227, 23
1014,227,227, 23
1015,227,227, 23
1016,227,227, 23
1017,227,227, 23
1018,227,227, 23
1019,227,227, 23
1020,227,227, 23
1021,227,227, 23
1022,227,227, 23
1023,227,227, 23
1024,227,227, 23
1025,227,227, 23
1026,227,227, 23
1027,227,227, 23
1028,227,227, 23
1029,227,227, 23
1030,227,227, 23
1031,227,227, 23
1032,227,227, 23
1033,227,227, 23
1034,227,227, 23
1035,227,227, 23
1036,227,227, 23
1037,227,227, 23
1038,227,227, 23
1039,227,227, 23
1040,227,227, 23
1041,227,227, 23
1042,227,227, 23
1043,227,227, 23
1044,227,227, 23
1045,227,227, 23
1046,227,227, 23
1047,227,227, 23
1048,227,227, 23
1049,227,227, 23
1050,227,227, 23
1051,227,227, 23
1052,227,227, 23
1053,227,227, 23
1054,227,227, 23
1055,227,227, 23
1056,227,227, 23
1057,227,227, 23
1058,227,227, 23
1059,227,227, 23
1060,227,227, 23
1061,227,227, 23
1062,227,227, 23
1063,227,227, 23
1064,226,226, 24
1065,226,226, 24
1066,226,226, 24
1067,226,226, 24
1068,226,226, 24
1069,226,226, 24
1070,226,226, 24
1071,226,226, 24
1072,226,226, 24
1073,226,226, 24
1074,226,226, 24
1075,226,226, 24
1076,226,226, 24
1077,226,226, 24
1078,226,226, 24
1079,226,226, 24
1080,226,226, 24
1081,226,226, 24
1082,226,226, 24
1083,226,226, 24
1084,226,226, 24
1085,226,226, 24
1086,226,226, 24
1087,226,226, 24
1088,226,226, 24
1089,226,226, 24
1090,226,226, 24
1091,226,226, 24
1092,226,226, 24
1093,226,226, 24
1094,226,226, 24
1095,226,226, 24
1096,226,226, 24
1097,226,226, 24
1098,226,226, 24
1099,226,226, 24
1100,226,226, 24
1101,226,226, 24
1102,226,226, 24
1103,226,226, 24
1104,226,226, 24
1105,226,226, 24
1106,226,226, 24
1107,226,226, 24
1108,226,226, 24
1109,226,226, 24
1110,226,226, 24
1111,226,226, 24
1112,226,226, 24
1113,226,226, 24
1114,226,226, 24
1115,226,226, 24
1116,226,226, 24
1117,226,226, 24
1118,226,226, 24
1119,226,226, 24
1120,226,226, 24
1121,226,226, 24
1122,226,226, 24
1123,226,226, 24
1124,226,226, 24
1125,226,226, 24
1126,226,226, 24
1127,226,226, 24
1128,226,226, 24
1129,226,226, 24
1130,226,226, 24
1131,226,226, 24
1132,226,226, 24
1133,226,226, 24
1134,226,226, 24
1135,226,226, 24
1136,226,226, 24
1137,226,226, 24
1138,226,226, 24
1139,226,226, 24
1140,226,226, 24
1141,226,226, 24
1142,226,226, 24
1143,226,226, 24
1144,226,226, 24
1145,226,226, 24
1146,226,226, 24
1147,226,226, 24
1148,226,226, 24
1149,226,226, 24
1150,226,226, 24
1151,226,226, 24
1152,226,226, 24
1153,226,226, 24
1154,226,226, 24
1155,226,226, 24
1156,226,226, 24
1157,226,226, 24
1158,226,226, 24
1159,226,226, 24
1160,226,226, 24
1161,226,226, 24
1162,226,226, 24
1163,226,226, 24
1164,226,226, 24
1165,226,226, 24
1166,226,226, 24
1167,226,226, 24
1168,226,226, 24
1169,226,226, 24
1170,226,226, 24
1171,226,226, 24
1172,226,226, 24
1173,226,226, 24
1174,226,226, 24
1175,226,226, 24
1176,226,226, 24
1177,226,226, 24
1178,226,226, 24
1179,226,226, 24
1180,226,226, 24
1181,226,226, 24
1182,226,226, 24
1183,226,226, 24
1184,226,226, 24
1185,226,226, 24
1186,226,226, 24
1187,226,226, 24
1188,226,226, 24
1189,226,226, 24
1190,226,226, 24
1191,226,226, 24
1192,226,226, 24
1193,226,226, 24
1194,226,226, 24
1195,226,226, 24
1196,226,226, 24
1197,226,226, 24
1198,226,226, 24
1199,226,226, 24
1200,226,226, 24
1201,226,226, 24
1202,226,226, 24
1203,226,226, 24
1204,226,226, 24
1205,226,226, 24
1206,226,226, 24
1207,226,226, 24
1208,226,226, 24
1209,226,226, 24
1210,226,226, 24
1211,226,226, 24
1212,226,226, 24
1213,226,226, 24
1214,226,226, 24
1215,226,226, 24
1216,226,226, 24
1217,226,226, 24
1218,226,226, 24
1219,226,226, 24
1220,226,226, 24
1221,226,226, 24
1222,226,226, 24
1223,226,226, 24
1224,226,226, 24
1225,226,226, 24
1226,226,226, 24
1227,226,226, 24
1228,226,226, 24
1229,226,226, 24
1230,226,226, 24
1231,226,226, 24
1232,226,226, 24
1233,226,226, 24
1234,226,226, 24
1235,226,226, 24
1236,226,226, 24
1237,226,226, 24
1238,226,226, 24
1239,226,226, 24
1240,226,226, 24
1241,226,226, 24
1242,226,226, 24
1243,226,226, 24
1244,226,226, 24
1245,226,226, 24
1246,226,226, 24
1247,226,226, 24
1248,226,226, 24
1249,226,226, 24
1250,225,225, 25
1251,225,225, 25
1252,225,225, 25
1253,225,225, 25
1254,225,225, 25
1255,224,224, 26
1256,224,224, 26
1257,224,224, 26
1258,224,224, 26
1259,224,224, 26
1260,224,224, 26
1261,224,224, 26
1262,224,224, 26
1263,224,224, 26
1264,224,224, 26
1265,224,224, 26
1266,224,224, 26
1267,224,224, 26
1268,224,224, 26
1269,224,224, 26
1270,224,224, 26
1271,224,224, 26
1272,224,224, 26
1273,224,224, 26
1274,224,224, 26
1275,224,224, 26
1276,224,224, 26
1277,224,224, 26
1278,224,224, 26
1279,224,224, 26
1280,224,224, 26
1281,224,224, 26
1282,224,224, 26
1283,224,224, 26
1284,224,224, 26
1285,224,224, 26
1286,224,224, 26
1287,224,224, 26
1288,224,224, 26
1289,224,224, 26
1290,224,224, 26
1291,224,224, 26
1292,224,224, 26
1293,224,224, 26
1294,224,224, 26
1295,224,224, 26
1296,224,224, 26
1297,224,224, 26
1298,224,224, 26
1299,224,224, 26
1300,224,224, 26
1301,224,224, 26
1302,224,224, 26
1303,224,224, 26
1304,224,224, 26
1305,224,224, 26
1306,224,224, 26
1307,224,224, 26
1308,224,224, 26
1309,224,224, 26
1310,224,224, 26
1311,224,224, 26
1312,224,224, 26
1313,224,224, 26
1314,224,224, 26
1315,224,224, 26
1316,224,224, 26
1317,224,224, 26
1318,224,224, 26
1319,224,224, 26
1320,224,224, 26
1321,224,224, 26
1322,224,224, 26
1323,224,224, 26
1324,224,224, 26
1325,224,224, 26
1326,224,224, 26
1327,224,224, 26
1328,224,224, 26
1329,224,224, 26
1330,224,224, 26
1331,224,224, 26
1332,224,224, 26
1333,224,224, 26
1334,224,224, 26
1335,224,224, 26
1336,224,224, 26
1337,224,224, 26
1338,224,224, 26
1339,224,224, 26
1340,224,224, 26
1341,224,224, 26
1342,224,224, 26
1343,224,224, 26
1344,224,224, 26
1345,224,224, 26
1346,224,224, 26
1347,224,224, 26
1348,224,224, 26
1349,224,224, 26
1350,224,224, 26
1351,224,224, 26
1352,224,224, 26
1353,224,224, 26
1354,224,224, 26
1355,224,224, 26
1356,224,224, 26
1357,224,224, 26
1358,224,224, 26
1359,224,224, 26
1360,224,224, 26
1361,224,224, 26
1362,224,224, 26
1363,224,224, 26
1364,224,224, 26
1365,224,224, 26
1366,224,224, 26
1367,224,224, 26
1368,224,224, 26
1369,224,224, 26
1370,224,224, 26
1371,224,224, 26
1372,224,224, 26
1373,224,224, 26
1374,224,224, 26
1375,224,224, 26
1376,224,224, 26
1377,224,224, 26
1378,224,224, 26
1379,224,224, 26
1380,224,224, 26
1381,224,224, 26
1382,224,224, 26
1383,224,224, 26
1384,224,224, 26
1385,224,224, 26
1386,224,224, 26
1387,224,224, 26
1388,224,224, 26
1389,224,224, 26
1390,224,224, 26
1391,224,224, 26
1392,224,224, 26
1393,224,224, 26
1394,224,224, 26
1395,224,224, 26
1396,224,224, 26
1397,224,224, 26
1398,224,224, 26
1399,224,224, 26
1400,224,224, 26
1401,224,224, 26
1402,224,224, 26
1403,224,224, 26
1404,224,224, 26
1405,224,224, 26
1406,224,224, 26
1407,224,224, 26
1408,224,224, 26
1409,224,224, 26
1410,224,224, 26
1411,223,223, 27
1412,223,223, 27
1413,223,223, 27
1414,223,223, 27
1415,223,223, 27
1416,223,223, 27
1417,223,223, 27
1418,223,223, 27
1419,223,223, 27
1420,223,223, 27
1421,223,223, 27
1422,223,223, 27
1423,223,223, 27
1424,223,223, 27
1425,223,223, 27
1426,223,223, 27
1427,223,223, 27
1428,223,223, 27
1429,223,223, 27
1430,223,223, 27
1431,223,223, 27
1432,223,223, 27
1433,223,223, 27
1434,223,223, 27
1435,223,223, 27
1436,223,223, 27
1437,223,223, 27
1438,223,223, 27
1439,223,223, 27
1440,223,223, 27
1441,223,223, 27
1442,223,223, 27
1443,223,223, 27
1444,223,223, 27
1445,223,223, 27
1446,223,223, 27
1447,223,223, 27
1448,223,223, 27
1449,223,223, 27
1450,223,223, 27
1451,223,223, 27
1452,223,223, 27
1453,223,223, 27
1454,223,223, 27
1455,223,223, 27
1456,223,223, 27
1457,223,223, 27
1458,223,223, 27
1459,223,223, 27
1460,223,223, 27
1461,223,223, 27
1462,223,223, 27
1463,223,223, 27
1464,223,223, 27
1465,223,223, 27
1466,223,223, 27
1467,223,223, 27
1468,223,223, 27
1469,223,223, 27
1470,223,223, 27
1471,223,223, 27
1472,223,223, 27
1473,223,223, 27
1474,223,223, 27
1475,223,223, 27
1476,223,223, 27
1477,223,223, 27
1478,223,223, 27
1479,223,223, 27
1480,223,223, 27
1481,223,223, 27
1482,223,223, 27
1483,223,223, 27
1484,223,223, 27
1485,223,223, 27
1486,223,223, 27
1487,223,223, 27
1488,223,223, 27
1489,222,222, 28
1490,222,222, 28
1491,222,222, 28
1492,222,222, 28
1493,222,222, 28
1494,222,222, 28
1495,222,222, 28
1496,222,222, 28
1497,222,222, 28
1498,222,222, 28
1499,222,222, 28
