0,248,248, 2
1,248,248, 2
2,248,248, 2
3,248,248, 2
4,248,248, 2
5,248,248, 2
6,248,248, 2
7,248,248, 2
8,248,248, 2
9,248,248, 2
10,248,248, 2
11,248,248, 2
12,248,248, 2
13,248,248, 2
14,248,248, 2
15,248,248, 2
16,248,248, 2
17,248,248, 2
18,248,248, 2
19,248,248, 2
20,248,248, 2
21,248,248, 2
22,248,248, 2
23,248,248, 2
24,248,248, 2
25,248,248, 2
26,248,248, 2
27,248,248, 2
28,248,248, 2
29,248,248, 2
30,248,248, 2
31,248,248, 2
32,248,248, 2
33,248,248, 2
34,248,248, 2
35,247,247, 3
36,247,247, 3
37,247,247, 3
38,247,247, 3
39,247,247, 3
40,247,247, 3
41,247,247, 3
42,247,247, 3
43,247,247, 3
44,247,247, 3
45,247,247, 3
46,247,247, 3
47,247,247, 3
48,247,247, 3
49,247,247, 3
50,247,247, 3
51,247,247, 3
52,247,247, 3
53,247,247, 3
54,247,247, 3
55,247,247, 3
56,247,247, 3
57,247,247, 3
58,247,247, 3
59,247,247, 3
60,247,247, 3
61,247,247, 3
62,247,247, 3
63,247,247, 3
64,247,247, 3
65,247,247, 3
66,247,247, 3
67,247,247, 3
68,247,247, 3
69,247,247, 3
70,246,246, 4
71,245,245, 5
72,245,245, 5
73,245,245, 5
74,245,245, 5
75,245,245, 5
76,245,245, 5
77,245,245, 5
78,245,245, 5
79,245,245, 5
80,245,245, 5
81,245,245, 5
82,245,245, 5
83,245,245, 5
84,245,245, 5
85,245,245, 5
86,245,245, 5
87,245,245, 5
88,245,245, 5
89,245,245, 5
90,245,245, 5
91,245,245, 5
92,245,245, 5
93,245,245, 5
94,245,245, 5
95,245,245, 5
96,245,245, 5
97,245,245, 5
98,245,245, 5
99,245,245, 5
100,245,245, 5
101,245,245, 5
102,245,245, 5
103,245,245, 5
104,245,245, 5
105,245,245, 5
106,245,245, 5
107,244,244, 6
108,244,244, 6
109,244,244, 6
110,244,244, 6
111,244,244, 6
112,244,244, 6
113,244,244, 6
114,244,244, 6
115,244,244, 6
116,244,244, 6
117,244,244, 6
118,244,244, 6
119,244,244, 6
120,244,244, 6
121,244,244, 6
122,243,243, 7
123,243,243, 7
124,243,243, 7
125,243,243, 7
126,243,243, 7
127,243,243, 7
128,243,243, 7
129,243,243, 7
130,243,243, 7
131,243,243, 7
132,243,243, 7
133,243,243, 7
134,243,243, 7
135,243,243, 7
136,243,243, 7
137,243,243, 7
138,242,242, 8
139,242,242, 8
140,242,242, 8
141,242,242, 8
142,242,242, 8
143,242,242, 8
144,242,242, 8
145,242,242, 8
146,242,242, 8
147,242,242, 8
148,242,242, 8
149,242,242, 8
150,242,242, 8
151,242,242, 8
152,242,242, 8
153,242,242, 8
154,242,242, 8
155,242,242, 8
156,240,240, 10
157,240,240, 10
158,240,240, 10
159,240,240, 10
160,240,240, 10
161,238,238, 12
162,237,237, 13
163,237,237, 13
164,237,237, 13
165,237,237, 13
166,237,237, 13
167,237,237, 13
168,237,237, 13
169,237,237, 13
170,237,237, 13
171,237,237, 13
172,237,237, 13
173,237,237, 13
174,237,237, 13
175,237,237, 13
176,237,237, 13
177,237,237, 13
178,237,237, 13
179,237,237, 13
180,237,237, 13
181,237,237, 13
182,237,237, 13
183,237,237, 13
184,237,237, 13
185,237,237, 13
186,237,237, 13
187,237,237, 13
188,237,237, 13
189,237,237, 13
190,237,237, 13
191,237,237, 13
192,237,237, 13
193,237,237, 13
194,237,237, 13
195,237,237, 13
196,237,237, 13
197,237,237, 13
198,237,237, 13
199,237,237, 13
200,237,237, 13
201,237,237, 13
202,237,237, 13
203,237,237, 13
204,237,237, 13
205,237,237, 13
206,237,237, 13
207,237,237, 13
208,237,237, 13
209,237,237, 13
210,237,237, 13
211,237,237, 13
212,237,237, 13
213,237,237, 13
214,237,237, 13
215,237,237, 13
216,237,237, 13
217,237,237, 13
218,237,237, 13
219,237,237, 13
220,237,237, 13
221,237,237, 13
222,237,237, 13
223,237,237, 13
224,237,237, 13
225,237,237, 13
226,237,237, 13
227,237,237, 13
228,237,237, 13
229,237,237, 13
230,237,237, 13
231,237,237, 13
232,237,237, 13
233,237,237, 13
234,237,237, 13
235,237,237, 13
236,237,237, 13
237,237,237, 13
238,237,237, 13
239,237,237, 13
240,237,237, 13
241,237,237, 13
242,237,237, 13
243,237,237, 13
244,237,237, 13
245,237,237, 13
246,237,237, 13
247,237,237, 13
248,237,237, 13
249,237,237, 13
250,237,237, 13
251,237,237, 13
252,237,237, 13
253,237,237, 13
254,237,237, 13
255,237,237, 13
256,237,237, 13
257,236,236, 14
258,236,236, 14
259,236,236, 14
260,236,236, 14
261,236,236, 14
262,235,235, 15
263,235,235, 15
264,235,235, 15
265,235,235, 15
266,235,235, 15
267,235,235, 15
268,235,235, 15
269,235,235, 15
270,235,235, 15
271,235,235, 15
272,235,235, 15
273,235,235, 15
274,234,234, 16
275,234,234, 16
276,234,234, 16
277,234,234, 16
278,234,234, 16
279,234,234, 16
280,234,234, 16
281,234,234, 16
282,234,234, 16
283,234,234, 16
284,234,234, 16
285,234,234, 16
286,234,234, 16
287,234,234, 16
288,234,234, 16
289,234,234, 16
290,234,234, 16
291,234,234, 16
292,234,234, 16
293,234,234, 16
294,234,234, 16
295,234,234, 16
296,234,234, 16
297,234,234, 16
298,234,234, 16
299,234,234, 16
300,234,234, 16
301,234,234, 16
302,234,234, 16
303,234,234, 16
304,234,234, 16
305,234,234, 16
306,234,234, 16
307,234,234, 16
308,234,234, 16
309,234,234, 16
310,234,234, 16
311,234,234, 16
312,234,234, 16
313,234,234, 16
314,234,234, 16
315,234,234, 16
316,234,234, 16
317,234,234, 16
318,234,234, 16
319,234,234, 16
320,234,234, 16
321,234,234, 16
322,234,234, 16
323,234,234, 16
324,234,234, 16
325,234,234, 16
326,234,234, 16
327,234,234, 16
328,234,234, 16
329,234,234, 16
330,234,234, 16
331,234,234, 16
332,234,234, 16
333,234,234, 16
334,234,234, 16
335,234,234, 16
336,234,234, 16
337,234,234, 16
338,234,234, 16
339,234,234, 16
340,234,234, 16
341,234,234, 16
342,234,234, 16
343,234,234, 16
344,234,234, 16
345,234,234, 16
346,234,234, 16
347,234,234, 16
348,234,234, 16
349,234,234, 16
350,234,234, 16
351,234,234, 16
352,234,234, 16
353,234,234, 16
354,234,234, 16
355,234,234, 16
356,234,234, 16
357,234,234, 16
358,234,234, 16
359,234,234, 16
360,234,234, 16
361,234,234, 16
362,234,234, 16
363,234,234, 16
364,234,234, 16
365,234,234, 16
366,234,234, 16
367,234,234, 16
368,234,234, 16
369,234,234, 16
370,234,234, 16
371,234,234, 16
372,234,234, 16
373,234,234, 16
374,234,234, 16
375,234,234, 16
376,234,234, 16
377,234,234, 16
378,234,234, 16
379,234,234, 16
380,234,234, 16
381,234,234, 16
382,234,234, 16
383,234,234, 16
384,234,234, 16
385,234,234, 16
386,234,234, 16
387,234,234, 16
388,234,234, 16
389,234,234, 16
390,234,234, 16
391,234,234, 16
392,234,234, 16
393,234,234, 16
394,234,234, 16
395,234,234, 16
396,234,234, 16
397,234,234, 16
398,234,234, 16
399,234,234, 16
400,234,234, 16
401,234,234, 16
402,234,234, 16
403,234,234, 16
404,234,234, 16
405,234,234, 16
406,234,234, 16
407,234,234, 16
408,234,234, 16
409,234,234, 16
410,234,234, 16
411,234,234, 16
412,234,234, 16
413,234,234, 16
414,234,234, 16
415,234,234, 16
416,234,234, 16
417,234,234, 16
418,234,234, 16
419,234,234, 16
420,234,234, 16
421,234,234, 16
422,234,234, 16
423,234,234, 16
424,234,234, 16
425,234,234, 16
426,234,234, 16
427,234,234, 16
428,234,234, 16
429,234,234, 16
430,234,234, 16
431,234,234, 16
432,234,234, 16
433,234,234, 16
434,234,234, 16
435,234,234, 16
436,234,234, 16
437,234,234, 16
438,234,234, 16
439,234,234, 16
440,234,234, 16
441,234,234, 16
442,234,234, 16
443,234,234, 16
444,234,234, 16
445,234,234, 16
446,234,234, 16
447,234,234, 16
448,234,234, 16
449,234,234, 16
450,234,234, 16
451,234,234, 16
452,234,234, 16
453,234,234, 16
454,234,234, 16
455,234,234, 16
456,234,234, 16
457,233,233, 17
458,232,232, 18
459,232,232, 18
460,232,232, 18
461,232,232, 18
462,232,232, 18
463,232,232, 18
464,232,232, 18
465,232,232, 18
466,232,232, 18
467,232,232, 18
468,232,232, 18
469,232,232, 18
470,232,232, 18
471,232,232, 18
472,232,232, 18
473,232,232, 18
474,232,232, 18
475,231,231, 19
476,230,230, 20
477,230,230, 20
478,230,230, 20
479,230,230, 20
480,230,230, 20
481,230,230, 20
482,230,230, 20
483,230,230, 20
484,230,230, 20
485,230,230, 20
486,230,230, 20
487,230,230, 20
488,230,230, 20
489,230,230, 20
490,230,230, 20
491,230,230, 20
492,230,230, 20
493,230,230, 20
494,230,230, 20
495,230,230, 20
496,230,230, 20
497,230,230, 20
498,230,230, 20
499,230,230, 20
500,230,230, 20
501,230,230, 20
502,230,230, 20
503,230,230, 20
504,230,230, 20
505,230,230, 20
506,230,230, 20
507,230,230, 20
508,230,230, 20
509,230,230, 20
510,230,230, 20
511,230,230, 20
512,230,230, 20
513,230,230, 20
514,230,230, 20
515,230,230, 20
516,230,230, 20
517,230,230, 20
518,230,230, 20
519,230,230, 20
520,230,230, 20
521,230,230, 20
522,230,230, 20
523,230,230, 20
524,230,230, 20
525,230,230, 20
526,230,230, 20
527,230,230, 20
528,230,230, 20
529,230,230, 20
530,230,230, 20
531,230,230, 20
532,230,230, 20
533,230,230, 20
534,230,230, 20
535,230,230, 20
536,230,230, 20
537,230,230, 20
538,230,230, 20
539,230,230, 20
540,230,230, 20
541,230,230, 20
542,230,230, 20
543,230,230, 20
544,230,230, 20
545,230,230, 20
546,230,230, 20
547,230,230, 20
548,230,230, 20
549,230,230, 20
550,230,230, 20
551,230,230, 20
552,230,230, 20
553,230,230, 20
554,230,230, 20
555,230,230, 20
556,229,229, 21
557,228,228, 22
558,228,228, 22
559,228,228, 22
560,228,228, 22
561,228,228, 22
562,228,228, 22
563,227,227, 23
564,227,227, 23
565,227,227, 23
566,227,227, 23
567,227,227, 23
568,227,227, 23
569,227,227, 23
570,227,227, 23
571,227,227, 23
572,227,227, 23
573,227,227, 23
574,227,227, 23
575,227,227, 23
576,227,227, 23
577,227,227, 23
578,227,227, 23
579,227,227, 23
580,227,227, 23
581,227,227, 23
582,227,227, 23
583,227,227, 23
584,227,227, 23
585,226,226, 24
586,226,226, 24
587,226,226, 24
588,226,226, 24
589,226,226, 24
590,226,226, 24
591,226,226, 24
592,226,226, 24
593,226,226, 24
594,226,226, 24
595,226,226, 24
596,226,226, 24
597,226,226, 24
598,226,226, 24
599,226,226, 24
600,226,226, 24
601,226,226, 24
602,226,226, 24
603,226,226, 24
604,226,226, 24
605,226,226, 24
606,226,226, 24
607,226,226, 24
608,226,226, 24
609,226,226, 24
610,226,226, 24
611,226,226, 24
612,226,226, 24
613,226,226, 24
614,226,226, 24
615,226,226, 24
616,226,226, 24
617,226,226, 24
618,226,226, 24
619,226,226, 24
620,226,226, 24
621,226,226, 24
622,226,226, 24
623,226,226, 24
624,226,226, 24
625,226,226, 24
626,226,226, 24
627,226,226, 24
628,226,226, 24
629,226,226, 24
630,226,226, 24
631,226,226, 24
632,226,226, 24
633,226,226, 24
634,226,226, 24
635,226,226, 24
636,226,226, 24
637,226,226, 24
638,226,226, 24
639,226,226, 24
640,226,226, 24
641,226,226, 24
642,226,226, 24
643,226,226, 24
644,226,226, 24
645,226,226, 24
646,226,226, 24
647,226,226, 24
648,226,226, 24
649,226,226, 24
650,226,226, 24
651,226,226, 24
652,226,226, 24
653,226,226, 24
654,226,226, 24
655,226,226, 24
656,226,226, 24
657,226,226, 24
658,226,226, 24
659,226,226, 24
660,226,226, 24
661,226,226, 24
662,226,226, 24
663,226,226, 24
664,226,226, 24
665,226,226, 24
666,226,226, 24
667,226,226, 24
668,226,226, 24
669,226,226, 24
670,226,226, 24
671,226,226, 24
672,226,226, 24
673,226,226, 24
674,226,226, 24
675,226,226, 24
676,226,226, 24
677,226,226, 24
678,226,226, 24
679,226,226, 24
680,226,226, 24
681,226,226, 24
682,226,226, 24
683,226,226, 24
684,226,226, 24
685,226,226, 24
686,224,224, 26
687,224,224, 26
688,224,224, 26
689,224,224, 26
690,224,224, 26
691,224,224, 26
692,224,224, 26
693,224,224, 26
694,224,224, 26
695,224,224, 26
696,224,224, 26
697,224,224, 26
698,224,224, 26
699,224,224, 26
700,224,224, 26
701,224,224, 26
702,224,224, 26
703,224,224, 26
704,223,223, 27
705,223,223, 27
706,223,223, 27
707,223,223, 27
708,223,223, 27
709,223,223, 27
710,223,223, 27
711,223,223, 27
712,223,223, 27
713,223,223, 27
714,223,223, 27
715,223,223, 27
716,223,223, 27
717,221,221, 29
718,221,221, 29
719,221,221, 29
720,221,221, 29
721,221,221, 29
722,221,221, 29
723,221,221, 29
724,221,221, 29
725,221,221, 29
726,221,221, 29
727,221,221, 29
728,221,221, 29
729,221,221, 29
730,221,221, 29
731,221,221, 29
732,221,221, 29
733,221,221, 29
734,221,221, 29
735,220,220, 30
736,219,219, 31
737,219,219, 31
738,219,219, 31
739,219,219, 31
740,219,219, 31
741,219,219, 31
742,219,219, 31
743,219,219, 31
744,219,219, 31
745,219,219, 31
746,219,219, 31
747,219,219, 31
748,219,219, 31
749,219,219, 31
750,219,219, 31
751,219,219, 31
752,219,219, 31
753,218,218, 32
754,218,218, 32
755,218,218, 32
756,218,218, 32
757,218,218, 32
758,218,218, 32
759,218,218, 32
760,218,218, 32
761,218,218, 32
762,218,218, 32
763,218,218, 32
764,218,218, 32
765,218,218, 32
766,218,218, 32
767,218,218, 32
768,218,218, 32
769,218,218, 32
770,218,218, 32
771,218,218, 32
772,218,218, 32
773,218,218, 32
774,218,218, 32
775,218,218, 32
776,218,218, 32
777,218,218, 32
778,218,218, 32
779,218,218, 32
780,218,218, 32
781,218,218, 32
782,218,218, 32
783,218,218, 32
784,218,218, 32
785,218,218, 32
786,218,218, 32
787,218,218, 32
788,218,218, 32
789,218,218, 32
790,217,217, 33
791,216,216, 34
792,216,216, 34
793,216,216, 34
794,216,216, 34
795,216,216, 34
796,216,216, 34
797,216,216, 34
798,216,216, 34
799,216,216, 34
800,216,216, 34
801,216,216, 34
802,216,216, 34
803,216,216, 34
804,216,216, 34
805,216,216, 34
806,216,216, 34
807,216,216, 34
808,216,216, 34
809,216,216, 34
810,216,216, 34
811,216,216, 34
812,216,216, 34
813,216,216, 34
814,216,216, 34
815,216,216, 34
816,216,216, 34
817,216,216, 34
818,216,216, 34
819,216,216, 34
820,216,216, 34
821,216,216, 34
822,216,216, 34
823,216,216, 34
824,216,216, 34
825,216,216, 34
826,216,216, 34
827,216,216, 34
828,216,216, 34
829,216,216, 34
830,216,216, 34
831,216,216, 34
832,216,216, 34
833,216,216, 34
834,216,216, 34
835,216,216, 34
836,216,216, 34
837,215,215, 35
838,214,214, 36
839,214,214, 36
840,214,214, 36
841,214,214, 36
842,214,214, 36
843,214,214, 36
844,214,214, 36
845,214,214, 36
846,214,214, 36
847,214,214, 36
848,214,214, 36
849,214,214, 36
850,214,214, 36
851,214,214, 36
852,214,214, 36
853,214,214, 36
854,214,214, 36
855,214,214, 36
856,214,214, 36
857,214,214, 36
858,214,214, 36
859,214,214, 36
860,214,214, 36
861,214,214, 36
862,214,214, 36
863,214,214, 36
864,214,214, 36
865,214,214, 36
866,214,214, 36
867,214,214, 36
868,214,214, 36
869,214,214, 36
870,214,214, 36
871,214,214, 36
872,214,214, 36
873,214,214, 36
874,214,214, 36
875,214,214, 36
876,214,214, 36
877,214,214, 36
878,214,214, 36
879,214,214, 36
880,214,214, 36
881,214,214, 36
882,214,214, 36
883,214,214, 36
884,214,214, 36
885,214,214, 36
886,214,214, 36
887,214,214, 36
888,214,214, 36
889,214,214, 36
890,214,214, 36
891,214,214, 36
892,214,214, 36
893,214,214, 36
894,214,214, 36
895,214,214, 36
896,214,214, 36
897,214,214, 36
898,214,214, 36
899,214,214, 36
900,214,214, 36
901,214,214, 36
902,214,214, 36
903,214,214, 36
904,214,214, 36
905,214,214, 36
906,214,214, 36
907,213,213, 37
908,213,213, 37
909,213,213, 37
910,213,213, 37
911,213,213, 37
912,213,213, 37
913,213,213, 37
914,213,213, 37
915,213,213, 37
916,213,213, 37
917,213,213, 37
918,213,213, 37
919,213,213, 37
920,213,213, 37
921,213,213, 37
922,213,213, 37
923,213,213, 37
924,213,213, 37
925,213,213, 37
926,213,213, 37
927,213,213, 37
928,213,213, 37
929,213,213, 37
930,213,213, 37
931,213,213, 37
932,213,213, 37
933,213,213, 37
934,213,213, 37
935,213,213, 37
936,213,213, 37
937,213,213, 37
938,213,213, 37
939,213,213, 37
940,213,213, 37
941,213,213, 37
942,213,213, 37
943,213,213, 37
944,213,213, 37
945,213,213, 37
946,213,213, 37
947,213,213, 37
948,213,213, 37
949,213,213, 37
950,213,213, 37
951,213,213, 37
952,213,213, 37
953,213,213, 37
954,213,213, 37
955,213,213, 37
956,212,212, 38
957,212,212, 38
958,212,212, 38
959,212,212, 38
960,212,212, 38
961,212,212, 38
962,212,212, 38
963,212,212, 38
964,212,212, 38
965,212,212, 38
966,211,211, 39
967,211,211, 39
968,211,211, 39
969,211,211, 39
970,211,211, 39
971,211,211, 39
972,211,211, 39
973,211,211, 39
974,211,211, 39
975,211,211, 39
976,211,211, 39
977,211,211, 39
978,211,211, 39
979,211,211, 39
980,211,211, 39
981,211,211, 39
982,211,211, 39
983,211,211, 39
984,211,211, 39
985,211,211, 39
986,211,211, 39
987,211,211, 39
988,211,211, 39
989,211,211, 39
990,211,211, 39
991,211,211, 39
992,211,211, 39
993,211,211, 39
994,211,211, 39
995,211,211, 39
996,211,211, 39
997,211,211, 39
998,211,211, 39
999,211,211, 39
1000,211,211, 39
1001,211,211, 39
1002,211,211, 39
1003,211,211, 39
1004,211,211, 39
1005,211,211, 39
1006,211,211, 39
1007,211,211, 39
1008,211,211, 39
1009,211,211, 39
1010,211,211, 39
1011,211,211, 39
1012,211,211, 39
1013,211,211, 39
1014,211,211, 39
1015,211,211, 39
1016,211,211, 39
1017,211,211, 39
1018,211,211, 39
1019,211,211, 39
1020,211,211, 39
1021,211,211, 39
1022,211,211, 39
1023,211,211, 39
1024,210,210, 40
1025,210,210, 40
1026,210,210, 40
1027,210,210, 40
1028,210,210, 40
1029,210,210, 40
1030,210,210, 40
1031,210,210, 40
1032,210,210, 40
1033,210,210, 40
1034,210,210, 40
1035,210,210, 40
1036,210,210, 40
1037,210,210, 40
1038,210,210, 40
1039,210,210, 40
1040,210,210, 40
1041,210,210, 40
1042,210,210, 40
1043,210,210, 40
1044,210,210, 40
1045,210,210, 40
1046,210,210, 40
1047,210,210, 40
1048,210,210, 40
1049,210,210, 40
1050,210,210, 40
1051,210,210, 40
1052,210,210, 40
1053,210,210, 40
1054,210,210, 40
1055,210,210, 40
1056,210,210, 40
1057,210,210, 40
1058,210,210, 40
1059,210,210, 40
1060,210,210, 40
1061,210,210, 40
1062,210,210, 40
1063,210,210, 40
1064,210,210, 40
1065,210,210, 40
1066,210,210, 40
1067,210,210, 40
1068,210,210, 40
1069,210,210, 40
1070,210,210, 40
1071,210,210, 40
1072,210,210, 40
1073,210,210, 40
1074,210,210, 40
1075,210,210, 40
1076,210,210, 40
1077,210,210, 40
1078,210,210, 40
1079,210,210, 40
1080,210,210, 40
1081,210,210, 40
1082,210,210, 40
1083,210,210, 40
1084,210,210, 40
1085,210,210, 40
1086,210,210, 40
1087,210,210, 40
1088,210,210, 40
1089,210,210, 40
1090,210,210, 40
1091,210,210, 40
1092,210,210, 40
1093,210,210, 40
1094,210,210, 40
1095,210,210, 40
1096,210,210, 40
1097,210,210, 40
1098,210,210, 40
1099,210,210, 40
1100,210,210, 40
1101,210,210, 40
1102,210,210, 40
1103,210,210, 40
1104,210,210, 40
1105,210,210, 40
1106,210,210, 40
1107,210,210, 40
1108,210,210, 40
1109,210,210, 40
1110,210,210, 40
1111,210,210, 40
1112,210,210, 40
1113,210,210, 40
1114,210,210, 40
1115,210,210, 40
1116,210,210, 40
1117,210,210, 40
1118,210,210, 40
1119,210,210, 40
1120,210,210, 40
1121,210,210, 40
1122,210,210, 40
1123,210,210, 40
1124,210,210, 40
1125,210,210, 40
1126,210,210, 40
1127,210,210, 40
1128,210,210, 40
1129,210,210, 40
1130,210,210, 40
1131,210,210, 40
1132,210,210, 40
1133,210,210, 40
1134,210,210, 40
1135,210,210, 40
1136,210,210, 40
1137,210,210, 40
1138,210,210, 40
1139,210,210, 40
1140,210,210, 40
1141,210,210, 40
1142,210,210, 40
1143,210,210, 40
1144,210,210, 40
1145,210,210, 40
1146,210,210, 40
1147,210,210, 40
1148,210,210, 40
1149,210,210, 40
1150,210,210, 40
1151,210,210, 40
1152,210,210, 40
1153,210,210, 40
1154,210,210, 40
1155,210,210, 40
1156,210,210, 40
1157,210,210, 40
1158,210,210, 40
1159,210,210, 40
1160,210,210, 40
1161,210,210, 40
1162,210,210, 40
1163,210,210, 40
1164,210,210, 40
1165,210,210, 40
1166,210,210, 40
1167,210,210, 40
1168,210,210, 40
1169,210,210, 40
1170,210,210, 40
1171,210,210, 40
1172,210,210, 40
1173,210,210, 40
1174,210,210, 40
1175,210,210, 40
1176,210,210, 40
1177,210,210, 40
1178,210,210, 40
1179,210,210, 40
1180,210,210, 40
1181,210,210, 40
1182,210,210, 40
1183,210,210, 40
1184,210,210, 40
1185,210,210, 40
1186,210,210, 40
1187,210,210, 40
1188,210,210, 40
1189,210,210, 40
1190,210,210, 40
1191,210,210, 40
1192,210,210, 40
1193,210,210, 40
1194,210,210, 40
1195,210,210, 40
1196,210,210, 40
1197,210,210, 40
1198,210,210, 40
1199,210,210, 40
1200,210,210, 40
1201,210,210, 40
1202,210,210, 40
1203,210,210, 40
1204,210,210, 40
1205,210,210, 40
1206,210,210, 40
1207,210,210, 40
1208,210,210, 40
1209,210,210, 40
1210,210,210, 40
1211,210,210, 40
1212,210,210, 40
1213,210,210, 40
1214,210,210, 40
1215,210,210, 40
1216,210,210, 40
1217,210,210, 40
1218,210,210, 40
1219,210,210, 40
1220,210,210, 40
1221,210,210, 40
1222,210,210, 40
1223,210,210, 40
1224,210,210, 40
1225,210,210, 40
1226,210,210, 40
1227,210,210, 40
1228,210,210, 40
1229,210,210, 40
1230,210,210, 40
1231,210,210, 40
1232,210,210, 40
1233,210,210, 40
1234,210,210, 40
1235,210,210, 40
1236,210,210, 40
1237,210,210, 40
1238,210,210, 40
1239,210,210, 40
1240,210,210, 40
1241,210,210, 40
1242,210,210, 40
1243,210,210, 40
1244,210,210, 40
1245,210,210, 40
1246,209,209, 41
1247,209,209, 41
1248,209,209, 41
1249,209,209, 41
1250,209,209, 41
1251,209,209, 41
1252,209,209, 41
1253,209,209, 41
1254,209,209, 41
1255,209,209, 41
1256,209,209, 41
1257,209,209, 41
1258,208,208, 42
1259,207,207, 43
1260,207,207, 43
1261,207,207, 43
1262,207,207, 43
1263,207,207, 43
1264,207,207, 43
1265,207,207, 43
1266,207,207, 43
1267,207,207, 43
1268,207,207, 43
1269,206,206, 44
1270,206,206, 44
1271,206,206, 44
1272,206,206, 44
1273,206,206, 44
1274,206,206, 44
1275,206,206, 44
1276,205,205, 45
1277,204,204, 46
1278,204,204, 46
1279,204,204, 46
1280,204,204, 46
1281,204,204, 46
1282,204,204, 46
1283,204,204, 46
1284,204,204, 46
1285,204,204, 46
1286,204,204, 46
1287,204,204, 46
1288,204,204, 46
1289,204,204, 46
1290,204,204, 46
1291,204,204, 46
1292,204,204, 46
1293,204,204, 46
1294,204,204, 46
1295,204,204, 46
1296,204,204, 46
1297,204,204, 46
1298,202,202, 48
1299,202,202, 48
1300,202,202, 48
1301,202,202, 48
1302,202,202, 48
1303,202,202, 48
1304,202,202, 48
1305,200,200, 50
1306,200,200, 50
1307,200,200, 50
1308,200,200, 50
1309,200,200, 50
1310,200,200, 50
1311,200,200, 50
1312,200,200, 50
1313,200,200, 50
1314,200,200, 50
1315,200,200, 50
1316,200,200, 50
1317,200,200, 50
1318,200,200, 50
1319,200,200, 50
1320,200,200, 50
1321,200,200, 50
1322,200,200, 50
1323,200,200, 50
1324,200,200, 50
1325,200,200, 50
1326,200,200, 50
1327,200,200, 50
1328,200,200, 50
1329,200,200, 50
1330,200,200, 50
1331,200,200, 50
1332,200,200, 50
1333,200,200, 50
1334,200,200, 50
1335,200,200, 50
1336,200,200, 50
1337,200,200, 50
1338,200,200, 50
1339,200,200, 50
1340,200,200, 50
1341,200,200, 50
1342,200,200, 50
1343,200,200, 50
1344,200,200, 50
1345,200,200, 50
1346,199,199, 51
1347,199,199, 51
1348,199,199, 51
1349,199,199, 51
1350,199,199, 51
1351,199,199, 51
1352,199,199, 51
1353,199,199, 51
1354,199,199, 51
1355,199,199, 51
1356,199,199, 51
1357,199,199, 51
1358,199,199, 51
1359,199,199, 51
1360,199,199, 51
1361,199,199, 51
1362,199,199, 51
1363,199,199, 51
1364,199,199, 51
1365,199,199, 51
1366,199,199, 51
1367,199,199, 51
1368,199,199, 51
1369,199,199, 51
1370,199,199, 51
1371,199,199, 51
1372,199,199, 51
1373,199,199, 51
1374,199,199, 51
1375,199,199, 51
1376,199,199, 51
1377,199,199, 51
1378,199,199, 51
1379,199,199, 51
1380,199,199, 51
1381,199,199, 51
1382,199,199, 51
1383,199,199, 51
1384,199,199, 51
1385,199,199, 51
1386,199,199, 51
1387,199,199, 51
1388,199,199, 51
1389,199,199, 51
1390,199,199, 51
1391,199,199, 51
1392,199,199, 51
1393,199,199, 51
1394,199,199, 51
1395,199,199, 51
1396,199,199, 51
1397,199,199, 51
1398,199,199, 51
1399,199,199, 51
1400,199,199, 51
1401,199,199, 51
1402,199,199, 51
1403,199,199, 51
1404,199,199, 51
1405,199,199, 51
1406,199,199, 51
1407,199,199, 51
1408,199,199, 51
1409,199,199, 51
1410,199,199, 51
1411,199,199, 51
1412,199,199, 51
1413,199,199, 51
1414,199,199, 51
1415,199,199, 51
1416,199,199, 51
1417,199,199, 51
1418,199,199, 51
1419,199,199, 51
1420,199,199, 51
1421,198,198, 52
1422,198,198, 52
1423,198,198, 52
1424,197,197, 53
1425,197,197, 53
1426,197,197, 53
1427,197,197, 53
1428,197,197, 53
1429,197,197, 53
1430,197,197, 53
1431,197,197, 53
1432,197,197, 53
1433,197,197, 53
1434,197,197, 53
1435,197,197, 53
1436,197,197, 53
1437,197,197, 53
1438,197,197, 53
1439,197,197, 53
1440,197,197, 53
1441,197,197, 53
1442,197,197, 53
1443,197,197, 53
1444,197,197, 53
1445,197,197, 53
1446,197,197, 53
1447,197,197, 53
1448,197,197, 53
1449,197,197, 53
1450,197,197, 53
1451,197,197, 53
1452,197,197, 53
1453,197,197, 53
1454,197,197, 53
1455,197,197, 53
1456,197,197, 53
1457,197,197, 53
1458,197,197, 53
1459,197,197, 53
1460,197,197, 53
1461,197,197, 53
1462,197,197, 53
1463,197,197, 53
1464,197,197, 53
1465,197,197, 53
1466,197,197, 53
1467,197,197, 53
1468,197,197, 53
1469,197,197, 53
1470,197,197, 53
1471,197,197, 53
1472,197,197, 53
1473,197,197, 53
1474,197,197, 53
1475,197,197, 53
1476,196,196, 54
1477,196,196, 54
1478,196,196, 54
1479,195,195, 55
1480,195,195, 55
1481,195,195, 55
1482,195,195, 55
1483,195,195, 55
1484,195,195, 55
1485,195,195, 55
1486,195,195, 55
1487,195,195, 55
1488,195,195, 55
1489,195,195, 55
1490,195,195, 55
1491,195,195, 55
1492,195,195, 55
1493,195,195, 55
1494,195,195, 55
1495,195,195, 55
1496,195,195, 55
1497,195,195, 55
1498,195,195, 55
1499,195,195, 55
