0,250,250, 0
1,250,250, 0
2,250,250, 0
3,250,250, 0
4,250,250, 0
5,250,250, 0
6,250,250, 0
7,248,248, 2
8,248,248, 2
9,248,248, 2
10,248,248, 2
11,248,248, 2
12,248,248, 2
13,248,248, 2
14,248,248, 2
15,248,248, 2
16,248,248, 2
17,248,248, 2
18,246,246, 4
19,246,246, 4
20,246,246, 4
21,246,246, 4
22,245,245, 5
23,245,245, 5
24,245,245, 5
25,245,245, 5
26,245,245, 5
27,244,244, 6
28,244,244, 6
29,244,244, 6
30,244,244, 6
31,244,244, 6
32,244,244, 6
33,244,244, 6
34,244,244, 6
35,244,244, 6
36,244,244, 6
37,244,244, 6
38,244,244, 6
39,244,244, 6
40,244,244, 6
41,244,244, 6
42,243,243, 7
43,243,243, 7
44,243,243, 7
45,243,243, 7
46,243,243, 7
47,243,243, 7
48,243,243, 7
49,243,243, 7
50,243,243, 7
51,243,243, 7
52,243,243, 7
53,243,243, 7
54,243,243, 7
55,243,243, 7
56,243,243, 7
57,243,243, 7
58,243,243, 7
59,243,243, 7
60,243,243, 7
61,243,243, 7
62,243,243, 7
63,243,243, 7
64,243,243, 7
65,243,243, 7
66,243,243, 7
67,243,243, 7
68,243,243, 7
69,243,243, 7
70,243,243, 7
71,243,243, 7
72,243,243, 7
73,243,243, 7
74,243,243, 7
75,243,243, 7
76,243,243, 7
77,243,243, 7
78,243,243, 7
79,243,243, 7
80,243,243, 7
81,243,243, 7
82,243,243, 7
83,243,243, 7
84,243,243, 7
85,243,243, 7
86,243,243, 7
87,243,243, 7
88,243,243, 7
89,243,243, 7
90,243,243, 7
91,243,243, 7
92,243,243, 7
93,243,243, 7
94,243,243, 7
95,243,243, 7
96,243,243, 7
97,243,243, 7
98,243,243, 7
99,243,243, 7
100,243,243, 7
101,243,243, 7
102,243,243, 7
103,243,243, 7
104,243,243, 7
105,243,243, 7
106,243,243, 7
107,243,243, 7
108,243,243, 7
109,243,243, 7
110,243,243, 7
111,243,243, 7
112,243,243, 7
113,243,243, 7
114,243,243, 7
115,243,243, 7
116,243,243, 7
117,243,243, 7
118,243,243, 7
119,243,243, 7
120,243,243, 7
121,243,243, 7
122,243,243, 7
123,243,243, 7
124,243,243, 7
125,243,243, 7
126,243,243, 7
127,243,243, 7
128,243,243, 7
129,243,243, 7
130,243,243, 7
131,243,243, 7
132,243,243, 7
133,243,243, 7
134,243,243, 7
135,243,243, 7
136,243,243, 7
137,243,243, 7
138,243,243, 7
139,243,243, 7
140,243,243, 7
141,243,243, 7
142,243,243, 7
143,243,243, 7
144,243,243, 7
145,243,243, 7
146,243,243, 7
147,243,243, 7
148,243,243, 7
149,243,243, 7
150,243,243, 7
151,243,243, 7
152,243,243, 7
153,243,243, 7
154,243,243, 7
155,243,243, 7
156,243,243, 7
157,243,243, 7
158,243,243, 7
159,243,243, 7
160,243,243, 7
161,243,243, 7
162,243,243, 7
163,243,243, 7
164,243,243, 7
165,243,243, 7
166,243,243, 7
167,243,243, 7
168,243,243, 7
169,243,243, 7
170,243,243, 7
171,243,243, 7
172,243,243, 7
173,243,243, 7
174,243,243, 7
175,243,243, 7
176,243,243, 7
177,243,243, 7
178,243,243, 7
179,243,243, 7
180,243,243, 7
181,243,243, 7
182,243,243, 7
183,243,243, 7
184,243,243, 7
185,243,243, 7
186,243,243, 7
187,243,243, 7
188,243,243, 7
189,242,242, 8
190,242,242, 8
191,242,242, 8
192,242,242, 8
193,242,242, 8
194,242,242, 8
195,242,242, 8
196,242,242, 8
197,242,242, 8
198,242,242, 8
199,240,240, 10
200,240,240, 10
201,240,240, 10
202,239,239, 11
203,239,239, 11
204,239,239, 11
205,239,239, 11
206,239,239, 11
207,239,239, 11
208,239,239, 11
209,239,239, 11
210,239,239, 11
211,239,239, 11
212,239,239, 11
213,239,239, 11
214,239,239, 11
215,239,239, 11
216,239,239, 11
217,239,239, 11
218,239,239, 11
219,238,238, 12
220,238,238, 12
221,238,238, 12
222,238,238, 12
223,238,238, 12
224,238,238, 12
225,238,238, 12
226,238,238, 12
227,238,238, 12
228,238,238, 12
229,238,238, 12
230,238,238, 12
231,238,238, 12
232,238,238, 12
233,238,238, 12
234,238,238, 12
235,238,238, 12
236,238,238, 12
237,237,237, 13
238,237,237, 13
239,237,237, 13
240,237,237, 13
241,237,237, 13
242,237,237, 13
243,237,237, 13
244,237,237, 13
245,237,237, 13
246,237,237, 13
247,237,237, 13
248,237,237, 13
249,237,237, 13
250,237,237, 13
251,237,237, 13
252,237,237, 13
253,237,237, 13
254,237,237, 13
255,237,237, 13
256,237,237, 13
257,237,237, 13
258,237,237, 13
259,237,237, 13
260,237,237, 13
261,237,237, 13
262,237,237, 13
263,237,237, 13
264,237,237, 13
265,237,237, 13
266,237,237, 13
267,237,237, 13
268,237,237, 13
269,237,237, 13
270,237,237, 13
271,237,237, 13
272,237,237, 13
273,237,237, 13
274,237,237, 13
275,237,237, 13
276,237,237, 13
277,237,237, 13
278,237,237, 13
279,237,237, 13
280,237,237, 13
281,237,237, 13
282,237,237, 13
283,237,237, 13
284,237,237, 13
285,237,237, 13
286,237,237, 13
287,237,237, 13
288,237,237, 13
289,237,237, 13
290,236,236, 14
291,236,236, 14
292,236,236, 14
293,236,236, 14
294,236,236, 14
295,236,236, 14
296,236,236, 14
297,236,236, 14
298,236,236, 14
299,236,236, 14
300,236,236, 14
301,236,236, 14
302,236,236, 14
303,236,236, 14
304,236,236, 14
305,236,236, 14
306,236,236, 14
307,236,236, 14
308,236,236, 14
309,236,236, 14
310,236,236, 14
311,236,236, 14
312,236,236, 14
313,236,236, 14
314,236,236, 14
315,236,236, 14
316,233,233, 17
317,233,233, 17
318,233,233, 17
319,233,233, 17
320,233,233, 17
321,233,233, 17
322,233,233, 17
323,232,232, 18
324,231,231, 19
325,231,231, 19
326,231,231, 19
327,231,231, 19
328,231,231, 19
329,231,231, 19
330,231,231, 19
331,231,231, 19
332,231,231, 19
333,231,231, 19
334,231,231, 19
335,231,231, 19
336,231,231, 19
337,231,231, 19
338,231,231, 19
339,231,231, 19
340,231,231, 19
341,231,231, 19
342,231,231, 19
343,231,231, 19
344,231,231, 19
345,231,231, 19
346,231,231, 19
347,231,231, 19
348,231,231, 19
349,231,231, 19
350,231,231, 19
351,231,231, 19
352,231,231, 19
353,231,231, 19
354,231,231, 19
355,231,231, 19
356,231,231, 19
357,229,229, 21
358,229,229, 21
359,229,229, 21
360,229,229, 21
361,229,229, 21
362,229,229, 21
363,229,229, 21
364,229,229, 21
365,229,229, 21
366,229,229, 21
367,229,229, 21
368,229,229, 21
369,229,229, 21
370,229,229, 21
371,228,228, 22
372,228,228, 22
373,228,228, 22
374,228,228, 22
375,228,228, 22
376,228,228, 22
377,228,228, 22
378,228,228, 22
379,228,228, 22
380,228,228, 22
381,228,228, 22
382,228,228, 22
383,228,228, 22
384,228,228, 22
385,228,228, 22
386,228,228, 22
387,228,228, 22
388,228,228, 22
389,228,228, 22
390,228,228, 22
391,228,228, 22
392,228,228, 22
393,228,228, 22
394,228,228, 22
395,228,228, 22
396,228,228, 22
397,228,228, 22
398,228,228, 22
399,228,228, 22
400,228,228, 22
401,228,228, 22
402,228,228, 22
403,228,228, 22
404,228,228, 22
405,228,228, 22
406,228,228, 22
407,226,226, 24
408,226,226, 24
409,226,226, 24
410,226,226, 24
411,226,226, 24
412,226,226, 24
413,226,226, 24
414,226,226, 24
415,226,226, 24
416,226,226, 24
417,226,226, 24
418,226,226, 24
419,226,226, 24
420,226,226, 24
421,226,226, 24
422,226,226, 24
423,226,226, 24
424,226,226, 24
425,225,225, 25
426,224,224, 26
427,224,224, 26
428,224,224, 26
429,224,224, 26
430,224,224, 26
431,224,224, 26
432,224,224, 26
433,224,224, 26
434,224,224, 26
435,224,224, 26
436,224,224, 26
437,224,224, 26
438,224,224, 26
439,224,224, 26
440,224,224, 26
441,224,224, 26
442,224,224, 26
443,224,224, 26
444,224,224, 26
445,224,224, 26
446,224,224, 26
447,224,224, 26
448,224,224, 26
449,224,224, 26
450,224,224, 26
451,224,224, 26
452,224,224, 26
453,224,224, 26
454,224,224, 26
455,224,224, 26
456,224,224, 26
457,224,224, 26
458,224,224, 26
459,224,224, 26
460,224,224, 26
461,224,224, 26
462,224,224, 26
463,224,224, 26
464,224,224, 26
465,224,224, 26
466,224,224, 26
467,224,224, 26
468,224,224, 26
469,224,224, 26
470,223,223, 27
471,222,222, 28
472,222,222, 28
473,222,222, 28
474,222,222, 28
475,221,221, 29
476,220,220, 30
477,220,220, 30
478,220,220, 30
479,220,220, 30
480,220,220, 30
481,220,220, 30
482,220,220, 30
483,220,220, 30
484,220,220, 30
485,220,220, 30
486,220,220, 30
487,220,220, 30
488,220,220, 30
489,220,220, 30
490,220,220, 30
491,220,220, 30
492,220,220, 30
493,220,220, 30
494,220,220, 30
495,220,220, 30
496,220,220, 30
497,220,220, 30
498,220,220, 30
499,220,220, 30
500,220,220, 30
501,220,220, 30
502,220,220, 30
503,220,220, 30
504,220,220, 30
505,220,220, 30
506,220,220, 30
507,220,220, 30
508,220,220, 30
509,220,220, 30
510,220,220, 30
511,220,220, 30
512,220,220, 30
513,219,219, 31
514,218,218, 32
515,218,218, 32
516,218,218, 32
517,218,218, 32
518,218,218, 32
519,218,218, 32
520,218,218, 32
521,218,218, 32
522,218,218, 32
523,218,218, 32
524,218,218, 32
525,218,218, 32
526,218,218, 32
527,218,218, 32
528,217,217, 33
529,217,217, 33
530,217,217, 33
531,217,217, 33
532,217,217, 33
533,217,217, 33
534,217,217, 33
535,217,217, 33
536,217,217, 33
537,217,217, 33
538,217,217, 33
539,217,217, 33
540,217,217, 33
541,217,217, 33
542,217,217, 33
543,217,217, 33
544,217,217, 33
545,217,217, 33
546,217,217, 33
547,217,217, 33
548,217,217, 33
549,217,217, 33
550,217,217, 33
551,217,217, 33
552,217,217, 33
553,217,217, 33
554,216,216, 34
555,216,216, 34
556,216,216, 34
557,216,216, 34
558,216,216, 34
559,215,215, 35
560,215,215, 35
561,214,214, 36
562,214,214, 36
563,214,214, 36
564,214,214, 36
565,213,213, 37
566,213,213, 37
567,213,213, 37
568,213,213, 37
569,212,212, 38
570,212,212, 38
571,212,212, 38
572,212,212, 38
573,212,212, 38
574,212,212, 38
575,212,212, 38
576,212,212, 38
577,212,212, 38
578,212,212, 38
579,212,212, 38
580,212,212, 38
581,212,212, 38
582,212,212, 38
583,212,212, 38
584,212,212, 38
585,212,212, 38
586,212,212, 38
587,212,212, 38
588,212,212, 38
589,212,212, 38
590,212,212, 38
591,212,212, 38
592,212,212, 38
593,212,212, 38
594,212,212, 38
595,212,212, 38
596,212,212, 38
597,212,212, 38
598,212,212, 38
599,212,212, 38
600,212,212, 38
601,212,212, 38
602,212,212, 38
603,212,212, 38
604,212,212, 38
605,212,212, 38
606,212,212, 38
607,212,212, 38
608,212,212, 38
609,212,212, 38
610,212,212, 38
611,212,212, 38
612,212,212, 38
613,212,212, 38
614,212,212, 38
615,212,212, 38
616,212,212, 38
617,212,212, 38
618,212,212, 38
619,212,212, 38
620,212,212, 38
621,212,212, 38
622,212,212, 38
623,212,212, 38
624,212,212, 38
625,212,212, 38
626,212,212, 38
627,212,212, 38
628,212,212, 38
629,212,212, 38
630,212,212, 38
631,212,212, 38
632,212,212, 38
633,212,212, 38
634,212,212, 38
635,212,212, 38
636,212,212, 38
637,212,212, 38
638,212,212, 38
639,212,212, 38
640,212,212, 38
641,212,212, 38
642,212,212, 38
643,212,212, 38
644,212,212, 38
645,212,212, 38
646,212,212, 38
647,212,212, 38
648,212,212, 38
649,212,212, 38
650,212,212, 38
651,212,212, 38
652,212,212, 38
653,212,212, 38
654,212,212, 38
655,212,212, 38
656,212,212, 38
657,212,212, 38
658,212,212, 38
659,212,212, 38
660,212,212, 38
661,212,212, 38
662,212,212, 38
663,212,212, 38
664,212,212, 38
665,212,212, 38
666,212,212, 38
667,212,212, 38
668,212,212, 38
669,212,212, 38
670,212,212, 38
671,212,212, 38
672,212,212, 38
673,212,212, 38
674,212,212, 38
675,212,212, 38
676,212,212, 38
677,212,212, 38
678,212,212, 38
679,212,212, 38
680,212,212, 38
681,212,212, 38
682,212,212, 38
683,212,212, 38
684,212,212, 38
685,212,212, 38
686,212,212, 38
687,212,212, 38
688,212,212, 38
689,212,212, 38
690,212,212, 38
691,212,212, 38
692,212,212, 38
693,212,212, 38
694,212,212, 38
695,212,212, 38
696,212,212, 38
697,212,212, 38
698,212,212, 38
699,212,212, 38
700,212,212, 38
701,212,212, 38
702,212,212, 38
703,212,212, 38
704,212,212, 38
705,212,212, 38
706,212,212, 38
707,212,212, 38
708,212,212, 38
709,212,212, 38
710,212,212, 38
711,212,212, 38
712,212,212, 38
713,212,212, 38
714,212,212, 38
715,212,212, 38
716,212,212, 38
717,212,212, 38
718,212,212, 38
719,212,212, 38
720,211,211, 39
721,210,210, 40
722,210,210, 40
723,210,210, 40
724,210,210, 40
725,210,210, 40
726,210,210, 40
727,210,210, 40
728,210,210, 40
729,210,210, 40
730,210,210, 40
731,210,210, 40
732,210,210, 40
733,210,210, 40
734,210,210, 40
735,210,210, 40
736,210,210, 40
737,210,210, 40
738,210,210, 40
739,210,210, 40
740,210,210, 40
741,210,210, 40
742,210,210, 40
743,210,210, 40
744,210,210, 40
745,210,210, 40
746,210,210, 40
747,210,210, 40
748,210,210, 40
749,210,210, 40
750,210,210, 40
751,210,210, 40
752,210,210, 40
753,210,210, 40
754,210,210, 40
755,210,210, 40
756,210,210, 40
757,210,210, 40
758,210,210, 40
759,210,210, 40
760,210,210, 40
761,210,210, 40
762,210,210, 40
763,210,210, 40
764,210,210, 40
765,210,210, 40
766,210,210, 40
767,210,210, 40
768,210,210, 40
769,209,209, 41
770,208,208, 42
771,208,208, 42
772,208,208, 42
773,208,208, 42
774,208,208, 42
775,207,207, 43
776,206,206, 44
777,206,206, 44
778,206,206, 44
779,206,206, 44
780,206,206, 44
781,206,206, 44
782,206,206, 44
783,206,206, 44
784,206,206, 44
785,206,206, 44
786,206,206, 44
787,206,206, 44
788,206,206, 44
789,206,206, 44
790,206,206, 44
791,206,206, 44
792,206,206, 44
793,206,206, 44
794,206,206, 44
795,206,206, 44
796,206,206, 44
797,206,206, 44
798,206,206, 44
799,206,206, 44
800,206,206, 44
801,206,206, 44
802,206,206, 44
803,206,206, 44
804,206,206, 44
805,206,206, 44
806,206,206, 44
807,206,206, 44
808,206,206, 44
809,206,206, 44
810,206,206, 44
811,206,206, 44
812,206,206, 44
813,206,206, 44
814,206,206, 44
815,206,206, 44
816,206,206, 44
817,206,206, 44
818,206,206, 44
819,206,206, 44
820,206,206, 44
821,206,206, 44
822,206,206, 44
823,206,206, 44
824,206,206, 44
825,206,206, 44
826,206,206, 44
827,206,206, 44
828,206,206, 44
829,206,206, 44
830,206,206, 44
831,206,206, 44
832,206,206, 44
833,206,206, 44
834,206,206, 44
835,206,206, 44
836,206,206, 44
837,206,206, 44
838,206,206, 44
839,206,206, 44
840,206,206, 44
841,206,206, 44
842,206,206, 44
843,206,206, 44
844,206,206, 44
845,206,206, 44
846,206,206, 44
847,206,206, 44
848,206,206, 44
849,206,206, 44
850,206,206, 44
851,206,206, 44
852,206,206, 44
853,206,206, 44
854,206,206, 44
855,206,206, 44
856,206,206, 44
857,206,206, 44
858,206,206, 44
859,206,206, 44
860,206,206, 44
861,206,206, 44
862,206,206, 44
863,206,206, 44
864,206,206, 44
865,206,206, 44
866,206,206, 44
867,204,204, 46
868,204,204, 46
869,204,204, 46
870,204,204, 46
871,204,204, 46
872,204,204, 46
873,204,204, 46
874,204,204, 46
875,204,204, 46
876,204,204, 46
877,204,204, 46
878,204,204, 46
879,204,204, 46
880,204,204, 46
881,204,204, 46
882,204,204, 46
883,204,204, 46
884,204,204, 46
885,204,204, 46
886,204,204, 46
887,204,204, 46
888,204,204, 46
889,203,203, 47
890,203,203, 47
891,203,203, 47
892,203,203, 47
893,203,203, 47
894,203,203, 47
895,203,203, 47
896,203,203, 47
897,203,203, 47
898,203,203, 47
899,203,203, 47
900,203,203, 47
901,203,203, 47
902,203,203, 47
903,203,203, 47
904,203,203, 47
905,203,203, 47
906,203,203, 47
907,203,203, 47
908,203,203, 47
909,203,203, 47
910,203,203, 47
911,203,203, 47
912,203,203, 47
913,203,203, 47
914,203,203, 47
915,203,203, 47
916,203,203, 47
917,203,203, 47
918,203,203, 47
919,203,203, 47
920,203,203, 47
921,203,203, 47
922,203,203, 47
923,203,203, 47
924,203,203, 47
925,203,203, 47
926,203,203, 47
927,203,203, 47
928,203,203, 47
929,203,203, 47
930,203,203, 47
931,203,203, 47
932,203,203, 47
933,203,203, 47
934,203,203, 47
935,203,203, 47
936,203,203, 47
937,203,203, 47
938,203,203, 47
939,203,203, 47
940,203,203, 47
941,203,203, 47
942,203,203, 47
943,203,203, 47
944,203,203, 47
945,203,203, 47
946,203,203, 47
947,203,203, 47
948,203,203, 47
949,203,203, 47
950,203,203, 47
951,203,203, 47
952,203,203, 47
953,203,203, 47
954,203,203, 47
955,203,203, 47
956,203,203, 47
957,203,203, 47
958,203,203, 47
959,203,203, 47
960,203,203, 47
961,202,202, 48
962,202,202, 48
963,202,202, 48
964,202,202, 48
965,202,202, 48
966,202,202, 48
967,202,202, 48
968,202,202, 48
969,202,202, 48
970,202,202, 48
971,202,202, 48
972,202,202, 48
973,202,202, 48
974,202,202, 48
975,202,202, 48
976,202,202, 48
977,202,202, 48
978,202,202, 48
979,202,202, 48
980,202,202, 48
981,202,202, 48
982,202,202, 48
983,202,202, 48
984,202,202, 48
985,202,202, 48
986,202,202, 48
987,202,202, 48
988,202,202, 48
989,202,202, 48
990,202,202, 48
991,202,202, 48
992,202,202, 48
993,202,202, 48
994,202,202, 48
995,202,202, 48
996,202,202, 48
997,202,202, 48
998,202,202, 48
999,202,202, 48
1000,202,202, 48
1001,202,202, 48
1002,202,202, 48
1003,202,202, 48
1004,202,202, 48
1005,202,202, 48
1006,202,202, 48
1007,202,202, 48
1008,201,201, 49
1009,200,200, 50
1010,200,200, 50
1011,200,200, 50
1012,200,200, 50
1013,200,200, 50
1014,200,200, 50
1015,200,200, 50
1016,200,200, 50
1017,200,200, 50
1018,200,200, 50
1019,200,200, 50
1020,200,200, 50
1021,200,200, 50
1022,200,200, 50
1023,200,200, 50
1024,200,200, 50
1025,200,200, 50
1026,200,200, 50
1027,199,199, 51
1028,199,199, 51
1029,199,199, 51
1030,199,199, 51
1031,199,199, 51
1032,198,198, 52
1033,197,197, 53
1034,197,197, 53
1035,197,197, 53
1036,197,197, 53
1037,197,197, 53
1038,197,197, 53
1039,197,197, 53
1040,197,197, 53
1041,197,197, 53
1042,197,197, 53
1043,197,197, 53
1044,197,197, 53
1045,197,197, 53
1046,197,197, 53
1047,197,197, 53
1048,197,197, 53
1049,197,197, 53
1050,197,197, 53
1051,197,197, 53
1052,197,197, 53
1053,197,197, 53
1054,197,197, 53
1055,197,197, 53
1056,197,197, 53
1057,197,197, 53
1058,197,197, 53
1059,197,197, 53
1060,197,197, 53
1061,197,197, 53
1062,197,197, 53
1063,197,197, 53
1064,197,197, 53
1065,197,197, 53
1066,197,197, 53
1067,197,197, 53
1068,197,197, 53
1069,197,197, 53
1070,197,197, 53
1071,197,197, 53
1072,197,197, 53
1073,197,197, 53
1074,197,197, 53
1075,197,197, 53
1076,197,197, 53
1077,197,197, 53
1078,196,196, 54
1079,195,195, 55
1080,195,195, 55
1081,195,195, 55
1082,195,195, 55
1083,195,195, 55
1084,195,195, 55
1085,195,195, 55
1086,195,195, 55
1087,195,195, 55
1088,195,195, 55
1089,195,195, 55
1090,195,195, 55
1091,195,195, 55
1092,195,195, 55
1093,195,195, 55
1094,195,195, 55
1095,195,195, 55
1096,195,195, 55
1097,195,195, 55
1098,195,195, 55
1099,195,195, 55
1100,195,195, 55
1101,195,195, 55
1102,195,195, 55
1103,195,195, 55
1104,195,195, 55
1105,195,195, 55
1106,195,195, 55
1107,195,195, 55
1108,195,195, 55
1109,195,195, 55
1110,195,195, 55
1111,195,195, 55
1112,195,195, 55
1113,195,195, 55
1114,195,195, 55
1115,195,195, 55
1116,195,195, 55
1117,195,195, 55
1118,195,195, 55
1119,195,195, 55
1120,195,195, 55
1121,195,195, 55
1122,195,195, 55
1123,195,195, 55
1124,195,195, 55
1125,195,195, 55
1126,195,195, 55
1127,195,195, 55
1128,195,195, 55
1129,195,195, 55
1130,195,195, 55
1131,195,195, 55
1132,194,194, 56
1133,194,194, 56
1134,194,194, 56
1135,194,194, 56
1136,194,194, 56
1137,194,194, 56
1138,194,194, 56
1139,194,194, 56
1140,194,194, 56
1141,194,194, 56
1142,194,194, 56
1143,194,194, 56
1144,194,194, 56
1145,194,194, 56
1146,194,194, 56
1147,194,194, 56
1148,194,194, 56
1149,194,194, 56
1150,194,194, 56
1151,194,194, 56
1152,194,194, 56
1153,194,194, 56
1154,194,194, 56
1155,194,194, 56
1156,194,194, 56
1157,194,194, 56
1158,193,193, 57
1159,192,192, 58
1160,192,192, 58
1161,191,191, 59
1162,191,191, 59
1163,191,191, 59
1164,191,191, 59
1165,191,191, 59
1166,191,191, 59
1167,191,191, 59
1168,191,191, 59
1169,190,190, 60
1170,190,190, 60
1171,190,190, 60
1172,190,190, 60
1173,190,190, 60
1174,190,190, 60
1175,190,190, 60
1176,190,190, 60
1177,190,190, 60
1178,190,190, 60
1179,190,190, 60
1180,190,190, 60
1181,190,190, 60
1182,190,190, 60
1183,190,190, 60
1184,189,189, 61
1185,189,189, 61
1186,189,189, 61
1187,189,189, 61
1188,189,189, 61
1189,189,189, 61
1190,189,189, 61
1191,189,189, 61
1192,189,189, 61
1193,189,189, 61
1194,189,189, 61
1195,189,189, 61
1196,189,189, 61
1197,189,189, 61
1198,189,189, 61
1199,189,189, 61
1200,189,189, 61
1201,189,189, 61
1202,189,189, 61
1203,189,189, 61
1204,189,189, 61
1205,189,189, 61
1206,189,189, 61
1207,189,189, 61
1208,189,189, 61
1209,189,189, 61
1210,189,189, 61
1211,189,189, 61
1212,189,189, 61
1213,189,189, 61
1214,189,189, 61
1215,189,189, 61
1216,189,189, 61
1217,189,189, 61
1218,189,189, 61
1219,189,189, 61
1220,189,189, 61
1221,189,189, 61
1222,189,189, 61
1223,189,189, 61
1224,189,189, 61
1225,189,189, 61
1226,189,189, 61
1227,189,189, 61
1228,189,189, 61
1229,189,189, 61
1230,189,189, 61
1231,189,189, 61
1232,189,189, 61
1233,189,189, 61
1234,189,189, 61
1235,189,189, 61
1236,189,189, 61
1237,189,189, 61
1238,189,189, 61
1239,189,189, 61
1240,189,189, 61
1241,189,189, 61
1242,189,189, 61
1243,189,189, 61
1244,189,189, 61
1245,189,189, 61
1246,189,189, 61
1247,189,189, 61
1248,189,189, 61
1249,189,189, 61
1250,189,189, 61
1251,189,189, 61
1252,189,189, 61
1253,189,189, 61
1254,189,189, 61
1255,189,189, 61
1256,189,189, 61
1257,188,188, 62
1258,188,188, 62
1259,188,188, 62
1260,188,188, 62
1261,188,188, 62
1262,188,188, 62
1263,188,188, 62
1264,188,188, 62
1265,188,188, 62
1266,188,188, 62
1267,188,188, 62
1268,188,188, 62
1269,188,188, 62
1270,188,188, 62
1271,188,188, 62
1272,188,188, 62
1273,188,188, 62
1274,188,188, 62
1275,188,188, 62
1276,188,188, 62
1277,188,188, 62
1278,188,188, 62
1279,188,188, 62
1280,188,188, 62
1281,188,188, 62
1282,188,188, 62
1283,188,188, 62
1284,188,188, 62
1285,188,188, 62
1286,188,188, 62
1287,188,188, 62
1288,188,188, 62
1289,188,188, 62
1290,188,188, 62
1291,188,188, 62
1292,188,188, 62
1293,188,188, 62
1294,188,188, 62
1295,188,188, 62
1296,188,188, 62
1297,188,188, 62
1298,188,188, 62
1299,188,188, 62
1300,188,188, 62
1301,188,188, 62
1302,187,187, 63
1303,187,187, 63
1304,187,187, 63
1305,187,187, 63
1306,187,187, 63
1307,187,187, 63
1308,187,187, 63
1309,187,187, 63
1310,187,187, 63
1311,187,187, 63
1312,187,187, 63
1313,187,187, 63
1314,187,187, 63
1315,187,187, 63
1316,187,187, 63
1317,187,187, 63
1318,187,187, 63
1319,187,187, 63
1320,187,187, 63
1321,187,187, 63
1322,187,187, 63
1323,187,187, 63
1324,187,187, 63
1325,187,187, 63
1326,187,187, 63
1327,187,187, 63
1328,187,187, 63
1329,187,187, 63
1330,187,187, 63
1331,187,187, 63
1332,187,187, 63
1333,187,187, 63
1334,187,187, 63
1335,187,187, 63
1336,187,187, 63
1337,187,187, 63
1338,187,187, 63
1339,187,187, 63
1340,187,187, 63
1341,187,187, 63
1342,187,187, 63
1343,187,187, 63
1344,187,187, 63
1345,187,187, 63
1346,187,187, 63
1347,187,187, 63
1348,187,187, 63
1349,187,187, 63
1350,187,187, 63
1351,187,187, 63
1352,187,187, 63
1353,187,187, 63
1354,187,187, 63
1355,187,187, 63
1356,187,187, 63
1357,187,187, 63
1358,186,186, 64
1359,186,186, 64
1360,186,186, 64
1361,186,186, 64
1362,186,186, 64
1363,186,186, 64
1364,186,186, 64
1365,186,186, 64
1366,186,186, 64
1367,186,186, 64
1368,186,186, 64
1369,186,186, 64
1370,186,186, 64
1371,186,186, 64
1372,186,186, 64
1373,186,186, 64
1374,186,186, 64
1375,186,186, 64
1376,186,186, 64
1377,186,186, 64
1378,186,186, 64
1379,186,186, 64
1380,186,186, 64
1381,186,186, 64
1382,186,186, 64
1383,186,186, 64
1384,186,186, 64
1385,186,186, 64
1386,186,186, 64
1387,186,186, 64
1388,186,186, 64
1389,186,186, 64
1390,186,186, 64
1391,186,186, 64
1392,186,186, 64
1393,186,186, 64
1394,186,186, 64
1395,186,186, 64
1396,186,186, 64
1397,186,186, 64
1398,186,186, 64
1399,186,186, 64
1400,186,186, 64
1401,186,186, 64
1402,186,186, 64
1403,186,186, 64
1404,185,185, 65
1405,185,185, 65
1406,185,185, 65
1407,184,184, 66
1408,184,184, 66
1409,184,184, 66
1410,184,184, 66
1411,184,184, 66
1412,184,184, 66
1413,184,184, 66
1414,184,184, 66
1415,184,184, 66
1416,184,184, 66
1417,184,184, 66
1418,184,184, 66
1419,184,184, 66
1420,184,184, 66
1421,184,184, 66
1422,184,184, 66
1423,184,184, 66
1424,184,184, 66
1425,184,184, 66
1426,184,184, 66
1427,184,184, 66
1428,184,184, 66
1429,184,184, 66
1430,184,184, 66
1431,184,184, 66
1432,184,184, 66
1433,184,184, 66
1434,184,184, 66
1435,184,184, 66
1436,184,184, 66
1437,184,184, 66
1438,184,184, 66
1439,184,184, 66
1440,183,183, 67
1441,183,183, 67
1442,183,183, 67
1443,183,183, 67
1444,183,183, 67
1445,183,183, 67
1446,183,183, 67
1447,183,183, 67
1448,183,183, 67
1449,183,183, 67
1450,183,183, 67
1451,183,183, 67
1452,183,183, 67
1453,183,183, 67
1454,183,183, 67
1455,183,183, 67
1456,183,183, 67
1457,183,183, 67
1458,183,183, 67
1459,183,183, 67
1460,183,183, 67
1461,183,183, 67
1462,183,183, 67
1463,183,183, 67
1464,183,183, 67
1465,183,183, 67
1466,183,183, 67
1467,183,183, 67
1468,183,183, 67
1469,183,183, 67
1470,183,183, 67
1471,183,183, 67
1472,183,183, 67
1473,183,183, 67
1474,183,183, 67
1475,183,183, 67
1476,183,183, 67
1477,183,183, 67
1478,183,183, 67
1479,183,183, 67
1480,183,183, 67
1481,183,183, 67
1482,183,183, 67
1483,183,183, 67
1484,183,183, 67
1485,183,183, 67
1486,183,183, 67
1487,183,183, 67
1488,183,183, 67
1489,183,183, 67
1490,183,183, 67
1491,183,183, 67
1492,183,183, 67
1493,183,183, 67
1494,183,183, 67
1495,183,183, 67
1496,182,182, 68
1497,182,182, 68
1498,182,182, 68
1499,182,182, 68
