0,250,250, 0
1,250,250, 0
2,250,250, 0
3,250,250, 0
4,250,250, 0
5,250,250, 0
6,250,250, 0
7,250,250, 0
8,250,250, 0
9,250,250, 0
10,250,250, 0
11,250,250, 0
12,250,250, 0
13,250,250, 0
14,250,250, 0
15,250,250, 0
16,250,250, 0
17,250,250, 0
18,250,250, 0
19,250,250, 0
20,250,250, 0
21,250,250, 0
22,250,250, 0
23,250,250, 0
24,250,250, 0
25,250,250, 0
26,250,250, 0
27,250,250, 0
28,250,250, 0
29,250,250, 0
30,250,250, 0
31,248,248, 2
32,248,248, 2
33,248,248, 2
34,248,248, 2
35,248,248, 2
36,248,248, 2
37,248,248, 2
38,247,247, 3
39,247,247, 3
40,247,247, 3
41,247,247, 3
42,247,247, 3
43,247,247, 3
44,247,247, 3
45,247,247, 3
46,247,247, 3
47,247,247, 3
48,247,247, 3
49,247,247, 3
50,247,247, 3
51,247,247, 3
52,247,247, 3
53,247,247, 3
54,247,247, 3
55,247,247, 3
56,247,247, 3
57,247,247, 3
58,247,247, 3
59,247,247, 3
60,246,246, 4
61,245,245, 5
62,245,245, 5
63,245,245, 5
64,245,245, 5
65,245,245, 5
66,245,245, 5
67,245,245, 5
68,245,245, 5
69,245,245, 5
70,245,245, 5
71,245,245, 5
72,245,245, 5
73,245,245, 5
74,245,245, 5
75,245,245, 5
76,245,245, 5
77,245,245, 5
78,245,245, 5
79,245,245, 5
80,245,245, 5
81,245,245, 5
82,245,245, 5
83,245,245, 5
84,244,244, 6
85,244,244, 6
86,244,244, 6
87,244,244, 6
88,244,244, 6
89,244,244, 6
90,244,244, 6
91,244,244, 6
92,244,244, 6
93,244,244, 6
94,244,244, 6
95,244,244, 6
96,244,244, 6
97,244,244, 6
98,244,244, 6
99,244,244, 6
100,244,244, 6
101,244,244, 6
102,244,244, 6
103,244,244, 6
104,244,244, 6
105,244,244, 6
106,244,244, 6
107,244,244, 6
108,244,244, 6
109,244,244, 6
110,244,244, 6
111,244,244, 6
112,244,244, 6
113,244,244, 6
114,244,244, 6
115,244,244, 6
116,244,244, 6
117,244,244, 6
118,244,244, 6
119,244,244, 6
120,244,244, 6
121,244,244, 6
122,244,244, 6
123,244,244, 6
124,244,244, 6
125,244,244, 6
126,244,244, 6
127,244,244, 6
128,244,244, 6
129,243,243, 7
130,243,243, 7
131,243,243, 7
132,243,243, 7
133,243,243, 7
134,243,243, 7
135,243,243, 7
136,243,243, 7
137,243,243, 7
138,243,243, 7
139,243,243, 7
140,243,243, 7
141,243,243, 7
142,243,243, 7
143,243,243, 7
144,243,243, 7
145,243,243, 7
146,243,243, 7
147,243,243, 7
148,243,243, 7
149,243,243, 7
150,243,243, 7
151,243,243, 7
152,243,243, 7
153,243,243, 7
154,243,243, 7
155,243,243, 7
156,243,243, 7
157,243,243, 7
158,243,243, 7
159,242,242, 8
160,242,242, 8
161,242,242, 8
162,242,242, 8
163,242,242, 8
164,242,242, 8
165,242,242, 8
166,242,242, 8
167,242,242, 8
168,242,242, 8
169,242,242, 8
170,242,242, 8
171,241,241, 9
172,241,241, 9
173,241,241, 9
174,241,241, 9
175,241,241, 9
176,241,241, 9
177,241,241, 9
178,241,241, 9
179,241,241, 9
180,241,241, 9
181,241,241, 9
182,241,241, 9
183,241,241, 9
184,241,241, 9
185,241,241, 9
186,241,241, 9
187,241,241, 9
188,241,241, 9
189,241,241, 9
190,241,241, 9
191,241,241, 9
192,241,241, 9
193,241,241, 9
194,241,241, 9
195,241,241, 9
196,241,241, 9
197,241,241, 9
198,241,241, 9
199,241,241, 9
200,241,241, 9
201,241,241, 9
202,241,241, 9
203,241,241, 9
204,241,241, 9
205,241,241, 9
206,241,241, 9
207,241,241, 9
208,241,241, 9
209,241,241, 9
210,241,241, 9
211,241,241, 9
212,240,240, 10
213,240,240, 10
214,240,240, 10
215,240,240, 10
216,240,240, 10
217,240,240, 10
218,240,240, 10
219,240,240, 10
220,240,240, 10
221,240,240, 10
222,240,240, 10
223,240,240, 10
224,240,240, 10
225,240,240, 10
226,240,240, 10
227,240,240, 10
228,240,240, 10
229,240,240, 10
230,240,240, 10
231,240,240, 10
232,240,240, 10
233,240,240, 10
234,239,239, 11
235,238,238, 12
236,238,238, 12
237,238,238, 12
238,238,238, 12
239,238,238, 12
240,237,237, 13
241,236,236, 14
242,236,236, 14
243,236,236, 14
244,236,236, 14
245,236,236, 14
246,236,236, 14
247,236,236, 14
248,236,236, 14
249,236,236, 14
250,235,235, 15
251,235,235, 15
252,235,235, 15
253,235,235, 15
254,235,235, 15
255,235,235, 15
256,235,235, 15
257,235,235, 15
258,235,235, 15
259,235,235, 15
260,234,234, 16
261,234,234, 16
262,234,234, 16
263,234,234, 16
264,234,234, 16
265,234,234, 16
266,234,234, 16
267,234,234, 16
268,234,234, 16
269,234,234, 16
270,234,234, 16
271,234,234, 16
272,234,234, 16
273,234,234, 16
274,234,234, 16
275,234,234, 16
276,234,234, 16
277,234,234, 16
278,234,234, 16
279,234,234, 16
280,234,234, 16
281,234,234, 16
282,234,234, 16
283,234,234, 16
284,234,234, 16
285,234,234, 16
286,234,234, 16
287,234,234, 16
288,234,234, 16
289,234,234, 16
290,234,234, 16
291,234,234, 16
292,234,234, 16
293,234,234, 16
294,234,234, 16
295,234,234, 16
296,234,234, 16
297,234,234, 16
298,234,234, 16
299,234,234, 16
300,234,234, 16
301,234,234, 16
302,233,233, 17
303,233,233, 17
304,233,233, 17
305,233,233, 17
306,233,233, 17
307,233,233, 17
308,233,233, 17
309,233,233, 17
310,233,233, 17
311,231,231, 19
312,231,231, 19
313,231,231, 19
314,231,231, 19
315,231,231, 19
316,231,231, 19
317,231,231, 19
318,231,231, 19
319,231,231, 19
320,230,230, 20
321,230,230, 20
322,230,230, 20
323,229,229, 21
324,228,228, 22
325,228,228, 22
326,228,228, 22
327,228,228, 22
328,228,228, 22
329,228,228, 22
330,228,228, 22
331,228,228, 22
332,228,228, 22
333,228,228, 22
334,228,228, 22
335,228,228, 22
336,228,228, 22
337,228,228, 22
338,228,228, 22
339,228,228, 22
340,228,228, 22
341,228,228, 22
342,228,228, 22
343,228,228, 22
344,228,228, 22
345,228,228, 22
346,228,228, 22
347,228,228, 22
348,228,228, 22
349,228,228, 22
350,228,228, 22
351,228,228, 22
352,228,228, 22
353,227,227, 23
354,227,227, 23
355,227,227, 23
356,227,227, 23
357,227,227, 23
358,227,227, 23
359,227,227, 23
360,227,227, 23
361,227,227, 23
362,227,227, 23
363,227,227, 23
364,227,227, 23
365,227,227, 23
366,227,227, 23
367,226,226, 24
368,226,226, 24
369,226,226, 24
370,226,226, 24
371,226,226, 24
372,226,226, 24
373,226,226, 24
374,226,226, 24
375,226,226, 24
376,225,225, 25
377,225,225, 25
378,225,225, 25
379,225,225, 25
380,225,225, 25
381,225,225, 25
382,225,225, 25
383,225,225, 25
384,225,225, 25
385,225,225, 25
386,225,225, 25
387,225,225, 25
388,225,225, 25
389,225,225, 25
390,225,225, 25
391,225,225, 25
392,225,225, 25
393,225,225, 25
394,225,225, 25
395,225,225, 25
396,225,225, 25
397,225,225, 25
398,225,225, 25
399,225,225, 25
400,225,225, 25
401,225,225, 25
402,225,225, 25
403,225,225, 25
404,225,225, 25
405,225,225, 25
406,225,225, 25
407,225,225, 25
408,225,225, 25
409,225,225, 25
410,225,225, 25
411,225,225, 25
412,225,225, 25
413,224,224, 26
414,223,223, 27
415,223,223, 27
416,223,223, 27
417,223,223, 27
418,223,223, 27
419,223,223, 27
420,223,223, 27
421,223,223, 27
422,223,223, 27
423,222,222, 28
424,221,221, 29
425,221,221, 29
426,221,221, 29
427,221,221, 29
428,221,221, 29
429,221,221, 29
430,221,221, 29
431,221,221, 29
432,221,221, 29
433,221,221, 29
434,221,221, 29
435,221,221, 29
436,221,221, 29
437,221,221, 29
438,221,221, 29
439,221,221, 29
440,221,221, 29
441,221,221, 29
442,220,220, 30
443,220,220, 30
444,220,220, 30
445,220,220, 30
446,218,218, 32
447,218,218, 32
448,218,218, 32
449,218,218, 32
450,218,218, 32
451,218,218, 32
452,217,217, 33
453,217,217, 33
454,217,217, 33
455,217,217, 33
456,217,217, 33
457,217,217, 33
458,217,217, 33
459,217,217, 33
460,217,217, 33
461,217,217, 33
462,217,217, 33
463,217,217, 33
464,217,217, 33
465,217,217, 33
466,217,217, 33
467,217,217, 33
468,217,217, 33
469,217,217, 33
470,217,217, 33
471,217,217, 33
472,217,217, 33
473,217,217, 33
474,217,217, 33
475,217,217, 33
476,217,217, 33
477,217,217, 33
478,217,217, 33
479,217,217, 33
480,217,217, 33
481,217,217, 33
482,217,217, 33
483,217,217, 33
484,217,217, 33
485,217,217, 33
486,217,217, 33
487,217,217, 33
488,217,217, 33
489,217,217, 33
490,217,217, 33
491,217,217, 33
492,216,216, 34
493,216,216, 34
494,216,216, 34
495,216,216, 34
496,216,216, 34
497,216,216, 34
498,216,216, 34
499,216,216, 34
500,216,216, 34
501,215,215, 35
502,215,215, 35
503,215,215, 35
504,215,215, 35
505,215,215, 35
506,215,215, 35
507,215,215, 35
508,215,215, 35
509,215,215, 35
510,215,215, 35
511,215,215, 35
512,215,215, 35
513,215,215, 35
514,215,215, 35
515,215,215, 35
516,215,215, 35
517,215,215, 35
518,215,215, 35
519,214,214, 36
520,213,213, 37
521,213,213, 37
522,213,213, 37
523,213,213, 37
524,213,213, 37
525,213,213, 37
526,213,213, 37
527,213,213, 37
528,213,213, 37
529,213,213, 37
530,213,213, 37
531,213,213, 37
532,213,213, 37
533,213,213, 37
534,213,213, 37
535,213,213, 37
536,213,213, 37
537,213,213, 37
538,213,213, 37
539,213,213, 37
540,213,213, 37
541,213,213, 37
542,213,213, 37
543,213,213, 37
544,213,213, 37
545,213,213, 37
546,213,213, 37
547,213,213, 37
548,213,213, 37
549,213,213, 37
550,213,213, 37
551,213,213, 37
552,213,213, 37
553,213,213, 37
554,213,213, 37
555,213,213, 37
556,213,213, 37
557,213,213, 37
558,213,213, 37
559,213,213, 37
560,213,213, 37
561,213,213, 37
562,213,213, 37
563,213,213, 37
564,213,213, 37
565,213,213, 37
566,213,213, 37
567,213,213, 37
568,213,213, 37
569,213,213, 37
570,213,213, 37
571,213,213, 37
572,213,213, 37
573,213,213, 37
574,213,213, 37
575,213,213, 37
576,213,213, 37
577,213,213, 37
578,213,213, 37
579,213,213, 37
580,213,213, 37
581,213,213, 37
582,213,213, 37
583,213,213, 37
584,213,213, 37
585,213,213, 37
586,213,213, 37
587,213,213, 37
588,213,213, 37
589,213,213, 37
590,213,213, 37
591,211,211, 39
592,211,211, 39
593,211,211, 39
594,211,211, 39
595,211,211, 39
596,211,211, 39
597,211,211, 39
598,211,211, 39
599,211,211, 39
600,211,211, 39
601,211,211, 39
602,211,211, 39
603,210,210, 40
604,210,210, 40
605,210,210, 40
606,210,210, 40
607,210,210, 40
608,210,210, 40
609,210,210, 40
610,210,210, 40
611,210,210, 40
612,210,210, 40
613,210,210, 40
614,210,210, 40
615,210,210, 40
616,210,210, 40
617,210,210, 40
618,210,210, 40
619,210,210, 40
620,209,209, 41
621,209,209, 41
622,209,209, 41
623,209,209, 41
624,209,209, 41
625,209,209, 41
626,209,209, 41
627,209,209, 41
628,209,209, 41
629,209,209, 41
630,209,209, 41
631,209,209, 41
632,209,209, 41
633,209,209, 41
634,209,209, 41
635,209,209, 41
636,209,209, 41
637,209,209, 41
638,209,209, 41
639,209,209, 41
640,209,209, 41
641,209,209, 41
642,209,209, 41
643,209,209, 41
644,209,209, 41
645,209,209, 41
646,209,209, 41
647,209,209, 41
648,209,209, 41
649,209,209, 41
650,209,209, 41
651,209,209, 41
652,209,209, 41
653,209,209, 41
654,209,209, 41
655,209,209, 41
656,209,209, 41
657,209,209, 41
658,209,209, 41
659,209,209, 41
660,209,209, 41
661,209,209, 41
662,209,209, 41
663,209,209, 41
664,209,209, 41
665,209,209, 41
666,209,209, 41
667,209,209, 41
668,209,209, 41
669,209,209, 41
670,209,209, 41
671,209,209, 41
672,209,209, 41
673,209,209, 41
674,209,209, 41
675,209,209, 41
676,209,209, 41
677,209,209, 41
678,209,209, 41
679,209,209, 41
680,208,208, 42
681,208,208, 42
682,208,208, 42
683,208,208, 42
684,208,208, 42
685,208,208, 42
686,207,207, 43
687,207,207, 43
688,207,207, 43
689,207,207, 43
690,207,207, 43
691,207,207, 43
692,207,207, 43
693,207,207, 43
694,207,207, 43
695,207,207, 43
696,207,207, 43
697,207,207, 43
698,207,207, 43
699,207,207, 43
700,207,207, 43
701,207,207, 43
702,207,207, 43
703,207,207, 43
704,207,207, 43
705,207,207, 43
706,207,207, 43
707,207,207, 43
708,207,207, 43
709,207,207, 43
710,207,207, 43
711,207,207, 43
712,207,207, 43
713,207,207, 43
714,207,207, 43
715,207,207, 43
716,207,207, 43
717,207,207, 43
718,207,207, 43
719,207,207, 43
720,207,207, 43
721,207,207, 43
722,207,207, 43
723,207,207, 43
724,207,207, 43
725,207,207, 43
726,207,207, 43
727,207,207, 43
728,207,207, 43
729,207,207, 43
730,207,207, 43
731,207,207, 43
732,207,207, 43
733,207,207, 43
734,207,207, 43
735,207,207, 43
736,207,207, 43
737,207,207, 43
738,207,207, 43
739,207,207, 43
740,207,207, 43
741,207,207, 43
742,207,207, 43
743,207,207, 43
744,207,207, 43
745,207,207, 43
746,207,207, 43
747,207,207, 43
748,207,207, 43
749,207,207, 43
750,207,207, 43
751,207,207, 43
752,207,207, 43
753,207,207, 43
754,207,207, 43
755,207,207, 43
756,207,207, 43
757,207,207, 43
758,207,207, 43
759,207,207, 43
760,207,207, 43
761,207,207, 43
762,207,207, 43
763,207,207, 43
764,207,207, 43
765,207,207, 43
766,207,207, 43
767,207,207, 43
768,207,207, 43
769,207,207, 43
770,207,207, 43
771,207,207, 43
772,207,207, 43
773,207,207, 43
774,207,207, 43
775,207,207, 43
776,207,207, 43
777,207,207, 43
778,207,207, 43
779,207,207, 43
780,207,207, 43
781,207,207, 43
782,207,207, 43
783,207,207, 43
784,207,207, 43
785,207,207, 43
786,207,207, 43
787,207,207, 43
788,207,207, 43
789,207,207, 43
790,207,207, 43
791,207,207, 43
792,207,207, 43
793,207,207, 43
794,207,207, 43
795,207,207, 43
796,207,207, 43
797,207,207, 43
798,207,207, 43
799,207,207, 43
800,207,207, 43
801,207,207, 43
802,207,207, 43
803,207,207, 43
804,207,207, 43
805,207,207, 43
806,207,207, 43
807,207,207, 43
808,207,207, 43
809,207,207, 43
810,207,207, 43
811,207,207, 43
812,207,207, 43
813,207,207, 43
814,207,207, 43
815,207,207, 43
816,207,207, 43
817,207,207, 43
818,207,207, 43
819,207,207, 43
820,207,207, 43
821,207,207, 43
822,207,207, 43
823,207,207, 43
824,207,207, 43
825,207,207, 43
826,207,207, 43
827,207,207, 43
828,207,207, 43
829,207,207, 43
830,207,207, 43
831,207,207, 43
832,207,207, 43
833,207,207, 43
834,207,207, 43
835,207,207, 43
836,207,207, 43
837,207,207, 43
838,207,207, 43
839,207,207, 43
840,207,207, 43
841,207,207, 43
842,206,206, 44
843,206,206, 44
844,206,206, 44
845,206,206, 44
846,206,206, 44
847,206,206, 44
848,206,206, 44
849,206,206, 44
850,206,206, 44
851,206,206, 44
852,206,206, 44
853,206,206, 44
854,206,206, 44
855,206,206, 44
856,206,206, 44
857,206,206, 44
858,206,206, 44
859,206,206, 44
860,206,206, 44
861,206,206, 44
862,206,206, 44
863,206,206, 44
864,206,206, 44
865,206,206, 44
866,206,206, 44
867,206,206, 44
868,206,206, 44
869,206,206, 44
870,206,206, 44
871,206,206, 44
872,206,206, 44
873,206,206, 44
874,206,206, 44
875,206,206, 44
876,206,206, 44
877,206,206, 44
878,206,206, 44
879,206,206, 44
880,206,206, 44
881,206,206, 44
882,206,206, 44
883,206,206, 44
884,206,206, 44
885,206,206, 44
886,206,206, 44
887,206,206, 44
888,206,206, 44
889,206,206, 44
890,206,206, 44
891,206,206, 44
892,206,206, 44
893,206,206, 44
894,206,206, 44
895,206,206, 44
896,206,206, 44
897,206,206, 44
898,206,206, 44
899,206,206, 44
900,206,206, 44
901,206,206, 44
902,206,206, 44
903,206,206, 44
904,206,206, 44
905,206,206, 44
906,206,206, 44
907,206,206, 44
908,206,206, 44
909,206,206, 44
910,206,206, 44
911,206,206, 44
912,206,206, 44
913,206,206, 44
914,206,206, 44
915,206,206, 44
916,206,206, 44
917,206,206, 44
918,206,206, 44
919,206,206, 44
920,206,206, 44
921,206,206, 44
922,206,206, 44
923,206,206, 44
924,206,206, 44
925,206,206, 44
926,206,206, 44
927,206,206, 44
928,206,206, 44
929,206,206, 44
930,206,206, 44
931,206,206, 44
932,206,206, 44
933,206,206, 44
934,206,206, 44
935,206,206, 44
936,206,206, 44
937,206,206, 44
938,206,206, 44
939,206,206, 44
940,206,206, 44
941,206,206, 44
942,206,206, 44
943,206,206, 44
944,206,206, 44
945,206,206, 44
946,205,205, 45
947,205,205, 45
948,205,205, 45
949,205,205, 45
950,205,205, 45
951,205,205, 45
952,205,205, 45
953,205,205, 45
954,205,205, 45
955,205,205, 45
956,205,205, 45
957,205,205, 45
958,205,205, 45
959,205,205, 45
960,205,205, 45
961,205,205, 45
962,205,205, 45
963,205,205, 45
964,205,205, 45
965,205,205, 45
966,205,205, 45
967,205,205, 45
968,205,205, 45
969,205,205, 45
970,205,205, 45
971,205,205, 45
972,205,205, 45
973,205,205, 45
974,205,205, 45
975,205,205, 45
976,205,205, 45
977,205,205, 45
978,205,205, 45
979,205,205, 45
980,205,205, 45
981,205,205, 45
982,205,205, 45
983,204,204, 46
984,204,204, 46
985,204,204, 46
986,203,203, 47
987,203,203, 47
988,203,203, 47
989,203,203, 47
990,203,203, 47
991,203,203, 47
992,203,203, 47
993,203,203, 47
994,203,203, 47
995,203,203, 47
996,203,203, 47
997,203,203, 47
998,203,203, 47
999,203,203, 47
1000,203,203, 47
1001,203,203, 47
1002,203,203, 47
1003,201,201, 49
1004,201,201, 49
1005,201,201, 49
1006,201,201, 49
1007,201,201, 49
1008,201,201, 49
1009,201,201, 49
1010,201,201, 49
1011,201,201, 49
1012,201,201, 49
1013,201,201, 49
1014,201,201, 49
1015,201,201, 49
1016,201,201, 49
1017,201,201, 49
1018,201,201, 49
1019,201,201, 49
1020,201,201, 49
1021,201,201, 49
1022,201,201, 49
1023,200,200, 50
1024,200,200, 50
1025,200,200, 50
1026,200,200, 50
1027,200,200, 50
1028,200,200, 50
1029,200,200, 50
1030,200,200, 50
1031,200,200, 50
1032,200,200, 50
1033,200,200, 50
1034,200,200, 50
1035,200,200, 50
1036,200,200, 50
1037,200,200, 50
1038,200,200, 50
1039,200,200, 50
1040,200,200, 50
1041,200,200, 50
1042,200,200, 50
1043,200,200, 50
1044,200,200, 50
1045,200,200, 50
1046,200,200, 50
1047,200,200, 50
1048,200,200, 50
1049,200,200, 50
1050,200,200, 50
1051,200,200, 50
1052,200,200, 50
1053,200,200, 50
1054,200,200, 50
1055,200,200, 50
1056,200,200, 50
1057,200,200, 50
1058,200,200, 50
1059,200,200, 50
1060,200,200, 50
1061,200,200, 50
1062,200,200, 50
1063,200,200, 50
1064,200,200, 50
1065,200,200, 50
1066,200,200, 50
1067,199,199, 51
1068,199,199, 51
1069,199,199, 51
1070,199,199, 51
1071,199,199, 51
1072,199,199, 51
1073,199,199, 51
1074,199,199, 51
1075,199,199, 51
1076,199,199, 51
1077,199,199, 51
1078,199,199, 51
1079,199,199, 51
1080,199,199, 51
1081,199,199, 51
1082,199,199, 51
1083,199,199, 51
1084,199,199, 51
1085,199,199, 51
1086,199,199, 51
1087,199,199, 51
1088,199,199, 51
1089,199,199, 51
1090,199,199, 51
1091,199,199, 51
1092,199,199, 51
1093,198,198, 52
1094,198,198, 52
1095,198,198, 52
1096,198,198, 52
1097,197,197, 53
1098,197,197, 53
1099,197,197, 53
1100,197,197, 53
1101,197,197, 53
1102,197,197, 53
1103,197,197, 53
1104,197,197, 53
1105,197,197, 53
1106,197,197, 53
1107,197,197, 53
1108,197,197, 53
1109,197,197, 53
1110,197,197, 53
1111,197,197, 53
1112,197,197, 53
1113,197,197, 53
1114,197,197, 53
1115,197,197, 53
1116,197,197, 53
1117,197,197, 53
1118,197,197, 53
1119,197,197, 53
1120,197,197, 53
1121,197,197, 53
1122,197,197, 53
1123,197,197, 53
1124,197,197, 53
1125,197,197, 53
1126,197,197, 53
1127,197,197, 53
1128,197,197, 53
1129,197,197, 53
1130,197,197, 53
1131,197,197, 53
1132,197,197, 53
1133,197,197, 53
1134,197,197, 53
1135,197,197, 53
1136,197,197, 53
1137,197,197, 53
1138,197,197, 53
1139,197,197, 53
1140,197,197, 53
1141,197,197, 53
1142,197,197, 53
1143,197,197, 53
1144,197,197, 53
1145,197,197, 53
1146,197,197, 53
1147,197,197, 53
1148,197,197, 53
1149,197,197, 53
1150,197,197, 53
1151,197,197, 53
1152,197,197, 53
1153,197,197, 53
1154,197,197, 53
1155,197,197, 53
1156,197,197, 53
1157,197,197, 53
1158,197,197, 53
1159,197,197, 53
1160,197,197, 53
1161,197,197, 53
1162,197,197, 53
1163,197,197, 53
1164,197,197, 53
1165,197,197, 53
1166,197,197, 53
1167,197,197, 53
1168,197,197, 53
1169,197,197, 53
1170,197,197, 53
1171,197,197, 53
1172,197,197, 53
1173,197,197, 53
1174,197,197, 53
1175,197,197, 53
1176,197,197, 53
1177,197,197, 53
1178,197,197, 53
1179,197,197, 53
1180,197,197, 53
1181,197,197, 53
1182,197,197, 53
1183,197,197, 53
1184,197,197, 53
1185,197,197, 53
1186,197,197, 53
1187,197,197, 53
1188,197,197, 53
1189,197,197, 53
1190,197,197, 53
1191,197,197, 53
1192,197,197, 53
1193,197,197, 53
1194,197,197, 53
1195,197,197, 53
1196,197,197, 53
1197,197,197, 53
1198,197,197, 53
1199,197,197, 53
1200,197,197, 53
1201,197,197, 53
1202,197,197, 53
1203,197,197, 53
1204,197,197, 53
1205,197,197, 53
1206,197,197, 53
1207,197,197, 53
1208,197,197, 53
1209,197,197, 53
1210,197,197, 53
1211,197,197, 53
1212,197,197, 53
1213,197,197, 53
1214,197,197, 53
1215,197,197, 53
1216,197,197, 53
1217,197,197, 53
1218,197,197, 53
1219,197,197, 53
1220,197,197, 53
1221,197,197, 53
1222,197,197, 53
1223,197,197, 53
1224,197,197, 53
1225,197,197, 53
1226,197,197, 53
1227,197,197, 53
1228,197,197, 53
1229,197,197, 53
1230,197,197, 53
1231,197,197, 53
1232,197,197, 53
1233,197,197, 53
1234,197,197, 53
1235,197,197, 53
1236,197,197, 53
1237,197,197, 53
1238,197,197, 53
1239,197,197, 53
1240,197,197, 53
1241,197,197, 53
1242,197,197, 53
1243,197,197, 53
1244,197,197, 53
1245,197,197, 53
1246,197,197, 53
1247,197,197, 53
1248,197,197, 53
1249,197,197, 53
1250,197,197, 53
1251,197,197, 53
1252,197,197, 53
1253,197,197, 53
1254,197,197, 53
1255,197,197, 53
1256,197,197, 53
1257,197,197, 53
1258,197,197, 53
1259,197,197, 53
1260,197,197, 53
1261,197,197, 53
1262,197,197, 53
1263,197,197, 53
1264,197,197, 53
1265,197,197, 53
1266,197,197, 53
1267,197,197, 53
1268,197,197, 53
1269,197,197, 53
1270,197,197, 53
1271,197,197, 53
1272,197,197, 53
1273,197,197, 53
1274,197,197, 53
1275,197,197, 53
1276,197,197, 53
1277,197,197, 53
1278,197,197, 53
1279,197,197, 53
1280,197,197, 53
1281,197,197, 53
1282,197,197, 53
1283,197,197, 53
1284,197,197, 53
1285,197,197, 53
1286,197,197, 53
1287,197,197, 53
1288,197,197, 53
1289,197,197, 53
1290,197,197, 53
1291,197,197, 53
1292,197,197, 53
1293,197,197, 53
1294,197,197, 53
1295,197,197, 53
1296,197,197, 53
1297,197,197, 53
1298,197,197, 53
1299,197,197, 53
1300,197,197, 53
1301,197,197, 53
1302,197,197, 53
1303,197,197, 53
1304,197,197, 53
1305,197,197, 53
1306,197,197, 53
1307,197,197, 53
1308,197,197, 53
1309,197,197, 53
1310,197,197, 53
1311,197,197, 53
1312,197,197, 53
1313,197,197, 53
1314,197,197, 53
1315,197,197, 53
1316,197,197, 53
1317,197,197, 53
1318,197,197, 53
1319,197,197, 53
1320,197,197, 53
1321,197,197, 53
1322,197,197, 53
1323,197,197, 53
1324,197,197, 53
1325,197,197, 53
1326,197,197, 53
1327,197,197, 53
1328,197,197, 53
1329,197,197, 53
1330,197,197, 53
1331,197,197, 53
1332,197,197, 53
1333,197,197, 53
1334,197,197, 53
1335,197,197, 53
1336,197,197, 53
1337,197,197, 53
1338,197,197, 53
1339,197,197, 53
1340,197,197, 53
1341,197,197, 53
1342,197,197, 53
1343,197,197, 53
1344,197,197, 53
1345,197,197, 53
1346,197,197, 53
1347,197,197, 53
1348,197,197, 53
1349,197,197, 53
1350,197,197, 53
1351,197,197, 53
1352,197,197, 53
1353,197,197, 53
1354,197,197, 53
1355,197,197, 53
1356,197,197, 53
1357,197,197, 53
1358,197,197, 53
1359,197,197, 53
1360,197,197, 53
1361,197,197, 53
1362,197,197, 53
1363,197,197, 53
1364,197,197, 53
1365,197,197, 53
1366,197,197, 53
1367,197,197, 53
1368,197,197, 53
1369,197,197, 53
1370,197,197, 53
1371,197,197, 53
1372,197,197, 53
1373,197,197, 53
1374,197,197, 53
1375,197,197, 53
1376,197,197, 53
1377,197,197, 53
1378,197,197, 53
1379,197,197, 53
1380,197,197, 53
1381,197,197, 53
1382,197,197, 53
1383,197,197, 53
1384,197,197, 53
1385,197,197, 53
1386,197,197, 53
1387,197,197, 53
1388,197,197, 53
1389,197,197, 53
1390,197,197, 53
1391,197,197, 53
1392,197,197, 53
1393,197,197, 53
1394,197,197, 53
1395,197,197, 53
1396,197,197, 53
1397,197,197, 53
1398,197,197, 53
1399,197,197, 53
1400,197,197, 53
1401,197,197, 53
1402,197,197, 53
1403,197,197, 53
1404,197,197, 53
1405,197,197, 53
1406,197,197, 53
1407,197,197, 53
1408,197,197, 53
1409,197,197, 53
1410,197,197, 53
1411,197,197, 53
1412,197,197, 53
1413,197,197, 53
1414,197,197, 53
1415,197,197, 53
1416,197,197, 53
1417,197,197, 53
1418,197,197, 53
1419,197,197, 53
1420,197,197, 53
1421,196,196, 54
1422,196,196, 54
1423,196,196, 54
1424,196,196, 54
1425,196,196, 54
1426,196,196, 54
1427,196,196, 54
1428,196,196, 54
1429,196,196, 54
1430,196,196, 54
1431,196,196, 54
1432,196,196, 54
1433,196,196, 54
1434,196,196, 54
1435,196,196, 54
1436,196,196, 54
1437,196,196, 54
1438,196,196, 54
1439,196,196, 54
1440,195,195, 55
1441,195,195, 55
1442,195,195, 55
1443,195,195, 55
1444,195,195, 55
1445,195,195, 55
1446,195,195, 55
1447,195,195, 55
1448,195,195, 55
1449,195,195, 55
1450,195,195, 55
1451,195,195, 55
1452,195,195, 55
1453,195,195, 55
1454,195,195, 55
1455,195,195, 55
1456,195,195, 55
1457,195,195, 55
1458,195,195, 55
1459,195,195, 55
1460,195,195, 55
1461,195,195, 55
1462,195,195, 55
1463,195,195, 55
1464,195,195, 55
1465,195,195, 55
1466,194,194, 56
1467,194,194, 56
1468,193,193, 57
1469,193,193, 57
1470,193,193, 57
1471,193,193, 57
1472,193,193, 57
1473,193,193, 57
1474,193,193, 57
1475,193,193, 57
1476,193,193, 57
1477,193,193, 57
1478,193,193, 57
1479,193,193, 57
1480,193,193, 57
1481,193,193, 57
1482,193,193, 57
1483,193,193, 57
1484,193,193, 57
1485,193,193, 57
1486,193,193, 57
1487,193,193, 57
1488,193,193, 57
1489,193,193, 57
1490,193,193, 57
1491,193,193, 57
1492,193,193, 57
1493,193,193, 57
1494,193,193, 57
1495,193,193, 57
1496,193,193, 57
1497,193,193, 57
1498,193,193, 57
1499,193,193, 57
