0,250,250, 0
1,250,250, 0
2,250,250, 0
3,250,250, 0
4,250,250, 0
5,250,250, 0
6,250,250, 0
7,250,250, 0
8,250,250, 0
9,250,250, 0
10,250,250, 0
11,250,250, 0
12,250,250, 0
13,250,250, 0
14,250,250, 0
15,250,250, 0
16,250,250, 0
17,250,250, 0
18,250,250, 0
19,250,250, 0
20,250,250, 0
21,250,250, 0
22,250,250, 0
23,250,250, 0
24,249,249, 1
25,249,249, 1
26,249,249, 1
27,249,249, 1
28,249,249, 1
29,249,249, 1
30,249,249, 1
31,249,249, 1
32,249,249, 1
33,249,249, 1
34,249,249, 1
35,249,249, 1
36,249,249, 1
37,249,249, 1
38,249,249, 1
39,249,249, 1
40,249,249, 1
41,249,249, 1
42,249,249, 1
43,247,247, 3
44,247,247, 3
45,247,247, 3
46,247,247, 3
47,247,247, 3
48,247,247, 3
49,247,247, 3
50,247,247, 3
51,246,246, 4
52,245,245, 5
53,245,245, 5
54,245,245, 5
55,245,245, 5
56,245,245, 5
57,245,245, 5
58,245,245, 5
59,244,244, 6
60,244,244, 6
61,244,244, 6
62,244,244, 6
63,244,244, 6
64,244,244, 6
65,244,244, 6
66,244,244, 6
67,244,244, 6
68,244,244, 6
69,244,244, 6
70,244,244, 6
71,244,244, 6
72,244,244, 6
73,244,244, 6
74,244,244, 6
75,244,244, 6
76,243,243, 7
77,243,243, 7
78,243,243, 7
79,243,243, 7
80,243,243, 7
81,243,243, 7
82,243,243, 7
83,243,243, 7
84,243,243, 7
85,243,243, 7
86,243,243, 7
87,243,243, 7
88,243,243, 7
89,243,243, 7
90,243,243, 7
91,243,243, 7
92,243,243, 7
93,243,243, 7
94,243,243, 7
95,243,243, 7
96,243,243, 7
97,243,243, 7
98,243,243, 7
99,243,243, 7
100,243,243, 7
101,243,243, 7
102,243,243, 7
103,243,243, 7
104,243,243, 7
105,243,243, 7
106,243,243, 7
107,243,243, 7
108,243,243, 7
109,243,243, 7
110,243,243, 7
111,243,243, 7
112,243,243, 7
113,243,243, 7
114,242,242, 8
115,242,242, 8
116,242,242, 8
117,242,242, 8
118,242,242, 8
119,242,242, 8
120,242,242, 8
121,242,242, 8
122,242,242, 8
123,242,242, 8
124,242,242, 8
125,242,242, 8
126,242,242, 8
127,242,242, 8
128,242,242, 8
129,242,242, 8
130,242,242, 8
131,242,242, 8
132,242,242, 8
133,242,242, 8
134,242,242, 8
135,242,242, 8
136,242,242, 8
137,242,242, 8
138,242,242, 8
139,242,242, 8
140,242,242, 8
141,242,242, 8
142,242,242, 8
143,242,242, 8
144,242,242, 8
145,241,241, 9
146,241,241, 9
147,241,241, 9
148,241,241, 9
149,241,241, 9
150,241,241, 9
151,241,241, 9
152,241,241, 9
153,241,241, 9
154,241,241, 9
155,241,241, 9
156,241,241, 9
157,241,241, 9
158,241,241, 9
159,241,241, 9
160,241,241, 9
161,241,241, 9
162,241,241, 9
163,241,241, 9
164,241,241, 9
165,241,241, 9
166,241,241, 9
167,241,241, 9
168,241,241, 9
169,241,241, 9
170,241,241, 9
171,241,241, 9
172,241,241, 9
173,241,241, 9
174,241,241, 9
175,241,241, 9
176,241,241, 9
177,241,241, 9
178,241,241, 9
179,241,241, 9
180,241,241, 9
181,241,241, 9
182,241,241, 9
183,241,241, 9
184,241,241, 9
185,241,241, 9
186,241,241, 9
187,241,241, 9
188,241,241, 9
189,241,241, 9
190,241,241, 9
191,241,241, 9
192,241,241, 9
193,241,241, 9
194,241,241, 9
195,241,241, 9
196,241,241, 9
197,241,241, 9
198,241,241, 9
199,241,241, 9
200,241,241, 9
201,241,241, 9
202,241,241, 9
203,241,241, 9
204,241,241, 9
205,241,241, 9
206,241,241, 9
207,241,241, 9
208,241,241, 9
209,241,241, 9
210,241,241, 9
211,241,241, 9
212,241,241, 9
213,241,241, 9
214,241,241, 9
215,240,240, 10
216,240,240, 10
217,240,240, 10
218,240,240, 10
219,239,239, 11
220,239,239, 11
221,239,239, 11
222,239,239, 11
223,239,239, 11
224,239,239, 11
225,239,239, 11
226,239,239, 11
227,239,239, 11
228,239,239, 11
229,238,238, 12
230,238,238, 12
231,238,238, 12
232,238,238, 12
233,238,238, 12
234,238,238, 12
235,238,238, 12
236,238,238, 12
237,238,238, 12
238,238,238, 12
239,238,238, 12
240,238,238, 12
241,238,238, 12
242,238,238, 12
243,238,238, 12
244,238,238, 12
245,238,238, 12
246,238,238, 12
247,238,238, 12
248,238,238, 12
249,238,238, 12
250,238,238, 12
251,238,238, 12
252,238,238, 12
253,238,238, 12
254,238,238, 12
255,238,238, 12
256,238,238, 12
257,238,238, 12
258,238,238, 12
259,238,238, 12
260,238,238, 12
261,238,238, 12
262,238,238, 12
263,238,238, 12
264,238,238, 12
265,238,238, 12
266,238,238, 12
267,238,238, 12
268,238,238, 12
269,238,238, 12
270,238,238, 12
271,238,238, 12
272,238,238, 12
273,238,238, 12
274,238,238, 12
275,238,238, 12
276,238,238, 12
277,238,238, 12
278,238,238, 12
279,238,238, 12
280,238,238, 12
281,238,238, 12
282,238,238, 12
283,238,238, 12
284,238,238, 12
285,238,238, 12
286,238,238, 12
287,238,238, 12
288,238,238, 12
289,238,238, 12
290,238,238, 12
291,238,238, 12
292,238,238, 12
293,238,238, 12
294,238,238, 12
295,238,238, 12
296,238,238, 12
297,238,238, 12
298,238,238, 12
299,238,238, 12
300,238,238, 12
301,238,238, 12
302,238,238, 12
303,238,238, 12
304,238,238, 12
305,238,238, 12
306,238,238, 12
307,238,238, 12
308,238,238, 12
309,238,238, 12
310,238,238, 12
311,238,238, 12
312,238,238, 12
313,237,237, 13
314,237,237, 13
315,237,237, 13
316,237,237, 13
317,237,237, 13
318,237,237, 13
319,236,236, 14
320,236,236, 14
321,236,236, 14
322,236,236, 14
323,236,236, 14
324,236,236, 14
325,236,236, 14
326,236,236, 14
327,236,236, 14
328,236,236, 14
329,236,236, 14
330,236,236, 14
331,236,236, 14
332,235,235, 15
333,235,235, 15
334,235,235, 15
335,235,235, 15
336,235,235, 15
337,235,235, 15
338,235,235, 15
339,235,235, 15
340,235,235, 15
341,235,235, 15
342,235,235, 15
343,235,235, 15
344,235,235, 15
345,235,235, 15
346,235,235, 15
347,235,235, 15
348,235,235, 15
349,235,235, 15
350,235,235, 15
351,235,235, 15
352,235,235, 15
353,235,235, 15
354,235,235, 15
355,235,235, 15
356,235,235, 15
357,235,235, 15
358,235,235, 15
359,235,235, 15
360,235,235, 15
361,235,235, 15
362,235,235, 15
363,235,235, 15
364,235,235, 15
365,235,235, 15
366,235,235, 15
367,235,235, 15
368,235,235, 15
369,235,235, 15
370,235,235, 15
371,235,235, 15
372,235,235, 15
373,235,235, 15
374,235,235, 15
375,235,235, 15
376,235,235, 15
377,235,235, 15
378,235,235, 15
379,235,235, 15
380,235,235, 15
381,235,235, 15
382,235,235, 15
383,235,235, 15
384,235,235, 15
385,234,234, 16
386,234,234, 16
387,234,234, 16
388,234,234, 16
389,234,234, 16
390,234,234, 16
391,234,234, 16
392,234,234, 16
393,234,234, 16
394,234,234, 16
395,234,234, 16
396,234,234, 16
397,234,234, 16
398,234,234, 16
399,234,234, 16
400,234,234, 16
401,234,234, 16
402,234,234, 16
403,234,234, 16
404,234,234, 16
405,234,234, 16
406,234,234, 16
407,234,234, 16
408,234,234, 16
409,234,234, 16
410,234,234, 16
411,234,234, 16
412,234,234, 16
413,234,234, 16
414,234,234, 16
415,234,234, 16
416,234,234, 16
417,234,234, 16
418,234,234, 16
419,234,234, 16
420,234,234, 16
421,234,234, 16
422,234,234, 16
423,234,234, 16
424,234,234, 16
425,234,234, 16
426,233,233, 17
427,233,233, 17
428,233,233, 17
429,233,233, 17
430,233,233, 17
431,233,233, 17
432,233,233, 17
433,233,233, 17
434,233,233, 17
435,233,233, 17
436,233,233, 17
437,233,233, 17
438,233,233, 17
439,233,233, 17
440,233,233, 17
441,233,233, 17
442,233,233, 17
443,233,233, 17
444,233,233, 17
445,233,233, 17
446,233,233, 17
447,233,233, 17
448,233,233, 17
449,233,233, 17
450,233,233, 17
451,233,233, 17
452,233,233, 17
453,233,233, 17
454,233,233, 17
455,233,233, 17
456,233,233, 17
457,233,233, 17
458,233,233, 17
459,233,233, 17
460,233,233, 17
461,233,233, 17
462,233,233, 17
463,233,233, 17
464,233,233, 17
465,233,233, 17
466,233,233, 17
467,233,233, 17
468,233,233, 17
469,233,233, 17
470,233,233, 17
471,233,233, 17
472,233,233, 17
473,233,233, 17
474,233,233, 17
475,233,233, 17
476,233,233, 17
477,233,233, 17
478,233,233, 17
479,233,233, 17
480,233,233, 17
481,233,233, 17
482,233,233, 17
483,233,233, 17
484,233,233, 17
485,233,233, 17
486,233,233, 17
487,233,233, 17
488,233,233, 17
489,233,233, 17
490,233,233, 17
491,233,233, 17
492,233,233, 17
493,233,233, 17
494,233,233, 17
495,233,233, 17
496,233,233, 17
497,233,233, 17
498,233,233, 17
499,233,233, 17
500,233,233, 17
501,233,233, 17
502,233,233, 17
503,233,233, 17
504,233,233, 17
505,233,233, 17
506,233,233, 17
507,233,233, 17
508,233,233, 17
509,233,233, 17
510,233,233, 17
511,233,233, 17
512,233,233, 17
513,233,233, 17
514,233,233, 17
515,233,233, 17
516,233,233, 17
517,233,233, 17
518,233,233, 17
519,233,233, 17
520,233,233, 17
521,233,233, 17
522,233,233, 17
523,233,233, 17
524,233,233, 17
525,233,233, 17
526,233,233, 17
527,233,233, 17
528,233,233, 17
529,233,233, 17
530,233,233, 17
531,233,233, 17
532,233,233, 17
533,233,233, 17
534,233,233, 17
535,233,233, 17
536,233,233, 17
537,233,233, 17
538,233,233, 17
539,233,233, 17
540,233,233, 17
541,233,233, 17
542,233,233, 17
543,233,233, 17
544,233,233, 17
545,233,233, 17
546,233,233, 17
547,233,233, 17
548,233,233, 17
549,233,233, 17
550,233,233, 17
551,233,233, 17
552,233,233, 17
553,233,233, 17
554,233,233, 17
555,233,233, 17
556,233,233, 17
557,233,233, 17
558,233,233, 17
559,233,233, 17
560,233,233, 17
561,233,233, 17
562,233,233, 17
563,233,233, 17
564,233,233, 17
565,233,233, 17
566,233,233, 17
567,233,233, 17
568,233,233, 17
569,233,233, 17
570,233,233, 17
571,233,233, 17
572,233,233, 17
573,233,233, 17
574,233,233, 17
575,233,233, 17
576,233,233, 17
577,233,233, 17
578,233,233, 17
579,233,233, 17
580,233,233, 17
581,233,233, 17
582,233,233, 17
583,233,233, 17
584,233,233, 17
585,233,233, 17
586,233,233, 17
587,233,233, 17
588,233,233, 17
589,233,233, 17
590,233,233, 17
591,233,233, 17
592,233,233, 17
593,233,233, 17
594,233,233, 17
595,233,233, 17
596,233,233, 17
597,233,233, 17
598,233,233, 17
599,233,233, 17
600,233,233, 17
601,233,233, 17
602,233,233, 17
603,233,233, 17
604,233,233, 17
605,233,233, 17
606,233,233, 17
607,233,233, 17
608,233,233, 17
609,233,233, 17
610,233,233, 17
611,233,233, 17
612,233,233, 17
613,233,233, 17
614,233,233, 17
615,233,233, 17
616,233,233, 17
617,233,233, 17
618,233,233, 17
619,233,233, 17
620,233,233, 17
621,233,233, 17
622,233,233, 17
623,233,233, 17
624,233,233, 17
625,233,233, 17
626,233,233, 17
627,233,233, 17
628,233,233, 17
629,233,233, 17
630,233,233, 17
631,233,233, 17
632,233,233, 17
633,233,233, 17
634,233,233, 17
635,233,233, 17
636,233,233, 17
637,233,233, 17
638,233,233, 17
639,233,233, 17
640,233,233, 17
641,233,233, 17
642,233,233, 17
643,233,233, 17
644,233,233, 17
645,233,233, 17
646,233,233, 17
647,233,233, 17
648,233,233, 17
649,232,232, 18
650,232,232, 18
651,232,232, 18
652,232,232, 18
653,232,232, 18
654,232,232, 18
655,232,232, 18
656,232,232, 18
657,232,232, 18
658,232,232, 18
659,232,232, 18
660,232,232, 18
661,232,232, 18
662,232,232, 18
663,232,232, 18
664,232,232, 18
665,232,232, 18
666,232,232, 18
667,232,232, 18
668,232,232, 18
669,232,232, 18
670,232,232, 18
671,232,232, 18
672,232,232, 18
673,232,232, 18
674,232,232, 18
675,232,232, 18
676,232,232, 18
677,232,232, 18
678,232,232, 18
679,232,232, 18
680,232,232, 18
681,232,232, 18
682,232,232, 18
683,232,232, 18
684,232,232, 18
685,232,232, 18
686,232,232, 18
687,232,232, 18
688,232,232, 18
689,232,232, 18
690,232,232, 18
691,232,232, 18
692,232,232, 18
693,232,232, 18
694,232,232, 18
695,232,232, 18
696,232,232, 18
697,232,232, 18
698,232,232, 18
699,232,232, 18
700,232,232, 18
701,232,232, 18
702,232,232, 18
703,232,232, 18
704,232,232, 18
705,232,232, 18
706,232,232, 18
707,232,232, 18
708,232,232, 18
709,232,232, 18
710,232,232, 18
711,232,232, 18
712,232,232, 18
713,232,232, 18
714,232,232, 18
715,232,232, 18
716,232,232, 18
717,232,232, 18
718,232,232, 18
719,232,232, 18
720,232,232, 18
721,232,232, 18
722,232,232, 18
723,232,232, 18
724,232,232, 18
725,232,232, 18
726,232,232, 18
727,232,232, 18
728,232,232, 18
729,232,232, 18
730,232,232, 18
731,232,232, 18
732,232,232, 18
733,232,232, 18
734,232,232, 18
735,232,232, 18
736,232,232, 18
737,232,232, 18
738,232,232, 18
739,232,232, 18
740,232,232, 18
741,232,232, 18
742,232,232, 18
743,232,232, 18
744,232,232, 18
745,232,232, 18
746,232,232, 18
747,232,232, 18
748,232,232, 18
749,232,232, 18
750,232,232, 18
751,232,232, 18
752,232,232, 18
753,232,232, 18
754,232,232, 18
755,232,232, 18
756,232,232, 18
757,232,232, 18
758,232,232, 18
759,232,232, 18
760,232,232, 18
761,232,232, 18
762,233,233, 17
763,233,233, 17
764,233,233, 17
765,233,233, 17
766,233,233, 17
767,233,233, 17
768,233,233, 17
769,233,233, 17
770,233,233, 17
771,233,233, 17
772,233,233, 17
773,232,232, 18
774,232,232, 18
775,232,232, 18
776,232,232, 18
777,232,232, 18
778,232,232, 18
779,232,232, 18
780,232,232, 18
781,232,232, 18
782,232,232, 18
783,232,232, 18
784,232,232, 18
785,232,232, 18
786,232,232, 18
787,232,232, 18
788,232,232, 18
789,232,232, 18
790,232,232, 18
791,232,232, 18
792,232,232, 18
793,232,232, 18
794,232,232, 18
795,232,232, 18
796,232,232, 18
797,232,232, 18
798,232,232, 18
799,232,232, 18
800,232,232, 18
801,232,232, 18
802,232,232, 18
803,232,232, 18
804,232,232, 18
805,232,232, 18
806,232,232, 18
807,232,232, 18
808,232,232, 18
809,232,232, 18
810,232,232, 18
811,232,232, 18
812,232,232, 18
813,232,232, 18
814,232,232, 18
815,232,232, 18
816,232,232, 18
817,232,232, 18
818,232,232, 18
819,232,232, 18
820,232,232, 18
821,232,232, 18
822,232,232, 18
823,232,232, 18
824,232,232, 18
825,232,232, 18
826,232,232, 18
827,232,232, 18
828,232,232, 18
829,232,232, 18
830,232,232, 18
831,232,232, 18
832,232,232, 18
833,232,232, 18
834,232,232, 18
835,232,232, 18
836,232,232, 18
837,232,232, 18
838,232,232, 18
839,232,232, 18
840,232,232, 18
841,232,232, 18
842,232,232, 18
843,232,232, 18
844,232,232, 18
845,232,232, 18
846,232,232, 18
847,232,232, 18
848,232,232, 18
849,232,232, 18
850,232,232, 18
851,232,232, 18
852,232,232, 18
853,232,232, 18
854,232,232, 18
855,232,232, 18
856,232,232, 18
857,232,232, 18
858,232,232, 18
859,232,232, 18
860,232,232, 18
861,232,232, 18
862,232,232, 18
863,232,232, 18
864,232,232, 18
865,232,232, 18
866,232,232, 18
867,232,232, 18
868,232,232, 18
869,232,232, 18
870,232,232, 18
871,232,232, 18
872,232,232, 18
873,232,232, 18
874,232,232, 18
875,232,232, 18
876,232,232, 18
877,232,232, 18
878,232,232, 18
879,232,232, 18
880,232,232, 18
881,232,232, 18
882,232,232, 18
883,232,232, 18
884,232,232, 18
885,232,232, 18
886,232,232, 18
887,232,232, 18
888,232,232, 18
889,232,232, 18
890,232,232, 18
891,232,232, 18
892,232,232, 18
893,232,232, 18
894,232,232, 18
895,232,232, 18
896,232,232, 18
897,232,232, 18
898,232,232, 18
899,232,232, 18
900,232,232, 18
901,232,232, 18
902,232,232, 18
903,232,232, 18
904,232,232, 18
905,232,232, 18
906,232,232, 18
907,232,232, 18
908,232,232, 18
909,232,232, 18
910,232,232, 18
911,232,232, 18
912,232,232, 18
913,232,232, 18
914,232,232, 18
915,232,232, 18
916,232,232, 18
917,232,232, 18
918,232,232, 18
919,232,232, 18
920,232,232, 18
921,232,232, 18
922,232,232, 18
923,232,232, 18
924,232,232, 18
925,232,232, 18
926,232,232, 18
927,232,232, 18
928,232,232, 18
929,232,232, 18
930,232,232, 18
931,232,232, 18
932,232,232, 18
933,232,232, 18
934,232,232, 18
935,232,232, 18
936,232,232, 18
937,232,232, 18
938,232,232, 18
939,232,232, 18
940,232,232, 18
941,232,232, 18
942,232,232, 18
943,232,232, 18
944,232,232, 18
945,232,232, 18
946,232,232, 18
947,232,232, 18
948,232,232, 18
949,232,232, 18
950,232,232, 18
951,232,232, 18
952,232,232, 18
953,232,232, 18
954,232,232, 18
955,232,232, 18
956,232,232, 18
957,232,232, 18
958,231,231, 19
959,231,231, 19
960,231,231, 19
961,231,231, 19
962,231,231, 19
963,231,231, 19
964,231,231, 19
965,231,231, 19
966,231,231, 19
967,231,231, 19
968,231,231, 19
969,231,231, 19
970,231,231, 19
971,231,231, 19
972,231,231, 19
973,231,231, 19
974,231,231, 19
975,231,231, 19
976,231,231, 19
977,231,231, 19
978,231,231, 19
979,231,231, 19
980,231,231, 19
981,231,231, 19
982,231,231, 19
983,231,231, 19
984,231,231, 19
985,231,231, 19
986,231,231, 19
987,231,231, 19
988,231,231, 19
989,231,231, 19
990,231,231, 19
991,231,231, 19
992,231,231, 19
993,231,231, 19
994,231,231, 19
995,231,231, 19
996,231,231, 19
997,231,231, 19
998,231,231, 19
999,231,231, 19
1000,231,231, 19
1001,231,231, 19
1002,231,231, 19
1003,231,231, 19
1004,231,231, 19
1005,231,231, 19
1006,231,231, 19
1007,231,231, 19
1008,231,231, 19
1009,231,231, 19
1010,231,231, 19
1011,231,231, 19
1012,231,231, 19
1013,231,231, 19
1014,231,231, 19
1015,231,231, 19
1016,231,231, 19
1017,231,231, 19
1018,231,231, 19
1019,231,231, 19
1020,231,231, 19
1021,231,231, 19
1022,231,231, 19
1023,231,231, 19
1024,231,231, 19
1025,231,231, 19
1026,231,231, 19
1027,231,231, 19
1028,231,231, 19
1029,231,231, 19
1030,231,231, 19
1031,231,231, 19
1032,231,231, 19
1033,231,231, 19
1034,231,231, 19
1035,231,231, 19
1036,231,231, 19
1037,231,231, 19
1038,231,231, 19
1039,231,231, 19
1040,231,231, 19
1041,231,231, 19
1042,231,231, 19
1043,231,231, 19
1044,231,231, 19
1045,231,231, 19
1046,231,231, 19
1047,231,231, 19
1048,231,231, 19
1049,231,231, 19
1050,231,231, 19
1051,231,231, 19
1052,231,231, 19
1053,231,231, 19
1054,231,231, 19
1055,231,231, 19
1056,231,231, 19
1057,231,231, 19
1058,231,231, 19
1059,231,231, 19
1060,231,231, 19
1061,231,231, 19
1062,231,231, 19
1063,231,231, 19
1064,231,231, 19
1065,231,231, 19
1066,231,231, 19
1067,231,231, 19
1068,231,231, 19
1069,231,231, 19
1070,231,231, 19
1071,231,231, 19
1072,231,231, 19
1073,231,231, 19
1074,231,231, 19
1075,231,231, 19
1076,231,231, 19
1077,231,231, 19
1078,231,231, 19
1079,231,231, 19
1080,231,231, 19
1081,231,231, 19
1082,231,231, 19
1083,231,231, 19
1084,231,231, 19
1085,231,231, 19
1086,231,231, 19
1087,231,231, 19
1088,231,231, 19
1089,231,231, 19
1090,231,231, 19
1091,231,231, 19
1092,231,231, 19
1093,231,231, 19
1094,231,231, 19
1095,231,231, 19
1096,231,231, 19
1097,231,231, 19
1098,231,231, 19
1099,231,231, 19
1100,231,231, 19
1101,231,231, 19
1102,231,231, 19
1103,231,231, 19
1104,231,231, 19
1105,231,231, 19
1106,231,231, 19
1107,231,231, 19
1108,231,231, 19
1109,231,231, 19
1110,231,231, 19
1111,231,231, 19
1112,231,231, 19
1113,231,231, 19
1114,231,231, 19
1115,231,231, 19
1116,231,231, 19
1117,231,231, 19
1118,231,231, 19
1119,231,231, 19
1120,231,231, 19
1121,231,231, 19
1122,231,231, 19
1123,231,231, 19
1124,231,231, 19
1125,231,231, 19
1126,231,231, 19
1127,231,231, 19
1128,231,231, 19
1129,231,231, 19
1130,231,231, 19
1131,231,231, 19
1132,231,231, 19
1133,231,231, 19
1134,231,231, 19
1135,231,231, 19
1136,231,231, 19
1137,231,231, 19
1138,231,231, 19
1139,231,231, 19
1140,231,231, 19
1141,231,231, 19
1142,231,231, 19
1143,231,231, 19
1144,231,231, 19
1145,231,231, 19
1146,231,231, 19
1147,231,231, 19
1148,231,231, 19
1149,231,231, 19
1150,231,231, 19
1151,231,231, 19
1152,231,231, 19
1153,231,231, 19
1154,231,231, 19
1155,231,231, 19
1156,231,231, 19
1157,231,231, 19
1158,231,231, 19
1159,231,231, 19
1160,231,231, 19
1161,231,231, 19
1162,231,231, 19
1163,231,231, 19
1164,231,231, 19
1165,231,231, 19
1166,231,231, 19
1167,231,231, 19
1168,230,230, 20
1169,230,230, 20
1170,230,230, 20
1171,230,230, 20
1172,230,230, 20
1173,230,230, 20
1174,230,230, 20
1175,230,230, 20
1176,230,230, 20
1177,230,230, 20
1178,230,230, 20
1179,230,230, 20
1180,230,230, 20
1181,230,230, 20
1182,230,230, 20
1183,230,230, 20
1184,230,230, 20
1185,230,230, 20
1186,230,230, 20
1187,230,230, 20
1188,230,230, 20
1189,230,230, 20
1190,230,230, 20
1191,230,230, 20
1192,230,230, 20
1193,230,230, 20
1194,230,230, 20
1195,230,230, 20
1196,230,230, 20
1197,230,230, 20
1198,230,230, 20
1199,230,230, 20
1200,230,230, 20
1201,230,230, 20
1202,230,230, 20
1203,230,230, 20
1204,230,230, 20
1205,230,230, 20
1206,230,230, 20
1207,230,230, 20
1208,230,230, 20
1209,230,230, 20
1210,230,230, 20
1211,230,230, 20
1212,230,230, 20
1213,230,230, 20
1214,230,230, 20
1215,230,230, 20
1216,230,230, 20
1217,230,230, 20
1218,230,230, 20
1219,230,230, 20
1220,230,230, 20
1221,230,230, 20
1222,230,230, 20
1223,230,230, 20
1224,230,230, 20
1225,230,230, 20
1226,230,230, 20
1227,230,230, 20
1228,230,230, 20
1229,230,230, 20
1230,230,230, 20
1231,230,230, 20
1232,230,230, 20
1233,230,230, 20
1234,230,230, 20
1235,230,230, 20
1236,230,230, 20
1237,230,230, 20
1238,230,230, 20
1239,230,230, 20
1240,230,230, 20
1241,230,230, 20
1242,230,230, 20
1243,230,230, 20
1244,230,230, 20
1245,230,230, 20
1246,230,230, 20
1247,230,230, 20
1248,230,230, 20
1249,230,230, 20
1250,230,230, 20
1251,230,230, 20
1252,230,230, 20
1253,230,230, 20
1254,230,230, 20
1255,230,230, 20
1256,230,230, 20
1257,230,230, 20
1258,230,230, 20
1259,230,230, 20
1260,230,230, 20
1261,230,230, 20
1262,230,230, 20
1263,230,230, 20
1264,230,230, 20
1265,230,230, 20
1266,230,230, 20
1267,230,230, 20
1268,230,230, 20
1269,230,230, 20
1270,230,230, 20
1271,230,230, 20
1272,230,230, 20
1273,230,230, 20
1274,230,230, 20
1275,230,230, 20
1276,229,229, 21
1277,229,229, 21
1278,229,229, 21
1279,229,229, 21
1280,229,229, 21
1281,229,229, 21
1282,229,229, 21
1283,229,229, 21
1284,229,229, 21
1285,229,229, 21
1286,229,229, 21
1287,229,229, 21
1288,229,229, 21
1289,229,229, 21
1290,229,229, 21
1291,229,229, 21
1292,229,229, 21
1293,229,229, 21
1294,229,229, 21
1295,229,229, 21
1296,229,229, 21
1297,229,229, 21
1298,229,229, 21
1299,229,229, 21
1300,229,229, 21
1301,229,229, 21
1302,229,229, 21
1303,229,229, 21
1304,229,229, 21
1305,229,229, 21
1306,229,229, 21
1307,229,229, 21
1308,229,229, 21
1309,229,229, 21
1310,229,229, 21
1311,229,229, 21
1312,229,229, 21
1313,229,229, 21
1314,229,229, 21
1315,229,229, 21
1316,229,229, 21
1317,229,229, 21
1318,229,229, 21
1319,229,229, 21
1320,229,229, 21
1321,229,229, 21
1322,229,229, 21
1323,229,229, 21
1324,229,229, 21
1325,229,229, 21
1326,229,229, 21
1327,229,229, 21
1328,229,229, 21
1329,229,229, 21
1330,229,229, 21
1331,229,229, 21
1332,229,229, 21
1333,229,229, 21
1334,229,229, 21
1335,229,229, 21
1336,229,229, 21
1337,229,229, 21
1338,229,229, 21
1339,229,229, 21
1340,229,229, 21
1341,229,229, 21
1342,229,229, 21
1343,229,229, 21
1344,229,229, 21
1345,229,229, 21
1346,230,230, 20
1347,230,230, 20
1348,230,230, 20
1349,230,230, 20
1350,230,230, 20
1351,230,230, 20
1352,230,230, 20
1353,230,230, 20
1354,230,230, 20
1355,229,229, 21
1356,229,229, 21
1357,229,229, 21
1358,229,229, 21
1359,229,229, 21
1360,229,229, 21
1361,229,229, 21
1362,229,229, 21
1363,229,229, 21
1364,229,229, 21
1365,229,229, 21
1366,229,229, 21
1367,229,229, 21
1368,229,229, 21
1369,229,229, 21
1370,229,229, 21
1371,229,229, 21
1372,229,229, 21
1373,229,229, 21
1374,229,229, 21
1375,229,229, 21
1376,229,229, 21
1377,229,229, 21
1378,229,229, 21
1379,229,229, 21
1380,229,229, 21
1381,229,229, 21
1382,229,229, 21
1383,229,229, 21
1384,229,229, 21
1385,229,229, 21
1386,229,229, 21
1387,229,229, 21
1388,229,229, 21
1389,229,229, 21
1390,229,229, 21
1391,229,229, 21
1392,229,229, 21
1393,229,229, 21
1394,229,229, 21
1395,229,229, 21
1396,229,229, 21
1397,229,229, 21
1398,229,229, 21
1399,229,229, 21
1400,229,229, 21
1401,229,229, 21
1402,229,229, 21
1403,229,229, 21
1404,229,229, 21
1405,229,229, 21
1406,229,229, 21
1407,229,229, 21
1408,229,229, 21
1409,229,229, 21
1410,229,229, 21
1411,229,229, 21
1412,229,229, 21
1413,229,229, 21
1414,229,229, 21
1415,229,229, 21
1416,229,229, 21
1417,229,229, 21
1418,229,229, 21
1419,229,229, 21
1420,229,229, 21
1421,229,229, 21
1422,229,229, 21
1423,229,229, 21
1424,229,229, 21
1425,229,229, 21
1426,229,229, 21
1427,229,229, 21
1428,229,229, 21
1429,229,229, 21
1430,228,228, 22
1431,228,228, 22
1432,228,228, 22
1433,228,228, 22
1434,228,228, 22
1435,228,228, 22
1436,228,228, 22
1437,228,228, 22
1438,228,228, 22
1439,228,228, 22
1440,228,228, 22
1441,228,228, 22
1442,228,228, 22
1443,228,228, 22
1444,228,228, 22
1445,228,228, 22
1446,228,228, 22
1447,228,228, 22
1448,228,228, 22
1449,228,228, 22
1450,228,228, 22
1451,228,228, 22
1452,228,228, 22
1453,228,228, 22
1454,228,228, 22
1455,228,228, 22
1456,228,228, 22
1457,228,228, 22
1458,228,228, 22
1459,228,228, 22
1460,228,228, 22
1461,228,228, 22
1462,228,228, 22
1463,228,228, 22
1464,228,228, 22
1465,228,228, 22
1466,228,228, 22
1467,228,228, 22
1468,228,228, 22
1469,228,228, 22
1470,228,228, 22
1471,228,228, 22
1472,228,228, 22
1473,228,228, 22
1474,228,228, 22
1475,228,228, 22
1476,228,228, 22
1477,228,228, 22
1478,228,228, 22
1479,228,228, 22
1480,228,228, 22
1481,228,228, 22
1482,228,228, 22
1483,228,228, 22
1484,228,228, 22
1485,228,228, 22
1486,228,228, 22
1487,228,228, 22
1488,228,228, 22
1489,228,228, 22
1490,228,228, 22
1491,228,228, 22
1492,228,228, 22
1493,228,228, 22
1494,228,228, 22
1495,228,228, 22
1496,228,228, 22
1497,228,228, 22
1498,228,228, 22
1499,228,228, 22
