0,249,249, 1
1,248,248, 2
2,248,248, 2
3,248,248, 2
4,248,248, 2
5,248,248, 2
6,248,248, 2
7,248,248, 2
8,246,246, 4
9,246,246, 4
10,246,246, 4
11,246,246, 4
12,246,246, 4
13,246,246, 4
14,246,246, 4
15,246,246, 4
16,246,246, 4
17,246,246, 4
18,246,246, 4
19,246,246, 4
20,246,246, 4
21,246,246, 4
22,245,245, 5
23,245,245, 5
24,245,245, 5
25,245,245, 5
26,245,245, 5
27,245,245, 5
28,245,245, 5
29,245,245, 5
30,245,245, 5
31,245,245, 5
32,245,245, 5
33,245,245, 5
34,245,245, 5
35,245,245, 5
36,245,245, 5
37,245,245, 5
38,245,245, 5
39,245,245, 5
40,245,245, 5
41,245,245, 5
42,245,245, 5
43,245,245, 5
44,245,245, 5
45,245,245, 5
46,245,245, 5
47,245,245, 5
48,245,245, 5
49,245,245, 5
50,245,245, 5
51,244,244, 6
52,244,244, 6
53,244,244, 6
54,244,244, 6
55,244,244, 6
56,244,244, 6
57,244,244, 6
58,244,244, 6
59,244,244, 6
60,244,244, 6
61,244,244, 6
62,244,244, 6
63,244,244, 6
64,244,244, 6
65,244,244, 6
66,244,244, 6
67,244,244, 6
68,244,244, 6
69,244,244, 6
70,244,244, 6
71,244,244, 6
72,244,244, 6
73,244,244, 6
74,244,244, 6
75,244,244, 6
76,242,242, 8
77,242,242, 8
78,242,242, 8
79,242,242, 8
80,242,242, 8
81,242,242, 8
82,242,242, 8
83,242,242, 8
84,242,242, 8
85,242,242, 8
86,242,242, 8
87,241,241, 9
88,241,241, 9
89,241,241, 9
90,241,241, 9
91,241,241, 9
92,241,241, 9
93,241,241, 9
94,241,241, 9
95,241,241, 9
96,241,241, 9
97,241,241, 9
98,241,241, 9
99,241,241, 9
100,241,241, 9
101,241,241, 9
102,241,241, 9
103,241,241, 9
104,241,241, 9
105,241,241, 9
106,241,241, 9
107,241,241, 9
108,241,241, 9
109,241,241, 9
110,241,241, 9
111,241,241, 9
112,241,241, 9
113,241,241, 9
114,241,241, 9
115,241,241, 9
116,241,241, 9
117,241,241, 9
118,241,241, 9
119,241,241, 9
120,241,241, 9
121,241,241, 9
122,239,239, 11
123,239,239, 11
124,239,239, 11
125,239,239, 11
126,239,239, 11
127,239,239, 11
128,239,239, 11
129,239,239, 11
130,239,239, 11
131,239,239, 11
132,239,239, 11
133,239,239, 11
134,239,239, 11
135,239,239, 11
136,239,239, 11
137,239,239, 11
138,239,239, 11
139,239,239, 11
140,239,239, 11
141,239,239, 11
142,239,239, 11
143,239,239, 11
144,239,239, 11
145,239,239, 11
146,239,239, 11
147,239,239, 11
148,239,239, 11
149,238,238, 12
150,238,238, 12
151,238,238, 12
152,238,238, 12
153,238,238, 12
154,238,238, 12
155,238,238, 12
156,238,238, 12
157,238,238, 12
158,238,238, 12
159,238,238, 12
160,238,238, 12
161,238,238, 12
162,238,238, 12
163,238,238, 12
164,238,238, 12
165,238,238, 12
166,238,238, 12
167,238,238, 12
168,238,238, 12
169,238,238, 12
170,238,238, 12
171,238,238, 12
172,238,238, 12
173,238,238, 12
174,238,238, 12
175,238,238, 12
176,238,238, 12
177,238,238, 12
178,238,238, 12
179,238,238, 12
180,238,238, 12
181,238,238, 12
182,238,238, 12
183,238,238, 12
184,238,238, 12
185,238,238, 12
186,237,237, 13
187,237,237, 13
188,237,237, 13
189,237,237, 13
190,237,237, 13
191,237,237, 13
192,237,237, 13
193,237,237, 13
194,237,237, 13
195,237,237, 13
196,235,235, 15
197,235,235, 15
198,235,235, 15
199,235,235, 15
200,235,235, 15
201,235,235, 15
202,235,235, 15
203,235,235, 15
204,235,235, 15
205,235,235, 15
206,235,235, 15
207,235,235, 15
208,235,235, 15
209,235,235, 15
210,235,235, 15
211,235,235, 15
212,235,235, 15
213,234,234, 16
214,234,234, 16
215,234,234, 16
216,234,234, 16
217,232,232, 18
218,232,232, 18
219,232,232, 18
220,232,232, 18
221,232,232, 18
222,232,232, 18
223,232,232, 18
224,232,232, 18
225,232,232, 18
226,232,232, 18
227,232,232, 18
228,232,232, 18
229,232,232, 18
230,232,232, 18
231,232,232, 18
232,232,232, 18
233,232,232, 18
234,232,232, 18
235,232,232, 18
236,232,232, 18
237,230,230, 20
238,230,230, 20
239,230,230, 20
240,230,230, 20
241,230,230, 20
242,230,230, 20
243,230,230, 20
244,230,230, 20
245,230,230, 20
246,230,230, 20
247,230,230, 20
248,229,229, 21
249,229,229, 21
250,229,229, 21
251,229,229, 21
252,229,229, 21
253,229,229, 21
254,229,229, 21
255,229,229, 21
256,229,229, 21
257,229,229, 21
258,229,229, 21
259,229,229, 21
260,229,229, 21
261,229,229, 21
262,229,229, 21
263,229,229, 21
264,229,229, 21
265,229,229, 21
266,229,229, 21
267,229,229, 21
268,229,229, 21
269,229,229, 21
270,229,229, 21
271,229,229, 21
272,229,229, 21
273,229,229, 21
274,229,229, 21
275,229,229, 21
276,228,228, 22
277,228,228, 22
278,228,228, 22
279,228,228, 22
280,228,228, 22
281,228,228, 22
282,228,228, 22
283,228,228, 22
284,228,228, 22
285,228,228, 22
286,228,228, 22
287,228,228, 22
288,228,228, 22
289,228,228, 22
290,228,228, 22
291,228,228, 22
292,228,228, 22
293,228,228, 22
294,228,228, 22
295,228,228, 22
296,228,228, 22
297,228,228, 22
298,228,228, 22
299,228,228, 22
300,228,228, 22
301,228,228, 22
302,228,228, 22
303,228,228, 22
304,228,228, 22
305,228,228, 22
306,228,228, 22
307,228,228, 22
308,228,228, 22
309,228,228, 22
310,228,228, 22
311,228,228, 22
312,228,228, 22
313,228,228, 22
314,228,228, 22
315,228,228, 22
316,228,228, 22
317,228,228, 22
318,228,228, 22
319,228,228, 22
320,228,228, 22
321,228,228, 22
322,228,228, 22
323,228,228, 22
324,228,228, 22
325,228,228, 22
326,228,228, 22
327,228,228, 22
328,228,228, 22
329,228,228, 22
330,228,228, 22
331,228,228, 22
332,228,228, 22
333,228,228, 22
334,228,228, 22
335,228,228, 22
336,228,228, 22
337,228,228, 22
338,228,228, 22
339,228,228, 22
340,228,228, 22
341,228,228, 22
342,228,228, 22
343,228,228, 22
344,228,228, 22
345,228,228, 22
346,228,228, 22
347,228,228, 22
348,228,228, 22
349,228,228, 22
350,228,228, 22
351,228,228, 22
352,228,228, 22
353,228,228, 22
354,228,228, 22
355,228,228, 22
356,228,228, 22
357,228,228, 22
358,227,227, 23
359,227,227, 23
360,227,227, 23
361,227,227, 23
362,227,227, 23
363,227,227, 23
364,226,226, 24
365,226,226, 24
366,226,226, 24
367,226,226, 24
368,226,226, 24
369,226,226, 24
370,226,226, 24
371,226,226, 24
372,226,226, 24
373,226,226, 24
374,226,226, 24
375,226,226, 24
376,226,226, 24
377,226,226, 24
378,226,226, 24
379,226,226, 24
380,226,226, 24
381,226,226, 24
382,226,226, 24
383,226,226, 24
384,226,226, 24
385,226,226, 24
386,226,226, 24
387,226,226, 24
388,226,226, 24
389,226,226, 24
390,226,226, 24
391,226,226, 24
392,226,226, 24
393,226,226, 24
394,226,226, 24
395,226,226, 24
396,226,226, 24
397,225,225, 25
398,225,225, 25
399,225,225, 25
400,225,225, 25
401,225,225, 25
402,225,225, 25
403,225,225, 25
404,225,225, 25
405,225,225, 25
406,225,225, 25
407,225,225, 25
408,225,225, 25
409,225,225, 25
410,225,225, 25
411,225,225, 25
412,225,225, 25
413,225,225, 25
414,225,225, 25
415,225,225, 25
416,225,225, 25
417,225,225, 25
418,225,225, 25
419,225,225, 25
420,225,225, 25
421,225,225, 25
422,225,225, 25
423,225,225, 25
424,225,225, 25
425,225,225, 25
426,225,225, 25
427,225,225, 25
428,224,224, 26
429,224,224, 26
430,224,224, 26
431,224,224, 26
432,224,224, 26
433,224,224, 26
434,224,224, 26
435,224,224, 26
436,224,224, 26
437,224,224, 26
438,224,224, 26
439,224,224, 26
440,224,224, 26
441,224,224, 26
442,224,224, 26
443,224,224, 26
444,224,224, 26
445,224,224, 26
446,224,224, 26
447,224,224, 26
448,224,224, 26
449,224,224, 26
450,224,224, 26
451,224,224, 26
452,224,224, 26
453,224,224, 26
454,224,224, 26
455,224,224, 26
456,224,224, 26
457,224,224, 26
458,224,224, 26
459,224,224, 26
460,224,224, 26
461,224,224, 26
462,224,224, 26
463,224,224, 26
464,224,224, 26
465,224,224, 26
466,224,224, 26
467,224,224, 26
468,224,224, 26
469,224,224, 26
470,224,224, 26
471,223,223, 27
472,223,223, 27
473,223,223, 27
474,223,223, 27
475,223,223, 27
476,223,223, 27
477,223,223, 27
478,223,223, 27
479,223,223, 27
480,223,223, 27
481,223,223, 27
482,222,222, 28
483,222,222, 28
484,222,222, 28
485,222,222, 28
486,222,222, 28
487,222,222, 28
488,222,222, 28
489,222,222, 28
490,222,222, 28
491,222,222, 28
492,222,222, 28
493,222,222, 28
494,222,222, 28
495,222,222, 28
496,221,221, 29
497,221,221, 29
498,221,221, 29
499,221,221, 29
500,221,221, 29
501,221,221, 29
502,221,221, 29
503,221,221, 29
504,221,221, 29
505,221,221, 29
506,220,220, 30
507,220,220, 30
508,220,220, 30
509,220,220, 30
510,220,220, 30
511,220,220, 30
512,220,220, 30
513,220,220, 30
514,220,220, 30
515,220,220, 30
516,220,220, 30
517,220,220, 30
518,220,220, 30
519,220,220, 30
520,220,220, 30
521,220,220, 30
522,220,220, 30
523,220,220, 30
524,220,220, 30
525,220,220, 30
526,220,220, 30
527,220,220, 30
528,220,220, 30
529,220,220, 30
530,220,220, 30
531,220,220, 30
532,220,220, 30
533,220,220, 30
534,220,220, 30
535,220,220, 30
536,220,220, 30
537,220,220, 30
538,220,220, 30
539,220,220, 30
540,220,220, 30
541,220,220, 30
542,220,220, 30
543,220,220, 30
544,220,220, 30
545,219,219, 31
546,219,219, 31
547,219,219, 31
548,219,219, 31
549,219,219, 31
550,219,219, 31
551,218,218, 32
552,217,217, 33
553,217,217, 33
554,217,217, 33
555,217,217, 33
556,217,217, 33
557,217,217, 33
558,217,217, 33
559,217,217, 33
560,217,217, 33
561,217,217, 33
562,217,217, 33
563,217,217, 33
564,217,217, 33
565,217,217, 33
566,217,217, 33
567,217,217, 33
568,216,216, 34
569,216,216, 34
570,215,215, 35
571,215,215, 35
572,215,215, 35
573,215,215, 35
574,215,215, 35
575,215,215, 35
576,215,215, 35
577,215,215, 35
578,215,215, 35
579,215,215, 35
580,215,215, 35
581,214,214, 36
582,214,214, 36
583,214,214, 36
584,214,214, 36
585,214,214, 36
586,214,214, 36
587,214,214, 36
588,214,214, 36
589,214,214, 36
590,214,214, 36
591,214,214, 36
592,214,214, 36
593,214,214, 36
594,214,214, 36
595,214,214, 36
596,214,214, 36
597,214,214, 36
598,214,214, 36
599,214,214, 36
600,214,214, 36
601,214,214, 36
602,214,214, 36
603,214,214, 36
604,214,214, 36
605,214,214, 36
606,214,214, 36
607,214,214, 36
608,214,214, 36
609,214,214, 36
610,214,214, 36
611,213,213, 37
612,213,213, 37
613,213,213, 37
614,213,213, 37
615,213,213, 37
616,213,213, 37
617,213,213, 37
618,213,213, 37
619,213,213, 37
620,213,213, 37
621,213,213, 37
622,213,213, 37
623,213,213, 37
624,213,213, 37
625,213,213, 37
626,213,213, 37
627,213,213, 37
628,213,213, 37
629,213,213, 37
630,211,211, 39
631,211,211, 39
632,211,211, 39
633,211,211, 39
634,211,211, 39
635,211,211, 39
636,211,211, 39
637,211,211, 39
638,211,211, 39
639,211,211, 39
640,211,211, 39
641,211,211, 39
642,211,211, 39
643,211,211, 39
644,211,211, 39
645,211,211, 39
646,211,211, 39
647,211,211, 39
648,211,211, 39
649,211,211, 39
650,211,211, 39
651,211,211, 39
652,211,211, 39
653,211,211, 39
654,211,211, 39
655,211,211, 39
656,210,210, 40
657,210,210, 40
658,210,210, 40
659,210,210, 40
660,210,210, 40
661,210,210, 40
662,210,210, 40
663,210,210, 40
664,210,210, 40
665,210,210, 40
666,210,210, 40
667,210,210, 40
668,210,210, 40
669,210,210, 40
670,209,209, 41
671,209,209, 41
672,209,209, 41
673,209,209, 41
674,209,209, 41
675,209,209, 41
676,209,209, 41
677,209,209, 41
678,208,208, 42
679,206,206, 44
680,206,206, 44
681,206,206, 44
682,206,206, 44
683,206,206, 44
684,206,206, 44
685,206,206, 44
686,206,206, 44
687,205,205, 45
688,205,205, 45
689,205,205, 45
690,205,205, 45
691,205,205, 45
692,205,205, 45
693,205,205, 45
694,205,205, 45
695,204,204, 46
696,204,204, 46
697,204,204, 46
698,204,204, 46
699,204,204, 46
700,204,204, 46
701,204,204, 46
702,204,204, 46
703,204,204, 46
704,204,204, 46
705,204,204, 46
706,204,204, 46
707,204,204, 46
708,204,204, 46
709,204,204, 46
710,204,204, 46
711,204,204, 46
712,204,204, 46
713,204,204, 46
714,204,204, 46
715,204,204, 46
716,204,204, 46
717,204,204, 46
718,204,204, 46
719,204,204, 46
720,204,204, 46
721,204,204, 46
722,204,204, 46
723,204,204, 46
724,204,204, 46
725,204,204, 46
726,204,204, 46
727,204,204, 46
728,204,204, 46
729,204,204, 46
730,204,204, 46
731,204,204, 46
732,204,204, 46
733,204,204, 46
734,204,204, 46
735,204,204, 46
736,204,204, 46
737,204,204, 46
738,204,204, 46
739,202,202, 48
740,202,202, 48
741,202,202, 48
742,202,202, 48
743,202,202, 48
744,202,202, 48
745,202,202, 48
746,202,202, 48
747,202,202, 48
748,202,202, 48
749,202,202, 48
750,202,202, 48
751,202,202, 48
752,202,202, 48
753,202,202, 48
754,202,202, 48
755,202,202, 48
756,202,202, 48
757,202,202, 48
758,202,202, 48
759,202,202, 48
760,202,202, 48
761,202,202, 48
762,202,202, 48
763,202,202, 48
764,202,202, 48
765,202,202, 48
766,202,202, 48
767,202,202, 48
768,202,202, 48
769,202,202, 48
770,202,202, 48
771,202,202, 48
772,202,202, 48
773,202,202, 48
774,202,202, 48
775,202,202, 48
776,202,202, 48
777,202,202, 48
778,202,202, 48
779,202,202, 48
780,202,202, 48
781,202,202, 48
782,202,202, 48
783,202,202, 48
784,202,202, 48
785,202,202, 48
786,202,202, 48
787,202,202, 48
788,202,202, 48
789,202,202, 48
790,202,202, 48
791,202,202, 48
792,202,202, 48
793,202,202, 48
794,202,202, 48
795,202,202, 48
796,202,202, 48
797,202,202, 48
798,202,202, 48
799,202,202, 48
800,202,202, 48
801,202,202, 48
802,202,202, 48
803,202,202, 48
804,202,202, 48
805,202,202, 48
806,202,202, 48
807,202,202, 48
808,202,202, 48
809,202,202, 48
810,202,202, 48
811,202,202, 48
812,202,202, 48
813,202,202, 48
814,202,202, 48
815,202,202, 48
816,202,202, 48
817,202,202, 48
818,202,202, 48
819,202,202, 48
820,202,202, 48
821,202,202, 48
822,202,202, 48
823,202,202, 48
824,202,202, 48
825,202,202, 48
826,202,202, 48
827,202,202, 48
828,202,202, 48
829,202,202, 48
830,202,202, 48
831,202,202, 48
832,202,202, 48
833,202,202, 48
834,202,202, 48
835,202,202, 48
836,202,202, 48
837,202,202, 48
838,202,202, 48
839,202,202, 48
840,202,202, 48
841,202,202, 48
842,202,202, 48
843,202,202, 48
844,202,202, 48
845,202,202, 48
846,202,202, 48
847,202,202, 48
848,202,202, 48
849,202,202, 48
850,201,201, 49
851,201,201, 49
852,201,201, 49
853,201,201, 49
854,201,201, 49
855,201,201, 49
856,201,201, 49
857,201,201, 49
858,201,201, 49
859,201,201, 49
860,201,201, 49
861,201,201, 49
862,201,201, 49
863,201,201, 49
864,201,201, 49
865,201,201, 49
866,201,201, 49
867,201,201, 49
868,201,201, 49
869,201,201, 49
870,201,201, 49
871,201,201, 49
872,201,201, 49
873,201,201, 49
874,201,201, 49
875,201,201, 49
876,201,201, 49
877,201,201, 49
878,201,201, 49
879,201,201, 49
880,201,201, 49
881,201,201, 49
882,201,201, 49
883,201,201, 49
884,201,201, 49
885,201,201, 49
886,201,201, 49
887,201,201, 49
888,201,201, 49
889,201,201, 49
890,201,201, 49
891,201,201, 49
892,201,201, 49
893,201,201, 49
894,201,201, 49
895,201,201, 49
896,201,201, 49
897,201,201, 49
898,201,201, 49
899,201,201, 49
900,201,201, 49
901,201,201, 49
902,201,201, 49
903,201,201, 49
904,201,201, 49
905,201,201, 49
906,201,201, 49
907,201,201, 49
908,201,201, 49
909,201,201, 49
910,201,201, 49
911,201,201, 49
912,201,201, 49
913,201,201, 49
914,201,201, 49
915,201,201, 49
916,201,201, 49
917,201,201, 49
918,201,201, 49
919,201,201, 49
920,201,201, 49
921,201,201, 49
922,201,201, 49
923,201,201, 49
924,201,201, 49
925,201,201, 49
926,201,201, 49
927,201,201, 49
928,201,201, 49
929,201,201, 49
930,201,201, 49
931,201,201, 49
932,201,201, 49
933,201,201, 49
934,201,201, 49
935,201,201, 49
936,201,201, 49
937,201,201, 49
938,201,201, 49
939,201,201, 49
940,201,201, 49
941,201,201, 49
942,201,201, 49
943,201,201, 49
944,201,201, 49
945,201,201, 49
946,201,201, 49
947,201,201, 49
948,201,201, 49
949,201,201, 49
950,201,201, 49
951,201,201, 49
952,201,201, 49
953,201,201, 49
954,201,201, 49
955,201,201, 49
956,201,201, 49
957,201,201, 49
958,201,201, 49
959,201,201, 49
960,201,201, 49
961,201,201, 49
962,201,201, 49
963,201,201, 49
964,201,201, 49
965,201,201, 49
966,201,201, 49
967,201,201, 49
968,201,201, 49
969,201,201, 49
970,201,201, 49
971,201,201, 49
972,201,201, 49
973,201,201, 49
974,201,201, 49
975,201,201, 49
976,201,201, 49
977,201,201, 49
978,201,201, 49
979,201,201, 49
980,201,201, 49
981,201,201, 49
982,201,201, 49
983,201,201, 49
984,201,201, 49
985,201,201, 49
986,201,201, 49
987,201,201, 49
988,201,201, 49
989,201,201, 49
990,201,201, 49
991,201,201, 49
992,201,201, 49
993,201,201, 49
994,201,201, 49
995,201,201, 49
996,201,201, 49
997,201,201, 49
998,201,201, 49
999,201,201, 49
1000,201,201, 49
1001,201,201, 49
1002,201,201, 49
1003,201,201, 49
1004,201,201, 49
1005,201,201, 49
1006,201,201, 49
1007,201,201, 49
1008,201,201, 49
1009,201,201, 49
1010,201,201, 49
1011,201,201, 49
1012,201,201, 49
1013,201,201, 49
1014,201,201, 49
1015,201,201, 49
1016,201,201, 49
1017,201,201, 49
1018,201,201, 49
1019,201,201, 49
1020,201,201, 49
1021,201,201, 49
1022,201,201, 49
1023,201,201, 49
1024,201,201, 49
1025,201,201, 49
1026,201,201, 49
1027,201,201, 49
1028,201,201, 49
1029,201,201, 49
1030,201,201, 49
1031,201,201, 49
1032,201,201, 49
1033,201,201, 49
1034,201,201, 49
1035,201,201, 49
1036,201,201, 49
1037,201,201, 49
1038,201,201, 49
1039,201,201, 49
1040,201,201, 49
1041,201,201, 49
1042,201,201, 49
1043,201,201, 49
1044,201,201, 49
1045,201,201, 49
1046,201,201, 49
1047,201,201, 49
1048,201,201, 49
1049,201,201, 49
1050,201,201, 49
1051,201,201, 49
1052,201,201, 49
1053,201,201, 49
1054,201,201, 49
1055,201,201, 49
1056,201,201, 49
1057,201,201, 49
1058,201,201, 49
1059,201,201, 49
1060,201,201, 49
1061,201,201, 49
1062,201,201, 49
1063,201,201, 49
1064,201,201, 49
1065,201,201, 49
1066,201,201, 49
1067,201,201, 49
1068,201,201, 49
1069,201,201, 49
1070,201,201, 49
1071,201,201, 49
1072,201,201, 49
1073,201,201, 49
1074,201,201, 49
1075,201,201, 49
1076,201,201, 49
1077,201,201, 49
1078,201,201, 49
1079,201,201, 49
1080,201,201, 49
1081,201,201, 49
1082,201,201, 49
1083,201,201, 49
1084,201,201, 49
1085,201,201, 49
1086,201,201, 49
1087,201,201, 49
1088,201,201, 49
1089,201,201, 49
1090,201,201, 49
1091,201,201, 49
1092,201,201, 49
1093,201,201, 49
1094,201,201, 49
1095,201,201, 49
1096,201,201, 49
1097,201,201, 49
1098,201,201, 49
1099,201,201, 49
1100,201,201, 49
1101,201,201, 49
1102,201,201, 49
1103,201,201, 49
1104,201,201, 49
1105,201,201, 49
1106,201,201, 49
1107,201,201, 49
1108,201,201, 49
1109,201,201, 49
1110,201,201, 49
1111,201,201, 49
1112,201,201, 49
1113,201,201, 49
1114,201,201, 49
1115,201,201, 49
1116,201,201, 49
1117,201,201, 49
1118,201,201, 49
1119,201,201, 49
1120,201,201, 49
1121,200,200, 50
1122,200,200, 50
1123,200,200, 50
1124,200,200, 50
1125,200,200, 50
1126,200,200, 50
1127,200,200, 50
1128,200,200, 50
1129,200,200, 50
1130,200,200, 50
1131,200,200, 50
1132,200,200, 50
1133,200,200, 50
1134,200,200, 50
1135,200,200, 50
1136,200,200, 50
1137,200,200, 50
1138,200,200, 50
1139,200,200, 50
1140,199,199, 51
1141,199,199, 51
1142,199,199, 51
1143,199,199, 51
1144,199,199, 51
1145,199,199, 51
1146,199,199, 51
1147,198,198, 52
1148,197,197, 53
1149,197,197, 53
1150,197,197, 53
1151,197,197, 53
1152,197,197, 53
1153,197,197, 53
1154,197,197, 53
1155,197,197, 53
1156,197,197, 53
1157,197,197, 53
1158,197,197, 53
1159,197,197, 53
1160,197,197, 53
1161,197,197, 53
1162,197,197, 53
1163,197,197, 53
1164,197,197, 53
1165,197,197, 53
1166,197,197, 53
1167,197,197, 53
1168,197,197, 53
1169,197,197, 53
1170,197,197, 53
1171,197,197, 53
1172,197,197, 53
1173,197,197, 53
1174,197,197, 53
1175,197,197, 53
1176,197,197, 53
1177,197,197, 53
1178,197,197, 53
1179,196,196, 54
1180,196,196, 54
1181,196,196, 54
1182,196,196, 54
1183,196,196, 54
1184,196,196, 54
1185,196,196, 54
1186,196,196, 54
1187,196,196, 54
1188,196,196, 54
1189,196,196, 54
1190,196,196, 54
1191,196,196, 54
1192,196,196, 54
1193,196,196, 54
1194,196,196, 54
1195,196,196, 54
1196,196,196, 54
1197,196,196, 54
1198,196,196, 54
1199,196,196, 54
1200,196,196, 54
1201,196,196, 54
1202,196,196, 54
1203,196,196, 54
1204,196,196, 54
1205,196,196, 54
1206,196,196, 54
1207,196,196, 54
1208,196,196, 54
1209,196,196, 54
1210,196,196, 54
1211,196,196, 54
1212,196,196, 54
1213,196,196, 54
1214,196,196, 54
1215,196,196, 54
1216,196,196, 54
1217,196,196, 54
1218,195,195, 55
1219,195,195, 55
1220,195,195, 55
1221,195,195, 55
1222,195,195, 55
1223,195,195, 55
1224,195,195, 55
1225,195,195, 55
1226,195,195, 55
1227,194,194, 56
1228,194,194, 56
1229,194,194, 56
1230,194,194, 56
1231,194,194, 56
1232,194,194, 56
1233,194,194, 56
1234,194,194, 56
1235,194,194, 56
1236,194,194, 56
1237,194,194, 56
1238,194,194, 56
1239,194,194, 56
1240,194,194, 56
1241,194,194, 56
1242,194,194, 56
1243,194,194, 56
1244,194,194, 56
1245,194,194, 56
1246,194,194, 56
1247,194,194, 56
1248,194,194, 56
1249,193,193, 57
1250,193,193, 57
1251,193,193, 57
1252,193,193, 57
1253,193,193, 57
1254,193,193, 57
1255,193,193, 57
1256,193,193, 57
1257,193,193, 57
1258,193,193, 57
1259,193,193, 57
1260,193,193, 57
1261,193,193, 57
1262,193,193, 57
1263,193,193, 57
1264,193,193, 57
1265,193,193, 57
1266,193,193, 57
1267,193,193, 57
1268,193,193, 57
1269,193,193, 57
1270,193,193, 57
1271,193,193, 57
1272,193,193, 57
1273,193,193, 57
1274,193,193, 57
1275,193,193, 57
1276,193,193, 57
1277,193,193, 57
1278,193,193, 57
1279,193,193, 57
1280,193,193, 57
1281,193,193, 57
1282,193,193, 57
1283,193,193, 57
1284,193,193, 57
1285,193,193, 57
1286,193,193, 57
1287,193,193, 57
1288,193,193, 57
1289,193,193, 57
1290,193,193, 57
1291,193,193, 57
1292,193,193, 57
1293,193,193, 57
1294,193,193, 57
1295,193,193, 57
1296,193,193, 57
1297,193,193, 57
1298,193,193, 57
1299,193,193, 57
1300,193,193, 57
1301,193,193, 57
1302,193,193, 57
1303,193,193, 57
1304,193,193, 57
1305,193,193, 57
1306,193,193, 57
1307,193,193, 57
1308,193,193, 57
1309,193,193, 57
1310,193,193, 57
1311,193,193, 57
1312,192,192, 58
1313,192,192, 58
1314,192,192, 58
1315,192,192, 58
1316,192,192, 58
1317,192,192, 58
1318,192,192, 58
1319,192,192, 58
1320,192,192, 58
1321,192,192, 58
1322,192,192, 58
1323,192,192, 58
1324,192,192, 58
1325,192,192, 58
1326,192,192, 58
1327,192,192, 58
1328,192,192, 58
1329,192,192, 58
1330,192,192, 58
1331,192,192, 58
1332,192,192, 58
1333,192,192, 58
1334,192,192, 58
1335,192,192, 58
1336,192,192, 58
1337,191,191, 59
1338,191,191, 59
1339,191,191, 59
1340,191,191, 59
1341,191,191, 59
1342,191,191, 59
1343,191,191, 59
1344,190,190, 60
1345,190,190, 60
1346,190,190, 60
1347,190,190, 60
1348,190,190, 60
1349,190,190, 60
1350,190,190, 60
1351,190,190, 60
1352,190,190, 60
1353,190,190, 60
1354,190,190, 60
1355,190,190, 60
1356,190,190, 60
1357,190,190, 60
1358,190,190, 60
1359,190,190, 60
1360,190,190, 60
1361,190,190, 60
1362,190,190, 60
1363,190,190, 60
1364,190,190, 60
1365,190,190, 60
1366,190,190, 60
1367,190,190, 60
1368,190,190, 60
1369,190,190, 60
1370,190,190, 60
1371,189,189, 61
1372,189,189, 61
1373,189,189, 61
1374,189,189, 61
1375,189,189, 61
1376,189,189, 61
1377,189,189, 61
1378,189,189, 61
1379,189,189, 61
1380,189,189, 61
1381,189,189, 61
1382,189,189, 61
1383,189,189, 61
1384,189,189, 61
1385,189,189, 61
1386,189,189, 61
1387,189,189, 61
1388,188,188, 62
1389,187,187, 63
1390,187,187, 63
1391,187,187, 63
1392,187,187, 63
1393,187,187, 63
1394,187,187, 63
1395,187,187, 63
1396,187,187, 63
1397,187,187, 63
1398,187,187, 63
1399,187,187, 63
1400,187,187, 63
1401,186,186, 64
1402,186,186, 64
1403,186,186, 64
1404,186,186, 64
1405,186,186, 64
1406,186,186, 64
1407,186,186, 64
1408,186,186, 64
1409,186,186, 64
1410,186,186, 64
1411,186,186, 64
1412,186,186, 64
1413,186,186, 64
1414,186,186, 64
1415,186,186, 64
1416,186,186, 64
1417,186,186, 64
1418,186,186, 64
1419,186,186, 64
1420,186,186, 64
1421,186,186, 64
1422,186,186, 64
1423,186,186, 64
1424,186,186, 64
1425,186,186, 64
1426,186,186, 64
1427,186,186, 64
1428,186,186, 64
1429,186,186, 64
1430,186,186, 64
1431,186,186, 64
1432,186,186, 64
1433,186,186, 64
1434,186,186, 64
1435,186,186, 64
1436,186,186, 64
1437,186,186, 64
1438,186,186, 64
1439,186,186, 64
1440,186,186, 64
1441,186,186, 64
1442,186,186, 64
1443,186,186, 64
1444,186,186, 64
1445,186,186, 64
1446,186,186, 64
1447,186,186, 64
1448,186,186, 64
1449,186,186, 64
1450,186,186, 64
1451,186,186, 64
1452,186,186, 64
1453,186,186, 64
1454,186,186, 64
1455,186,186, 64
1456,186,186, 64
1457,186,186, 64
1458,186,186, 64
1459,186,186, 64
1460,186,186, 64
1461,186,186, 64
1462,186,186, 64
1463,186,186, 64
1464,186,186, 64
1465,186,186, 64
1466,186,186, 64
1467,186,186, 64
1468,186,186, 64
1469,186,186, 64
1470,186,186, 64
1471,186,186, 64
1472,186,186, 64
1473,186,186, 64
1474,186,186, 64
1475,186,186, 64
1476,186,186, 64
1477,186,186, 64
1478,186,186, 64
1479,186,186, 64
1480,186,186, 64
1481,186,186, 64
1482,186,186, 64
1483,186,186, 64
1484,186,186, 64
1485,186,186, 64
1486,186,186, 64
1487,186,186, 64
1488,186,186, 64
1489,186,186, 64
1490,186,186, 64
1491,186,186, 64
1492,186,186, 64
1493,186,186, 64
1494,186,186, 64
1495,186,186, 64
1496,186,186, 64
1497,186,186, 64
1498,186,186, 64
1499,186,186, 64
