0,250,250, 0
1,250,250, 0
2,250,250, 0
3,250,250, 0
4,250,250, 0
5,250,250, 0
6,250,250, 0
7,250,250, 0
8,250,250, 0
9,250,250, 0
10,250,250, 0
11,250,250, 0
12,250,250, 0
13,250,250, 0
14,250,250, 0
15,250,250, 0
16,250,250, 0
17,250,250, 0
18,250,250, 0
19,250,250, 0
20,250,250, 0
21,250,250, 0
22,250,250, 0
23,248,248, 2
24,248,248, 2
25,248,248, 2
26,248,248, 2
27,248,248, 2
28,248,248, 2
29,248,248, 2
30,248,248, 2
31,246,246, 4
32,246,246, 4
33,246,246, 4
34,246,246, 4
35,246,246, 4
36,246,246, 4
37,246,246, 4
38,246,246, 4
39,246,246, 4
40,246,246, 4
41,246,246, 4
42,246,246, 4
43,246,246, 4
44,245,245, 5
45,245,245, 5
46,245,245, 5
47,245,245, 5
48,245,245, 5
49,244,244, 6
50,244,244, 6
51,244,244, 6
52,244,244, 6
53,244,244, 6
54,244,244, 6
55,244,244, 6
56,244,244, 6
57,244,244, 6
58,244,244, 6
59,244,244, 6
60,244,244, 6
61,244,244, 6
62,244,244, 6
63,244,244, 6
64,244,244, 6
65,244,244, 6
66,244,244, 6
67,244,244, 6
68,244,244, 6
69,244,244, 6
70,244,244, 6
71,244,244, 6
72,244,244, 6
73,244,244, 6
74,244,244, 6
75,244,244, 6
76,242,242, 8
77,242,242, 8
78,242,242, 8
79,242,242, 8
80,242,242, 8
81,242,242, 8
82,242,242, 8
83,242,242, 8
84,241,241, 9
85,241,241, 9
86,240,240, 10
87,240,240, 10
88,240,240, 10
89,239,239, 11
90,239,239, 11
91,239,239, 11
92,239,239, 11
93,239,239, 11
94,239,239, 11
95,239,239, 11
96,239,239, 11
97,239,239, 11
98,239,239, 11
99,239,239, 11
100,239,239, 11
101,239,239, 11
102,239,239, 11
103,239,239, 11
104,239,239, 11
105,239,239, 11
106,239,239, 11
107,239,239, 11
108,239,239, 11
109,239,239, 11
110,239,239, 11
111,239,239, 11
112,239,239, 11
113,239,239, 11
114,239,239, 11
115,239,239, 11
116,239,239, 11
117,239,239, 11
118,239,239, 11
119,239,239, 11
120,239,239, 11
121,239,239, 11
122,239,239, 11
123,239,239, 11
124,239,239, 11
125,239,239, 11
126,239,239, 11
127,239,239, 11
128,239,239, 11
129,239,239, 11
130,239,239, 11
131,239,239, 11
132,239,239, 11
133,239,239, 11
134,239,239, 11
135,239,239, 11
136,239,239, 11
137,239,239, 11
138,239,239, 11
139,239,239, 11
140,239,239, 11
141,239,239, 11
142,239,239, 11
143,239,239, 11
144,239,239, 11
145,239,239, 11
146,239,239, 11
147,239,239, 11
148,239,239, 11
149,239,239, 11
150,239,239, 11
151,239,239, 11
152,239,239, 11
153,239,239, 11
154,239,239, 11
155,239,239, 11
156,239,239, 11
157,239,239, 11
158,239,239, 11
159,239,239, 11
160,239,239, 11
161,239,239, 11
162,239,239, 11
163,239,239, 11
164,239,239, 11
165,239,239, 11
166,239,239, 11
167,239,239, 11
168,239,239, 11
169,239,239, 11
170,239,239, 11
171,239,239, 11
172,239,239, 11
173,239,239, 11
174,239,239, 11
175,239,239, 11
176,239,239, 11
177,239,239, 11
178,239,239, 11
179,239,239, 11
180,239,239, 11
181,239,239, 11
182,239,239, 11
183,239,239, 11
184,239,239, 11
185,239,239, 11
186,239,239, 11
187,239,239, 11
188,239,239, 11
189,239,239, 11
190,239,239, 11
191,239,239, 11
192,239,239, 11
193,239,239, 11
194,239,239, 11
195,239,239, 11
196,239,239, 11
197,239,239, 11
198,239,239, 11
199,239,239, 11
200,239,239, 11
201,239,239, 11
202,239,239, 11
203,239,239, 11
204,239,239, 11
205,239,239, 11
206,239,239, 11
207,239,239, 11
208,239,239, 11
209,239,239, 11
210,239,239, 11
211,239,239, 11
212,239,239, 11
213,239,239, 11
214,239,239, 11
215,239,239, 11
216,239,239, 11
217,239,239, 11
218,239,239, 11
219,239,239, 11
220,239,239, 11
221,239,239, 11
222,239,239, 11
223,239,239, 11
224,239,239, 11
225,239,239, 11
226,239,239, 11
227,239,239, 11
228,239,239, 11
229,239,239, 11
230,239,239, 11
231,239,239, 11
232,239,239, 11
233,239,239, 11
234,239,239, 11
235,239,239, 11
236,239,239, 11
237,239,239, 11
238,239,239, 11
239,239,239, 11
240,239,239, 11
241,239,239, 11
242,239,239, 11
243,239,239, 11
244,239,239, 11
245,239,239, 11
246,239,239, 11
247,239,239, 11
248,239,239, 11
249,239,239, 11
250,239,239, 11
251,239,239, 11
252,239,239, 11
253,239,239, 11
254,239,239, 11
255,239,239, 11
256,239,239, 11
257,239,239, 11
258,239,239, 11
259,239,239, 11
260,239,239, 11
261,239,239, 11
262,239,239, 11
263,239,239, 11
264,239,239, 11
265,239,239, 11
266,239,239, 11
267,239,239, 11
268,239,239, 11
269,239,239, 11
270,239,239, 11
271,239,239, 11
272,239,239, 11
273,239,239, 11
274,239,239, 11
275,239,239, 11
276,239,239, 11
277,239,239, 11
278,239,239, 11
279,239,239, 11
280,239,239, 11
281,239,239, 11
282,239,239, 11
283,239,239, 11
284,239,239, 11
285,239,239, 11
286,239,239, 11
287,239,239, 11
288,239,239, 11
289,239,239, 11
290,239,239, 11
291,239,239, 11
292,239,239, 11
293,239,239, 11
294,239,239, 11
295,239,239, 11
296,239,239, 11
297,239,239, 11
298,239,239, 11
299,239,239, 11
300,239,239, 11
301,239,239, 11
302,239,239, 11
303,239,239, 11
304,239,239, 11
305,239,239, 11
306,239,239, 11
307,239,239, 11
308,239,239, 11
309,239,239, 11
310,239,239, 11
311,239,239, 11
312,239,239, 11
313,239,239, 11
314,238,238, 12
315,238,238, 12
316,237,237, 13
317,237,237, 13
318,237,237, 13
319,237,237, 13
320,236,236, 14
321,236,236, 14
322,235,235, 15
323,235,235, 15
324,235,235, 15
325,234,234, 16
326,234,234, 16
327,234,234, 16
328,234,234, 16
329,234,234, 16
330,234,234, 16
331,234,234, 16
332,234,234, 16
333,234,234, 16
334,234,234, 16
335,233,233, 17
336,233,233, 17
337,233,233, 17
338,233,233, 17
339,233,233, 17
340,233,233, 17
341,233,233, 17
342,233,233, 17
343,233,233, 17
344,233,233, 17
345,233,233, 17
346,233,233, 17
347,233,233, 17
348,233,233, 17
349,233,233, 17
350,233,233, 17
351,233,233, 17
352,233,233, 17
353,233,233, 17
354,233,233, 17
355,233,233, 17
356,233,233, 17
357,233,233, 17
358,233,233, 17
359,233,233, 17
360,233,233, 17
361,233,233, 17
362,233,233, 17
363,233,233, 17
364,233,233, 17
365,233,233, 17
366,233,233, 17
367,233,233, 17
368,233,233, 17
369,233,233, 17
370,233,233, 17
371,233,233, 17
372,233,233, 17
373,232,232, 18
374,232,232, 18
375,232,232, 18
376,232,232, 18
377,232,232, 18
378,232,232, 18
379,232,232, 18
380,232,232, 18
381,232,232, 18
382,232,232, 18
383,232,232, 18
384,232,232, 18
385,232,232, 18
386,232,232, 18
387,232,232, 18
388,232,232, 18
389,232,232, 18
390,232,232, 18
391,232,232, 18
392,232,232, 18
393,232,232, 18
394,232,232, 18
395,232,232, 18
396,232,232, 18
397,231,231, 19
398,231,231, 19
399,231,231, 19
400,231,231, 19
401,231,231, 19
402,231,231, 19
403,231,231, 19
404,231,231, 19
405,231,231, 19
406,231,231, 19
407,231,231, 19
408,231,231, 19
409,231,231, 19
410,231,231, 19
411,231,231, 19
412,231,231, 19
413,231,231, 19
414,231,231, 19
415,231,231, 19
416,231,231, 19
417,231,231, 19
418,230,230, 20
419,229,229, 21
420,229,229, 21
421,229,229, 21
422,229,229, 21
423,229,229, 21
424,228,228, 22
425,228,228, 22
426,228,228, 22
427,228,228, 22
428,228,228, 22
429,228,228, 22
430,228,228, 22
431,228,228, 22
432,228,228, 22
433,228,228, 22
434,228,228, 22
435,228,228, 22
436,228,228, 22
437,228,228, 22
438,228,228, 22
439,228,228, 22
440,228,228, 22
441,228,228, 22
442,228,228, 22
443,228,228, 22
444,228,228, 22
445,228,228, 22
446,228,228, 22
447,228,228, 22
448,228,228, 22
449,228,228, 22
450,228,228, 22
451,228,228, 22
452,228,228, 22
453,228,228, 22
454,228,228, 22
455,228,228, 22
456,228,228, 22
457,228,228, 22
458,228,228, 22
459,228,228, 22
460,228,228, 22
461,228,228, 22
462,228,228, 22
463,228,228, 22
464,228,228, 22
465,228,228, 22
466,228,228, 22
467,228,228, 22
468,228,228, 22
469,226,226, 24
470,225,225, 25
471,225,225, 25
472,225,225, 25
473,225,225, 25
474,225,225, 25
475,225,225, 25
476,225,225, 25
477,225,225, 25
478,225,225, 25
479,225,225, 25
480,225,225, 25
481,225,225, 25
482,225,225, 25
483,225,225, 25
484,225,225, 25
485,225,225, 25
486,225,225, 25
487,225,225, 25
488,225,225, 25
489,225,225, 25
490,225,225, 25
491,225,225, 25
492,225,225, 25
493,225,225, 25
494,225,225, 25
495,225,225, 25
496,225,225, 25
497,225,225, 25
498,225,225, 25
499,225,225, 25
500,225,225, 25
501,225,225, 25
502,225,225, 25
503,225,225, 25
504,225,225, 25
505,225,225, 25
506,225,225, 25
507,225,225, 25
508,225,225, 25
509,223,223, 27
510,223,223, 27
511,223,223, 27
512,223,223, 27
513,223,223, 27
514,223,223, 27
515,223,223, 27
516,223,223, 27
517,223,223, 27
518,223,223, 27
519,223,223, 27
520,223,223, 27
521,223,223, 27
522,223,223, 27
523,223,223, 27
524,223,223, 27
525,223,223, 27
526,223,223, 27
527,223,223, 27
528,223,223, 27
529,223,223, 27
530,223,223, 27
531,223,223, 27
532,223,223, 27
533,223,223, 27
534,223,223, 27
535,223,223, 27
536,223,223, 27
537,223,223, 27
538,222,222, 28
539,222,222, 28
540,222,222, 28
541,222,222, 28
542,222,222, 28
543,222,222, 28
544,222,222, 28
545,222,222, 28
546,222,222, 28
547,222,222, 28
548,222,222, 28
549,222,222, 28
550,222,222, 28
551,222,222, 28
552,222,222, 28
553,222,222, 28
554,222,222, 28
555,222,222, 28
556,222,222, 28
557,222,222, 28
558,222,222, 28
559,222,222, 28
560,222,222, 28
561,222,222, 28
562,222,222, 28
563,222,222, 28
564,222,222, 28
565,222,222, 28
566,222,222, 28
567,222,222, 28
568,221,221, 29
569,221,221, 29
570,220,220, 30
571,219,219, 31
572,219,219, 31
573,219,219, 31
574,219,219, 31
575,219,219, 31
576,219,219, 31
577,219,219, 31
578,219,219, 31
579,219,219, 31
580,219,219, 31
581,219,219, 31
582,219,219, 31
583,219,219, 31
584,219,219, 31
585,219,219, 31
586,219,219, 31
587,219,219, 31
588,219,219, 31
589,219,219, 31
590,219,219, 31
591,219,219, 31
592,219,219, 31
593,219,219, 31
594,219,219, 31
595,219,219, 31
596,219,219, 31
597,219,219, 31
598,218,218, 32
599,218,218, 32
600,217,217, 33
601,217,217, 33
602,217,217, 33
603,217,217, 33
604,217,217, 33
605,217,217, 33
606,217,217, 33
607,217,217, 33
608,217,217, 33
609,217,217, 33
610,217,217, 33
611,217,217, 33
612,216,216, 34
613,216,216, 34
614,216,216, 34
615,216,216, 34
616,216,216, 34
617,216,216, 34
618,216,216, 34
619,216,216, 34
620,216,216, 34
621,216,216, 34
622,216,216, 34
623,216,216, 34
624,215,215, 35
625,215,215, 35
626,215,215, 35
627,215,215, 35
628,215,215, 35
629,215,215, 35
630,215,215, 35
631,215,215, 35
632,215,215, 35
633,215,215, 35
634,215,215, 35
635,215,215, 35
636,215,215, 35
637,215,215, 35
638,215,215, 35
639,215,215, 35
640,215,215, 35
641,215,215, 35
642,215,215, 35
643,215,215, 35
644,215,215, 35
645,215,215, 35
646,215,215, 35
647,215,215, 35
648,215,215, 35
649,215,215, 35
650,215,215, 35
651,215,215, 35
652,215,215, 35
653,215,215, 35
654,215,215, 35
655,215,215, 35
656,215,215, 35
657,215,215, 35
658,215,215, 35
659,215,215, 35
660,215,215, 35
661,215,215, 35
662,215,215, 35
663,215,215, 35
664,215,215, 35
665,215,215, 35
666,215,215, 35
667,215,215, 35
668,215,215, 35
669,215,215, 35
670,215,215, 35
671,215,215, 35
672,213,213, 37
673,213,213, 37
674,213,213, 37
675,213,213, 37
676,213,213, 37
677,213,213, 37
678,213,213, 37
679,213,213, 37
680,213,213, 37
681,213,213, 37
682,213,213, 37
683,213,213, 37
684,213,213, 37
685,213,213, 37
686,213,213, 37
687,213,213, 37
688,213,213, 37
689,213,213, 37
690,213,213, 37
691,213,213, 37
692,213,213, 37
693,213,213, 37
694,213,213, 37
695,213,213, 37
696,213,213, 37
697,213,213, 37
698,213,213, 37
699,213,213, 37
700,213,213, 37
701,213,213, 37
702,213,213, 37
703,213,213, 37
704,213,213, 37
705,213,213, 37
706,213,213, 37
707,213,213, 37
708,212,212, 38
709,212,212, 38
710,212,212, 38
711,212,212, 38
712,212,212, 38
713,212,212, 38
714,212,212, 38
715,212,212, 38
716,212,212, 38
717,212,212, 38
718,212,212, 38
719,212,212, 38
720,212,212, 38
721,212,212, 38
722,212,212, 38
723,212,212, 38
724,212,212, 38
725,212,212, 38
726,212,212, 38
727,212,212, 38
728,211,211, 39
729,211,211, 39
730,211,211, 39
731,211,211, 39
732,211,211, 39
733,211,211, 39
734,211,211, 39
735,211,211, 39
736,211,211, 39
737,211,211, 39
738,211,211, 39
739,211,211, 39
740,211,211, 39
741,211,211, 39
742,211,211, 39
743,211,211, 39
744,211,211, 39
745,211,211, 39
746,211,211, 39
747,211,211, 39
748,211,211, 39
749,211,211, 39
750,211,211, 39
751,211,211, 39
752,211,211, 39
753,211,211, 39
754,211,211, 39
755,211,211, 39
756,211,211, 39
757,211,211, 39
758,211,211, 39
759,211,211, 39
760,211,211, 39
761,211,211, 39
762,211,211, 39
763,211,211, 39
764,211,211, 39
765,211,211, 39
766,211,211, 39
767,211,211, 39
768,211,211, 39
769,211,211, 39
770,211,211, 39
771,211,211, 39
772,211,211, 39
773,211,211, 39
774,211,211, 39
775,211,211, 39
776,211,211, 39
777,211,211, 39
778,211,211, 39
779,211,211, 39
780,211,211, 39
781,211,211, 39
782,210,210, 40
783,210,210, 40
784,210,210, 40
785,210,210, 40
786,210,210, 40
787,210,210, 40
788,210,210, 40
789,210,210, 40
790,210,210, 40
791,210,210, 40
792,210,210, 40
793,210,210, 40
794,210,210, 40
795,210,210, 40
796,210,210, 40
797,210,210, 40
798,210,210, 40
799,210,210, 40
800,210,210, 40
801,207,207, 43
802,207,207, 43
803,207,207, 43
804,207,207, 43
805,207,207, 43
806,207,207, 43
807,207,207, 43
808,207,207, 43
809,207,207, 43
810,207,207, 43
811,207,207, 43
812,207,207, 43
813,206,206, 44
814,206,206, 44
815,206,206, 44
816,206,206, 44
817,206,206, 44
818,206,206, 44
819,206,206, 44
820,206,206, 44
821,206,206, 44
822,206,206, 44
823,206,206, 44
824,205,205, 45
825,205,205, 45
826,205,205, 45
827,205,205, 45
828,205,205, 45
829,205,205, 45
830,205,205, 45
831,205,205, 45
832,205,205, 45
833,205,205, 45
834,205,205, 45
835,205,205, 45
836,205,205, 45
837,205,205, 45
838,205,205, 45
839,205,205, 45
840,205,205, 45
841,205,205, 45
842,205,205, 45
843,205,205, 45
844,205,205, 45
845,205,205, 45
846,205,205, 45
847,205,205, 45
848,205,205, 45
849,205,205, 45
850,205,205, 45
851,205,205, 45
852,205,205, 45
853,205,205, 45
854,205,205, 45
855,205,205, 45
856,205,205, 45
857,205,205, 45
858,205,205, 45
859,205,205, 45
860,205,205, 45
861,205,205, 45
862,205,205, 45
863,205,205, 45
864,205,205, 45
865,205,205, 45
866,205,205, 45
867,205,205, 45
868,205,205, 45
869,205,205, 45
870,205,205, 45
871,205,205, 45
872,205,205, 45
873,205,205, 45
874,205,205, 45
875,204,204, 46
876,204,204, 46
877,204,204, 46
878,204,204, 46
879,204,204, 46
880,204,204, 46
881,203,203, 47
882,203,203, 47
883,203,203, 47
884,203,203, 47
885,203,203, 47
886,202,202, 48
887,202,202, 48
888,202,202, 48
889,202,202, 48
890,202,202, 48
891,202,202, 48
892,202,202, 48
893,202,202, 48
894,202,202, 48
895,202,202, 48
896,202,202, 48
897,202,202, 48
898,202,202, 48
899,201,201, 49
900,200,200, 50
901,200,200, 50
902,200,200, 50
903,200,200, 50
904,200,200, 50
905,200,200, 50
906,200,200, 50
907,200,200, 50
908,200,200, 50
909,200,200, 50
910,200,200, 50
911,200,200, 50
912,200,200, 50
913,200,200, 50
914,200,200, 50
915,200,200, 50
916,200,200, 50
917,200,200, 50
918,200,200, 50
919,200,200, 50
920,200,200, 50
921,200,200, 50
922,200,200, 50
923,200,200, 50
924,200,200, 50
925,200,200, 50
926,200,200, 50
927,200,200, 50
928,200,200, 50
929,200,200, 50
930,200,200, 50
931,200,200, 50
932,200,200, 50
933,200,200, 50
934,200,200, 50
935,200,200, 50
936,200,200, 50
937,200,200, 50
938,200,200, 50
939,200,200, 50
940,200,200, 50
941,200,200, 50
942,200,200, 50
943,200,200, 50
944,200,200, 50
945,200,200, 50
946,200,200, 50
947,200,200, 50
948,200,200, 50
949,200,200, 50
950,200,200, 50
951,200,200, 50
952,200,200, 50
953,200,200, 50
954,200,200, 50
955,200,200, 50
956,200,200, 50
957,200,200, 50
958,200,200, 50
959,200,200, 50
960,200,200, 50
961,200,200, 50
962,200,200, 50
963,200,200, 50
964,199,199, 51
965,199,199, 51
966,199,199, 51
967,199,199, 51
968,199,199, 51
969,199,199, 51
970,199,199, 51
971,199,199, 51
972,199,199, 51
973,199,199, 51
974,199,199, 51
975,199,199, 51
976,199,199, 51
977,199,199, 51
978,199,199, 51
979,199,199, 51
980,198,198, 52
981,198,198, 52
982,198,198, 52
983,198,198, 52
984,198,198, 52
985,198,198, 52
986,198,198, 52
987,198,198, 52
988,198,198, 52
989,198,198, 52
990,197,197, 53
991,197,197, 53
992,197,197, 53
993,197,197, 53
994,197,197, 53
995,197,197, 53
996,197,197, 53
997,197,197, 53
998,197,197, 53
999,197,197, 53
1000,197,197, 53
1001,197,197, 53
1002,197,197, 53
1003,197,197, 53
1004,197,197, 53
1005,197,197, 53
1006,196,196, 54
1007,196,196, 54
1008,196,196, 54
1009,196,196, 54
1010,194,194, 56
1011,194,194, 56
1012,194,194, 56
1013,194,194, 56
1014,194,194, 56
1015,194,194, 56
1016,194,194, 56
1017,194,194, 56
1018,194,194, 56
1019,194,194, 56
1020,194,194, 56
1021,194,194, 56
1022,194,194, 56
1023,194,194, 56
1024,194,194, 56
1025,194,194, 56
1026,194,194, 56
1027,194,194, 56
1028,194,194, 56
1029,194,194, 56
1030,193,193, 57
1031,193,193, 57
1032,193,193, 57
1033,193,193, 57
1034,193,193, 57
1035,193,193, 57
1036,193,193, 57
1037,193,193, 57
1038,193,193, 57
1039,193,193, 57
1040,193,193, 57
1041,193,193, 57
1042,193,193, 57
1043,193,193, 57
1044,193,193, 57
1045,193,193, 57
1046,193,193, 57
1047,193,193, 57
1048,193,193, 57
1049,193,193, 57
1050,193,193, 57
1051,193,193, 57
1052,193,193, 57
1053,193,193, 57
1054,193,193, 57
1055,193,193, 57
1056,193,193, 57
1057,193,193, 57
1058,193,193, 57
1059,193,193, 57
1060,193,193, 57
1061,193,193, 57
1062,193,193, 57
1063,193,193, 57
1064,193,193, 57
1065,192,192, 58
1066,192,192, 58
1067,191,191, 59
1068,191,191, 59
1069,191,191, 59
1070,191,191, 59
1071,190,190, 60
1072,190,190, 60
1073,190,190, 60
1074,190,190, 60
1075,190,190, 60
1076,190,190, 60
1077,190,190, 60
1078,190,190, 60
1079,190,190, 60
1080,190,190, 60
1081,190,190, 60
1082,190,190, 60
1083,190,190, 60
1084,190,190, 60
1085,190,190, 60
1086,190,190, 60
1087,190,190, 60
1088,190,190, 60
1089,190,190, 60
1090,190,190, 60
1091,190,190, 60
1092,190,190, 60
1093,190,190, 60
1094,190,190, 60
1095,190,190, 60
1096,190,190, 60
1097,190,190, 60
1098,190,190, 60
1099,190,190, 60
1100,190,190, 60
1101,190,190, 60
1102,190,190, 60
1103,190,190, 60
1104,190,190, 60
1105,190,190, 60
1106,190,190, 60
1107,190,190, 60
1108,190,190, 60
1109,190,190, 60
1110,190,190, 60
1111,190,190, 60
1112,190,190, 60
1113,190,190, 60
1114,190,190, 60
1115,190,190, 60
1116,190,190, 60
1117,190,190, 60
1118,190,190, 60
1119,190,190, 60
1120,190,190, 60
1121,190,190, 60
1122,190,190, 60
1123,190,190, 60
1124,190,190, 60
1125,190,190, 60
1126,190,190, 60
1127,190,190, 60
1128,190,190, 60
1129,190,190, 60
1130,190,190, 60
1131,190,190, 60
1132,190,190, 60
1133,188,188, 62
1134,188,188, 62
1135,188,188, 62
1136,188,188, 62
1137,188,188, 62
1138,188,188, 62
1139,188,188, 62
1140,188,188, 62
1141,188,188, 62
1142,188,188, 62
1143,188,188, 62
1144,188,188, 62
1145,188,188, 62
1146,188,188, 62
1147,188,188, 62
1148,187,187, 63
1149,187,187, 63
1150,187,187, 63
1151,187,187, 63
1152,187,187, 63
1153,187,187, 63
1154,187,187, 63
1155,187,187, 63
1156,187,187, 63
1157,187,187, 63
1158,187,187, 63
1159,187,187, 63
1160,187,187, 63
1161,187,187, 63
1162,187,187, 63
1163,187,187, 63
1164,187,187, 63
1165,187,187, 63
1166,187,187, 63
1167,187,187, 63
1168,187,187, 63
1169,187,187, 63
1170,187,187, 63
1171,187,187, 63
1172,187,187, 63
1173,187,187, 63
1174,187,187, 63
1175,187,187, 63
1176,187,187, 63
1177,187,187, 63
1178,187,187, 63
1179,187,187, 63
1180,187,187, 63
1181,187,187, 63
1182,187,187, 63
1183,187,187, 63
1184,187,187, 63
1185,186,186, 64
1186,186,186, 64
1187,186,186, 64
1188,186,186, 64
1189,186,186, 64
1190,186,186, 64
1191,186,186, 64
1192,186,186, 64
1193,186,186, 64
1194,185,185, 65
1195,185,185, 65
1196,185,185, 65
1197,185,185, 65
1198,185,185, 65
1199,185,185, 65
1200,185,185, 65
1201,185,185, 65
1202,185,185, 65
1203,185,185, 65
1204,185,185, 65
1205,184,184, 66
1206,184,184, 66
1207,184,184, 66
1208,184,184, 66
1209,184,184, 66
1210,184,184, 66
1211,184,184, 66
1212,184,184, 66
1213,184,184, 66
1214,184,184, 66
1215,184,184, 66
1216,184,184, 66
1217,184,184, 66
1218,184,184, 66
1219,184,184, 66
1220,184,184, 66
1221,184,184, 66
1222,184,184, 66
1223,184,184, 66
1224,184,184, 66
1225,183,183, 67
1226,183,183, 67
1227,183,183, 67
1228,183,183, 67
1229,183,183, 67
1230,183,183, 67
1231,183,183, 67
1232,183,183, 67
1233,183,183, 67
1234,183,183, 67
1235,183,183, 67
1236,183,183, 67
1237,183,183, 67
1238,183,183, 67
1239,183,183, 67
1240,183,183, 67
1241,183,183, 67
1242,183,183, 67
1243,183,183, 67
1244,183,183, 67
1245,183,183, 67
1246,183,183, 67
1247,183,183, 67
1248,183,183, 67
1249,183,183, 67
1250,183,183, 67
1251,183,183, 67
1252,183,183, 67
1253,183,183, 67
1254,183,183, 67
1255,183,183, 67
1256,183,183, 67
1257,183,183, 67
1258,183,183, 67
1259,183,183, 67
1260,183,183, 67
1261,183,183, 67
1262,183,183, 67
1263,183,183, 67
1264,183,183, 67
1265,183,183, 67
1266,183,183, 67
1267,183,183, 67
1268,183,183, 67
1269,183,183, 67
1270,183,183, 67
1271,183,183, 67
1272,183,183, 67
1273,183,183, 67
1274,183,183, 67
1275,182,182, 68
1276,182,182, 68
1277,182,182, 68
1278,182,182, 68
1279,182,182, 68
1280,182,182, 68
1281,182,182, 68
1282,182,182, 68
1283,182,182, 68
1284,182,182, 68
1285,182,182, 68
1286,181,181, 69
1287,181,181, 69
1288,181,181, 69
1289,181,181, 69
1290,181,181, 69
1291,181,181, 69
1292,181,181, 69
1293,181,181, 69
1294,181,181, 69
1295,181,181, 69
1296,181,181, 69
1297,181,181, 69
1298,181,181, 69
1299,181,181, 69
1300,181,181, 69
1301,181,181, 69
1302,181,181, 69
1303,181,181, 69
1304,181,181, 69
1305,181,181, 69
1306,181,181, 69
1307,181,181, 69
1308,181,181, 69
1309,181,181, 69
1310,181,181, 69
1311,181,181, 69
1312,181,181, 69
1313,181,181, 69
1314,181,181, 69
1315,181,181, 69
1316,181,181, 69
1317,181,181, 69
1318,181,181, 69
1319,181,181, 69
1320,181,181, 69
1321,181,181, 69
1322,180,180, 70
1323,180,180, 70
1324,180,180, 70
1325,180,180, 70
1326,180,180, 70
1327,180,180, 70
1328,180,180, 70
1329,180,180, 70
1330,180,180, 70
1331,180,180, 70
1332,180,180, 70
1333,179,179, 71
1334,178,178, 72
1335,178,178, 72
1336,178,178, 72
1337,178,178, 72
1338,178,178, 72
1339,178,178, 72
1340,178,178, 72
1341,178,178, 72
1342,178,178, 72
1343,178,178, 72
1344,178,178, 72
1345,178,178, 72
1346,178,178, 72
1347,178,178, 72
1348,178,178, 72
1349,178,178, 72
1350,178,178, 72
1351,178,178, 72
1352,178,178, 72
1353,178,178, 72
1354,178,178, 72
1355,178,178, 72
1356,178,178, 72
1357,178,178, 72
1358,178,178, 72
1359,178,178, 72
1360,178,178, 72
1361,178,178, 72
1362,178,178, 72
1363,178,178, 72
1364,178,178, 72
1365,178,178, 72
1366,177,177, 73
1367,177,177, 73
1368,177,177, 73
1369,177,177, 73
1370,177,177, 73
1371,177,177, 73
1372,177,177, 73
1373,177,177, 73
1374,177,177, 73
1375,177,177, 73
1376,176,176, 74
1377,176,176, 74
1378,176,176, 74
1379,176,176, 74
1380,176,176, 74
1381,176,176, 74
1382,176,176, 74
1383,176,176, 74
1384,176,176, 74
1385,176,176, 74
1386,176,176, 74
1387,176,176, 74
1388,176,176, 74
1389,176,176, 74
1390,176,176, 74
1391,176,176, 74
1392,176,176, 74
1393,176,176, 74
1394,176,176, 74
1395,176,176, 74
1396,176,176, 74
1397,176,176, 74
1398,176,176, 74
1399,176,176, 74
1400,176,176, 74
1401,176,176, 74
1402,176,176, 74
1403,176,176, 74
1404,176,176, 74
1405,176,176, 74
1406,176,176, 74
1407,176,176, 74
1408,176,176, 74
1409,176,176, 74
1410,176,176, 74
1411,176,176, 74
1412,176,176, 74
1413,176,176, 74
1414,176,176, 74
1415,176,176, 74
1416,176,176, 74
1417,176,176, 74
1418,176,176, 74
1419,176,176, 74
1420,176,176, 74
1421,176,176, 74
1422,176,176, 74
1423,176,176, 74
1424,176,176, 74
1425,176,176, 74
1426,176,176, 74
1427,176,176, 74
1428,176,176, 74
1429,176,176, 74
1430,176,176, 74
1431,176,176, 74
1432,176,176, 74
1433,176,176, 74
1434,175,175, 75
1435,175,175, 75
1436,175,175, 75
1437,175,175, 75
1438,175,175, 75
1439,175,175, 75
1440,175,175, 75
1441,175,175, 75
1442,175,175, 75
1443,175,175, 75
1444,175,175, 75
1445,175,175, 75
1446,175,175, 75
1447,175,175, 75
1448,175,175, 75
1449,175,175, 75
1450,175,175, 75
1451,175,175, 75
1452,174,174, 76
1453,174,174, 76
1454,174,174, 76
1455,174,174, 76
1456,174,174, 76
1457,174,174, 76
1458,174,174, 76
1459,174,174, 76
1460,174,174, 76
1461,174,174, 76
1462,174,174, 76
1463,174,174, 76
1464,174,174, 76
1465,174,174, 76
1466,174,174, 76
1467,174,174, 76
1468,174,174, 76
1469,174,174, 76
1470,174,174, 76
1471,174,174, 76
1472,174,174, 76
1473,174,174, 76
1474,174,174, 76
1475,174,174, 76
1476,174,174, 76
1477,174,174, 76
1478,174,174, 76
1479,174,174, 76
1480,174,174, 76
1481,174,174, 76
1482,174,174, 76
1483,174,174, 76
1484,174,174, 76
1485,174,174, 76
1486,174,174, 76
1487,174,174, 76
1488,174,174, 76
1489,174,174, 76
1490,174,174, 76
1491,174,174, 76
1492,174,174, 76
1493,174,174, 76
1494,174,174, 76
1495,174,174, 76
1496,174,174, 76
1497,174,174, 76
1498,174,174, 76
1499,174,174, 76
