0,249,249, 1
1,249,249, 1
2,249,249, 1
3,249,249, 1
4,249,249, 1
5,249,249, 1
6,249,249, 1
7,249,249, 1
8,249,249, 1
9,249,249, 1
10,249,249, 1
11,249,249, 1
12,249,249, 1
13,249,249, 1
14,249,249, 1
15,249,249, 1
16,248,248, 2
17,247,247, 3
18,247,247, 3
19,247,247, 3
20,247,247, 3
21,247,247, 3
22,247,247, 3
23,247,247, 3
24,247,247, 3
25,247,247, 3
26,247,247, 3
27,246,246, 4
28,246,246, 4
29,246,246, 4
30,246,246, 4
31,246,246, 4
32,246,246, 4
33,246,246, 4
34,246,246, 4
35,246,246, 4
36,246,246, 4
37,246,246, 4
38,246,246, 4
39,246,246, 4
40,246,246, 4
41,246,246, 4
42,246,246, 4
43,246,246, 4
44,246,246, 4
45,245,245, 5
46,245,245, 5
47,245,245, 5
48,245,245, 5
49,244,244, 6
50,244,244, 6
51,244,244, 6
52,244,244, 6
53,244,244, 6
54,243,243, 7
55,243,243, 7
56,242,242, 8
57,242,242, 8
58,242,242, 8
59,242,242, 8
60,242,242, 8
61,242,242, 8
62,242,242, 8
63,242,242, 8
64,242,242, 8
65,242,242, 8
66,242,242, 8
67,242,242, 8
68,242,242, 8
69,241,241, 9
70,241,241, 9
71,241,241, 9
72,241,241, 9
73,241,241, 9
74,241,241, 9
75,241,241, 9
76,241,241, 9
77,241,241, 9
78,241,241, 9
79,241,241, 9
80,241,241, 9
81,241,241, 9
82,240,240, 10
83,240,240, 10
84,240,240, 10
85,240,240, 10
86,240,240, 10
87,240,240, 10
88,240,240, 10
89,240,240, 10
90,240,240, 10
91,240,240, 10
92,240,240, 10
93,240,240, 10
94,240,240, 10
95,240,240, 10
96,240,240, 10
97,240,240, 10
98,240,240, 10
99,240,240, 10
100,240,240, 10
101,240,240, 10
102,240,240, 10
103,240,240, 10
104,240,240, 10
105,240,240, 10
106,240,240, 10
107,240,240, 10
108,240,240, 10
109,240,240, 10
110,240,240, 10
111,240,240, 10
112,240,240, 10
113,240,240, 10
114,240,240, 10
115,240,240, 10
116,240,240, 10
117,240,240, 10
118,240,240, 10
119,240,240, 10
120,240,240, 10
121,240,240, 10
122,240,240, 10
123,240,240, 10
124,240,240, 10
125,240,240, 10
126,240,240, 10
127,240,240, 10
128,240,240, 10
129,240,240, 10
130,240,240, 10
131,240,240, 10
132,240,240, 10
133,240,240, 10
134,240,240, 10
135,240,240, 10
136,240,240, 10
137,240,240, 10
138,240,240, 10
139,240,240, 10
140,240,240, 10
141,240,240, 10
142,240,240, 10
143,240,240, 10
144,240,240, 10
145,240,240, 10
146,240,240, 10
147,240,240, 10
148,240,240, 10
149,240,240, 10
150,240,240, 10
151,240,240, 10
152,240,240, 10
153,240,240, 10
154,240,240, 10
155,240,240, 10
156,240,240, 10
157,240,240, 10
158,240,240, 10
159,240,240, 10
160,240,240, 10
161,240,240, 10
162,240,240, 10
163,240,240, 10
164,240,240, 10
165,240,240, 10
166,240,240, 10
167,240,240, 10
168,240,240, 10
169,240,240, 10
170,240,240, 10
171,240,240, 10
172,240,240, 10
173,240,240, 10
174,240,240, 10
175,240,240, 10
176,240,240, 10
177,240,240, 10
178,240,240, 10
179,240,240, 10
180,240,240, 10
181,240,240, 10
182,240,240, 10
183,239,239, 11
184,239,239, 11
185,239,239, 11
186,239,239, 11
187,239,239, 11
188,239,239, 11
189,239,239, 11
190,239,239, 11
191,239,239, 11
192,239,239, 11
193,239,239, 11
194,239,239, 11
195,239,239, 11
196,239,239, 11
197,239,239, 11
198,239,239, 11
199,239,239, 11
200,239,239, 11
201,239,239, 11
202,239,239, 11
203,239,239, 11
204,239,239, 11
205,239,239, 11
206,239,239, 11
207,239,239, 11
208,239,239, 11
209,239,239, 11
210,239,239, 11
211,239,239, 11
212,239,239, 11
213,239,239, 11
214,239,239, 11
215,239,239, 11
216,239,239, 11
217,239,239, 11
218,239,239, 11
219,239,239, 11
220,239,239, 11
221,239,239, 11
222,239,239, 11
223,239,239, 11
224,239,239, 11
225,239,239, 11
226,239,239, 11
227,239,239, 11
228,239,239, 11
229,239,239, 11
230,239,239, 11
231,239,239, 11
232,239,239, 11
233,239,239, 11
234,239,239, 11
235,239,239, 11
236,239,239, 11
237,239,239, 11
238,239,239, 11
239,239,239, 11
240,239,239, 11
241,239,239, 11
242,239,239, 11
243,239,239, 11
244,239,239, 11
245,239,239, 11
246,239,239, 11
247,239,239, 11
248,239,239, 11
249,239,239, 11
250,239,239, 11
251,239,239, 11
252,239,239, 11
253,239,239, 11
254,239,239, 11
255,239,239, 11
256,239,239, 11
257,239,239, 11
258,239,239, 11
259,239,239, 11
260,239,239, 11
261,239,239, 11
262,239,239, 11
263,239,239, 11
264,239,239, 11
265,239,239, 11
266,239,239, 11
267,239,239, 11
268,239,239, 11
269,238,238, 12
270,238,238, 12
271,238,238, 12
272,238,238, 12
273,238,238, 12
274,238,238, 12
275,238,238, 12
276,237,237, 13
277,237,237, 13
278,237,237, 13
279,237,237, 13
280,237,237, 13
281,237,237, 13
282,236,236, 14
283,236,236, 14
284,236,236, 14
285,236,236, 14
286,236,236, 14
287,236,236, 14
288,236,236, 14
289,236,236, 14
290,236,236, 14
291,236,236, 14
292,236,236, 14
293,236,236, 14
294,236,236, 14
295,236,236, 14
296,236,236, 14
297,236,236, 14
298,236,236, 14
299,236,236, 14
300,236,236, 14
301,236,236, 14
302,236,236, 14
303,236,236, 14
304,236,236, 14
305,236,236, 14
306,236,236, 14
307,236,236, 14
308,235,235, 15
309,235,235, 15
310,235,235, 15
311,235,235, 15
312,235,235, 15
313,235,235, 15
314,235,235, 15
315,235,235, 15
316,235,235, 15
317,235,235, 15
318,235,235, 15
319,235,235, 15
320,235,235, 15
321,235,235, 15
322,235,235, 15
323,235,235, 15
324,235,235, 15
325,235,235, 15
326,235,235, 15
327,235,235, 15
328,235,235, 15
329,235,235, 15
330,235,235, 15
331,235,235, 15
332,235,235, 15
333,235,235, 15
334,235,235, 15
335,235,235, 15
336,234,234, 16
337,234,234, 16
338,234,234, 16
339,234,234, 16
340,234,234, 16
341,234,234, 16
342,234,234, 16
343,234,234, 16
344,234,234, 16
345,234,234, 16
346,234,234, 16
347,234,234, 16
348,234,234, 16
349,234,234, 16
350,234,234, 16
351,234,234, 16
352,234,234, 16
353,234,234, 16
354,234,234, 16
355,234,234, 16
356,234,234, 16
357,234,234, 16
358,234,234, 16
359,234,234, 16
360,234,234, 16
361,234,234, 16
362,234,234, 16
363,234,234, 16
364,234,234, 16
365,234,234, 16
366,233,233, 17
367,233,233, 17
368,233,233, 17
369,233,233, 17
370,233,233, 17
371,233,233, 17
372,233,233, 17
373,233,233, 17
374,233,233, 17
375,233,233, 17
376,233,233, 17
377,233,233, 17
378,233,233, 17
379,233,233, 17
380,233,233, 17
381,233,233, 17
382,233,233, 17
383,233,233, 17
384,233,233, 17
385,233,233, 17
386,233,233, 17
387,233,233, 17
388,233,233, 17
389,233,233, 17
390,233,233, 17
391,233,233, 17
392,233,233, 17
393,233,233, 17
394,233,233, 17
395,233,233, 17
396,233,233, 17
397,233,233, 17
398,233,233, 17
399,233,233, 17
400,233,233, 17
401,232,232, 18
402,232,232, 18
403,232,232, 18
404,232,232, 18
405,232,232, 18
406,232,232, 18
407,232,232, 18
408,232,232, 18
409,232,232, 18
410,232,232, 18
411,232,232, 18
412,232,232, 18
413,232,232, 18
414,232,232, 18
415,232,232, 18
416,232,232, 18
417,232,232, 18
418,232,232, 18
419,232,232, 18
420,232,232, 18
421,232,232, 18
422,232,232, 18
423,232,232, 18
424,232,232, 18
425,232,232, 18
426,232,232, 18
427,232,232, 18
428,232,232, 18
429,232,232, 18
430,232,232, 18
431,232,232, 18
432,232,232, 18
433,232,232, 18
434,232,232, 18
435,231,231, 19
436,231,231, 19
437,231,231, 19
438,231,231, 19
439,231,231, 19
440,231,231, 19
441,231,231, 19
442,231,231, 19
443,231,231, 19
444,231,231, 19
445,231,231, 19
446,231,231, 19
447,231,231, 19
448,231,231, 19
449,231,231, 19
450,231,231, 19
451,231,231, 19
452,231,231, 19
453,231,231, 19
454,231,231, 19
455,231,231, 19
456,231,231, 19
457,231,231, 19
458,231,231, 19
459,231,231, 19
460,231,231, 19
461,231,231, 19
462,231,231, 19
463,230,230, 20
464,230,230, 20
465,230,230, 20
466,230,230, 20
467,230,230, 20
468,230,230, 20
469,230,230, 20
470,229,229, 21
471,229,229, 21
472,229,229, 21
473,229,229, 21
474,229,229, 21
475,229,229, 21
476,229,229, 21
477,229,229, 21
478,229,229, 21
479,229,229, 21
480,229,229, 21
481,229,229, 21
482,229,229, 21
483,229,229, 21
484,229,229, 21
485,229,229, 21
486,229,229, 21
487,229,229, 21
488,229,229, 21
489,229,229, 21
490,229,229, 21
491,229,229, 21
492,229,229, 21
493,229,229, 21
494,229,229, 21
495,229,229, 21
496,229,229, 21
497,229,229, 21
498,229,229, 21
499,229,229, 21
500,229,229, 21
501,229,229, 21
502,229,229, 21
503,229,229, 21
504,229,229, 21
505,229,229, 21
506,229,229, 21
507,229,229, 21
508,229,229, 21
509,229,229, 21
510,229,229, 21
511,229,229, 21
512,229,229, 21
513,229,229, 21
514,229,229, 21
515,229,229, 21
516,229,229, 21
517,229,229, 21
518,229,229, 21
519,229,229, 21
520,229,229, 21
521,229,229, 21
522,229,229, 21
523,229,229, 21
524,229,229, 21
525,229,229, 21
526,229,229, 21
527,229,229, 21
528,229,229, 21
529,229,229, 21
530,229,229, 21
531,229,229, 21
532,229,229, 21
533,229,229, 21
534,229,229, 21
535,229,229, 21
536,229,229, 21
537,229,229, 21
538,229,229, 21
539,229,229, 21
540,229,229, 21
541,229,229, 21
542,229,229, 21
543,229,229, 21
544,229,229, 21
545,229,229, 21
546,229,229, 21
547,229,229, 21
548,229,229, 21
549,229,229, 21
550,229,229, 21
551,229,229, 21
552,229,229, 21
553,229,229, 21
554,229,229, 21
555,229,229, 21
556,229,229, 21
557,229,229, 21
558,229,229, 21
559,229,229, 21
560,229,229, 21
561,229,229, 21
562,229,229, 21
563,229,229, 21
564,229,229, 21
565,229,229, 21
566,229,229, 21
567,229,229, 21
568,229,229, 21
569,229,229, 21
570,229,229, 21
571,229,229, 21
572,228,228, 22
573,228,228, 22
574,228,228, 22
575,228,228, 22
576,228,228, 22
577,228,228, 22
578,228,228, 22
579,228,228, 22
580,228,228, 22
581,228,228, 22
582,228,228, 22
583,228,228, 22
584,228,228, 22
585,228,228, 22
586,228,228, 22
587,228,228, 22
588,228,228, 22
589,228,228, 22
590,228,228, 22
591,228,228, 22
592,228,228, 22
593,228,228, 22
594,228,228, 22
595,228,228, 22
596,228,228, 22
597,228,228, 22
598,228,228, 22
599,228,228, 22
600,228,228, 22
601,228,228, 22
602,228,228, 22
603,228,228, 22
604,228,228, 22
605,228,228, 22
606,228,228, 22
607,228,228, 22
608,228,228, 22
609,228,228, 22
610,228,228, 22
611,228,228, 22
612,228,228, 22
613,228,228, 22
614,228,228, 22
615,228,228, 22
616,228,228, 22
617,228,228, 22
618,228,228, 22
619,228,228, 22
620,228,228, 22
621,228,228, 22
622,228,228, 22
623,228,228, 22
624,228,228, 22
625,228,228, 22
626,228,228, 22
627,228,228, 22
628,228,228, 22
629,228,228, 22
630,228,228, 22
631,228,228, 22
632,228,228, 22
633,228,228, 22
634,228,228, 22
635,228,228, 22
636,228,228, 22
637,228,228, 22
638,228,228, 22
639,228,228, 22
640,228,228, 22
641,228,228, 22
642,228,228, 22
643,228,228, 22
644,228,228, 22
645,228,228, 22
646,228,228, 22
647,227,227, 23
648,227,227, 23
649,227,227, 23
650,227,227, 23
651,227,227, 23
652,227,227, 23
653,227,227, 23
654,227,227, 23
655,227,227, 23
656,227,227, 23
657,227,227, 23
658,227,227, 23
659,227,227, 23
660,227,227, 23
661,227,227, 23
662,227,227, 23
663,227,227, 23
664,227,227, 23
665,226,226, 24
666,226,226, 24
667,226,226, 24
668,226,226, 24
669,226,226, 24
670,226,226, 24
671,226,226, 24
672,226,226, 24
673,226,226, 24
674,226,226, 24
675,226,226, 24
676,226,226, 24
677,226,226, 24
678,226,226, 24
679,226,226, 24
680,226,226, 24
681,226,226, 24
682,226,226, 24
683,226,226, 24
684,226,226, 24
685,226,226, 24
686,226,226, 24
687,226,226, 24
688,226,226, 24
689,226,226, 24
690,226,226, 24
691,226,226, 24
692,226,226, 24
693,226,226, 24
694,226,226, 24
695,226,226, 24
696,226,226, 24
697,226,226, 24
698,226,226, 24
699,226,226, 24
700,226,226, 24
701,226,226, 24
702,226,226, 24
703,226,226, 24
704,226,226, 24
705,226,226, 24
706,226,226, 24
707,226,226, 24
708,226,226, 24
709,226,226, 24
710,226,226, 24
711,226,226, 24
712,226,226, 24
713,226,226, 24
714,226,226, 24
715,226,226, 24
716,226,226, 24
717,226,226, 24
718,226,226, 24
719,226,226, 24
720,226,226, 24
721,226,226, 24
722,226,226, 24
723,226,226, 24
724,226,226, 24
725,226,226, 24
726,226,226, 24
727,226,226, 24
728,226,226, 24
729,226,226, 24
730,226,226, 24
731,226,226, 24
732,226,226, 24
733,226,226, 24
734,226,226, 24
735,226,226, 24
736,226,226, 24
737,226,226, 24
738,226,226, 24
739,226,226, 24
740,226,226, 24
741,226,226, 24
742,226,226, 24
743,226,226, 24
744,226,226, 24
745,226,226, 24
746,226,226, 24
747,226,226, 24
748,226,226, 24
749,226,226, 24
750,226,226, 24
751,226,226, 24
752,226,226, 24
753,226,226, 24
754,226,226, 24
755,226,226, 24
756,226,226, 24
757,226,226, 24
758,226,226, 24
759,226,226, 24
760,226,226, 24
761,226,226, 24
762,226,226, 24
763,226,226, 24
764,226,226, 24
765,226,226, 24
766,226,226, 24
767,226,226, 24
768,226,226, 24
769,226,226, 24
770,226,226, 24
771,226,226, 24
772,226,226, 24
773,226,226, 24
774,226,226, 24
775,226,226, 24
776,226,226, 24
777,226,226, 24
778,226,226, 24
779,226,226, 24
780,226,226, 24
781,226,226, 24
782,226,226, 24
783,226,226, 24
784,226,226, 24
785,226,226, 24
786,226,226, 24
787,226,226, 24
788,226,226, 24
789,226,226, 24
790,226,226, 24
791,226,226, 24
792,226,226, 24
793,226,226, 24
794,226,226, 24
795,226,226, 24
796,226,226, 24
797,226,226, 24
798,226,226, 24
799,226,226, 24
800,226,226, 24
801,226,226, 24
802,226,226, 24
803,226,226, 24
804,226,226, 24
805,226,226, 24
806,226,226, 24
807,226,226, 24
808,226,226, 24
809,226,226, 24
810,226,226, 24
811,226,226, 24
812,226,226, 24
813,226,226, 24
814,226,226, 24
815,226,226, 24
816,226,226, 24
817,226,226, 24
818,226,226, 24
819,226,226, 24
820,226,226, 24
821,226,226, 24
822,226,226, 24
823,226,226, 24
824,226,226, 24
825,226,226, 24
826,226,226, 24
827,226,226, 24
828,226,226, 24
829,226,226, 24
830,226,226, 24
831,226,226, 24
832,226,226, 24
833,226,226, 24
834,226,226, 24
835,226,226, 24
836,226,226, 24
837,226,226, 24
838,226,226, 24
839,226,226, 24
840,226,226, 24
841,226,226, 24
842,226,226, 24
843,226,226, 24
844,226,226, 24
845,226,226, 24
846,226,226, 24
847,226,226, 24
848,226,226, 24
849,226,226, 24
850,226,226, 24
851,226,226, 24
852,226,226, 24
853,226,226, 24
854,226,226, 24
855,226,226, 24
856,226,226, 24
857,226,226, 24
858,226,226, 24
859,226,226, 24
860,226,226, 24
861,226,226, 24
862,226,226, 24
863,226,226, 24
864,226,226, 24
865,226,226, 24
866,226,226, 24
867,226,226, 24
868,226,226, 24
869,226,226, 24
870,226,226, 24
871,226,226, 24
872,226,226, 24
873,226,226, 24
874,226,226, 24
875,226,226, 24
876,226,226, 24
877,226,226, 24
878,226,226, 24
879,226,226, 24
880,226,226, 24
881,226,226, 24
882,226,226, 24
883,226,226, 24
884,226,226, 24
885,226,226, 24
886,226,226, 24
887,226,226, 24
888,226,226, 24
889,226,226, 24
890,226,226, 24
891,226,226, 24
892,226,226, 24
893,226,226, 24
894,226,226, 24
895,226,226, 24
896,226,226, 24
897,226,226, 24
898,226,226, 24
899,226,226, 24
900,226,226, 24
901,226,226, 24
902,226,226, 24
903,226,226, 24
904,226,226, 24
905,226,226, 24
906,226,226, 24
907,226,226, 24
908,226,226, 24
909,226,226, 24
910,226,226, 24
911,226,226, 24
912,226,226, 24
913,226,226, 24
914,226,226, 24
915,226,226, 24
916,226,226, 24
917,226,226, 24
918,226,226, 24
919,226,226, 24
920,226,226, 24
921,226,226, 24
922,226,226, 24
923,226,226, 24
924,226,226, 24
925,226,226, 24
926,226,226, 24
927,226,226, 24
928,226,226, 24
929,226,226, 24
930,226,226, 24
931,226,226, 24
932,226,226, 24
933,226,226, 24
934,226,226, 24
935,226,226, 24
936,226,226, 24
937,226,226, 24
938,226,226, 24
939,226,226, 24
940,226,226, 24
941,226,226, 24
942,226,226, 24
943,226,226, 24
944,226,226, 24
945,226,226, 24
946,226,226, 24
947,226,226, 24
948,226,226, 24
949,226,226, 24
950,226,226, 24
951,226,226, 24
952,226,226, 24
953,226,226, 24
954,226,226, 24
955,226,226, 24
956,226,226, 24
957,226,226, 24
958,226,226, 24
959,226,226, 24
960,226,226, 24
961,226,226, 24
962,226,226, 24
963,226,226, 24
964,226,226, 24
965,226,226, 24
966,226,226, 24
967,226,226, 24
968,226,226, 24
969,226,226, 24
970,226,226, 24
971,226,226, 24
972,226,226, 24
973,226,226, 24
974,226,226, 24
975,226,226, 24
976,226,226, 24
977,226,226, 24
978,226,226, 24
979,226,226, 24
980,225,225, 25
981,225,225, 25
982,224,224, 26
983,224,224, 26
984,224,224, 26
985,224,224, 26
986,224,224, 26
987,224,224, 26
988,224,224, 26
989,224,224, 26
990,224,224, 26
991,224,224, 26
992,224,224, 26
993,223,223, 27
994,223,223, 27
995,223,223, 27
996,223,223, 27
997,223,223, 27
998,223,223, 27
999,223,223, 27
1000,223,223, 27
1001,223,223, 27
1002,223,223, 27
1003,223,223, 27
1004,223,223, 27
1005,223,223, 27
1006,223,223, 27
1007,223,223, 27
1008,223,223, 27
1009,223,223, 27
1010,223,223, 27
1011,223,223, 27
1012,223,223, 27
1013,223,223, 27
1014,223,223, 27
1015,223,223, 27
1016,223,223, 27
1017,223,223, 27
1018,223,223, 27
1019,223,223, 27
1020,223,223, 27
1021,223,223, 27
1022,223,223, 27
1023,223,223, 27
1024,223,223, 27
1025,223,223, 27
1026,223,223, 27
1027,223,223, 27
1028,223,223, 27
1029,223,223, 27
1030,223,223, 27
1031,223,223, 27
1032,223,223, 27
1033,223,223, 27
1034,223,223, 27
1035,223,223, 27
1036,223,223, 27
1037,223,223, 27
1038,223,223, 27
1039,223,223, 27
1040,223,223, 27
1041,223,223, 27
1042,223,223, 27
1043,222,222, 28
1044,222,222, 28
1045,222,222, 28
1046,222,222, 28
1047,222,222, 28
1048,222,222, 28
1049,222,222, 28
1050,222,222, 28
1051,222,222, 28
1052,222,222, 28
1053,222,222, 28
1054,222,222, 28
1055,222,222, 28
1056,222,222, 28
1057,222,222, 28
1058,222,222, 28
1059,222,222, 28
1060,222,222, 28
1061,222,222, 28
1062,222,222, 28
1063,222,222, 28
1064,222,222, 28
1065,222,222, 28
1066,222,222, 28
1067,222,222, 28
1068,222,222, 28
1069,222,222, 28
1070,222,222, 28
1071,222,222, 28
1072,222,222, 28
1073,222,222, 28
1074,222,222, 28
1075,222,222, 28
1076,222,222, 28
1077,222,222, 28
1078,222,222, 28
1079,222,222, 28
1080,222,222, 28
1081,222,222, 28
1082,222,222, 28
1083,222,222, 28
1084,222,222, 28
1085,222,222, 28
1086,222,222, 28
1087,222,222, 28
1088,222,222, 28
1089,222,222, 28
1090,222,222, 28
1091,222,222, 28
1092,222,222, 28
1093,222,222, 28
1094,222,222, 28
1095,222,222, 28
1096,222,222, 28
1097,222,222, 28
1098,222,222, 28
1099,222,222, 28
1100,222,222, 28
1101,222,222, 28
1102,222,222, 28
1103,222,222, 28
1104,222,222, 28
1105,222,222, 28
1106,222,222, 28
1107,222,222, 28
1108,222,222, 28
1109,221,221, 29
1110,221,221, 29
1111,221,221, 29
1112,221,221, 29
1113,221,221, 29
1114,221,221, 29
1115,221,221, 29
1116,221,221, 29
1117,221,221, 29
1118,221,221, 29
1119,221,221, 29
1120,221,221, 29
1121,221,221, 29
1122,221,221, 29
1123,221,221, 29
1124,221,221, 29
1125,221,221, 29
1126,221,221, 29
1127,221,221, 29
1128,221,221, 29
1129,221,221, 29
1130,221,221, 29
1131,221,221, 29
1132,221,221, 29
1133,221,221, 29
1134,221,221, 29
1135,221,221, 29
1136,221,221, 29
1137,221,221, 29
1138,221,221, 29
1139,221,221, 29
1140,221,221, 29
1141,221,221, 29
1142,221,221, 29
1143,221,221, 29
1144,221,221, 29
1145,221,221, 29
1146,221,221, 29
1147,221,221, 29
1148,221,221, 29
1149,221,221, 29
1150,221,221, 29
1151,221,221, 29
1152,221,221, 29
1153,221,221, 29
1154,221,221, 29
1155,221,221, 29
1156,221,221, 29
1157,221,221, 29
1158,220,220, 30
1159,220,220, 30
1160,220,220, 30
1161,220,220, 30
1162,220,220, 30
1163,220,220, 30
1164,220,220, 30
1165,220,220, 30
1166,220,220, 30
1167,220,220, 30
1168,220,220, 30
1169,220,220, 30
1170,220,220, 30
1171,220,220, 30
1172,220,220, 30
1173,220,220, 30
1174,220,220, 30
1175,220,220, 30
1176,220,220, 30
1177,220,220, 30
1178,220,220, 30
1179,220,220, 30
1180,220,220, 30
1181,220,220, 30
1182,220,220, 30
1183,220,220, 30
1184,220,220, 30
1185,220,220, 30
1186,220,220, 30
1187,220,220, 30
1188,220,220, 30
1189,220,220, 30
1190,220,220, 30
1191,220,220, 30
1192,220,220, 30
1193,220,220, 30
1194,220,220, 30
1195,220,220, 30
1196,220,220, 30
1197,220,220, 30
1198,220,220, 30
1199,220,220, 30
1200,220,220, 30
1201,220,220, 30
1202,220,220, 30
1203,220,220, 30
1204,220,220, 30
1205,220,220, 30
1206,220,220, 30
1207,220,220, 30
1208,220,220, 30
1209,220,220, 30
1210,220,220, 30
1211,220,220, 30
1212,220,220, 30
1213,220,220, 30
1214,220,220, 30
1215,220,220, 30
1216,220,220, 30
1217,220,220, 30
1218,220,220, 30
1219,220,220, 30
1220,220,220, 30
1221,220,220, 30
1222,220,220, 30
1223,220,220, 30
1224,220,220, 30
1225,220,220, 30
1226,220,220, 30
1227,220,220, 30
1228,220,220, 30
1229,220,220, 30
1230,220,220, 30
1231,219,219, 31
1232,219,219, 31
1233,219,219, 31
1234,219,219, 31
1235,219,219, 31
1236,219,219, 31
1237,219,219, 31
1238,219,219, 31
1239,219,219, 31
1240,219,219, 31
1241,219,219, 31
1242,219,219, 31
1243,219,219, 31
1244,219,219, 31
1245,219,219, 31
1246,219,219, 31
1247,219,219, 31
1248,219,219, 31
1249,219,219, 31
1250,219,219, 31
1251,219,219, 31
1252,219,219, 31
1253,219,219, 31
1254,219,219, 31
1255,219,219, 31
1256,219,219, 31
1257,219,219, 31
1258,219,219, 31
1259,219,219, 31
1260,219,219, 31
1261,219,219, 31
1262,219,219, 31
1263,219,219, 31
1264,219,219, 31
1265,219,219, 31
1266,219,219, 31
1267,219,219, 31
1268,219,219, 31
1269,219,219, 31
1270,219,219, 31
1271,219,219, 31
1272,219,219, 31
1273,219,219, 31
1274,219,219, 31
1275,219,219, 31
1276,219,219, 31
1277,219,219, 31
1278,218,218, 32
1279,218,218, 32
1280,218,218, 32
1281,218,218, 32
1282,218,218, 32
1283,218,218, 32
1284,218,218, 32
1285,218,218, 32
1286,218,218, 32
1287,218,218, 32
1288,218,218, 32
1289,218,218, 32
1290,218,218, 32
1291,218,218, 32
1292,218,218, 32
1293,218,218, 32
1294,218,218, 32
1295,218,218, 32
1296,218,218, 32
1297,218,218, 32
1298,218,218, 32
1299,218,218, 32
1300,218,218, 32
1301,218,218, 32
1302,218,218, 32
1303,218,218, 32
1304,218,218, 32
1305,218,218, 32
1306,218,218, 32
1307,218,218, 32
1308,218,218, 32
1309,218,218, 32
1310,218,218, 32
1311,218,218, 32
1312,218,218, 32
1313,218,218, 32
1314,218,218, 32
1315,218,218, 32
1316,218,218, 32
1317,218,218, 32
1318,218,218, 32
1319,218,218, 32
1320,218,218, 32
1321,218,218, 32
1322,218,218, 32
1323,218,218, 32
1324,218,218, 32
1325,218,218, 32
1326,218,218, 32
1327,218,218, 32
1328,218,218, 32
1329,218,218, 32
1330,218,218, 32
1331,218,218, 32
1332,218,218, 32
1333,218,218, 32
1334,218,218, 32
1335,218,218, 32
1336,218,218, 32
1337,218,218, 32
1338,218,218, 32
1339,218,218, 32
1340,218,218, 32
1341,218,218, 32
1342,218,218, 32
1343,218,218, 32
1344,218,218, 32
1345,218,218, 32
1346,218,218, 32
1347,218,218, 32
1348,218,218, 32
1349,218,218, 32
1350,218,218, 32
1351,218,218, 32
1352,218,218, 32
1353,218,218, 32
1354,218,218, 32
1355,218,218, 32
1356,218,218, 32
1357,218,218, 32
1358,218,218, 32
1359,218,218, 32
1360,218,218, 32
1361,218,218, 32
1362,218,218, 32
1363,218,218, 32
1364,218,218, 32
1365,218,218, 32
1366,218,218, 32
1367,218,218, 32
1368,218,218, 32
1369,218,218, 32
1370,218,218, 32
1371,218,218, 32
1372,218,218, 32
1373,218,218, 32
1374,218,218, 32
1375,218,218, 32
1376,218,218, 32
1377,218,218, 32
1378,218,218, 32
1379,218,218, 32
1380,218,218, 32
1381,218,218, 32
1382,218,218, 32
1383,218,218, 32
1384,218,218, 32
1385,218,218, 32
1386,218,218, 32
1387,218,218, 32
1388,218,218, 32
1389,218,218, 32
1390,218,218, 32
1391,218,218, 32
1392,218,218, 32
1393,218,218, 32
1394,218,218, 32
1395,218,218, 32
1396,218,218, 32
1397,218,218, 32
1398,218,218, 32
1399,218,218, 32
1400,218,218, 32
1401,218,218, 32
1402,218,218, 32
1403,218,218, 32
1404,218,218, 32
1405,218,218, 32
1406,218,218, 32
1407,218,218, 32
1408,218,218, 32
1409,218,218, 32
1410,218,218, 32
1411,218,218, 32
1412,218,218, 32
1413,218,218, 32
1414,218,218, 32
1415,218,218, 32
1416,218,218, 32
1417,218,218, 32
1418,218,218, 32
1419,218,218, 32
1420,218,218, 32
1421,218,218, 32
1422,218,218, 32
1423,218,218, 32
1424,218,218, 32
1425,218,218, 32
1426,218,218, 32
1427,218,218, 32
1428,218,218, 32
1429,218,218, 32
1430,218,218, 32
1431,218,218, 32
1432,218,218, 32
1433,218,218, 32
1434,218,218, 32
1435,218,218, 32
1436,218,218, 32
1437,218,218, 32
1438,218,218, 32
1439,218,218, 32
1440,218,218, 32
1441,218,218, 32
1442,218,218, 32
1443,218,218, 32
1444,218,218, 32
1445,218,218, 32
1446,218,218, 32
1447,218,218, 32
1448,218,218, 32
1449,218,218, 32
1450,218,218, 32
1451,218,218, 32
1452,218,218, 32
1453,218,218, 32
1454,218,218, 32
1455,218,218, 32
1456,218,218, 32
1457,218,218, 32
1458,218,218, 32
1459,218,218, 32
1460,218,218, 32
1461,218,218, 32
1462,218,218, 32
1463,218,218, 32
1464,218,218, 32
1465,218,218, 32
1466,218,218, 32
1467,218,218, 32
1468,218,218, 32
1469,218,218, 32
1470,218,218, 32
1471,218,218, 32
1472,218,218, 32
1473,218,218, 32
1474,218,218, 32
1475,217,217, 33
1476,217,217, 33
1477,217,217, 33
1478,217,217, 33
1479,217,217, 33
1480,217,217, 33
1481,217,217, 33
1482,217,217, 33
1483,217,217, 33
1484,217,217, 33
1485,217,217, 33
1486,217,217, 33
1487,217,217, 33
1488,217,217, 33
1489,217,217, 33
1490,217,217, 33
1491,217,217, 33
1492,217,217, 33
1493,217,217, 33
1494,217,217, 33
1495,217,217, 33
1496,217,217, 33
1497,217,217, 33
1498,217,217, 33
1499,217,217, 33
