0,250,250, 0
1,250,250, 0
2,250,250, 0
3,250,250, 0
4,250,250, 0
5,250,250, 0
6,250,250, 0
7,250,250, 0
8,249,249, 1
9,249,249, 1
10,248,248, 2
11,248,248, 2
12,248,248, 2
13,248,248, 2
14,247,247, 3
15,247,247, 3
16,247,247, 3
17,247,247, 3
18,247,247, 3
19,247,247, 3
20,247,247, 3
21,247,247, 3
22,247,247, 3
23,247,247, 3
24,247,247, 3
25,247,247, 3
26,247,247, 3
27,247,247, 3
28,247,247, 3
29,247,247, 3
30,247,247, 3
31,247,247, 3
32,247,247, 3
33,247,247, 3
34,247,247, 3
35,247,247, 3
36,247,247, 3
37,247,247, 3
38,246,246, 4
39,246,246, 4
40,246,246, 4
41,246,246, 4
42,245,245, 5
43,245,245, 5
44,245,245, 5
45,244,244, 6
46,244,244, 6
47,244,244, 6
48,244,244, 6
49,244,244, 6
50,244,244, 6
51,244,244, 6
52,244,244, 6
53,244,244, 6
54,244,244, 6
55,244,244, 6
56,244,244, 6
57,244,244, 6
58,244,244, 6
59,244,244, 6
60,243,243, 7
61,243,243, 7
62,243,243, 7
63,243,243, 7
64,243,243, 7
65,243,243, 7
66,243,243, 7
67,243,243, 7
68,243,243, 7
69,243,243, 7
70,243,243, 7
71,243,243, 7
72,243,243, 7
73,243,243, 7
74,243,243, 7
75,243,243, 7
76,243,243, 7
77,243,243, 7
78,243,243, 7
79,243,243, 7
80,243,243, 7
81,243,243, 7
82,243,243, 7
83,243,243, 7
84,243,243, 7
85,243,243, 7
86,243,243, 7
87,243,243, 7
88,243,243, 7
89,243,243, 7
90,243,243, 7
91,243,243, 7
92,243,243, 7
93,243,243, 7
94,243,243, 7
95,243,243, 7
96,243,243, 7
97,243,243, 7
98,243,243, 7
99,243,243, 7
100,243,243, 7
101,243,243, 7
102,243,243, 7
103,243,243, 7
104,243,243, 7
105,243,243, 7
106,243,243, 7
107,242,242, 8
108,242,242, 8
109,242,242, 8
110,242,242, 8
111,242,242, 8
112,242,242, 8
113,242,242, 8
114,242,242, 8
115,242,242, 8
116,242,242, 8
117,242,242, 8
118,242,242, 8
119,242,242, 8
120,242,242, 8
121,242,242, 8
122,242,242, 8
123,242,242, 8
124,242,242, 8
125,242,242, 8
126,242,242, 8
127,242,242, 8
128,242,242, 8
129,242,242, 8
130,242,242, 8
131,242,242, 8
132,242,242, 8
133,242,242, 8
134,242,242, 8
135,242,242, 8
136,242,242, 8
137,242,242, 8
138,242,242, 8
139,242,242, 8
140,242,242, 8
141,242,242, 8
142,242,242, 8
143,242,242, 8
144,242,242, 8
145,242,242, 8
146,242,242, 8
147,242,242, 8
148,242,242, 8
149,242,242, 8
150,242,242, 8
151,242,242, 8
152,242,242, 8
153,242,242, 8
154,242,242, 8
155,242,242, 8
156,242,242, 8
157,242,242, 8
158,242,242, 8
159,242,242, 8
160,242,242, 8
161,242,242, 8
162,242,242, 8
163,242,242, 8
164,242,242, 8
165,242,242, 8
166,242,242, 8
167,242,242, 8
168,242,242, 8
169,242,242, 8
170,242,242, 8
171,242,242, 8
172,242,242, 8
173,242,242, 8
174,242,242, 8
175,242,242, 8
176,242,242, 8
177,242,242, 8
178,242,242, 8
179,241,241, 9
180,241,241, 9
181,241,241, 9
182,241,241, 9
183,241,241, 9
184,241,241, 9
185,241,241, 9
186,241,241, 9
187,241,241, 9
188,241,241, 9
189,241,241, 9
190,241,241, 9
191,241,241, 9
192,241,241, 9
193,241,241, 9
194,241,241, 9
195,241,241, 9
196,241,241, 9
197,241,241, 9
198,241,241, 9
199,241,241, 9
200,241,241, 9
201,241,241, 9
202,241,241, 9
203,241,241, 9
204,241,241, 9
205,241,241, 9
206,241,241, 9
207,241,241, 9
208,241,241, 9
209,241,241, 9
210,240,240, 10
211,240,240, 10
212,240,240, 10
213,240,240, 10
214,240,240, 10
215,240,240, 10
216,240,240, 10
217,240,240, 10
218,240,240, 10
219,240,240, 10
220,240,240, 10
221,240,240, 10
222,240,240, 10
223,240,240, 10
224,240,240, 10
225,240,240, 10
226,240,240, 10
227,240,240, 10
228,240,240, 10
229,240,240, 10
230,240,240, 10
231,240,240, 10
232,240,240, 10
233,240,240, 10
234,240,240, 10
235,240,240, 10
236,240,240, 10
237,240,240, 10
238,240,240, 10
239,240,240, 10
240,240,240, 10
241,240,240, 10
242,240,240, 10
243,240,240, 10
244,240,240, 10
245,240,240, 10
246,240,240, 10
247,240,240, 10
248,240,240, 10
249,240,240, 10
250,240,240, 10
251,239,239, 11
252,239,239, 11
253,239,239, 11
254,239,239, 11
255,239,239, 11
256,239,239, 11
257,239,239, 11
258,239,239, 11
259,239,239, 11
260,239,239, 11
261,239,239, 11
262,239,239, 11
263,239,239, 11
264,239,239, 11
265,239,239, 11
266,239,239, 11
267,239,239, 11
268,239,239, 11
269,239,239, 11
270,239,239, 11
271,239,239, 11
272,239,239, 11
273,239,239, 11
274,239,239, 11
275,239,239, 11
276,239,239, 11
277,239,239, 11
278,239,239, 11
279,239,239, 11
280,239,239, 11
281,239,239, 11
282,239,239, 11
283,239,239, 11
284,239,239, 11
285,239,239, 11
286,239,239, 11
287,239,239, 11
288,239,239, 11
289,239,239, 11
290,238,238, 12
291,238,238, 12
292,238,238, 12
293,238,238, 12
294,238,238, 12
295,238,238, 12
296,238,238, 12
297,238,238, 12
298,238,238, 12
299,238,238, 12
300,238,238, 12
301,238,238, 12
302,238,238, 12
303,238,238, 12
304,238,238, 12
305,238,238, 12
306,238,238, 12
307,238,238, 12
308,238,238, 12
309,238,238, 12
310,238,238, 12
311,238,238, 12
312,238,238, 12
313,238,238, 12
314,238,238, 12
315,238,238, 12
316,238,238, 12
317,238,238, 12
318,238,238, 12
319,238,238, 12
320,238,238, 12
321,238,238, 12
322,238,238, 12
323,238,238, 12
324,238,238, 12
325,238,238, 12
326,238,238, 12
327,238,238, 12
328,238,238, 12
329,238,238, 12
330,238,238, 12
331,238,238, 12
332,238,238, 12
333,238,238, 12
334,238,238, 12
335,238,238, 12
336,238,238, 12
337,238,238, 12
338,238,238, 12
339,238,238, 12
340,238,238, 12
341,238,238, 12
342,238,238, 12
343,238,238, 12
344,238,238, 12
345,238,238, 12
346,238,238, 12
347,238,238, 12
348,238,238, 12
349,238,238, 12
350,238,238, 12
351,238,238, 12
352,238,238, 12
353,238,238, 12
354,238,238, 12
355,238,238, 12
356,238,238, 12
357,238,238, 12
358,238,238, 12
359,238,238, 12
360,238,238, 12
361,238,238, 12
362,238,238, 12
363,238,238, 12
364,238,238, 12
365,238,238, 12
366,238,238, 12
367,238,238, 12
368,238,238, 12
369,238,238, 12
370,238,238, 12
371,238,238, 12
372,238,238, 12
373,238,238, 12
374,238,238, 12
375,238,238, 12
376,238,238, 12
377,238,238, 12
378,238,238, 12
379,238,238, 12
380,238,238, 12
381,238,238, 12
382,238,238, 12
383,238,238, 12
384,238,238, 12
385,238,238, 12
386,238,238, 12
387,238,238, 12
388,238,238, 12
389,238,238, 12
390,238,238, 12
391,238,238, 12
392,238,238, 12
393,238,238, 12
394,238,238, 12
395,238,238, 12
396,238,238, 12
397,238,238, 12
398,238,238, 12
399,238,238, 12
400,238,238, 12
401,238,238, 12
402,238,238, 12
403,238,238, 12
404,238,238, 12
405,238,238, 12
406,238,238, 12
407,238,238, 12
408,238,238, 12
409,238,238, 12
410,238,238, 12
411,238,238, 12
412,238,238, 12
413,238,238, 12
414,238,238, 12
415,238,238, 12
416,238,238, 12
417,238,238, 12
418,238,238, 12
419,238,238, 12
420,238,238, 12
421,238,238, 12
422,238,238, 12
423,238,238, 12
424,238,238, 12
425,238,238, 12
426,238,238, 12
427,238,238, 12
428,238,238, 12
429,238,238, 12
430,238,238, 12
431,238,238, 12
432,238,238, 12
433,238,238, 12
434,238,238, 12
435,237,237, 13
436,237,237, 13
437,237,237, 13
438,237,237, 13
439,237,237, 13
440,237,237, 13
441,237,237, 13
442,237,237, 13
443,237,237, 13
444,237,237, 13
445,237,237, 13
446,237,237, 13
447,237,237, 13
448,237,237, 13
449,237,237, 13
450,237,237, 13
451,237,237, 13
452,237,237, 13
453,237,237, 13
454,237,237, 13
455,237,237, 13
456,237,237, 13
457,237,237, 13
458,237,237, 13
459,237,237, 13
460,237,237, 13
461,237,237, 13
462,237,237, 13
463,237,237, 13
464,237,237, 13
465,237,237, 13
466,237,237, 13
467,237,237, 13
468,237,237, 13
469,237,237, 13
470,237,237, 13
471,237,237, 13
472,237,237, 13
473,237,237, 13
474,237,237, 13
475,237,237, 13
476,237,237, 13
477,237,237, 13
478,237,237, 13
479,237,237, 13
480,237,237, 13
481,237,237, 13
482,237,237, 13
483,237,237, 13
484,237,237, 13
485,237,237, 13
486,237,237, 13
487,237,237, 13
488,237,237, 13
489,237,237, 13
490,237,237, 13
491,237,237, 13
492,237,237, 13
493,237,237, 13
494,237,237, 13
495,237,237, 13
496,237,237, 13
497,237,237, 13
498,237,237, 13
499,237,237, 13
500,237,237, 13
501,237,237, 13
502,237,237, 13
503,237,237, 13
504,237,237, 13
505,237,237, 13
506,237,237, 13
507,237,237, 13
508,237,237, 13
509,237,237, 13
510,237,237, 13
511,237,237, 13
512,237,237, 13
513,237,237, 13
514,237,237, 13
515,237,237, 13
516,237,237, 13
517,237,237, 13
518,237,237, 13
519,237,237, 13
520,237,237, 13
521,237,237, 13
522,237,237, 13
523,237,237, 13
524,237,237, 13
525,237,237, 13
526,237,237, 13
527,237,237, 13
528,237,237, 13
529,237,237, 13
530,237,237, 13
531,237,237, 13
532,237,237, 13
533,237,237, 13
534,237,237, 13
535,237,237, 13
536,237,237, 13
537,237,237, 13
538,237,237, 13
539,237,237, 13
540,237,237, 13
541,237,237, 13
542,237,237, 13
543,237,237, 13
544,237,237, 13
545,237,237, 13
546,237,237, 13
547,237,237, 13
548,237,237, 13
549,237,237, 13
550,237,237, 13
551,237,237, 13
552,237,237, 13
553,237,237, 13
554,237,237, 13
555,237,237, 13
556,237,237, 13
557,237,237, 13
558,237,237, 13
559,237,237, 13
560,237,237, 13
561,237,237, 13
562,237,237, 13
563,237,237, 13
564,237,237, 13
565,236,236, 14
566,236,236, 14
567,236,236, 14
568,236,236, 14
569,236,236, 14
570,236,236, 14
571,236,236, 14
572,236,236, 14
573,236,236, 14
574,236,236, 14
575,236,236, 14
576,236,236, 14
577,236,236, 14
578,236,236, 14
579,236,236, 14
580,236,236, 14
581,236,236, 14
582,236,236, 14
583,236,236, 14
584,236,236, 14
585,236,236, 14
586,236,236, 14
587,236,236, 14
588,236,236, 14
589,236,236, 14
590,236,236, 14
591,236,236, 14
592,236,236, 14
593,236,236, 14
594,236,236, 14
595,236,236, 14
596,236,236, 14
597,236,236, 14
598,236,236, 14
599,236,236, 14
600,236,236, 14
601,236,236, 14
602,235,235, 15
603,235,235, 15
604,235,235, 15
605,235,235, 15
606,235,235, 15
607,235,235, 15
608,235,235, 15
609,235,235, 15
610,235,235, 15
611,235,235, 15
612,235,235, 15
613,235,235, 15
614,235,235, 15
615,235,235, 15
616,235,235, 15
617,235,235, 15
618,235,235, 15
619,235,235, 15
620,235,235, 15
621,235,235, 15
622,235,235, 15
623,235,235, 15
624,235,235, 15
625,235,235, 15
626,235,235, 15
627,235,235, 15
628,235,235, 15
629,235,235, 15
630,235,235, 15
631,235,235, 15
632,235,235, 15
633,235,235, 15
634,235,235, 15
635,235,235, 15
636,235,235, 15
637,235,235, 15
638,235,235, 15
639,235,235, 15
640,235,235, 15
641,235,235, 15
642,235,235, 15
643,235,235, 15
644,235,235, 15
645,235,235, 15
646,235,235, 15
647,235,235, 15
648,235,235, 15
649,235,235, 15
650,235,235, 15
651,235,235, 15
652,235,235, 15
653,235,235, 15
654,235,235, 15
655,235,235, 15
656,235,235, 15
657,235,235, 15
658,235,235, 15
659,235,235, 15
660,235,235, 15
661,235,235, 15
662,235,235, 15
663,235,235, 15
664,235,235, 15
665,235,235, 15
666,235,235, 15
667,235,235, 15
668,235,235, 15
669,235,235, 15
670,235,235, 15
671,235,235, 15
672,235,235, 15
673,235,235, 15
674,235,235, 15
675,235,235, 15
676,235,235, 15
677,235,235, 15
678,235,235, 15
679,235,235, 15
680,235,235, 15
681,235,235, 15
682,235,235, 15
683,235,235, 15
684,235,235, 15
685,235,235, 15
686,235,235, 15
687,235,235, 15
688,235,235, 15
689,235,235, 15
690,235,235, 15
691,235,235, 15
692,235,235, 15
693,235,235, 15
694,235,235, 15
695,235,235, 15
696,235,235, 15
697,235,235, 15
698,235,235, 15
699,235,235, 15
700,235,235, 15
701,235,235, 15
702,235,235, 15
703,235,235, 15
704,235,235, 15
705,235,235, 15
706,235,235, 15
707,235,235, 15
708,235,235, 15
709,235,235, 15
710,235,235, 15
711,235,235, 15
712,235,235, 15
713,235,235, 15
714,235,235, 15
715,235,235, 15
716,235,235, 15
717,235,235, 15
718,235,235, 15
719,235,235, 15
720,235,235, 15
721,235,235, 15
722,235,235, 15
723,235,235, 15
724,235,235, 15
725,235,235, 15
726,235,235, 15
727,235,235, 15
728,235,235, 15
729,235,235, 15
730,235,235, 15
731,235,235, 15
732,235,235, 15
733,235,235, 15
734,235,235, 15
735,235,235, 15
736,235,235, 15
737,235,235, 15
738,235,235, 15
739,235,235, 15
740,235,235, 15
741,235,235, 15
742,235,235, 15
743,235,235, 15
744,235,235, 15
745,235,235, 15
746,235,235, 15
747,235,235, 15
748,235,235, 15
749,235,235, 15
750,235,235, 15
751,235,235, 15
752,235,235, 15
753,235,235, 15
754,235,235, 15
755,235,235, 15
756,235,235, 15
757,235,235, 15
758,235,235, 15
759,235,235, 15
760,235,235, 15
761,235,235, 15
762,235,235, 15
763,235,235, 15
764,235,235, 15
765,235,235, 15
766,235,235, 15
767,235,235, 15
768,235,235, 15
769,235,235, 15
770,235,235, 15
771,235,235, 15
772,235,235, 15
773,235,235, 15
774,235,235, 15
775,235,235, 15
776,235,235, 15
777,235,235, 15
778,235,235, 15
779,235,235, 15
780,235,235, 15
781,235,235, 15
782,234,234, 16
783,234,234, 16
784,234,234, 16
785,234,234, 16
786,234,234, 16
787,234,234, 16
788,234,234, 16
789,234,234, 16
790,234,234, 16
791,234,234, 16
792,234,234, 16
793,234,234, 16
794,234,234, 16
795,234,234, 16
796,234,234, 16
797,234,234, 16
798,234,234, 16
799,234,234, 16
800,234,234, 16
801,234,234, 16
802,234,234, 16
803,234,234, 16
804,234,234, 16
805,234,234, 16
806,234,234, 16
807,234,234, 16
808,234,234, 16
809,234,234, 16
810,234,234, 16
811,234,234, 16
812,234,234, 16
813,234,234, 16
814,234,234, 16
815,234,234, 16
816,234,234, 16
817,234,234, 16
818,234,234, 16
819,234,234, 16
820,233,233, 17
821,233,233, 17
822,233,233, 17
823,233,233, 17
824,233,233, 17
825,233,233, 17
826,233,233, 17
827,233,233, 17
828,233,233, 17
829,233,233, 17
830,233,233, 17
831,233,233, 17
832,233,233, 17
833,233,233, 17
834,233,233, 17
835,233,233, 17
836,233,233, 17
837,233,233, 17
838,233,233, 17
839,233,233, 17
840,233,233, 17
841,233,233, 17
842,233,233, 17
843,233,233, 17
844,233,233, 17
845,233,233, 17
846,233,233, 17
847,233,233, 17
848,233,233, 17
849,233,233, 17
850,233,233, 17
851,233,233, 17
852,233,233, 17
853,233,233, 17
854,233,233, 17
855,233,233, 17
856,233,233, 17
857,233,233, 17
858,233,233, 17
859,233,233, 17
860,233,233, 17
861,233,233, 17
862,233,233, 17
863,233,233, 17
864,233,233, 17
865,233,233, 17
866,233,233, 17
867,233,233, 17
868,233,233, 17
869,233,233, 17
870,233,233, 17
871,233,233, 17
872,233,233, 17
873,233,233, 17
874,233,233, 17
875,233,233, 17
876,233,233, 17
877,233,233, 17
878,233,233, 17
879,233,233, 17
880,233,233, 17
881,233,233, 17
882,233,233, 17
883,233,233, 17
884,233,233, 17
885,233,233, 17
886,233,233, 17
887,233,233, 17
888,233,233, 17
889,233,233, 17
890,233,233, 17
891,233,233, 17
892,233,233, 17
893,233,233, 17
894,233,233, 17
895,233,233, 17
896,233,233, 17
897,233,233, 17
898,233,233, 17
899,233,233, 17
900,233,233, 17
901,233,233, 17
902,233,233, 17
903,233,233, 17
904,233,233, 17
905,233,233, 17
906,233,233, 17
907,233,233, 17
908,233,233, 17
909,233,233, 17
910,233,233, 17
911,233,233, 17
912,233,233, 17
913,233,233, 17
914,233,233, 17
915,233,233, 17
916,233,233, 17
917,233,233, 17
918,233,233, 17
919,233,233, 17
920,233,233, 17
921,233,233, 17
922,233,233, 17
923,233,233, 17
924,233,233, 17
925,233,233, 17
926,233,233, 17
927,233,233, 17
928,233,233, 17
929,233,233, 17
930,233,233, 17
931,233,233, 17
932,233,233, 17
933,233,233, 17
934,233,233, 17
935,233,233, 17
936,233,233, 17
937,233,233, 17
938,233,233, 17
939,233,233, 17
940,233,233, 17
941,233,233, 17
942,233,233, 17
943,233,233, 17
944,233,233, 17
945,233,233, 17
946,233,233, 17
947,233,233, 17
948,233,233, 17
949,233,233, 17
950,233,233, 17
951,233,233, 17
952,233,233, 17
953,233,233, 17
954,233,233, 17
955,233,233, 17
956,233,233, 17
957,233,233, 17
958,233,233, 17
959,233,233, 17
960,233,233, 17
961,233,233, 17
962,233,233, 17
963,233,233, 17
964,233,233, 17
965,233,233, 17
966,233,233, 17
967,233,233, 17
968,233,233, 17
969,233,233, 17
970,233,233, 17
971,233,233, 17
972,233,233, 17
973,233,233, 17
974,233,233, 17
975,233,233, 17
976,233,233, 17
977,233,233, 17
978,233,233, 17
979,233,233, 17
980,233,233, 17
981,233,233, 17
982,233,233, 17
983,233,233, 17
984,233,233, 17
985,233,233, 17
986,233,233, 17
987,233,233, 17
988,233,233, 17
989,233,233, 17
990,233,233, 17
991,233,233, 17
992,233,233, 17
993,233,233, 17
994,233,233, 17
995,233,233, 17
996,233,233, 17
997,233,233, 17
998,233,233, 17
999,233,233, 17
1000,233,233, 17
1001,233,233, 17
1002,233,233, 17
1003,233,233, 17
1004,233,233, 17
1005,233,233, 17
1006,233,233, 17
1007,233,233, 17
1008,233,233, 17
1009,233,233, 17
1010,233,233, 17
1011,233,233, 17
1012,233,233, 17
1013,233,233, 17
1014,233,233, 17
1015,233,233, 17
1016,233,233, 17
1017,233,233, 17
1018,233,233, 17
1019,233,233, 17
1020,233,233, 17
1021,233,233, 17
1022,233,233, 17
1023,233,233, 17
1024,233,233, 17
1025,233,233, 17
1026,233,233, 17
1027,233,233, 17
1028,233,233, 17
1029,233,233, 17
1030,233,233, 17
1031,233,233, 17
1032,233,233, 17
1033,233,233, 17
1034,233,233, 17
1035,233,233, 17
1036,233,233, 17
1037,233,233, 17
1038,233,233, 17
1039,233,233, 17
1040,233,233, 17
1041,233,233, 17
1042,233,233, 17
1043,233,233, 17
1044,233,233, 17
1045,233,233, 17
1046,233,233, 17
1047,233,233, 17
1048,233,233, 17
1049,233,233, 17
1050,233,233, 17
1051,233,233, 17
1052,233,233, 17
1053,233,233, 17
1054,233,233, 17
1055,233,233, 17
1056,233,233, 17
1057,233,233, 17
1058,233,233, 17
1059,233,233, 17
1060,233,233, 17
1061,233,233, 17
1062,233,233, 17
1063,233,233, 17
1064,233,233, 17
1065,233,233, 17
1066,233,233, 17
1067,233,233, 17
1068,233,233, 17
1069,233,233, 17
1070,233,233, 17
1071,233,233, 17
1072,233,233, 17
1073,233,233, 17
1074,233,233, 17
1075,233,233, 17
1076,233,233, 17
1077,233,233, 17
1078,233,233, 17
1079,233,233, 17
1080,233,233, 17
1081,233,233, 17
1082,233,233, 17
1083,233,233, 17
1084,233,233, 17
1085,233,233, 17
1086,233,233, 17
1087,233,233, 17
1088,233,233, 17
1089,233,233, 17
1090,233,233, 17
1091,233,233, 17
1092,233,233, 17
1093,233,233, 17
1094,233,233, 17
1095,233,233, 17
1096,233,233, 17
1097,233,233, 17
1098,233,233, 17
1099,233,233, 17
1100,233,233, 17
1101,233,233, 17
1102,233,233, 17
1103,233,233, 17
1104,233,233, 17
1105,233,233, 17
1106,233,233, 17
1107,233,233, 17
1108,233,233, 17
1109,233,233, 17
1110,233,233, 17
1111,233,233, 17
1112,233,233, 17
1113,233,233, 17
1114,233,233, 17
1115,233,233, 17
1116,233,233, 17
1117,233,233, 17
1118,233,233, 17
1119,233,233, 17
1120,233,233, 17
1121,233,233, 17
1122,233,233, 17
1123,233,233, 17
1124,233,233, 17
1125,233,233, 17
1126,233,233, 17
1127,233,233, 17
1128,233,233, 17
1129,233,233, 17
1130,233,233, 17
1131,233,233, 17
1132,233,233, 17
1133,233,233, 17
1134,233,233, 17
1135,233,233, 17
1136,233,233, 17
1137,233,233, 17
1138,233,233, 17
1139,233,233, 17
1140,233,233, 17
1141,233,233, 17
1142,233,233, 17
1143,233,233, 17
1144,233,233, 17
1145,233,233, 17
1146,233,233, 17
1147,233,233, 17
1148,233,233, 17
1149,233,233, 17
1150,233,233, 17
1151,233,233, 17
1152,233,233, 17
1153,233,233, 17
1154,233,233, 17
1155,233,233, 17
1156,233,233, 17
1157,233,233, 17
1158,233,233, 17
1159,233,233, 17
1160,233,233, 17
1161,233,233, 17
1162,233,233, 17
1163,233,233, 17
1164,233,233, 17
1165,233,233, 17
1166,233,233, 17
1167,233,233, 17
1168,233,233, 17
1169,233,233, 17
1170,233,233, 17
1171,233,233, 17
1172,233,233, 17
1173,233,233, 17
1174,233,233, 17
1175,233,233, 17
1176,233,233, 17
1177,233,233, 17
1178,233,233, 17
1179,233,233, 17
1180,233,233, 17
1181,233,233, 17
1182,233,233, 17
1183,233,233, 17
1184,233,233, 17
1185,233,233, 17
1186,233,233, 17
1187,233,233, 17
1188,233,233, 17
1189,233,233, 17
1190,233,233, 17
1191,233,233, 17
1192,233,233, 17
1193,233,233, 17
1194,233,233, 17
1195,233,233, 17
1196,233,233, 17
1197,233,233, 17
1198,233,233, 17
1199,233,233, 17
1200,233,233, 17
1201,233,233, 17
1202,233,233, 17
1203,233,233, 17
1204,233,233, 17
1205,233,233, 17
1206,233,233, 17
1207,233,233, 17
1208,233,233, 17
1209,233,233, 17
1210,233,233, 17
1211,233,233, 17
1212,233,233, 17
1213,233,233, 17
1214,233,233, 17
1215,233,233, 17
1216,233,233, 17
1217,233,233, 17
1218,233,233, 17
1219,233,233, 17
1220,233,233, 17
1221,233,233, 17
1222,233,233, 17
1223,233,233, 17
1224,233,233, 17
1225,233,233, 17
1226,233,233, 17
1227,233,233, 17
1228,233,233, 17
1229,233,233, 17
1230,233,233, 17
1231,233,233, 17
1232,233,233, 17
1233,233,233, 17
1234,233,233, 17
1235,233,233, 17
1236,233,233, 17
1237,233,233, 17
1238,233,233, 17
1239,233,233, 17
1240,233,233, 17
1241,233,233, 17
1242,233,233, 17
1243,233,233, 17
1244,233,233, 17
1245,233,233, 17
1246,233,233, 17
1247,233,233, 17
1248,233,233, 17
1249,233,233, 17
1250,233,233, 17
1251,233,233, 17
1252,233,233, 17
1253,233,233, 17
1254,233,233, 17
1255,233,233, 17
1256,233,233, 17
1257,233,233, 17
1258,233,233, 17
1259,233,233, 17
1260,233,233, 17
1261,233,233, 17
1262,233,233, 17
1263,233,233, 17
1264,233,233, 17
1265,233,233, 17
1266,233,233, 17
1267,233,233, 17
1268,233,233, 17
1269,233,233, 17
1270,233,233, 17
1271,233,233, 17
1272,233,233, 17
1273,233,233, 17
1274,233,233, 17
1275,233,233, 17
1276,233,233, 17
1277,233,233, 17
1278,233,233, 17
1279,233,233, 17
1280,233,233, 17
1281,233,233, 17
1282,233,233, 17
1283,233,233, 17
1284,233,233, 17
1285,233,233, 17
1286,233,233, 17
1287,233,233, 17
1288,233,233, 17
1289,233,233, 17
1290,233,233, 17
1291,233,233, 17
1292,233,233, 17
1293,233,233, 17
1294,233,233, 17
1295,233,233, 17
1296,233,233, 17
1297,233,233, 17
1298,233,233, 17
1299,233,233, 17
1300,233,233, 17
1301,233,233, 17
1302,233,233, 17
1303,233,233, 17
1304,233,233, 17
1305,233,233, 17
1306,233,233, 17
1307,233,233, 17
1308,233,233, 17
1309,233,233, 17
1310,233,233, 17
1311,233,233, 17
1312,233,233, 17
1313,233,233, 17
1314,233,233, 17
1315,233,233, 17
1316,233,233, 17
1317,233,233, 17
1318,233,233, 17
1319,233,233, 17
1320,233,233, 17
1321,233,233, 17
1322,233,233, 17
1323,233,233, 17
1324,233,233, 17
1325,233,233, 17
1326,233,233, 17
1327,233,233, 17
1328,233,233, 17
1329,233,233, 17
1330,233,233, 17
1331,233,233, 17
1332,233,233, 17
1333,233,233, 17
1334,233,233, 17
1335,233,233, 17
1336,233,233, 17
1337,233,233, 17
1338,233,233, 17
1339,233,233, 17
1340,233,233, 17
1341,233,233, 17
1342,233,233, 17
1343,233,233, 17
1344,233,233, 17
1345,233,233, 17
1346,233,233, 17
1347,233,233, 17
1348,233,233, 17
1349,233,233, 17
1350,233,233, 17
1351,233,233, 17
1352,233,233, 17
1353,233,233, 17
1354,233,233, 17
1355,233,233, 17
1356,233,233, 17
1357,233,233, 17
1358,233,233, 17
1359,233,233, 17
1360,233,233, 17
1361,233,233, 17
1362,233,233, 17
1363,233,233, 17
1364,233,233, 17
1365,233,233, 17
1366,233,233, 17
1367,233,233, 17
1368,233,233, 17
1369,233,233, 17
1370,233,233, 17
1371,233,233, 17
1372,233,233, 17
1373,233,233, 17
1374,233,233, 17
1375,233,233, 17
1376,233,233, 17
1377,233,233, 17
1378,233,233, 17
1379,233,233, 17
1380,233,233, 17
1381,233,233, 17
1382,233,233, 17
1383,233,233, 17
1384,233,233, 17
1385,233,233, 17
1386,233,233, 17
1387,233,233, 17
1388,233,233, 17
1389,233,233, 17
1390,233,233, 17
1391,233,233, 17
1392,233,233, 17
1393,233,233, 17
1394,233,233, 17
1395,233,233, 17
1396,233,233, 17
1397,233,233, 17
1398,233,233, 17
1399,233,233, 17
1400,233,233, 17
1401,233,233, 17
1402,233,233, 17
1403,233,233, 17
1404,233,233, 17
1405,233,233, 17
1406,233,233, 17
1407,233,233, 17
1408,233,233, 17
1409,233,233, 17
1410,233,233, 17
1411,233,233, 17
1412,233,233, 17
1413,233,233, 17
1414,233,233, 17
1415,233,233, 17
1416,233,233, 17
1417,233,233, 17
1418,233,233, 17
1419,233,233, 17
1420,233,233, 17
1421,233,233, 17
1422,233,233, 17
1423,233,233, 17
1424,233,233, 17
1425,233,233, 17
1426,233,233, 17
1427,233,233, 17
1428,233,233, 17
1429,233,233, 17
1430,233,233, 17
1431,233,233, 17
1432,233,233, 17
1433,233,233, 17
1434,233,233, 17
1435,233,233, 17
1436,233,233, 17
1437,233,233, 17
1438,233,233, 17
1439,233,233, 17
1440,233,233, 17
1441,233,233, 17
1442,233,233, 17
1443,233,233, 17
1444,233,233, 17
1445,233,233, 17
1446,233,233, 17
1447,233,233, 17
1448,233,233, 17
1449,233,233, 17
1450,233,233, 17
1451,233,233, 17
1452,233,233, 17
1453,233,233, 17
1454,233,233, 17
1455,233,233, 17
1456,233,233, 17
1457,233,233, 17
1458,233,233, 17
1459,233,233, 17
1460,233,233, 17
1461,233,233, 17
1462,233,233, 17
1463,233,233, 17
1464,232,232, 18
1465,232,232, 18
1466,232,232, 18
1467,232,232, 18
1468,232,232, 18
1469,232,232, 18
1470,232,232, 18
1471,232,232, 18
1472,232,232, 18
1473,232,232, 18
1474,232,232, 18
1475,232,232, 18
1476,232,232, 18
1477,232,232, 18
1478,232,232, 18
1479,232,232, 18
1480,232,232, 18
1481,232,232, 18
1482,232,232, 18
1483,232,232, 18
1484,232,232, 18
1485,232,232, 18
1486,232,232, 18
1487,232,232, 18
1488,232,232, 18
1489,232,232, 18
1490,232,232, 18
1491,232,232, 18
1492,232,232, 18
1493,232,232, 18
1494,232,232, 18
1495,232,232, 18
1496,232,232, 18
1497,232,232, 18
1498,232,232, 18
1499,232,232, 18
