0,250,250, 0
1,250,250, 0
2,250,250, 0
3,250,250, 0
4,250,250, 0
5,250,250, 0
6,250,250, 0
7,250,250, 0
8,249,249, 1
9,249,249, 1
10,249,249, 1
11,249,249, 1
12,249,249, 1
13,249,249, 1
14,249,249, 1
15,249,249, 1
16,249,249, 1
17,249,249, 1
18,249,249, 1
19,249,249, 1
20,249,249, 1
21,249,249, 1
22,249,249, 1
23,248,248, 2
24,248,248, 2
25,248,248, 2
26,248,248, 2
27,248,248, 2
28,248,248, 2
29,248,248, 2
30,248,248, 2
31,248,248, 2
32,248,248, 2
33,248,248, 2
34,248,248, 2
35,248,248, 2
36,248,248, 2
37,248,248, 2
38,248,248, 2
39,248,248, 2
40,248,248, 2
41,248,248, 2
42,248,248, 2
43,248,248, 2
44,247,247, 3
45,246,246, 4
46,246,246, 4
47,246,246, 4
48,246,246, 4
49,245,245, 5
50,245,245, 5
51,245,245, 5
52,245,245, 5
53,245,245, 5
54,245,245, 5
55,245,245, 5
56,245,245, 5
57,245,245, 5
58,245,245, 5
59,245,245, 5
60,245,245, 5
61,245,245, 5
62,245,245, 5
63,245,245, 5
64,244,244, 6
65,244,244, 6
66,244,244, 6
67,244,244, 6
68,244,244, 6
69,244,244, 6
70,244,244, 6
71,244,244, 6
72,244,244, 6
73,244,244, 6
74,244,244, 6
75,244,244, 6
76,244,244, 6
77,244,244, 6
78,244,244, 6
79,244,244, 6
80,244,244, 6
81,244,244, 6
82,244,244, 6
83,244,244, 6
84,243,243, 7
85,243,243, 7
86,243,243, 7
87,243,243, 7
88,243,243, 7
89,243,243, 7
90,243,243, 7
91,243,243, 7
92,243,243, 7
93,243,243, 7
94,243,243, 7
95,243,243, 7
96,243,243, 7
97,243,243, 7
98,243,243, 7
99,243,243, 7
100,243,243, 7
101,243,243, 7
102,243,243, 7
103,243,243, 7
104,243,243, 7
105,243,243, 7
106,243,243, 7
107,243,243, 7
108,243,243, 7
109,243,243, 7
110,243,243, 7
111,243,243, 7
112,243,243, 7
113,243,243, 7
114,243,243, 7
115,243,243, 7
116,243,243, 7
117,243,243, 7
118,243,243, 7
119,242,242, 8
120,242,242, 8
121,242,242, 8
122,242,242, 8
123,242,242, 8
124,242,242, 8
125,242,242, 8
126,242,242, 8
127,242,242, 8
128,242,242, 8
129,241,241, 9
130,241,241, 9
131,241,241, 9
132,241,241, 9
133,241,241, 9
134,241,241, 9
135,241,241, 9
136,241,241, 9
137,241,241, 9
138,241,241, 9
139,241,241, 9
140,241,241, 9
141,240,240, 10
142,240,240, 10
143,240,240, 10
144,240,240, 10
145,239,239, 11
146,239,239, 11
147,239,239, 11
148,239,239, 11
149,239,239, 11
150,239,239, 11
151,239,239, 11
152,239,239, 11
153,239,239, 11
154,239,239, 11
155,239,239, 11
156,239,239, 11
157,239,239, 11
158,239,239, 11
159,239,239, 11
160,239,239, 11
161,239,239, 11
162,239,239, 11
163,239,239, 11
164,239,239, 11
165,239,239, 11
166,239,239, 11
167,239,239, 11
168,239,239, 11
169,239,239, 11
170,239,239, 11
171,239,239, 11
172,239,239, 11
173,239,239, 11
174,239,239, 11
175,239,239, 11
176,239,239, 11
177,239,239, 11
178,239,239, 11
179,239,239, 11
180,239,239, 11
181,239,239, 11
182,239,239, 11
183,239,239, 11
184,239,239, 11
185,239,239, 11
186,239,239, 11
187,239,239, 11
188,239,239, 11
189,238,238, 12
190,238,238, 12
191,238,238, 12
192,238,238, 12
193,238,238, 12
194,238,238, 12
195,238,238, 12
196,238,238, 12
197,238,238, 12
198,238,238, 12
199,238,238, 12
200,238,238, 12
201,238,238, 12
202,238,238, 12
203,238,238, 12
204,238,238, 12
205,238,238, 12
206,237,237, 13
207,237,237, 13
208,237,237, 13
209,237,237, 13
210,237,237, 13
211,237,237, 13
212,237,237, 13
213,237,237, 13
214,237,237, 13
215,237,237, 13
216,237,237, 13
217,237,237, 13
218,237,237, 13
219,237,237, 13
220,237,237, 13
221,237,237, 13
222,237,237, 13
223,237,237, 13
224,237,237, 13
225,237,237, 13
226,237,237, 13
227,237,237, 13
228,237,237, 13
229,237,237, 13
230,237,237, 13
231,237,237, 13
232,237,237, 13
233,237,237, 13
234,237,237, 13
235,237,237, 13
236,237,237, 13
237,237,237, 13
238,237,237, 13
239,237,237, 13
240,237,237, 13
241,237,237, 13
242,237,237, 13
243,237,237, 13
244,237,237, 13
245,237,237, 13
246,237,237, 13
247,237,237, 13
248,237,237, 13
249,237,237, 13
250,237,237, 13
251,237,237, 13
252,237,237, 13
253,237,237, 13
254,237,237, 13
255,237,237, 13
256,237,237, 13
257,237,237, 13
258,237,237, 13
259,237,237, 13
260,237,237, 13
261,237,237, 13
262,237,237, 13
263,237,237, 13
264,237,237, 13
265,237,237, 13
266,237,237, 13
267,237,237, 13
268,237,237, 13
269,237,237, 13
270,237,237, 13
271,237,237, 13
272,237,237, 13
273,237,237, 13
274,237,237, 13
275,237,237, 13
276,237,237, 13
277,237,237, 13
278,237,237, 13
279,237,237, 13
280,237,237, 13
281,237,237, 13
282,237,237, 13
283,237,237, 13
284,237,237, 13
285,237,237, 13
286,237,237, 13
287,237,237, 13
288,237,237, 13
289,237,237, 13
290,237,237, 13
291,237,237, 13
292,237,237, 13
293,237,237, 13
294,237,237, 13
295,237,237, 13
296,237,237, 13
297,236,236, 14
298,236,236, 14
299,236,236, 14
300,236,236, 14
301,236,236, 14
302,236,236, 14
303,236,236, 14
304,236,236, 14
305,236,236, 14
306,236,236, 14
307,236,236, 14
308,236,236, 14
309,236,236, 14
310,235,235, 15
311,235,235, 15
312,235,235, 15
313,235,235, 15
314,235,235, 15
315,235,235, 15
316,235,235, 15
317,235,235, 15
318,235,235, 15
319,235,235, 15
320,235,235, 15
321,235,235, 15
322,235,235, 15
323,235,235, 15
324,235,235, 15
325,235,235, 15
326,235,235, 15
327,235,235, 15
328,235,235, 15
329,235,235, 15
330,235,235, 15
331,235,235, 15
332,235,235, 15
333,235,235, 15
334,235,235, 15
335,235,235, 15
336,235,235, 15
337,235,235, 15
338,235,235, 15
339,235,235, 15
340,234,234, 16
341,234,234, 16
342,234,234, 16
343,234,234, 16
344,233,233, 17
345,233,233, 17
346,233,233, 17
347,233,233, 17
348,233,233, 17
349,233,233, 17
350,233,233, 17
351,233,233, 17
352,233,233, 17
353,233,233, 17
354,233,233, 17
355,233,233, 17
356,233,233, 17
357,233,233, 17
358,233,233, 17
359,233,233, 17
360,233,233, 17
361,233,233, 17
362,233,233, 17
363,233,233, 17
364,233,233, 17
365,233,233, 17
366,233,233, 17
367,233,233, 17
368,233,233, 17
369,233,233, 17
370,233,233, 17
371,233,233, 17
372,233,233, 17
373,233,233, 17
374,233,233, 17
375,233,233, 17
376,233,233, 17
377,233,233, 17
378,233,233, 17
379,233,233, 17
380,233,233, 17
381,233,233, 17
382,233,233, 17
383,233,233, 17
384,233,233, 17
385,233,233, 17
386,233,233, 17
387,233,233, 17
388,233,233, 17
389,233,233, 17
390,233,233, 17
391,233,233, 17
392,233,233, 17
393,233,233, 17
394,233,233, 17
395,233,233, 17
396,233,233, 17
397,232,232, 18
398,232,232, 18
399,232,232, 18
400,232,232, 18
401,232,232, 18
402,232,232, 18
403,232,232, 18
404,232,232, 18
405,232,232, 18
406,232,232, 18
407,232,232, 18
408,232,232, 18
409,232,232, 18
410,232,232, 18
411,232,232, 18
412,232,232, 18
413,232,232, 18
414,232,232, 18
415,232,232, 18
416,232,232, 18
417,232,232, 18
418,232,232, 18
419,232,232, 18
420,232,232, 18
421,232,232, 18
422,232,232, 18
423,232,232, 18
424,232,232, 18
425,232,232, 18
426,232,232, 18
427,232,232, 18
428,232,232, 18
429,232,232, 18
430,232,232, 18
431,232,232, 18
432,232,232, 18
433,232,232, 18
434,232,232, 18
435,232,232, 18
436,232,232, 18
437,232,232, 18
438,232,232, 18
439,232,232, 18
440,232,232, 18
441,232,232, 18
442,232,232, 18
443,232,232, 18
444,232,232, 18
445,232,232, 18
446,232,232, 18
447,232,232, 18
448,232,232, 18
449,232,232, 18
450,232,232, 18
451,232,232, 18
452,232,232, 18
453,232,232, 18
454,232,232, 18
455,232,232, 18
456,232,232, 18
457,232,232, 18
458,232,232, 18
459,232,232, 18
460,232,232, 18
461,232,232, 18
462,232,232, 18
463,232,232, 18
464,232,232, 18
465,232,232, 18
466,232,232, 18
467,232,232, 18
468,232,232, 18
469,232,232, 18
470,232,232, 18
471,232,232, 18
472,232,232, 18
473,232,232, 18
474,232,232, 18
475,232,232, 18
476,232,232, 18
477,232,232, 18
478,232,232, 18
479,232,232, 18
480,232,232, 18
481,232,232, 18
482,232,232, 18
483,232,232, 18
484,232,232, 18
485,232,232, 18
486,232,232, 18
487,232,232, 18
488,232,232, 18
489,232,232, 18
490,232,232, 18
491,232,232, 18
492,232,232, 18
493,232,232, 18
494,232,232, 18
495,232,232, 18
496,232,232, 18
497,232,232, 18
498,232,232, 18
499,232,232, 18
500,232,232, 18
501,232,232, 18
502,232,232, 18
503,232,232, 18
504,232,232, 18
505,232,232, 18
506,232,232, 18
507,232,232, 18
508,232,232, 18
509,232,232, 18
510,232,232, 18
511,231,231, 19
512,231,231, 19
513,231,231, 19
514,231,231, 19
515,231,231, 19
516,231,231, 19
517,231,231, 19
518,231,231, 19
519,231,231, 19
520,231,231, 19
521,231,231, 19
522,231,231, 19
523,231,231, 19
524,231,231, 19
525,231,231, 19
526,231,231, 19
527,231,231, 19
528,231,231, 19
529,231,231, 19
530,231,231, 19
531,231,231, 19
532,231,231, 19
533,231,231, 19
534,231,231, 19
535,231,231, 19
536,231,231, 19
537,231,231, 19
538,231,231, 19
539,231,231, 19
540,231,231, 19
541,231,231, 19
542,231,231, 19
543,231,231, 19
544,231,231, 19
545,231,231, 19
546,231,231, 19
547,231,231, 19
548,231,231, 19
549,231,231, 19
550,231,231, 19
551,231,231, 19
552,231,231, 19
553,231,231, 19
554,231,231, 19
555,231,231, 19
556,231,231, 19
557,231,231, 19
558,231,231, 19
559,231,231, 19
560,231,231, 19
561,231,231, 19
562,231,231, 19
563,231,231, 19
564,231,231, 19
565,231,231, 19
566,231,231, 19
567,231,231, 19
568,231,231, 19
569,231,231, 19
570,231,231, 19
571,231,231, 19
572,231,231, 19
573,231,231, 19
574,231,231, 19
575,231,231, 19
576,231,231, 19
577,231,231, 19
578,231,231, 19
579,231,231, 19
580,231,231, 19
581,231,231, 19
582,231,231, 19
583,230,230, 20
584,230,230, 20
585,230,230, 20
586,230,230, 20
587,230,230, 20
588,230,230, 20
589,230,230, 20
590,230,230, 20
591,230,230, 20
592,230,230, 20
593,230,230, 20
594,230,230, 20
595,230,230, 20
596,230,230, 20
597,230,230, 20
598,230,230, 20
599,230,230, 20
600,230,230, 20
601,230,230, 20
602,230,230, 20
603,230,230, 20
604,230,230, 20
605,230,230, 20
606,230,230, 20
607,230,230, 20
608,230,230, 20
609,230,230, 20
610,230,230, 20
611,230,230, 20
612,230,230, 20
613,230,230, 20
614,230,230, 20
615,230,230, 20
616,230,230, 20
617,230,230, 20
618,230,230, 20
619,230,230, 20
620,230,230, 20
621,230,230, 20
622,230,230, 20
623,230,230, 20
624,230,230, 20
625,230,230, 20
626,230,230, 20
627,230,230, 20
628,230,230, 20
629,230,230, 20
630,230,230, 20
631,230,230, 20
632,230,230, 20
633,230,230, 20
634,230,230, 20
635,230,230, 20
636,230,230, 20
637,230,230, 20
638,230,230, 20
639,230,230, 20
640,230,230, 20
641,230,230, 20
642,230,230, 20
643,230,230, 20
644,230,230, 20
645,230,230, 20
646,230,230, 20
647,230,230, 20
648,230,230, 20
649,230,230, 20
650,230,230, 20
651,230,230, 20
652,230,230, 20
653,230,230, 20
654,230,230, 20
655,230,230, 20
656,230,230, 20
657,230,230, 20
658,230,230, 20
659,230,230, 20
660,230,230, 20
661,230,230, 20
662,230,230, 20
663,230,230, 20
664,230,230, 20
665,230,230, 20
666,230,230, 20
667,230,230, 20
668,230,230, 20
669,230,230, 20
670,230,230, 20
671,230,230, 20
672,230,230, 20
673,230,230, 20
674,230,230, 20
675,230,230, 20
676,230,230, 20
677,230,230, 20
678,230,230, 20
679,230,230, 20
680,230,230, 20
681,230,230, 20
682,230,230, 20
683,230,230, 20
684,230,230, 20
685,230,230, 20
686,230,230, 20
687,230,230, 20
688,230,230, 20
689,230,230, 20
690,230,230, 20
691,230,230, 20
692,230,230, 20
693,230,230, 20
694,230,230, 20
695,230,230, 20
696,230,230, 20
697,230,230, 20
698,230,230, 20
699,230,230, 20
700,230,230, 20
701,230,230, 20
702,230,230, 20
703,230,230, 20
704,230,230, 20
705,230,230, 20
706,230,230, 20
707,230,230, 20
708,230,230, 20
709,230,230, 20
710,230,230, 20
711,230,230, 20
712,230,230, 20
713,230,230, 20
714,230,230, 20
715,230,230, 20
716,230,230, 20
717,230,230, 20
718,230,230, 20
719,230,230, 20
720,230,230, 20
721,230,230, 20
722,230,230, 20
723,229,229, 21
724,229,229, 21
725,229,229, 21
726,229,229, 21
727,229,229, 21
728,229,229, 21
729,229,229, 21
730,229,229, 21
731,229,229, 21
732,229,229, 21
733,229,229, 21
734,229,229, 21
735,229,229, 21
736,229,229, 21
737,229,229, 21
738,229,229, 21
739,229,229, 21
740,229,229, 21
741,229,229, 21
742,229,229, 21
743,229,229, 21
744,229,229, 21
745,229,229, 21
746,229,229, 21
747,229,229, 21
748,229,229, 21
749,229,229, 21
750,229,229, 21
751,229,229, 21
752,229,229, 21
753,229,229, 21
754,229,229, 21
755,229,229, 21
756,229,229, 21
757,229,229, 21
758,229,229, 21
759,229,229, 21
760,229,229, 21
761,229,229, 21
762,229,229, 21
763,229,229, 21
764,229,229, 21
765,229,229, 21
766,229,229, 21
767,229,229, 21
768,229,229, 21
769,229,229, 21
770,229,229, 21
771,229,229, 21
772,229,229, 21
773,229,229, 21
774,229,229, 21
775,229,229, 21
776,229,229, 21
777,229,229, 21
778,229,229, 21
779,229,229, 21
780,229,229, 21
781,229,229, 21
782,229,229, 21
783,229,229, 21
784,229,229, 21
785,229,229, 21
786,229,229, 21
787,229,229, 21
788,229,229, 21
789,229,229, 21
790,229,229, 21
791,229,229, 21
792,229,229, 21
793,229,229, 21
794,229,229, 21
795,229,229, 21
796,229,229, 21
797,229,229, 21
798,229,229, 21
799,229,229, 21
800,229,229, 21
801,229,229, 21
802,229,229, 21
803,229,229, 21
804,229,229, 21
805,229,229, 21
806,229,229, 21
807,229,229, 21
808,229,229, 21
809,229,229, 21
810,229,229, 21
811,229,229, 21
812,229,229, 21
813,229,229, 21
814,229,229, 21
815,229,229, 21
816,229,229, 21
817,229,229, 21
818,229,229, 21
819,229,229, 21
820,229,229, 21
821,229,229, 21
822,229,229, 21
823,229,229, 21
824,229,229, 21
825,229,229, 21
826,229,229, 21
827,229,229, 21
828,229,229, 21
829,229,229, 21
830,229,229, 21
831,229,229, 21
832,229,229, 21
833,229,229, 21
834,229,229, 21
835,229,229, 21
836,229,229, 21
837,229,229, 21
838,229,229, 21
839,229,229, 21
840,229,229, 21
841,229,229, 21
842,229,229, 21
843,229,229, 21
844,229,229, 21
845,229,229, 21
846,229,229, 21
847,229,229, 21
848,229,229, 21
849,229,229, 21
850,229,229, 21
851,229,229, 21
852,229,229, 21
853,229,229, 21
854,229,229, 21
855,229,229, 21
856,229,229, 21
857,229,229, 21
858,229,229, 21
859,229,229, 21
860,229,229, 21
861,229,229, 21
862,229,229, 21
863,229,229, 21
864,229,229, 21
865,229,229, 21
866,229,229, 21
867,229,229, 21
868,229,229, 21
869,229,229, 21
870,229,229, 21
871,229,229, 21
872,229,229, 21
873,229,229, 21
874,229,229, 21
875,229,229, 21
876,229,229, 21
877,229,229, 21
878,229,229, 21
879,229,229, 21
880,229,229, 21
881,229,229, 21
882,229,229, 21
883,229,229, 21
884,229,229, 21
885,229,229, 21
886,229,229, 21
887,229,229, 21
888,229,229, 21
889,229,229, 21
890,229,229, 21
891,229,229, 21
892,229,229, 21
893,229,229, 21
894,229,229, 21
895,229,229, 21
896,229,229, 21
897,229,229, 21
898,229,229, 21
899,229,229, 21
900,229,229, 21
901,229,229, 21
902,229,229, 21
903,229,229, 21
904,229,229, 21
905,229,229, 21
906,229,229, 21
907,229,229, 21
908,229,229, 21
909,229,229, 21
910,229,229, 21
911,229,229, 21
912,229,229, 21
913,229,229, 21
914,229,229, 21
915,229,229, 21
916,229,229, 21
917,229,229, 21
918,229,229, 21
919,229,229, 21
920,229,229, 21
921,229,229, 21
922,229,229, 21
923,229,229, 21
924,229,229, 21
925,229,229, 21
926,229,229, 21
927,229,229, 21
928,229,229, 21
929,229,229, 21
930,229,229, 21
931,229,229, 21
932,229,229, 21
933,229,229, 21
934,229,229, 21
935,229,229, 21
936,229,229, 21
937,229,229, 21
938,229,229, 21
939,229,229, 21
940,229,229, 21
941,229,229, 21
942,229,229, 21
943,229,229, 21
944,229,229, 21
945,229,229, 21
946,229,229, 21
947,229,229, 21
948,229,229, 21
949,229,229, 21
950,229,229, 21
951,229,229, 21
952,229,229, 21
953,229,229, 21
954,229,229, 21
955,229,229, 21
956,229,229, 21
957,229,229, 21
958,229,229, 21
959,229,229, 21
960,229,229, 21
961,229,229, 21
962,229,229, 21
963,229,229, 21
964,229,229, 21
965,229,229, 21
966,229,229, 21
967,229,229, 21
968,229,229, 21
969,229,229, 21
970,229,229, 21
971,229,229, 21
972,229,229, 21
973,229,229, 21
974,229,229, 21
975,229,229, 21
976,229,229, 21
977,229,229, 21
978,229,229, 21
979,229,229, 21
980,229,229, 21
981,229,229, 21
982,229,229, 21
983,229,229, 21
984,229,229, 21
985,229,229, 21
986,229,229, 21
987,229,229, 21
988,229,229, 21
989,229,229, 21
990,229,229, 21
991,229,229, 21
992,229,229, 21
993,229,229, 21
994,229,229, 21
995,229,229, 21
996,229,229, 21
997,229,229, 21
998,229,229, 21
999,229,229, 21
1000,229,229, 21
1001,229,229, 21
1002,229,229, 21
1003,229,229, 21
1004,229,229, 21
1005,229,229, 21
1006,229,229, 21
1007,229,229, 21
1008,229,229, 21
1009,229,229, 21
1010,229,229, 21
1011,229,229, 21
1012,229,229, 21
1013,229,229, 21
1014,229,229, 21
1015,229,229, 21
1016,229,229, 21
1017,229,229, 21
1018,229,229, 21
1019,229,229, 21
1020,229,229, 21
1021,229,229, 21
1022,229,229, 21
1023,229,229, 21
1024,229,229, 21
1025,229,229, 21
1026,229,229, 21
1027,229,229, 21
1028,229,229, 21
1029,229,229, 21
1030,229,229, 21
1031,229,229, 21
1032,229,229, 21
1033,229,229, 21
1034,229,229, 21
1035,229,229, 21
1036,229,229, 21
1037,229,229, 21
1038,229,229, 21
1039,229,229, 21
1040,229,229, 21
1041,229,229, 21
1042,229,229, 21
1043,229,229, 21
1044,229,229, 21
1045,229,229, 21
1046,229,229, 21
1047,229,229, 21
1048,229,229, 21
1049,229,229, 21
1050,229,229, 21
1051,229,229, 21
1052,229,229, 21
1053,229,229, 21
1054,229,229, 21
1055,229,229, 21
1056,229,229, 21
1057,229,229, 21
1058,229,229, 21
1059,229,229, 21
1060,229,229, 21
1061,229,229, 21
1062,229,229, 21
1063,229,229, 21
1064,229,229, 21
1065,229,229, 21
1066,229,229, 21
1067,229,229, 21
1068,229,229, 21
1069,229,229, 21
1070,229,229, 21
1071,229,229, 21
1072,229,229, 21
1073,229,229, 21
1074,229,229, 21
1075,229,229, 21
1076,229,229, 21
1077,229,229, 21
1078,229,229, 21
1079,229,229, 21
1080,229,229, 21
1081,229,229, 21
1082,229,229, 21
1083,229,229, 21
1084,229,229, 21
1085,229,229, 21
1086,229,229, 21
1087,229,229, 21
1088,229,229, 21
1089,229,229, 21
1090,229,229, 21
1091,229,229, 21
1092,229,229, 21
1093,229,229, 21
1094,229,229, 21
1095,229,229, 21
1096,229,229, 21
1097,229,229, 21
1098,229,229, 21
1099,229,229, 21
1100,229,229, 21
1101,229,229, 21
1102,229,229, 21
1103,229,229, 21
1104,229,229, 21
1105,229,229, 21
1106,229,229, 21
1107,229,229, 21
1108,229,229, 21
1109,229,229, 21
1110,229,229, 21
1111,229,229, 21
1112,229,229, 21
1113,229,229, 21
1114,229,229, 21
1115,229,229, 21
1116,229,229, 21
1117,229,229, 21
1118,229,229, 21
1119,229,229, 21
1120,229,229, 21
1121,229,229, 21
1122,229,229, 21
1123,229,229, 21
1124,229,229, 21
1125,229,229, 21
1126,229,229, 21
1127,229,229, 21
1128,229,229, 21
1129,229,229, 21
1130,229,229, 21
1131,229,229, 21
1132,229,229, 21
1133,229,229, 21
1134,229,229, 21
1135,229,229, 21
1136,229,229, 21
1137,229,229, 21
1138,229,229, 21
1139,229,229, 21
1140,229,229, 21
1141,229,229, 21
1142,229,229, 21
1143,229,229, 21
1144,229,229, 21
1145,229,229, 21
1146,229,229, 21
1147,229,229, 21
1148,229,229, 21
1149,229,229, 21
1150,229,229, 21
1151,229,229, 21
1152,229,229, 21
1153,229,229, 21
1154,229,229, 21
1155,229,229, 21
1156,229,229, 21
1157,229,229, 21
1158,229,229, 21
1159,229,229, 21
1160,229,229, 21
1161,229,229, 21
1162,229,229, 21
1163,229,229, 21
1164,229,229, 21
1165,229,229, 21
1166,229,229, 21
1167,229,229, 21
1168,229,229, 21
1169,229,229, 21
1170,229,229, 21
1171,229,229, 21
1172,229,229, 21
1173,229,229, 21
1174,229,229, 21
1175,229,229, 21
1176,229,229, 21
1177,229,229, 21
1178,229,229, 21
1179,229,229, 21
1180,229,229, 21
1181,229,229, 21
1182,229,229, 21
1183,229,229, 21
1184,229,229, 21
1185,229,229, 21
1186,229,229, 21
1187,229,229, 21
1188,229,229, 21
1189,229,229, 21
1190,229,229, 21
1191,229,229, 21
1192,229,229, 21
1193,229,229, 21
1194,229,229, 21
1195,229,229, 21
1196,229,229, 21
1197,229,229, 21
1198,229,229, 21
1199,229,229, 21
1200,229,229, 21
1201,229,229, 21
1202,229,229, 21
1203,229,229, 21
1204,229,229, 21
1205,229,229, 21
1206,229,229, 21
1207,229,229, 21
1208,229,229, 21
1209,229,229, 21
1210,229,229, 21
1211,229,229, 21
1212,229,229, 21
1213,229,229, 21
1214,229,229, 21
1215,229,229, 21
1216,229,229, 21
1217,229,229, 21
1218,229,229, 21
1219,229,229, 21
1220,229,229, 21
1221,229,229, 21
1222,229,229, 21
1223,229,229, 21
1224,229,229, 21
1225,229,229, 21
1226,229,229, 21
1227,229,229, 21
1228,229,229, 21
1229,229,229, 21
1230,229,229, 21
1231,229,229, 21
1232,229,229, 21
1233,229,229, 21
1234,229,229, 21
1235,229,229, 21
1236,229,229, 21
1237,229,229, 21
1238,229,229, 21
1239,229,229, 21
1240,229,229, 21
1241,229,229, 21
1242,229,229, 21
1243,229,229, 21
1244,229,229, 21
1245,229,229, 21
1246,229,229, 21
1247,229,229, 21
1248,229,229, 21
1249,229,229, 21
1250,229,229, 21
1251,229,229, 21
1252,229,229, 21
1253,229,229, 21
1254,229,229, 21
1255,229,229, 21
1256,229,229, 21
1257,229,229, 21
1258,229,229, 21
1259,229,229, 21
1260,229,229, 21
1261,229,229, 21
1262,229,229, 21
1263,229,229, 21
1264,229,229, 21
1265,229,229, 21
1266,229,229, 21
1267,229,229, 21
1268,229,229, 21
1269,229,229, 21
1270,229,229, 21
1271,229,229, 21
1272,229,229, 21
1273,229,229, 21
1274,229,229, 21
1275,229,229, 21
1276,229,229, 21
1277,229,229, 21
1278,229,229, 21
1279,229,229, 21
1280,229,229, 21
1281,229,229, 21
1282,229,229, 21
1283,229,229, 21
1284,229,229, 21
1285,229,229, 21
1286,229,229, 21
1287,229,229, 21
1288,229,229, 21
1289,229,229, 21
1290,229,229, 21
1291,229,229, 21
1292,229,229, 21
1293,229,229, 21
1294,229,229, 21
1295,229,229, 21
1296,229,229, 21
1297,229,229, 21
1298,229,229, 21
1299,229,229, 21
1300,229,229, 21
1301,229,229, 21
1302,229,229, 21
1303,229,229, 21
1304,229,229, 21
1305,229,229, 21
1306,229,229, 21
1307,229,229, 21
1308,229,229, 21
1309,229,229, 21
1310,229,229, 21
1311,229,229, 21
1312,229,229, 21
1313,229,229, 21
1314,229,229, 21
1315,229,229, 21
1316,229,229, 21
1317,229,229, 21
1318,229,229, 21
1319,229,229, 21
1320,229,229, 21
1321,228,228, 22
1322,228,228, 22
1323,228,228, 22
1324,228,228, 22
1325,228,228, 22
1326,228,228, 22
1327,228,228, 22
1328,228,228, 22
1329,228,228, 22
1330,228,228, 22
1331,228,228, 22
1332,228,228, 22
1333,228,228, 22
1334,228,228, 22
1335,228,228, 22
1336,228,228, 22
1337,228,228, 22
1338,228,228, 22
1339,228,228, 22
1340,228,228, 22
1341,228,228, 22
1342,228,228, 22
1343,228,228, 22
1344,228,228, 22
1345,228,228, 22
1346,228,228, 22
1347,228,228, 22
1348,228,228, 22
1349,228,228, 22
1350,228,228, 22
1351,228,228, 22
1352,228,228, 22
1353,228,228, 22
1354,228,228, 22
1355,228,228, 22
1356,228,228, 22
1357,228,228, 22
1358,228,228, 22
1359,228,228, 22
1360,228,228, 22
1361,228,228, 22
1362,228,228, 22
1363,228,228, 22
1364,228,228, 22
1365,228,228, 22
1366,228,228, 22
1367,228,228, 22
1368,228,228, 22
1369,228,228, 22
1370,228,228, 22
1371,228,228, 22
1372,228,228, 22
1373,228,228, 22
1374,228,228, 22
1375,228,228, 22
1376,228,228, 22
1377,228,228, 22
1378,228,228, 22
1379,228,228, 22
1380,228,228, 22
1381,228,228, 22
1382,228,228, 22
1383,228,228, 22
1384,228,228, 22
1385,228,228, 22
1386,228,228, 22
1387,228,228, 22
1388,228,228, 22
1389,228,228, 22
1390,228,228, 22
1391,228,228, 22
1392,228,228, 22
1393,228,228, 22
1394,228,228, 22
1395,228,228, 22
1396,228,228, 22
1397,228,228, 22
1398,228,228, 22
1399,228,228, 22
1400,228,228, 22
1401,228,228, 22
1402,228,228, 22
1403,228,228, 22
1404,228,228, 22
1405,228,228, 22
1406,228,228, 22
1407,228,228, 22
1408,228,228, 22
1409,228,228, 22
1410,228,228, 22
1411,228,228, 22
1412,228,228, 22
1413,228,228, 22
1414,228,228, 22
1415,227,227, 23
1416,227,227, 23
1417,227,227, 23
1418,227,227, 23
1419,227,227, 23
1420,227,227, 23
1421,227,227, 23
1422,227,227, 23
1423,227,227, 23
1424,226,226, 24
1425,226,226, 24
1426,226,226, 24
1427,226,226, 24
1428,226,226, 24
1429,226,226, 24
1430,226,226, 24
1431,226,226, 24
1432,226,226, 24
1433,226,226, 24
1434,226,226, 24
1435,226,226, 24
1436,226,226, 24
1437,226,226, 24
1438,226,226, 24
1439,226,226, 24
1440,226,226, 24
1441,226,226, 24
1442,226,226, 24
1443,226,226, 24
1444,226,226, 24
1445,226,226, 24
1446,226,226, 24
1447,226,226, 24
1448,226,226, 24
1449,226,226, 24
1450,226,226, 24
1451,226,226, 24
1452,226,226, 24
1453,226,226, 24
1454,226,226, 24
1455,226,226, 24
1456,226,226, 24
1457,226,226, 24
1458,226,226, 24
1459,226,226, 24
1460,226,226, 24
1461,226,226, 24
1462,226,226, 24
1463,226,226, 24
1464,226,226, 24
1465,226,226, 24
1466,226,226, 24
1467,226,226, 24
1468,226,226, 24
1469,226,226, 24
1470,226,226, 24
1471,226,226, 24
1472,226,226, 24
1473,226,226, 24
1474,226,226, 24
1475,226,226, 24
1476,226,226, 24
1477,226,226, 24
1478,226,226, 24
1479,226,226, 24
1480,226,226, 24
1481,226,226, 24
1482,226,226, 24
1483,226,226, 24
1484,226,226, 24
1485,226,226, 24
1486,226,226, 24
1487,226,226, 24
1488,226,226, 24
1489,226,226, 24
1490,226,226, 24
1491,226,226, 24
1492,226,226, 24
1493,226,226, 24
1494,226,226, 24
1495,226,226, 24
1496,226,226, 24
1497,226,226, 24
1498,226,226, 24
1499,226,226, 24
