0,248,248, 2
1,248,248, 2
2,248,248, 2
3,248,248, 2
4,248,248, 2
5,248,248, 2
6,248,248, 2
7,248,248, 2
8,248,248, 2
9,248,248, 2
10,248,248, 2
11,248,248, 2
12,248,248, 2
13,248,248, 2
14,248,248, 2
15,248,248, 2
16,248,248, 2
17,248,248, 2
18,248,248, 2
19,248,248, 2
20,248,248, 2
21,248,248, 2
22,248,248, 2
23,248,248, 2
24,248,248, 2
25,248,248, 2
26,248,248, 2
27,248,248, 2
28,248,248, 2
29,248,248, 2
30,248,248, 2
31,248,248, 2
32,248,248, 2
33,248,248, 2
34,248,248, 2
35,248,248, 2
36,248,248, 2
37,248,248, 2
38,248,248, 2
39,248,248, 2
40,248,248, 2
41,248,248, 2
42,248,248, 2
43,248,248, 2
44,248,248, 2
45,248,248, 2
46,248,248, 2
47,248,248, 2
48,248,248, 2
49,248,248, 2
50,247,247, 3
51,247,247, 3
52,247,247, 3
53,247,247, 3
54,247,247, 3
55,247,247, 3
56,247,247, 3
57,247,247, 3
58,247,247, 3
59,247,247, 3
60,247,247, 3
61,247,247, 3
62,247,247, 3
63,247,247, 3
64,247,247, 3
65,247,247, 3
66,247,247, 3
67,247,247, 3
68,247,247, 3
69,247,247, 3
70,247,247, 3
71,247,247, 3
72,247,247, 3
73,247,247, 3
74,247,247, 3
75,247,247, 3
76,247,247, 3
77,247,247, 3
78,247,247, 3
79,247,247, 3
80,247,247, 3
81,246,246, 4
82,246,246, 4
83,246,246, 4
84,246,246, 4
85,246,246, 4
86,246,246, 4
87,246,246, 4
88,246,246, 4
89,246,246, 4
90,246,246, 4
91,246,246, 4
92,246,246, 4
93,246,246, 4
94,246,246, 4
95,246,246, 4
96,246,246, 4
97,246,246, 4
98,246,246, 4
99,246,246, 4
100,246,246, 4
101,246,246, 4
102,246,246, 4
103,246,246, 4
104,246,246, 4
105,246,246, 4
106,246,246, 4
107,246,246, 4
108,246,246, 4
109,246,246, 4
110,246,246, 4
111,246,246, 4
112,246,246, 4
113,246,246, 4
114,246,246, 4
115,246,246, 4
116,246,246, 4
117,246,246, 4
118,246,246, 4
119,245,245, 5
120,245,245, 5
121,245,245, 5
122,245,245, 5
123,245,245, 5
124,245,245, 5
125,244,244, 6
126,244,244, 6
127,244,244, 6
128,244,244, 6
129,244,244, 6
130,244,244, 6
131,244,244, 6
132,244,244, 6
133,244,244, 6
134,244,244, 6
135,244,244, 6
136,244,244, 6
137,244,244, 6
138,244,244, 6
139,244,244, 6
140,244,244, 6
141,244,244, 6
142,244,244, 6
143,244,244, 6
144,244,244, 6
145,244,244, 6
146,244,244, 6
147,244,244, 6
148,244,244, 6
149,244,244, 6
150,244,244, 6
151,244,244, 6
152,244,244, 6
153,244,244, 6
154,244,244, 6
155,244,244, 6
156,244,244, 6
157,244,244, 6
158,244,244, 6
159,244,244, 6
160,244,244, 6
161,244,244, 6
162,244,244, 6
163,244,244, 6
164,244,244, 6
165,244,244, 6
166,244,244, 6
167,244,244, 6
168,244,244, 6
169,244,244, 6
170,244,244, 6
171,244,244, 6
172,244,244, 6
173,244,244, 6
174,244,244, 6
175,244,244, 6
176,244,244, 6
177,243,243, 7
178,243,243, 7
179,243,243, 7
180,243,243, 7
181,243,243, 7
182,243,243, 7
183,243,243, 7
184,243,243, 7
185,243,243, 7
186,243,243, 7
187,243,243, 7
188,243,243, 7
189,243,243, 7
190,243,243, 7
191,243,243, 7
192,241,241, 9
193,241,241, 9
194,241,241, 9
195,241,241, 9
196,241,241, 9
197,241,241, 9
198,241,241, 9
199,241,241, 9
200,241,241, 9
201,241,241, 9
202,241,241, 9
203,241,241, 9
204,241,241, 9
205,241,241, 9
206,241,241, 9
207,241,241, 9
208,241,241, 9
209,241,241, 9
210,241,241, 9
211,241,241, 9
212,241,241, 9
213,241,241, 9
214,241,241, 9
215,241,241, 9
216,241,241, 9
217,241,241, 9
218,241,241, 9
219,241,241, 9
220,241,241, 9
221,241,241, 9
222,241,241, 9
223,241,241, 9
224,240,240, 10
225,240,240, 10
226,240,240, 10
227,240,240, 10
228,240,240, 10
229,240,240, 10
230,240,240, 10
231,240,240, 10
232,240,240, 10
233,240,240, 10
234,240,240, 10
235,240,240, 10
236,240,240, 10
237,240,240, 10
238,240,240, 10
239,240,240, 10
240,240,240, 10
241,240,240, 10
242,240,240, 10
243,240,240, 10
244,240,240, 10
245,240,240, 10
246,240,240, 10
247,240,240, 10
248,240,240, 10
249,240,240, 10
250,240,240, 10
251,240,240, 10
252,240,240, 10
253,240,240, 10
254,240,240, 10
255,240,240, 10
256,240,240, 10
257,240,240, 10
258,238,238, 12
259,238,238, 12
260,238,238, 12
261,238,238, 12
262,238,238, 12
263,238,238, 12
264,238,238, 12
265,238,238, 12
266,238,238, 12
267,238,238, 12
268,238,238, 12
269,238,238, 12
270,238,238, 12
271,238,238, 12
272,238,238, 12
273,238,238, 12
274,238,238, 12
275,238,238, 12
276,238,238, 12
277,238,238, 12
278,238,238, 12
279,238,238, 12
280,238,238, 12
281,238,238, 12
282,238,238, 12
283,238,238, 12
284,238,238, 12
285,238,238, 12
286,238,238, 12
287,238,238, 12
288,238,238, 12
289,238,238, 12
290,238,238, 12
291,238,238, 12
292,238,238, 12
293,238,238, 12
294,237,237, 13
295,236,236, 14
296,236,236, 14
297,236,236, 14
298,236,236, 14
299,236,236, 14
300,236,236, 14
301,236,236, 14
302,236,236, 14
303,236,236, 14
304,236,236, 14
305,236,236, 14
306,236,236, 14
307,236,236, 14
308,236,236, 14
309,236,236, 14
310,236,236, 14
311,236,236, 14
312,236,236, 14
313,236,236, 14
314,236,236, 14
315,236,236, 14
316,236,236, 14
317,236,236, 14
318,236,236, 14
319,236,236, 14
320,236,236, 14
321,236,236, 14
322,236,236, 14
323,236,236, 14
324,236,236, 14
325,236,236, 14
326,236,236, 14
327,236,236, 14
328,236,236, 14
329,236,236, 14
330,236,236, 14
331,236,236, 14
332,236,236, 14
333,236,236, 14
334,236,236, 14
335,236,236, 14
336,236,236, 14
337,236,236, 14
338,236,236, 14
339,236,236, 14
340,236,236, 14
341,236,236, 14
342,236,236, 14
343,236,236, 14
344,236,236, 14
345,236,236, 14
346,236,236, 14
347,236,236, 14
348,236,236, 14
349,236,236, 14
350,236,236, 14
351,236,236, 14
352,236,236, 14
353,236,236, 14
354,236,236, 14
355,236,236, 14
356,236,236, 14
357,236,236, 14
358,236,236, 14
359,236,236, 14
360,236,236, 14
361,236,236, 14
362,236,236, 14
363,236,236, 14
364,236,236, 14
365,236,236, 14
366,236,236, 14
367,236,236, 14
368,236,236, 14
369,236,236, 14
370,236,236, 14
371,236,236, 14
372,236,236, 14
373,236,236, 14
374,236,236, 14
375,236,236, 14
376,236,236, 14
377,236,236, 14
378,236,236, 14
379,236,236, 14
380,236,236, 14
381,236,236, 14
382,236,236, 14
383,236,236, 14
384,236,236, 14
385,236,236, 14
386,236,236, 14
387,236,236, 14
388,236,236, 14
389,236,236, 14
390,236,236, 14
391,236,236, 14
392,236,236, 14
393,236,236, 14
394,236,236, 14
395,236,236, 14
396,236,236, 14
397,236,236, 14
398,236,236, 14
399,236,236, 14
400,236,236, 14
401,236,236, 14
402,236,236, 14
403,236,236, 14
404,236,236, 14
405,235,235, 15
406,235,235, 15
407,235,235, 15
408,235,235, 15
409,235,235, 15
410,235,235, 15
411,235,235, 15
412,235,235, 15
413,234,234, 16
414,234,234, 16
415,234,234, 16
416,234,234, 16
417,234,234, 16
418,234,234, 16
419,234,234, 16
420,234,234, 16
421,234,234, 16
422,234,234, 16
423,234,234, 16
424,234,234, 16
425,234,234, 16
426,234,234, 16
427,234,234, 16
428,234,234, 16
429,234,234, 16
430,234,234, 16
431,234,234, 16
432,234,234, 16
433,234,234, 16
434,233,233, 17
435,233,233, 17
436,233,233, 17
437,233,233, 17
438,233,233, 17
439,233,233, 17
440,233,233, 17
441,233,233, 17
442,233,233, 17
443,233,233, 17
444,233,233, 17
445,233,233, 17
446,233,233, 17
447,233,233, 17
448,233,233, 17
449,233,233, 17
450,233,233, 17
451,233,233, 17
452,233,233, 17
453,233,233, 17
454,233,233, 17
455,233,233, 17
456,233,233, 17
457,233,233, 17
458,233,233, 17
459,233,233, 17
460,233,233, 17
461,233,233, 17
462,233,233, 17
463,233,233, 17
464,233,233, 17
465,233,233, 17
466,233,233, 17
467,233,233, 17
468,233,233, 17
469,233,233, 17
470,233,233, 17
471,233,233, 17
472,233,233, 17
473,233,233, 17
474,233,233, 17
475,233,233, 17
476,233,233, 17
477,233,233, 17
478,233,233, 17
479,233,233, 17
480,233,233, 17
481,233,233, 17
482,233,233, 17
483,233,233, 17
484,233,233, 17
485,233,233, 17
486,233,233, 17
487,233,233, 17
488,233,233, 17
489,233,233, 17
490,233,233, 17
491,233,233, 17
492,233,233, 17
493,233,233, 17
494,233,233, 17
495,233,233, 17
496,233,233, 17
497,233,233, 17
498,233,233, 17
499,233,233, 17
500,233,233, 17
501,233,233, 17
502,233,233, 17
503,233,233, 17
504,233,233, 17
505,233,233, 17
506,233,233, 17
507,233,233, 17
508,233,233, 17
509,233,233, 17
510,233,233, 17
511,233,233, 17
512,233,233, 17
513,233,233, 17
514,233,233, 17
515,233,233, 17
516,233,233, 17
517,233,233, 17
518,233,233, 17
519,233,233, 17
520,233,233, 17
521,231,231, 19
522,231,231, 19
523,231,231, 19
524,231,231, 19
525,231,231, 19
526,231,231, 19
527,231,231, 19
528,231,231, 19
529,231,231, 19
530,231,231, 19
531,231,231, 19
532,231,231, 19
533,231,231, 19
534,231,231, 19
535,231,231, 19
536,231,231, 19
537,231,231, 19
538,231,231, 19
539,231,231, 19
540,231,231, 19
541,231,231, 19
542,231,231, 19
543,231,231, 19
544,231,231, 19
545,231,231, 19
546,231,231, 19
547,231,231, 19
548,231,231, 19
549,231,231, 19
550,231,231, 19
551,231,231, 19
552,231,231, 19
553,231,231, 19
554,231,231, 19
555,231,231, 19
556,231,231, 19
557,231,231, 19
558,231,231, 19
559,231,231, 19
560,231,231, 19
561,231,231, 19
562,231,231, 19
563,231,231, 19
564,231,231, 19
565,231,231, 19
566,231,231, 19
567,231,231, 19
568,231,231, 19
569,231,231, 19
570,231,231, 19
571,231,231, 19
572,231,231, 19
573,231,231, 19
574,231,231, 19
575,231,231, 19
576,231,231, 19
577,231,231, 19
578,231,231, 19
579,229,229, 21
580,229,229, 21
581,229,229, 21
582,229,229, 21
583,229,229, 21
584,229,229, 21
585,229,229, 21
586,229,229, 21
587,229,229, 21
588,229,229, 21
589,229,229, 21
590,229,229, 21
591,229,229, 21
592,229,229, 21
593,229,229, 21
594,229,229, 21
595,229,229, 21
596,229,229, 21
597,229,229, 21
598,229,229, 21
599,229,229, 21
600,229,229, 21
601,229,229, 21
602,229,229, 21
603,229,229, 21
604,229,229, 21
605,229,229, 21
606,229,229, 21
607,229,229, 21
608,229,229, 21
609,229,229, 21
610,229,229, 21
611,229,229, 21
612,229,229, 21
613,229,229, 21
614,229,229, 21
615,229,229, 21
616,229,229, 21
617,229,229, 21
618,229,229, 21
619,229,229, 21
620,229,229, 21
621,229,229, 21
622,229,229, 21
623,229,229, 21
624,229,229, 21
625,229,229, 21
626,229,229, 21
627,229,229, 21
628,229,229, 21
629,229,229, 21
630,229,229, 21
631,228,228, 22
632,228,228, 22
633,228,228, 22
634,228,228, 22
635,228,228, 22
636,228,228, 22
637,228,228, 22
638,228,228, 22
639,228,228, 22
640,228,228, 22
641,228,228, 22
642,228,228, 22
643,228,228, 22
644,228,228, 22
645,228,228, 22
646,228,228, 22
647,228,228, 22
648,228,228, 22
649,228,228, 22
650,228,228, 22
651,228,228, 22
652,228,228, 22
653,228,228, 22
654,228,228, 22
655,228,228, 22
656,228,228, 22
657,228,228, 22
658,228,228, 22
659,228,228, 22
660,228,228, 22
661,228,228, 22
662,228,228, 22
663,228,228, 22
664,228,228, 22
665,228,228, 22
666,228,228, 22
667,228,228, 22
668,228,228, 22
669,228,228, 22
670,228,228, 22
671,228,228, 22
672,228,228, 22
673,228,228, 22
674,228,228, 22
675,228,228, 22
676,228,228, 22
677,227,227, 23
678,227,227, 23
679,226,226, 24
680,226,226, 24
681,226,226, 24
682,226,226, 24
683,226,226, 24
684,226,226, 24
685,226,226, 24
686,226,226, 24
687,226,226, 24
688,226,226, 24
689,226,226, 24
690,226,226, 24
691,226,226, 24
692,226,226, 24
693,225,225, 25
694,224,224, 26
695,224,224, 26
696,224,224, 26
697,224,224, 26
698,224,224, 26
699,224,224, 26
700,224,224, 26
701,224,224, 26
702,224,224, 26
703,224,224, 26
704,224,224, 26
705,224,224, 26
706,224,224, 26
707,224,224, 26
708,224,224, 26
709,224,224, 26
710,224,224, 26
711,224,224, 26
712,224,224, 26
713,224,224, 26
714,224,224, 26
715,224,224, 26
716,224,224, 26
717,224,224, 26
718,224,224, 26
719,224,224, 26
720,224,224, 26
721,224,224, 26
722,224,224, 26
723,224,224, 26
724,224,224, 26
725,224,224, 26
726,224,224, 26
727,224,224, 26
728,224,224, 26
729,224,224, 26
730,224,224, 26
731,224,224, 26
732,224,224, 26
733,223,223, 27
734,223,223, 27
735,223,223, 27
736,223,223, 27
737,223,223, 27
738,223,223, 27
739,223,223, 27
740,223,223, 27
741,223,223, 27
742,223,223, 27
743,223,223, 27
744,223,223, 27
745,223,223, 27
746,223,223, 27
747,223,223, 27
748,223,223, 27
749,223,223, 27
750,223,223, 27
751,223,223, 27
752,223,223, 27
753,223,223, 27
754,223,223, 27
755,222,222, 28
756,222,222, 28
757,222,222, 28
758,222,222, 28
759,222,222, 28
760,222,222, 28
761,222,222, 28
762,222,222, 28
763,222,222, 28
764,222,222, 28
765,222,222, 28
766,222,222, 28
767,222,222, 28
768,222,222, 28
769,222,222, 28
770,222,222, 28
771,222,222, 28
772,222,222, 28
773,222,222, 28
774,222,222, 28
775,222,222, 28
776,222,222, 28
777,222,222, 28
778,222,222, 28
779,222,222, 28
780,222,222, 28
781,222,222, 28
782,222,222, 28
783,222,222, 28
784,222,222, 28
785,222,222, 28
786,222,222, 28
787,222,222, 28
788,222,222, 28
789,222,222, 28
790,222,222, 28
791,222,222, 28
792,222,222, 28
793,222,222, 28
794,222,222, 28
795,222,222, 28
796,222,222, 28
797,222,222, 28
798,222,222, 28
799,222,222, 28
800,222,222, 28
801,222,222, 28
802,222,222, 28
803,222,222, 28
804,221,221, 29
805,221,221, 29
806,221,221, 29
807,221,221, 29
808,221,221, 29
809,221,221, 29
810,221,221, 29
811,221,221, 29
812,221,221, 29
813,221,221, 29
814,220,220, 30
815,219,219, 31
816,219,219, 31
817,219,219, 31
818,219,219, 31
819,219,219, 31
820,219,219, 31
821,219,219, 31
822,219,219, 31
823,219,219, 31
824,219,219, 31
825,219,219, 31
826,219,219, 31
827,219,219, 31
828,219,219, 31
829,219,219, 31
830,219,219, 31
831,219,219, 31
832,219,219, 31
833,219,219, 31
834,219,219, 31
835,219,219, 31
836,219,219, 31
837,219,219, 31
838,219,219, 31
839,219,219, 31
840,219,219, 31
841,219,219, 31
842,219,219, 31
843,219,219, 31
844,219,219, 31
845,219,219, 31
846,219,219, 31
847,219,219, 31
848,219,219, 31
849,219,219, 31
850,219,219, 31
851,219,219, 31
852,219,219, 31
853,219,219, 31
854,219,219, 31
855,219,219, 31
856,219,219, 31
857,219,219, 31
858,219,219, 31
859,219,219, 31
860,219,219, 31
861,219,219, 31
862,219,219, 31
863,219,219, 31
864,219,219, 31
865,219,219, 31
866,219,219, 31
867,219,219, 31
868,219,219, 31
869,219,219, 31
870,219,219, 31
871,219,219, 31
872,219,219, 31
873,219,219, 31
874,219,219, 31
875,219,219, 31
876,219,219, 31
877,219,219, 31
878,219,219, 31
879,219,219, 31
880,219,219, 31
881,219,219, 31
882,219,219, 31
883,219,219, 31
884,219,219, 31
885,219,219, 31
886,218,218, 32
887,218,218, 32
888,218,218, 32
889,218,218, 32
890,218,218, 32
891,218,218, 32
892,218,218, 32
893,218,218, 32
894,218,218, 32
895,218,218, 32
896,218,218, 32
897,218,218, 32
898,218,218, 32
899,218,218, 32
900,218,218, 32
901,218,218, 32
902,218,218, 32
903,218,218, 32
904,218,218, 32
905,218,218, 32
906,218,218, 32
907,218,218, 32
908,218,218, 32
909,218,218, 32
910,218,218, 32
911,218,218, 32
912,218,218, 32
913,218,218, 32
914,218,218, 32
915,218,218, 32
916,218,218, 32
917,218,218, 32
918,218,218, 32
919,218,218, 32
920,218,218, 32
921,218,218, 32
922,218,218, 32
923,218,218, 32
924,218,218, 32
925,218,218, 32
926,218,218, 32
927,218,218, 32
928,217,217, 33
929,217,217, 33
930,217,217, 33
931,217,217, 33
932,217,217, 33
933,217,217, 33
934,217,217, 33
935,217,217, 33
936,217,217, 33
937,217,217, 33
938,217,217, 33
939,217,217, 33
940,217,217, 33
941,217,217, 33
942,217,217, 33
943,217,217, 33
944,217,217, 33
945,217,217, 33
946,217,217, 33
947,217,217, 33
948,217,217, 33
949,217,217, 33
950,217,217, 33
951,217,217, 33
952,217,217, 33
953,217,217, 33
954,217,217, 33
955,217,217, 33
956,217,217, 33
957,217,217, 33
958,217,217, 33
959,217,217, 33
960,217,217, 33
961,217,217, 33
962,217,217, 33
963,217,217, 33
964,217,217, 33
965,217,217, 33
966,216,216, 34
967,216,216, 34
968,216,216, 34
969,216,216, 34
970,216,216, 34
971,216,216, 34
972,216,216, 34
973,216,216, 34
974,216,216, 34
975,216,216, 34
976,216,216, 34
977,216,216, 34
978,215,215, 35
979,214,214, 36
980,214,214, 36
981,214,214, 36
982,214,214, 36
983,214,214, 36
984,212,212, 38
985,212,212, 38
986,212,212, 38
987,212,212, 38
988,212,212, 38
989,212,212, 38
990,212,212, 38
991,212,212, 38
992,212,212, 38
993,212,212, 38
994,212,212, 38
995,212,212, 38
996,212,212, 38
997,212,212, 38
998,212,212, 38
999,212,212, 38
1000,212,212, 38
1001,212,212, 38
1002,212,212, 38
1003,212,212, 38
1004,212,212, 38
1005,212,212, 38
1006,212,212, 38
1007,212,212, 38
1008,212,212, 38
1009,212,212, 38
1010,212,212, 38
1011,212,212, 38
1012,212,212, 38
1013,212,212, 38
1014,212,212, 38
1015,212,212, 38
1016,212,212, 38
1017,212,212, 38
1018,212,212, 38
1019,212,212, 38
1020,212,212, 38
1021,212,212, 38
1022,212,212, 38
1023,212,212, 38
1024,212,212, 38
1025,212,212, 38
1026,212,212, 38
1027,212,212, 38
1028,212,212, 38
1029,212,212, 38
1030,212,212, 38
1031,212,212, 38
1032,212,212, 38
1033,212,212, 38
1034,212,212, 38
1035,212,212, 38
1036,212,212, 38
1037,212,212, 38
1038,212,212, 38
1039,212,212, 38
1040,212,212, 38
1041,212,212, 38
1042,212,212, 38
1043,212,212, 38
1044,212,212, 38
1045,212,212, 38
1046,212,212, 38
1047,212,212, 38
1048,212,212, 38
1049,211,211, 39
1050,211,211, 39
1051,211,211, 39
1052,211,211, 39
1053,211,211, 39
1054,211,211, 39
1055,211,211, 39
1056,211,211, 39
1057,211,211, 39
1058,211,211, 39
1059,211,211, 39
1060,211,211, 39
1061,211,211, 39
1062,211,211, 39
1063,211,211, 39
1064,211,211, 39
1065,211,211, 39
1066,211,211, 39
1067,211,211, 39
1068,211,211, 39
1069,211,211, 39
1070,211,211, 39
1071,211,211, 39
1072,211,211, 39
1073,211,211, 39
1074,211,211, 39
1075,211,211, 39
1076,211,211, 39
1077,211,211, 39
1078,211,211, 39
1079,211,211, 39
1080,211,211, 39
1081,211,211, 39
1082,210,210, 40
1083,210,210, 40
1084,210,210, 40
1085,210,210, 40
1086,210,210, 40
1087,210,210, 40
1088,210,210, 40
1089,210,210, 40
1090,210,210, 40
1091,210,210, 40
1092,210,210, 40
1093,210,210, 40
1094,210,210, 40
1095,210,210, 40
1096,210,210, 40
1097,210,210, 40
1098,210,210, 40
1099,210,210, 40
1100,210,210, 40
1101,210,210, 40
1102,210,210, 40
1103,210,210, 40
1104,210,210, 40
1105,210,210, 40
1106,208,208, 42
1107,208,208, 42
1108,208,208, 42
1109,208,208, 42
1110,208,208, 42
1111,208,208, 42
1112,208,208, 42
1113,208,208, 42
1114,208,208, 42
1115,208,208, 42
1116,208,208, 42
1117,208,208, 42
1118,208,208, 42
1119,208,208, 42
1120,208,208, 42
1121,208,208, 42
1122,208,208, 42
1123,208,208, 42
1124,208,208, 42
1125,208,208, 42
1126,208,208, 42
1127,208,208, 42
1128,208,208, 42
1129,208,208, 42
1130,208,208, 42
1131,208,208, 42
1132,208,208, 42
1133,208,208, 42
1134,208,208, 42
1135,208,208, 42
1136,208,208, 42
1137,208,208, 42
1138,208,208, 42
1139,208,208, 42
1140,208,208, 42
1141,208,208, 42
1142,208,208, 42
1143,208,208, 42
1144,208,208, 42
1145,208,208, 42
1146,208,208, 42
1147,208,208, 42
1148,208,208, 42
1149,208,208, 42
1150,208,208, 42
1151,208,208, 42
1152,208,208, 42
1153,208,208, 42
1154,208,208, 42
1155,208,208, 42
1156,208,208, 42
1157,208,208, 42
1158,208,208, 42
1159,208,208, 42
1160,208,208, 42
1161,208,208, 42
1162,208,208, 42
1163,208,208, 42
1164,208,208, 42
1165,208,208, 42
1166,208,208, 42
1167,208,208, 42
1168,208,208, 42
1169,208,208, 42
1170,208,208, 42
1171,208,208, 42
1172,208,208, 42
1173,208,208, 42
1174,208,208, 42
1175,208,208, 42
1176,208,208, 42
1177,208,208, 42
1178,208,208, 42
1179,208,208, 42
1180,208,208, 42
1181,208,208, 42
1182,208,208, 42
1183,208,208, 42
1184,208,208, 42
1185,208,208, 42
1186,208,208, 42
1187,208,208, 42
1188,208,208, 42
1189,208,208, 42
1190,208,208, 42
1191,208,208, 42
1192,208,208, 42
1193,208,208, 42
1194,208,208, 42
1195,208,208, 42
1196,208,208, 42
1197,208,208, 42
1198,208,208, 42
1199,208,208, 42
1200,208,208, 42
1201,208,208, 42
1202,208,208, 42
1203,208,208, 42
1204,208,208, 42
1205,208,208, 42
1206,208,208, 42
1207,208,208, 42
1208,208,208, 42
1209,208,208, 42
1210,208,208, 42
1211,208,208, 42
1212,208,208, 42
1213,208,208, 42
1214,208,208, 42
1215,208,208, 42
1216,208,208, 42
1217,208,208, 42
1218,208,208, 42
1219,208,208, 42
1220,208,208, 42
1221,208,208, 42
1222,208,208, 42
1223,208,208, 42
1224,208,208, 42
1225,208,208, 42
1226,208,208, 42
1227,208,208, 42
1228,208,208, 42
1229,208,208, 42
1230,208,208, 42
1231,208,208, 42
1232,208,208, 42
1233,208,208, 42
1234,208,208, 42
1235,208,208, 42
1236,208,208, 42
1237,208,208, 42
1238,208,208, 42
1239,208,208, 42
1240,208,208, 42
1241,208,208, 42
1242,208,208, 42
1243,208,208, 42
1244,208,208, 42
1245,208,208, 42
1246,208,208, 42
1247,208,208, 42
1248,208,208, 42
1249,208,208, 42
1250,208,208, 42
1251,208,208, 42
1252,208,208, 42
1253,208,208, 42
1254,208,208, 42
1255,208,208, 42
1256,208,208, 42
1257,208,208, 42
1258,208,208, 42
1259,208,208, 42
1260,208,208, 42
1261,208,208, 42
1262,208,208, 42
1263,208,208, 42
1264,208,208, 42
1265,208,208, 42
1266,208,208, 42
1267,208,208, 42
1268,208,208, 42
1269,208,208, 42
1270,208,208, 42
1271,208,208, 42
1272,208,208, 42
1273,208,208, 42
1274,208,208, 42
1275,208,208, 42
1276,208,208, 42
1277,208,208, 42
1278,208,208, 42
1279,208,208, 42
1280,208,208, 42
1281,208,208, 42
1282,208,208, 42
1283,208,208, 42
1284,208,208, 42
1285,208,208, 42
1286,208,208, 42
1287,208,208, 42
1288,208,208, 42
1289,208,208, 42
1290,208,208, 42
1291,208,208, 42
1292,208,208, 42
1293,208,208, 42
1294,208,208, 42
1295,208,208, 42
1296,208,208, 42
1297,208,208, 42
1298,208,208, 42
1299,208,208, 42
1300,208,208, 42
1301,208,208, 42
1302,208,208, 42
1303,208,208, 42
1304,208,208, 42
1305,208,208, 42
1306,208,208, 42
1307,208,208, 42
1308,208,208, 42
1309,208,208, 42
1310,208,208, 42
1311,208,208, 42
1312,208,208, 42
1313,208,208, 42
1314,208,208, 42
1315,208,208, 42
1316,208,208, 42
1317,208,208, 42
1318,208,208, 42
1319,208,208, 42
1320,208,208, 42
1321,208,208, 42
1322,208,208, 42
1323,208,208, 42
1324,208,208, 42
1325,208,208, 42
1326,208,208, 42
1327,208,208, 42
1328,208,208, 42
1329,208,208, 42
1330,208,208, 42
1331,208,208, 42
1332,208,208, 42
1333,208,208, 42
1334,208,208, 42
1335,208,208, 42
1336,207,207, 43
1337,207,207, 43
1338,207,207, 43
1339,207,207, 43
1340,207,207, 43
1341,207,207, 43
1342,207,207, 43
1343,207,207, 43
1344,207,207, 43
1345,207,207, 43
1346,207,207, 43
1347,207,207, 43
1348,207,207, 43
1349,207,207, 43
1350,207,207, 43
1351,207,207, 43
1352,207,207, 43
1353,207,207, 43
1354,207,207, 43
1355,207,207, 43
1356,207,207, 43
1357,207,207, 43
1358,206,206, 44
1359,206,206, 44
1360,206,206, 44
1361,206,206, 44
1362,206,206, 44
1363,206,206, 44
1364,206,206, 44
1365,206,206, 44
1366,206,206, 44
1367,206,206, 44
1368,206,206, 44
1369,206,206, 44
1370,206,206, 44
1371,206,206, 44
1372,206,206, 44
1373,206,206, 44
1374,206,206, 44
1375,206,206, 44
1376,206,206, 44
1377,206,206, 44
1378,206,206, 44
1379,206,206, 44
1380,206,206, 44
1381,206,206, 44
1382,206,206, 44
1383,206,206, 44
1384,206,206, 44
1385,206,206, 44
1386,206,206, 44
1387,206,206, 44
1388,206,206, 44
1389,206,206, 44
1390,206,206, 44
1391,206,206, 44
1392,206,206, 44
1393,206,206, 44
1394,206,206, 44
1395,206,206, 44
1396,206,206, 44
1397,206,206, 44
1398,205,205, 45
1399,205,205, 45
1400,204,204, 46
1401,204,204, 46
1402,204,204, 46
1403,204,204, 46
1404,204,204, 46
1405,204,204, 46
1406,204,204, 46
1407,204,204, 46
1408,204,204, 46
1409,204,204, 46
1410,204,204, 46
1411,204,204, 46
1412,204,204, 46
1413,204,204, 46
1414,204,204, 46
1415,204,204, 46
1416,204,204, 46
1417,204,204, 46
1418,204,204, 46
1419,204,204, 46
1420,204,204, 46
1421,204,204, 46
1422,204,204, 46
1423,204,204, 46
1424,204,204, 46
1425,204,204, 46
1426,204,204, 46
1427,204,204, 46
1428,204,204, 46
1429,204,204, 46
1430,204,204, 46
1431,204,204, 46
1432,204,204, 46
1433,204,204, 46
1434,204,204, 46
1435,204,204, 46
1436,204,204, 46
1437,204,204, 46
1438,204,204, 46
1439,204,204, 46
1440,204,204, 46
1441,204,204, 46
1442,204,204, 46
1443,203,203, 47
1444,203,203, 47
1445,203,203, 47
1446,203,203, 47
1447,203,203, 47
1448,203,203, 47
1449,203,203, 47
1450,203,203, 47
1451,203,203, 47
1452,203,203, 47
1453,203,203, 47
1454,203,203, 47
1455,203,203, 47
1456,203,203, 47
1457,203,203, 47
1458,203,203, 47
1459,203,203, 47
1460,203,203, 47
1461,203,203, 47
1462,203,203, 47
1463,203,203, 47
1464,203,203, 47
1465,203,203, 47
1466,203,203, 47
1467,203,203, 47
1468,203,203, 47
1469,203,203, 47
1470,203,203, 47
1471,203,203, 47
1472,203,203, 47
1473,203,203, 47
1474,203,203, 47
1475,203,203, 47
1476,203,203, 47
1477,203,203, 47
1478,203,203, 47
1479,203,203, 47
1480,203,203, 47
1481,202,202, 48
1482,202,202, 48
1483,202,202, 48
1484,202,202, 48
1485,202,202, 48
1486,202,202, 48
1487,202,202, 48
1488,202,202, 48
1489,202,202, 48
1490,202,202, 48
1491,202,202, 48
1492,202,202, 48
1493,202,202, 48
1494,202,202, 48
1495,202,202, 48
1496,202,202, 48
1497,202,202, 48
1498,202,202, 48
1499,202,202, 48
