0,250,250, 0
1,250,250, 0
2,250,250, 0
3,250,250, 0
4,250,250, 0
5,249,249, 1
6,249,249, 1
7,249,249, 1
8,249,249, 1
9,249,249, 1
10,249,249, 1
11,249,249, 1
12,249,249, 1
13,249,249, 1
14,249,249, 1
15,249,249, 1
16,249,249, 1
17,249,249, 1
18,249,249, 1
19,249,249, 1
20,249,249, 1
21,249,249, 1
22,249,249, 1
23,249,249, 1
24,249,249, 1
25,249,249, 1
26,249,249, 1
27,249,249, 1
28,249,249, 1
29,249,249, 1
30,249,249, 1
31,248,248, 2
32,248,248, 2
33,248,248, 2
34,248,248, 2
35,248,248, 2
36,248,248, 2
37,248,248, 2
38,248,248, 2
39,248,248, 2
40,248,248, 2
41,248,248, 2
42,247,247, 3
43,247,247, 3
44,247,247, 3
45,247,247, 3
46,247,247, 3
47,247,247, 3
48,247,247, 3
49,247,247, 3
50,247,247, 3
51,247,247, 3
52,247,247, 3
53,247,247, 3
54,247,247, 3
55,247,247, 3
56,247,247, 3
57,247,247, 3
58,247,247, 3
59,247,247, 3
60,247,247, 3
61,247,247, 3
62,247,247, 3
63,247,247, 3
64,247,247, 3
65,247,247, 3
66,247,247, 3
67,247,247, 3
68,247,247, 3
69,247,247, 3
70,247,247, 3
71,247,247, 3
72,247,247, 3
73,247,247, 3
74,247,247, 3
75,247,247, 3
76,247,247, 3
77,247,247, 3
78,247,247, 3
79,246,246, 4
80,246,246, 4
81,246,246, 4
82,246,246, 4
83,246,246, 4
84,246,246, 4
85,246,246, 4
86,246,246, 4
87,246,246, 4
88,246,246, 4
89,246,246, 4
90,246,246, 4
91,246,246, 4
92,246,246, 4
93,246,246, 4
94,246,246, 4
95,246,246, 4
96,246,246, 4
97,246,246, 4
98,246,246, 4
99,246,246, 4
100,246,246, 4
101,246,246, 4
102,246,246, 4
103,246,246, 4
104,246,246, 4
105,246,246, 4
106,246,246, 4
107,244,244, 6
108,244,244, 6
109,243,243, 7
110,243,243, 7
111,243,243, 7
112,243,243, 7
113,243,243, 7
114,243,243, 7
115,243,243, 7
116,243,243, 7
117,243,243, 7
118,243,243, 7
119,243,243, 7
120,243,243, 7
121,243,243, 7
122,243,243, 7
123,243,243, 7
124,243,243, 7
125,243,243, 7
126,243,243, 7
127,243,243, 7
128,243,243, 7
129,243,243, 7
130,243,243, 7
131,243,243, 7
132,243,243, 7
133,243,243, 7
134,243,243, 7
135,243,243, 7
136,243,243, 7
137,243,243, 7
138,243,243, 7
139,243,243, 7
140,243,243, 7
141,243,243, 7
142,243,243, 7
143,243,243, 7
144,243,243, 7
145,243,243, 7
146,243,243, 7
147,242,242, 8
148,242,242, 8
149,242,242, 8
150,242,242, 8
151,242,242, 8
152,242,242, 8
153,241,241, 9
154,241,241, 9
155,241,241, 9
156,241,241, 9
157,241,241, 9
158,241,241, 9
159,241,241, 9
160,241,241, 9
161,241,241, 9
162,241,241, 9
163,241,241, 9
164,241,241, 9
165,241,241, 9
166,241,241, 9
167,241,241, 9
168,240,240, 10
169,240,240, 10
170,240,240, 10
171,240,240, 10
172,240,240, 10
173,240,240, 10
174,240,240, 10
175,240,240, 10
176,240,240, 10
177,240,240, 10
178,240,240, 10
179,240,240, 10
180,240,240, 10
181,240,240, 10
182,240,240, 10
183,240,240, 10
184,240,240, 10
185,240,240, 10
186,240,240, 10
187,240,240, 10
188,240,240, 10
189,240,240, 10
190,240,240, 10
191,240,240, 10
192,240,240, 10
193,240,240, 10
194,240,240, 10
195,240,240, 10
196,240,240, 10
197,240,240, 10
198,240,240, 10
199,240,240, 10
200,240,240, 10
201,240,240, 10
202,240,240, 10
203,240,240, 10
204,240,240, 10
205,240,240, 10
206,240,240, 10
207,240,240, 10
208,240,240, 10
209,240,240, 10
210,240,240, 10
211,240,240, 10
212,240,240, 10
213,240,240, 10
214,240,240, 10
215,240,240, 10
216,240,240, 10
217,240,240, 10
218,240,240, 10
219,240,240, 10
220,240,240, 10
221,240,240, 10
222,240,240, 10
223,240,240, 10
224,240,240, 10
225,240,240, 10
226,240,240, 10
227,240,240, 10
228,240,240, 10
229,240,240, 10
230,240,240, 10
231,240,240, 10
232,240,240, 10
233,240,240, 10
234,240,240, 10
235,240,240, 10
236,240,240, 10
237,240,240, 10
238,240,240, 10
239,240,240, 10
240,240,240, 10
241,240,240, 10
242,240,240, 10
243,240,240, 10
244,240,240, 10
245,240,240, 10
246,240,240, 10
247,240,240, 10
248,240,240, 10
249,240,240, 10
250,240,240, 10
251,240,240, 10
252,240,240, 10
253,240,240, 10
254,240,240, 10
255,240,240, 10
256,240,240, 10
257,240,240, 10
258,240,240, 10
259,240,240, 10
260,240,240, 10
261,240,240, 10
262,240,240, 10
263,240,240, 10
264,240,240, 10
265,240,240, 10
266,240,240, 10
267,240,240, 10
268,240,240, 10
269,240,240, 10
270,240,240, 10
271,240,240, 10
272,240,240, 10
273,240,240, 10
274,240,240, 10
275,240,240, 10
276,240,240, 10
277,240,240, 10
278,240,240, 10
279,240,240, 10
280,240,240, 10
281,240,240, 10
282,240,240, 10
283,240,240, 10
284,240,240, 10
285,240,240, 10
286,240,240, 10
287,240,240, 10
288,240,240, 10
289,240,240, 10
290,240,240, 10
291,240,240, 10
292,240,240, 10
293,240,240, 10
294,240,240, 10
295,240,240, 10
296,240,240, 10
297,240,240, 10
298,240,240, 10
299,240,240, 10
300,240,240, 10
301,240,240, 10
302,240,240, 10
303,240,240, 10
304,240,240, 10
305,240,240, 10
306,240,240, 10
307,240,240, 10
308,240,240, 10
309,240,240, 10
310,240,240, 10
311,240,240, 10
312,240,240, 10
313,240,240, 10
314,240,240, 10
315,240,240, 10
316,240,240, 10
317,240,240, 10
318,240,240, 10
319,240,240, 10
320,240,240, 10
321,240,240, 10
322,240,240, 10
323,240,240, 10
324,240,240, 10
325,240,240, 10
326,240,240, 10
327,240,240, 10
328,240,240, 10
329,240,240, 10
330,240,240, 10
331,240,240, 10
332,240,240, 10
333,240,240, 10
334,240,240, 10
335,239,239, 11
336,239,239, 11
337,239,239, 11
338,239,239, 11
339,239,239, 11
340,239,239, 11
341,239,239, 11
342,239,239, 11
343,239,239, 11
344,239,239, 11
345,239,239, 11
346,239,239, 11
347,239,239, 11
348,239,239, 11
349,239,239, 11
350,239,239, 11
351,239,239, 11
352,239,239, 11
353,239,239, 11
354,239,239, 11
355,239,239, 11
356,239,239, 11
357,239,239, 11
358,239,239, 11
359,239,239, 11
360,239,239, 11
361,239,239, 11
362,239,239, 11
363,239,239, 11
364,239,239, 11
365,239,239, 11
366,238,238, 12
367,238,238, 12
368,238,238, 12
369,238,238, 12
370,238,238, 12
371,238,238, 12
372,238,238, 12
373,238,238, 12
374,238,238, 12
375,238,238, 12
376,238,238, 12
377,238,238, 12
378,238,238, 12
379,238,238, 12
380,238,238, 12
381,238,238, 12
382,238,238, 12
383,238,238, 12
384,238,238, 12
385,238,238, 12
386,238,238, 12
387,238,238, 12
388,238,238, 12
389,238,238, 12
390,238,238, 12
391,238,238, 12
392,238,238, 12
393,238,238, 12
394,238,238, 12
395,238,238, 12
396,237,237, 13
397,237,237, 13
398,237,237, 13
399,237,237, 13
400,237,237, 13
401,237,237, 13
402,237,237, 13
403,237,237, 13
404,237,237, 13
405,237,237, 13
406,237,237, 13
407,237,237, 13
408,237,237, 13
409,237,237, 13
410,237,237, 13
411,237,237, 13
412,237,237, 13
413,237,237, 13
414,237,237, 13
415,237,237, 13
416,237,237, 13
417,237,237, 13
418,237,237, 13
419,237,237, 13
420,237,237, 13
421,237,237, 13
422,237,237, 13
423,237,237, 13
424,237,237, 13
425,237,237, 13
426,237,237, 13
427,237,237, 13
428,237,237, 13
429,237,237, 13
430,237,237, 13
431,237,237, 13
432,237,237, 13
433,237,237, 13
434,237,237, 13
435,237,237, 13
436,237,237, 13
437,237,237, 13
438,237,237, 13
439,237,237, 13
440,237,237, 13
441,237,237, 13
442,237,237, 13
443,237,237, 13
444,237,237, 13
445,237,237, 13
446,237,237, 13
447,237,237, 13
448,237,237, 13
449,237,237, 13
450,237,237, 13
451,237,237, 13
452,237,237, 13
453,237,237, 13
454,237,237, 13
455,237,237, 13
456,237,237, 13
457,237,237, 13
458,237,237, 13
459,237,237, 13
460,237,237, 13
461,237,237, 13
462,237,237, 13
463,237,237, 13
464,237,237, 13
465,237,237, 13
466,237,237, 13
467,237,237, 13
468,237,237, 13
469,237,237, 13
470,237,237, 13
471,237,237, 13
472,237,237, 13
473,237,237, 13
474,237,237, 13
475,237,237, 13
476,237,237, 13
477,237,237, 13
478,237,237, 13
479,237,237, 13
480,237,237, 13
481,237,237, 13
482,237,237, 13
483,237,237, 13
484,237,237, 13
485,237,237, 13
486,237,237, 13
487,237,237, 13
488,237,237, 13
489,237,237, 13
490,237,237, 13
491,237,237, 13
492,237,237, 13
493,237,237, 13
494,237,237, 13
495,237,237, 13
496,237,237, 13
497,237,237, 13
498,237,237, 13
499,237,237, 13
500,237,237, 13
501,237,237, 13
502,237,237, 13
503,237,237, 13
504,237,237, 13
505,237,237, 13
506,237,237, 13
507,237,237, 13
508,237,237, 13
509,237,237, 13
510,237,237, 13
511,237,237, 13
512,237,237, 13
513,237,237, 13
514,237,237, 13
515,237,237, 13
516,237,237, 13
517,237,237, 13
518,237,237, 13
519,237,237, 13
520,237,237, 13
521,237,237, 13
522,237,237, 13
523,237,237, 13
524,237,237, 13
525,237,237, 13
526,237,237, 13
527,237,237, 13
528,237,237, 13
529,237,237, 13
530,237,237, 13
531,237,237, 13
532,237,237, 13
533,237,237, 13
534,237,237, 13
535,237,237, 13
536,237,237, 13
537,237,237, 13
538,237,237, 13
539,237,237, 13
540,237,237, 13
541,237,237, 13
542,237,237, 13
543,237,237, 13
544,237,237, 13
545,237,237, 13
546,237,237, 13
547,237,237, 13
548,237,237, 13
549,237,237, 13
550,237,237, 13
551,237,237, 13
552,237,237, 13
553,237,237, 13
554,237,237, 13
555,237,237, 13
556,237,237, 13
557,237,237, 13
558,237,237, 13
559,237,237, 13
560,237,237, 13
561,237,237, 13
562,237,237, 13
563,237,237, 13
564,237,237, 13
565,237,237, 13
566,237,237, 13
567,237,237, 13
568,237,237, 13
569,237,237, 13
570,237,237, 13
571,237,237, 13
572,237,237, 13
573,237,237, 13
574,237,237, 13
575,237,237, 13
576,237,237, 13
577,237,237, 13
578,237,237, 13
579,237,237, 13
580,237,237, 13
581,237,237, 13
582,237,237, 13
583,237,237, 13
584,237,237, 13
585,237,237, 13
586,237,237, 13
587,237,237, 13
588,237,237, 13
589,237,237, 13
590,237,237, 13
591,237,237, 13
592,237,237, 13
593,237,237, 13
594,237,237, 13
595,237,237, 13
596,237,237, 13
597,237,237, 13
598,237,237, 13
599,237,237, 13
600,237,237, 13
601,237,237, 13
602,237,237, 13
603,237,237, 13
604,237,237, 13
605,237,237, 13
606,237,237, 13
607,237,237, 13
608,237,237, 13
609,237,237, 13
610,237,237, 13
611,237,237, 13
612,237,237, 13
613,237,237, 13
614,237,237, 13
615,237,237, 13
616,237,237, 13
617,237,237, 13
618,237,237, 13
619,237,237, 13
620,237,237, 13
621,237,237, 13
622,237,237, 13
623,237,237, 13
624,237,237, 13
625,237,237, 13
626,237,237, 13
627,237,237, 13
628,237,237, 13
629,237,237, 13
630,237,237, 13
631,237,237, 13
632,237,237, 13
633,237,237, 13
634,237,237, 13
635,237,237, 13
636,237,237, 13
637,237,237, 13
638,237,237, 13
639,237,237, 13
640,237,237, 13
641,237,237, 13
642,237,237, 13
643,237,237, 13
644,237,237, 13
645,237,237, 13
646,237,237, 13
647,237,237, 13
648,237,237, 13
649,237,237, 13
650,237,237, 13
651,237,237, 13
652,237,237, 13
653,237,237, 13
654,237,237, 13
655,237,237, 13
656,237,237, 13
657,237,237, 13
658,237,237, 13
659,237,237, 13
660,237,237, 13
661,237,237, 13
662,237,237, 13
663,237,237, 13
664,237,237, 13
665,237,237, 13
666,237,237, 13
667,237,237, 13
668,237,237, 13
669,237,237, 13
670,237,237, 13
671,237,237, 13
672,237,237, 13
673,237,237, 13
674,237,237, 13
675,237,237, 13
676,237,237, 13
677,237,237, 13
678,237,237, 13
679,237,237, 13
680,237,237, 13
681,237,237, 13
682,237,237, 13
683,237,237, 13
684,237,237, 13
685,237,237, 13
686,237,237, 13
687,237,237, 13
688,237,237, 13
689,237,237, 13
690,237,237, 13
691,237,237, 13
692,237,237, 13
693,237,237, 13
694,237,237, 13
695,237,237, 13
696,237,237, 13
697,237,237, 13
698,237,237, 13
699,237,237, 13
700,237,237, 13
701,237,237, 13
702,237,237, 13
703,237,237, 13
704,237,237, 13
705,237,237, 13
706,237,237, 13
707,237,237, 13
708,237,237, 13
709,237,237, 13
710,237,237, 13
711,237,237, 13
712,237,237, 13
713,237,237, 13
714,237,237, 13
715,237,237, 13
716,237,237, 13
717,237,237, 13
718,237,237, 13
719,237,237, 13
720,237,237, 13
721,237,237, 13
722,237,237, 13
723,237,237, 13
724,237,237, 13
725,237,237, 13
726,237,237, 13
727,237,237, 13
728,237,237, 13
729,237,237, 13
730,237,237, 13
731,237,237, 13
732,237,237, 13
733,237,237, 13
734,237,237, 13
735,237,237, 13
736,237,237, 13
737,237,237, 13
738,237,237, 13
739,237,237, 13
740,237,237, 13
741,237,237, 13
742,237,237, 13
743,237,237, 13
744,237,237, 13
745,237,237, 13
746,237,237, 13
747,237,237, 13
748,237,237, 13
749,237,237, 13
750,237,237, 13
751,237,237, 13
752,237,237, 13
753,237,237, 13
754,237,237, 13
755,237,237, 13
756,237,237, 13
757,237,237, 13
758,237,237, 13
759,237,237, 13
760,237,237, 13
761,237,237, 13
762,237,237, 13
763,237,237, 13
764,237,237, 13
765,237,237, 13
766,237,237, 13
767,237,237, 13
768,237,237, 13
769,237,237, 13
770,237,237, 13
771,237,237, 13
772,237,237, 13
773,237,237, 13
774,237,237, 13
775,237,237, 13
776,237,237, 13
777,237,237, 13
778,237,237, 13
779,237,237, 13
780,237,237, 13
781,237,237, 13
782,237,237, 13
783,237,237, 13
784,237,237, 13
785,237,237, 13
786,237,237, 13
787,237,237, 13
788,237,237, 13
789,237,237, 13
790,237,237, 13
791,237,237, 13
792,237,237, 13
793,237,237, 13
794,237,237, 13
795,237,237, 13
796,237,237, 13
797,237,237, 13
798,237,237, 13
799,237,237, 13
800,237,237, 13
801,237,237, 13
802,237,237, 13
803,237,237, 13
804,237,237, 13
805,237,237, 13
806,237,237, 13
807,237,237, 13
808,237,237, 13
809,237,237, 13
810,237,237, 13
811,237,237, 13
812,237,237, 13
813,237,237, 13
814,237,237, 13
815,237,237, 13
816,237,237, 13
817,237,237, 13
818,237,237, 13
819,237,237, 13
820,237,237, 13
821,237,237, 13
822,237,237, 13
823,237,237, 13
824,237,237, 13
825,237,237, 13
826,237,237, 13
827,237,237, 13
828,237,237, 13
829,237,237, 13
830,237,237, 13
831,237,237, 13
832,237,237, 13
833,237,237, 13
834,237,237, 13
835,237,237, 13
836,237,237, 13
837,237,237, 13
838,237,237, 13
839,237,237, 13
840,237,237, 13
841,237,237, 13
842,237,237, 13
843,237,237, 13
844,237,237, 13
845,237,237, 13
846,237,237, 13
847,237,237, 13
848,237,237, 13
849,237,237, 13
850,237,237, 13
851,237,237, 13
852,237,237, 13
853,237,237, 13
854,237,237, 13
855,237,237, 13
856,237,237, 13
857,237,237, 13
858,237,237, 13
859,237,237, 13
860,237,237, 13
861,237,237, 13
862,237,237, 13
863,237,237, 13
864,237,237, 13
865,237,237, 13
866,237,237, 13
867,237,237, 13
868,237,237, 13
869,237,237, 13
870,237,237, 13
871,237,237, 13
872,237,237, 13
873,237,237, 13
874,237,237, 13
875,237,237, 13
876,237,237, 13
877,237,237, 13
878,237,237, 13
879,237,237, 13
880,237,237, 13
881,237,237, 13
882,237,237, 13
883,237,237, 13
884,237,237, 13
885,237,237, 13
886,237,237, 13
887,237,237, 13
888,237,237, 13
889,237,237, 13
890,237,237, 13
891,237,237, 13
892,237,237, 13
893,237,237, 13
894,237,237, 13
895,237,237, 13
896,237,237, 13
897,237,237, 13
898,237,237, 13
899,237,237, 13
900,237,237, 13
901,237,237, 13
902,237,237, 13
903,237,237, 13
904,237,237, 13
905,237,237, 13
906,237,237, 13
907,237,237, 13
908,237,237, 13
909,237,237, 13
910,237,237, 13
911,237,237, 13
912,237,237, 13
913,237,237, 13
914,237,237, 13
915,237,237, 13
916,237,237, 13
917,237,237, 13
918,237,237, 13
919,237,237, 13
920,237,237, 13
921,237,237, 13
922,237,237, 13
923,237,237, 13
924,237,237, 13
925,237,237, 13
926,237,237, 13
927,237,237, 13
928,237,237, 13
929,237,237, 13
930,237,237, 13
931,237,237, 13
932,237,237, 13
933,237,237, 13
934,237,237, 13
935,237,237, 13
936,237,237, 13
937,237,237, 13
938,237,237, 13
939,237,237, 13
940,237,237, 13
941,237,237, 13
942,237,237, 13
943,237,237, 13
944,237,237, 13
945,237,237, 13
946,237,237, 13
947,237,237, 13
948,237,237, 13
949,237,237, 13
950,237,237, 13
951,237,237, 13
952,237,237, 13
953,237,237, 13
954,237,237, 13
955,237,237, 13
956,237,237, 13
957,237,237, 13
958,237,237, 13
959,237,237, 13
960,237,237, 13
961,237,237, 13
962,237,237, 13
963,237,237, 13
964,237,237, 13
965,237,237, 13
966,237,237, 13
967,237,237, 13
968,237,237, 13
969,237,237, 13
970,237,237, 13
971,237,237, 13
972,237,237, 13
973,237,237, 13
974,237,237, 13
975,237,237, 13
976,237,237, 13
977,237,237, 13
978,237,237, 13
979,237,237, 13
980,237,237, 13
981,237,237, 13
982,237,237, 13
983,237,237, 13
984,237,237, 13
985,237,237, 13
986,237,237, 13
987,237,237, 13
988,237,237, 13
989,237,237, 13
990,237,237, 13
991,237,237, 13
992,237,237, 13
993,237,237, 13
994,237,237, 13
995,237,237, 13
996,237,237, 13
997,237,237, 13
998,237,237, 13
999,237,237, 13
1000,237,237, 13
1001,237,237, 13
1002,237,237, 13
1003,237,237, 13
1004,237,237, 13
1005,237,237, 13
1006,237,237, 13
1007,237,237, 13
1008,237,237, 13
1009,237,237, 13
1010,237,237, 13
1011,237,237, 13
1012,237,237, 13
1013,237,237, 13
1014,237,237, 13
1015,237,237, 13
1016,237,237, 13
1017,237,237, 13
1018,237,237, 13
1019,237,237, 13
1020,237,237, 13
1021,237,237, 13
1022,237,237, 13
1023,237,237, 13
1024,237,237, 13
1025,237,237, 13
1026,237,237, 13
1027,237,237, 13
1028,237,237, 13
1029,237,237, 13
1030,237,237, 13
1031,237,237, 13
1032,237,237, 13
1033,237,237, 13
1034,237,237, 13
1035,237,237, 13
1036,237,237, 13
1037,237,237, 13
1038,237,237, 13
1039,237,237, 13
1040,237,237, 13
1041,237,237, 13
1042,237,237, 13
1043,237,237, 13
1044,237,237, 13
1045,237,237, 13
1046,237,237, 13
1047,237,237, 13
1048,237,237, 13
1049,237,237, 13
1050,237,237, 13
1051,237,237, 13
1052,237,237, 13
1053,237,237, 13
1054,237,237, 13
1055,237,237, 13
1056,237,237, 13
1057,237,237, 13
1058,237,237, 13
1059,237,237, 13
1060,237,237, 13
1061,237,237, 13
1062,237,237, 13
1063,237,237, 13
1064,237,237, 13
1065,237,237, 13
1066,237,237, 13
1067,237,237, 13
1068,237,237, 13
1069,237,237, 13
1070,237,237, 13
1071,237,237, 13
1072,237,237, 13
1073,237,237, 13
1074,237,237, 13
1075,237,237, 13
1076,237,237, 13
1077,237,237, 13
1078,237,237, 13
1079,237,237, 13
1080,237,237, 13
1081,236,236, 14
1082,236,236, 14
1083,236,236, 14
1084,236,236, 14
1085,236,236, 14
1086,236,236, 14
1087,236,236, 14
1088,236,236, 14
1089,236,236, 14
1090,236,236, 14
1091,236,236, 14
1092,236,236, 14
1093,236,236, 14
1094,236,236, 14
1095,236,236, 14
1096,236,236, 14
1097,236,236, 14
1098,236,236, 14
1099,236,236, 14
1100,236,236, 14
1101,236,236, 14
1102,236,236, 14
1103,236,236, 14
1104,236,236, 14
1105,236,236, 14
1106,236,236, 14
1107,236,236, 14
1108,236,236, 14
1109,236,236, 14
1110,236,236, 14
1111,236,236, 14
1112,236,236, 14
1113,236,236, 14
1114,236,236, 14
1115,236,236, 14
1116,236,236, 14
1117,236,236, 14
1118,236,236, 14
1119,236,236, 14
1120,236,236, 14
1121,236,236, 14
1122,236,236, 14
1123,236,236, 14
1124,236,236, 14
1125,236,236, 14
1126,236,236, 14
1127,236,236, 14
1128,236,236, 14
1129,236,236, 14
1130,236,236, 14
1131,236,236, 14
1132,236,236, 14
1133,236,236, 14
1134,236,236, 14
1135,236,236, 14
1136,236,236, 14
1137,236,236, 14
1138,236,236, 14
1139,236,236, 14
1140,236,236, 14
1141,236,236, 14
1142,236,236, 14
1143,236,236, 14
1144,236,236, 14
1145,236,236, 14
1146,236,236, 14
1147,236,236, 14
1148,236,236, 14
1149,236,236, 14
1150,236,236, 14
1151,236,236, 14
1152,236,236, 14
1153,236,236, 14
1154,236,236, 14
1155,236,236, 14
1156,236,236, 14
1157,236,236, 14
1158,236,236, 14
1159,236,236, 14
1160,236,236, 14
1161,236,236, 14
1162,236,236, 14
1163,236,236, 14
1164,236,236, 14
1165,236,236, 14
1166,236,236, 14
1167,236,236, 14
1168,236,236, 14
1169,236,236, 14
1170,236,236, 14
1171,236,236, 14
1172,236,236, 14
1173,236,236, 14
1174,236,236, 14
1175,236,236, 14
1176,236,236, 14
1177,236,236, 14
1178,236,236, 14
1179,236,236, 14
1180,236,236, 14
1181,236,236, 14
1182,236,236, 14
1183,235,235, 15
1184,235,235, 15
1185,235,235, 15
1186,235,235, 15
1187,235,235, 15
1188,235,235, 15
1189,235,235, 15
1190,235,235, 15
1191,235,235, 15
1192,235,235, 15
1193,235,235, 15
1194,235,235, 15
1195,235,235, 15
1196,235,235, 15
1197,235,235, 15
1198,235,235, 15
1199,235,235, 15
1200,235,235, 15
1201,235,235, 15
1202,235,235, 15
1203,235,235, 15
1204,235,235, 15
1205,235,235, 15
1206,235,235, 15
1207,235,235, 15
1208,235,235, 15
1209,235,235, 15
1210,235,235, 15
1211,235,235, 15
1212,235,235, 15
1213,235,235, 15
1214,235,235, 15
1215,235,235, 15
1216,235,235, 15
1217,235,235, 15
1218,235,235, 15
1219,235,235, 15
1220,235,235, 15
1221,235,235, 15
1222,235,235, 15
1223,235,235, 15
1224,235,235, 15
1225,235,235, 15
1226,235,235, 15
1227,235,235, 15
1228,235,235, 15
1229,235,235, 15
1230,235,235, 15
1231,235,235, 15
1232,235,235, 15
1233,235,235, 15
1234,235,235, 15
1235,235,235, 15
1236,235,235, 15
1237,235,235, 15
1238,235,235, 15
1239,235,235, 15
1240,235,235, 15
1241,235,235, 15
1242,235,235, 15
1243,235,235, 15
1244,235,235, 15
1245,235,235, 15
1246,235,235, 15
1247,235,235, 15
1248,234,234, 16
1249,234,234, 16
1250,234,234, 16
1251,234,234, 16
1252,234,234, 16
1253,234,234, 16
1254,234,234, 16
1255,234,234, 16
1256,234,234, 16
1257,234,234, 16
1258,234,234, 16
1259,234,234, 16
1260,234,234, 16
1261,234,234, 16
1262,234,234, 16
1263,234,234, 16
1264,234,234, 16
1265,234,234, 16
1266,234,234, 16
1267,234,234, 16
1268,234,234, 16
1269,234,234, 16
1270,234,234, 16
1271,234,234, 16
1272,234,234, 16
1273,234,234, 16
1274,234,234, 16
1275,234,234, 16
1276,234,234, 16
1277,234,234, 16
1278,234,234, 16
1279,234,234, 16
1280,234,234, 16
1281,234,234, 16
1282,234,234, 16
1283,234,234, 16
1284,234,234, 16
1285,234,234, 16
1286,234,234, 16
1287,234,234, 16
1288,234,234, 16
1289,234,234, 16
1290,234,234, 16
1291,234,234, 16
1292,234,234, 16
1293,234,234, 16
1294,234,234, 16
1295,234,234, 16
1296,234,234, 16
1297,234,234, 16
1298,234,234, 16
1299,234,234, 16
1300,234,234, 16
1301,234,234, 16
1302,234,234, 16
1303,234,234, 16
1304,234,234, 16
1305,234,234, 16
1306,234,234, 16
1307,234,234, 16
1308,234,234, 16
1309,234,234, 16
1310,234,234, 16
1311,234,234, 16
1312,234,234, 16
1313,234,234, 16
1314,234,234, 16
1315,234,234, 16
1316,234,234, 16
1317,234,234, 16
1318,234,234, 16
1319,234,234, 16
1320,234,234, 16
1321,234,234, 16
1322,234,234, 16
1323,234,234, 16
1324,234,234, 16
1325,234,234, 16
1326,234,234, 16
1327,234,234, 16
1328,234,234, 16
1329,234,234, 16
1330,234,234, 16
1331,234,234, 16
1332,234,234, 16
1333,234,234, 16
1334,234,234, 16
1335,234,234, 16
1336,234,234, 16
1337,234,234, 16
1338,234,234, 16
1339,234,234, 16
1340,234,234, 16
1341,234,234, 16
1342,234,234, 16
1343,234,234, 16
1344,234,234, 16
1345,234,234, 16
1346,234,234, 16
1347,234,234, 16
1348,234,234, 16
1349,234,234, 16
1350,234,234, 16
1351,234,234, 16
1352,234,234, 16
1353,234,234, 16
1354,234,234, 16
1355,234,234, 16
1356,234,234, 16
1357,234,234, 16
1358,233,233, 17
1359,233,233, 17
1360,233,233, 17
1361,233,233, 17
1362,233,233, 17
1363,233,233, 17
1364,233,233, 17
1365,233,233, 17
1366,233,233, 17
1367,233,233, 17
1368,233,233, 17
1369,233,233, 17
1370,233,233, 17
1371,233,233, 17
1372,233,233, 17
1373,233,233, 17
1374,233,233, 17
1375,233,233, 17
1376,233,233, 17
1377,233,233, 17
1378,233,233, 17
1379,233,233, 17
1380,233,233, 17
1381,233,233, 17
1382,233,233, 17
1383,233,233, 17
1384,233,233, 17
1385,233,233, 17
1386,233,233, 17
1387,233,233, 17
1388,233,233, 17
1389,233,233, 17
1390,233,233, 17
1391,233,233, 17
1392,233,233, 17
1393,233,233, 17
1394,233,233, 17
1395,233,233, 17
1396,233,233, 17
1397,233,233, 17
1398,233,233, 17
1399,233,233, 17
1400,233,233, 17
1401,233,233, 17
1402,233,233, 17
1403,233,233, 17
1404,233,233, 17
1405,233,233, 17
1406,233,233, 17
1407,233,233, 17
1408,233,233, 17
1409,233,233, 17
1410,233,233, 17
1411,233,233, 17
1412,233,233, 17
1413,233,233, 17
1414,233,233, 17
1415,233,233, 17
1416,233,233, 17
1417,233,233, 17
1418,233,233, 17
1419,233,233, 17
1420,233,233, 17
1421,233,233, 17
1422,233,233, 17
1423,233,233, 17
1424,233,233, 17
1425,233,233, 17
1426,233,233, 17
1427,233,233, 17
1428,233,233, 17
1429,233,233, 17
1430,233,233, 17
1431,233,233, 17
1432,233,233, 17
1433,233,233, 17
1434,233,233, 17
1435,233,233, 17
1436,233,233, 17
1437,233,233, 17
1438,233,233, 17
1439,233,233, 17
1440,233,233, 17
1441,233,233, 17
1442,233,233, 17
1443,233,233, 17
1444,233,233, 17
1445,233,233, 17
1446,233,233, 17
1447,233,233, 17
1448,233,233, 17
1449,233,233, 17
1450,233,233, 17
1451,233,233, 17
1452,233,233, 17
1453,233,233, 17
1454,233,233, 17
1455,233,233, 17
1456,233,233, 17
1457,233,233, 17
1458,233,233, 17
1459,233,233, 17
1460,233,233, 17
1461,233,233, 17
1462,233,233, 17
1463,233,233, 17
1464,233,233, 17
1465,233,233, 17
1466,233,233, 17
1467,233,233, 17
1468,233,233, 17
1469,233,233, 17
1470,233,233, 17
1471,233,233, 17
1472,233,233, 17
1473,233,233, 17
1474,233,233, 17
1475,233,233, 17
1476,233,233, 17
1477,233,233, 17
1478,233,233, 17
1479,233,233, 17
1480,233,233, 17
1481,233,233, 17
1482,233,233, 17
1483,233,233, 17
1484,233,233, 17
1485,233,233, 17
1486,233,233, 17
1487,233,233, 17
1488,233,233, 17
1489,233,233, 17
1490,233,233, 17
1491,233,233, 17
1492,233,233, 17
1493,233,233, 17
1494,233,233, 17
1495,233,233, 17
1496,233,233, 17
1497,233,233, 17
1498,233,233, 17
1499,233,233, 17
