0,250,250, 0
1,250,250, 0
2,250,250, 0
3,250,250, 0
4,250,250, 0
5,250,250, 0
6,250,250, 0
7,250,250, 0
8,250,250, 0
9,250,250, 0
10,250,250, 0
11,250,250, 0
12,250,250, 0
13,250,250, 0
14,250,250, 0
15,250,250, 0
16,249,249, 1
17,249,249, 1
18,249,249, 1
19,249,249, 1
20,249,249, 1
21,249,249, 1
22,249,249, 1
23,249,249, 1
24,249,249, 1
25,249,249, 1
26,249,249, 1
27,249,249, 1
28,249,249, 1
29,249,249, 1
30,249,249, 1
31,249,249, 1
32,249,249, 1
33,249,249, 1
34,249,249, 1
35,248,248, 2
36,248,248, 2
37,248,248, 2
38,248,248, 2
39,248,248, 2
40,248,248, 2
41,248,248, 2
42,248,248, 2
43,248,248, 2
44,248,248, 2
45,248,248, 2
46,248,248, 2
47,248,248, 2
48,248,248, 2
49,248,248, 2
50,247,247, 3
51,247,247, 3
52,247,247, 3
53,247,247, 3
54,247,247, 3
55,247,247, 3
56,247,247, 3
57,247,247, 3
58,247,247, 3
59,247,247, 3
60,247,247, 3
61,247,247, 3
62,247,247, 3
63,247,247, 3
64,247,247, 3
65,247,247, 3
66,247,247, 3
67,245,245, 5
68,245,245, 5
69,245,245, 5
70,245,245, 5
71,245,245, 5
72,245,245, 5
73,245,245, 5
74,245,245, 5
75,245,245, 5
76,245,245, 5
77,245,245, 5
78,245,245, 5
79,245,245, 5
80,245,245, 5
81,244,244, 6
82,243,243, 7
83,243,243, 7
84,243,243, 7
85,243,243, 7
86,243,243, 7
87,243,243, 7
88,243,243, 7
89,243,243, 7
90,243,243, 7
91,243,243, 7
92,243,243, 7
93,243,243, 7
94,243,243, 7
95,243,243, 7
96,243,243, 7
97,242,242, 8
98,242,242, 8
99,242,242, 8
100,242,242, 8
101,242,242, 8
102,242,242, 8
103,242,242, 8
104,242,242, 8
105,242,242, 8
106,242,242, 8
107,242,242, 8
108,242,242, 8
109,242,242, 8
110,242,242, 8
111,242,242, 8
112,242,242, 8
113,242,242, 8
114,241,241, 9
115,241,241, 9
116,241,241, 9
117,241,241, 9
118,241,241, 9
119,241,241, 9
120,241,241, 9
121,241,241, 9
122,241,241, 9
123,241,241, 9
124,241,241, 9
125,241,241, 9
126,241,241, 9
127,241,241, 9
128,241,241, 9
129,241,241, 9
130,241,241, 9
131,241,241, 9
132,241,241, 9
133,241,241, 9
134,241,241, 9
135,241,241, 9
136,240,240, 10
137,240,240, 10
138,240,240, 10
139,240,240, 10
140,240,240, 10
141,240,240, 10
142,240,240, 10
143,240,240, 10
144,240,240, 10
145,240,240, 10
146,240,240, 10
147,240,240, 10
148,240,240, 10
149,239,239, 11
150,239,239, 11
151,239,239, 11
152,239,239, 11
153,239,239, 11
154,239,239, 11
155,239,239, 11
156,239,239, 11
157,239,239, 11
158,239,239, 11
159,239,239, 11
160,239,239, 11
161,239,239, 11
162,239,239, 11
163,239,239, 11
164,239,239, 11
165,238,238, 12
166,238,238, 12
167,238,238, 12
168,238,238, 12
169,238,238, 12
170,238,238, 12
171,238,238, 12
172,238,238, 12
173,238,238, 12
174,238,238, 12
175,238,238, 12
176,238,238, 12
177,238,238, 12
178,238,238, 12
179,238,238, 12
180,238,238, 12
181,238,238, 12
182,238,238, 12
183,238,238, 12
184,238,238, 12
185,238,238, 12
186,238,238, 12
187,238,238, 12
188,238,238, 12
189,238,238, 12
190,237,237, 13
191,237,237, 13
192,237,237, 13
193,237,237, 13
194,237,237, 13
195,237,237, 13
196,237,237, 13
197,237,237, 13
198,237,237, 13
199,237,237, 13
200,237,237, 13
201,237,237, 13
202,237,237, 13
203,237,237, 13
204,237,237, 13
205,237,237, 13
206,237,237, 13
207,237,237, 13
208,237,237, 13
209,237,237, 13
210,237,237, 13
211,237,237, 13
212,237,237, 13
213,237,237, 13
214,237,237, 13
215,237,237, 13
216,237,237, 13
217,237,237, 13
218,237,237, 13
219,237,237, 13
220,237,237, 13
221,237,237, 13
222,237,237, 13
223,237,237, 13
224,237,237, 13
225,237,237, 13
226,237,237, 13
227,237,237, 13
228,237,237, 13
229,237,237, 13
230,237,237, 13
231,237,237, 13
232,237,237, 13
233,237,237, 13
234,237,237, 13
235,237,237, 13
236,237,237, 13
237,237,237, 13
238,237,237, 13
239,237,237, 13
240,237,237, 13
241,237,237, 13
242,237,237, 13
243,237,237, 13
244,237,237, 13
245,237,237, 13
246,237,237, 13
247,237,237, 13
248,237,237, 13
249,237,237, 13
250,237,237, 13
251,237,237, 13
252,237,237, 13
253,237,237, 13
254,237,237, 13
255,237,237, 13
256,237,237, 13
257,237,237, 13
258,237,237, 13
259,237,237, 13
260,237,237, 13
261,237,237, 13
262,237,237, 13
263,237,237, 13
264,237,237, 13
265,237,237, 13
266,237,237, 13
267,237,237, 13
268,237,237, 13
269,237,237, 13
270,237,237, 13
271,237,237, 13
272,237,237, 13
273,237,237, 13
274,237,237, 13
275,237,237, 13
276,237,237, 13
277,237,237, 13
278,237,237, 13
279,237,237, 13
280,237,237, 13
281,237,237, 13
282,237,237, 13
283,237,237, 13
284,237,237, 13
285,237,237, 13
286,237,237, 13
287,237,237, 13
288,237,237, 13
289,237,237, 13
290,237,237, 13
291,237,237, 13
292,237,237, 13
293,237,237, 13
294,237,237, 13
295,237,237, 13
296,237,237, 13
297,237,237, 13
298,237,237, 13
299,237,237, 13
300,237,237, 13
301,237,237, 13
302,237,237, 13
303,237,237, 13
304,237,237, 13
305,237,237, 13
306,237,237, 13
307,237,237, 13
308,237,237, 13
309,237,237, 13
310,237,237, 13
311,237,237, 13
312,237,237, 13
313,237,237, 13
314,237,237, 13
315,237,237, 13
316,237,237, 13
317,237,237, 13
318,237,237, 13
319,237,237, 13
320,237,237, 13
321,237,237, 13
322,237,237, 13
323,237,237, 13
324,237,237, 13
325,237,237, 13
326,237,237, 13
327,237,237, 13
328,237,237, 13
329,237,237, 13
330,237,237, 13
331,237,237, 13
332,237,237, 13
333,237,237, 13
334,237,237, 13
335,237,237, 13
336,237,237, 13
337,237,237, 13
338,237,237, 13
339,237,237, 13
340,237,237, 13
341,237,237, 13
342,237,237, 13
343,237,237, 13
344,237,237, 13
345,237,237, 13
346,237,237, 13
347,237,237, 13
348,237,237, 13
349,237,237, 13
350,237,237, 13
351,237,237, 13
352,237,237, 13
353,237,237, 13
354,237,237, 13
355,237,237, 13
356,237,237, 13
357,237,237, 13
358,237,237, 13
359,237,237, 13
360,237,237, 13
361,237,237, 13
362,237,237, 13
363,237,237, 13
364,237,237, 13
365,237,237, 13
366,237,237, 13
367,237,237, 13
368,237,237, 13
369,237,237, 13
370,237,237, 13
371,237,237, 13
372,236,236, 14
373,236,236, 14
374,236,236, 14
375,236,236, 14
376,236,236, 14
377,235,235, 15
378,235,235, 15
379,235,235, 15
380,235,235, 15
381,235,235, 15
382,235,235, 15
383,235,235, 15
384,235,235, 15
385,235,235, 15
386,235,235, 15
387,235,235, 15
388,235,235, 15
389,235,235, 15
390,235,235, 15
391,235,235, 15
392,235,235, 15
393,235,235, 15
394,235,235, 15
395,235,235, 15
396,235,235, 15
397,235,235, 15
398,235,235, 15
399,235,235, 15
400,235,235, 15
401,235,235, 15
402,235,235, 15
403,235,235, 15
404,235,235, 15
405,235,235, 15
406,235,235, 15
407,235,235, 15
408,235,235, 15
409,235,235, 15
410,235,235, 15
411,235,235, 15
412,235,235, 15
413,235,235, 15
414,235,235, 15
415,235,235, 15
416,235,235, 15
417,234,234, 16
418,234,234, 16
419,234,234, 16
420,234,234, 16
421,234,234, 16
422,234,234, 16
423,234,234, 16
424,234,234, 16
425,234,234, 16
426,234,234, 16
427,234,234, 16
428,234,234, 16
429,234,234, 16
430,234,234, 16
431,234,234, 16
432,234,234, 16
433,234,234, 16
434,234,234, 16
435,234,234, 16
436,234,234, 16
437,234,234, 16
438,234,234, 16
439,234,234, 16
440,234,234, 16
441,234,234, 16
442,234,234, 16
443,234,234, 16
444,234,234, 16
445,234,234, 16
446,234,234, 16
447,234,234, 16
448,234,234, 16
449,234,234, 16
450,234,234, 16
451,234,234, 16
452,234,234, 16
453,234,234, 16
454,234,234, 16
455,234,234, 16
456,234,234, 16
457,234,234, 16
458,234,234, 16
459,234,234, 16
460,234,234, 16
461,234,234, 16
462,234,234, 16
463,234,234, 16
464,234,234, 16
465,234,234, 16
466,234,234, 16
467,234,234, 16
468,234,234, 16
469,234,234, 16
470,234,234, 16
471,234,234, 16
472,234,234, 16
473,234,234, 16
474,234,234, 16
475,234,234, 16
476,234,234, 16
477,234,234, 16
478,234,234, 16
479,234,234, 16
480,234,234, 16
481,234,234, 16
482,234,234, 16
483,234,234, 16
484,234,234, 16
485,234,234, 16
486,234,234, 16
487,234,234, 16
488,234,234, 16
489,234,234, 16
490,234,234, 16
491,234,234, 16
492,234,234, 16
493,234,234, 16
494,234,234, 16
495,234,234, 16
496,234,234, 16
497,234,234, 16
498,234,234, 16
499,234,234, 16
500,234,234, 16
501,234,234, 16
502,234,234, 16
503,234,234, 16
504,234,234, 16
505,234,234, 16
506,234,234, 16
507,234,234, 16
508,234,234, 16
509,234,234, 16
510,234,234, 16
511,234,234, 16
512,234,234, 16
513,234,234, 16
514,234,234, 16
515,234,234, 16
516,234,234, 16
517,234,234, 16
518,234,234, 16
519,234,234, 16
520,234,234, 16
521,234,234, 16
522,234,234, 16
523,234,234, 16
524,234,234, 16
525,234,234, 16
526,234,234, 16
527,234,234, 16
528,234,234, 16
529,234,234, 16
530,234,234, 16
531,234,234, 16
532,234,234, 16
533,234,234, 16
534,234,234, 16
535,234,234, 16
536,234,234, 16
537,234,234, 16
538,234,234, 16
539,234,234, 16
540,234,234, 16
541,234,234, 16
542,234,234, 16
543,234,234, 16
544,234,234, 16
545,234,234, 16
546,234,234, 16
547,234,234, 16
548,234,234, 16
549,234,234, 16
550,234,234, 16
551,234,234, 16
552,234,234, 16
553,234,234, 16
554,234,234, 16
555,234,234, 16
556,234,234, 16
557,234,234, 16
558,234,234, 16
559,234,234, 16
560,234,234, 16
561,234,234, 16
562,234,234, 16
563,234,234, 16
564,234,234, 16
565,234,234, 16
566,234,234, 16
567,234,234, 16
568,234,234, 16
569,234,234, 16
570,234,234, 16
571,234,234, 16
572,234,234, 16
573,234,234, 16
574,234,234, 16
575,234,234, 16
576,234,234, 16
577,234,234, 16
578,234,234, 16
579,234,234, 16
580,234,234, 16
581,234,234, 16
582,234,234, 16
583,234,234, 16
584,234,234, 16
585,234,234, 16
586,234,234, 16
587,234,234, 16
588,234,234, 16
589,234,234, 16
590,234,234, 16
591,234,234, 16
592,234,234, 16
593,234,234, 16
594,234,234, 16
595,234,234, 16
596,234,234, 16
597,234,234, 16
598,234,234, 16
599,234,234, 16
600,233,233, 17
601,232,232, 18
602,232,232, 18
603,232,232, 18
604,232,232, 18
605,232,232, 18
606,232,232, 18
607,231,231, 19
608,231,231, 19
609,231,231, 19
610,231,231, 19
611,231,231, 19
612,231,231, 19
613,231,231, 19
614,231,231, 19
615,231,231, 19
616,231,231, 19
617,231,231, 19
618,231,231, 19
619,231,231, 19
620,231,231, 19
621,231,231, 19
622,231,231, 19
623,231,231, 19
624,231,231, 19
625,231,231, 19
626,231,231, 19
627,231,231, 19
628,231,231, 19
629,231,231, 19
630,231,231, 19
631,231,231, 19
632,231,231, 19
633,231,231, 19
634,231,231, 19
635,231,231, 19
636,231,231, 19
637,231,231, 19
638,231,231, 19
639,231,231, 19
640,231,231, 19
641,231,231, 19
642,231,231, 19
643,231,231, 19
644,231,231, 19
645,231,231, 19
646,231,231, 19
647,231,231, 19
648,231,231, 19
649,231,231, 19
650,231,231, 19
651,231,231, 19
652,231,231, 19
653,231,231, 19
654,231,231, 19
655,231,231, 19
656,231,231, 19
657,231,231, 19
658,231,231, 19
659,231,231, 19
660,231,231, 19
661,231,231, 19
662,231,231, 19
663,231,231, 19
664,231,231, 19
665,231,231, 19
666,231,231, 19
667,231,231, 19
668,231,231, 19
669,231,231, 19
670,231,231, 19
671,231,231, 19
672,231,231, 19
673,231,231, 19
674,230,230, 20
675,230,230, 20
676,230,230, 20
677,230,230, 20
678,230,230, 20
679,230,230, 20
680,230,230, 20
681,230,230, 20
682,230,230, 20
683,230,230, 20
684,230,230, 20
685,230,230, 20
686,230,230, 20
687,230,230, 20
688,230,230, 20
689,230,230, 20
690,230,230, 20
691,230,230, 20
692,230,230, 20
693,230,230, 20
694,230,230, 20
695,230,230, 20
696,230,230, 20
697,230,230, 20
698,230,230, 20
699,230,230, 20
700,230,230, 20
701,230,230, 20
702,230,230, 20
703,230,230, 20
704,230,230, 20
705,230,230, 20
706,230,230, 20
707,230,230, 20
708,230,230, 20
709,230,230, 20
710,230,230, 20
711,230,230, 20
712,230,230, 20
713,230,230, 20
714,229,229, 21
715,229,229, 21
716,229,229, 21
717,229,229, 21
718,229,229, 21
719,229,229, 21
720,229,229, 21
721,229,229, 21
722,229,229, 21
723,229,229, 21
724,229,229, 21
725,229,229, 21
726,229,229, 21
727,229,229, 21
728,229,229, 21
729,229,229, 21
730,229,229, 21
731,229,229, 21
732,229,229, 21
733,229,229, 21
734,229,229, 21
735,229,229, 21
736,229,229, 21
737,229,229, 21
738,229,229, 21
739,229,229, 21
740,229,229, 21
741,229,229, 21
742,229,229, 21
743,229,229, 21
744,229,229, 21
745,229,229, 21
746,229,229, 21
747,229,229, 21
748,229,229, 21
749,229,229, 21
750,229,229, 21
751,229,229, 21
752,229,229, 21
753,229,229, 21
754,229,229, 21
755,229,229, 21
756,229,229, 21
757,229,229, 21
758,229,229, 21
759,229,229, 21
760,229,229, 21
761,229,229, 21
762,229,229, 21
763,229,229, 21
764,229,229, 21
765,229,229, 21
766,229,229, 21
767,229,229, 21
768,229,229, 21
769,229,229, 21
770,229,229, 21
771,229,229, 21
772,229,229, 21
773,229,229, 21
774,229,229, 21
775,229,229, 21
776,229,229, 21
777,229,229, 21
778,229,229, 21
779,229,229, 21
780,229,229, 21
781,229,229, 21
782,229,229, 21
783,229,229, 21
784,229,229, 21
785,229,229, 21
786,229,229, 21
787,229,229, 21
788,229,229, 21
789,229,229, 21
790,229,229, 21
791,229,229, 21
792,229,229, 21
793,229,229, 21
794,229,229, 21
795,229,229, 21
796,229,229, 21
797,229,229, 21
798,229,229, 21
799,229,229, 21
800,229,229, 21
801,229,229, 21
802,229,229, 21
803,229,229, 21
804,229,229, 21
805,229,229, 21
806,229,229, 21
807,229,229, 21
808,229,229, 21
809,229,229, 21
810,229,229, 21
811,229,229, 21
812,229,229, 21
813,229,229, 21
814,229,229, 21
815,229,229, 21
816,229,229, 21
817,229,229, 21
818,229,229, 21
819,229,229, 21
820,229,229, 21
821,229,229, 21
822,229,229, 21
823,229,229, 21
824,228,228, 22
825,228,228, 22
826,228,228, 22
827,228,228, 22
828,228,228, 22
829,228,228, 22
830,228,228, 22
831,228,228, 22
832,228,228, 22
833,228,228, 22
834,228,228, 22
835,228,228, 22
836,228,228, 22
837,228,228, 22
838,228,228, 22
839,228,228, 22
840,228,228, 22
841,228,228, 22
842,228,228, 22
843,228,228, 22
844,228,228, 22
845,228,228, 22
846,228,228, 22
847,228,228, 22
848,228,228, 22
849,228,228, 22
850,228,228, 22
851,228,228, 22
852,228,228, 22
853,228,228, 22
854,228,228, 22
855,228,228, 22
856,228,228, 22
857,228,228, 22
858,228,228, 22
859,228,228, 22
860,228,228, 22
861,228,228, 22
862,228,228, 22
863,228,228, 22
864,228,228, 22
865,228,228, 22
866,228,228, 22
867,228,228, 22
868,228,228, 22
869,228,228, 22
870,228,228, 22
871,228,228, 22
872,228,228, 22
873,228,228, 22
874,228,228, 22
875,228,228, 22
876,228,228, 22
877,228,228, 22
878,228,228, 22
879,228,228, 22
880,228,228, 22
881,228,228, 22
882,228,228, 22
883,228,228, 22
884,228,228, 22
885,228,228, 22
886,228,228, 22
887,228,228, 22
888,228,228, 22
889,228,228, 22
890,228,228, 22
891,228,228, 22
892,228,228, 22
893,228,228, 22
894,228,228, 22
895,228,228, 22
896,228,228, 22
897,228,228, 22
898,228,228, 22
899,228,228, 22
900,228,228, 22
901,228,228, 22
902,228,228, 22
903,228,228, 22
904,228,228, 22
905,228,228, 22
906,228,228, 22
907,228,228, 22
908,228,228, 22
909,228,228, 22
910,228,228, 22
911,228,228, 22
912,228,228, 22
913,228,228, 22
914,228,228, 22
915,228,228, 22
916,228,228, 22
917,228,228, 22
918,228,228, 22
919,228,228, 22
920,228,228, 22
921,228,228, 22
922,228,228, 22
923,228,228, 22
924,228,228, 22
925,228,228, 22
926,228,228, 22
927,228,228, 22
928,228,228, 22
929,228,228, 22
930,228,228, 22
931,228,228, 22
932,228,228, 22
933,228,228, 22
934,228,228, 22
935,228,228, 22
936,228,228, 22
937,228,228, 22
938,228,228, 22
939,228,228, 22
940,228,228, 22
941,228,228, 22
942,228,228, 22
943,228,228, 22
944,228,228, 22
945,228,228, 22
946,228,228, 22
947,228,228, 22
948,228,228, 22
949,228,228, 22
950,228,228, 22
951,228,228, 22
952,228,228, 22
953,228,228, 22
954,228,228, 22
955,228,228, 22
956,228,228, 22
957,228,228, 22
958,228,228, 22
959,228,228, 22
960,228,228, 22
961,228,228, 22
962,228,228, 22
963,228,228, 22
964,228,228, 22
965,228,228, 22
966,228,228, 22
967,228,228, 22
968,228,228, 22
969,228,228, 22
970,228,228, 22
971,228,228, 22
972,228,228, 22
973,228,228, 22
974,228,228, 22
975,228,228, 22
976,228,228, 22
977,228,228, 22
978,228,228, 22
979,228,228, 22
980,228,228, 22
981,228,228, 22
982,228,228, 22
983,228,228, 22
984,228,228, 22
985,228,228, 22
986,228,228, 22
987,228,228, 22
988,228,228, 22
989,228,228, 22
990,228,228, 22
991,228,228, 22
992,228,228, 22
993,228,228, 22
994,228,228, 22
995,228,228, 22
996,228,228, 22
997,228,228, 22
998,228,228, 22
999,228,228, 22
1000,228,228, 22
1001,228,228, 22
1002,228,228, 22
1003,228,228, 22
1004,228,228, 22
1005,228,228, 22
1006,228,228, 22
1007,228,228, 22
1008,228,228, 22
1009,228,228, 22
1010,228,228, 22
1011,228,228, 22
1012,228,228, 22
1013,228,228, 22
1014,228,228, 22
1015,228,228, 22
1016,228,228, 22
1017,228,228, 22
1018,228,228, 22
1019,228,228, 22
1020,228,228, 22
1021,228,228, 22
1022,228,228, 22
1023,228,228, 22
1024,228,228, 22
1025,228,228, 22
1026,228,228, 22
1027,228,228, 22
1028,228,228, 22
1029,228,228, 22
1030,228,228, 22
1031,228,228, 22
1032,228,228, 22
1033,228,228, 22
1034,228,228, 22
1035,228,228, 22
1036,228,228, 22
1037,228,228, 22
1038,228,228, 22
1039,228,228, 22
1040,228,228, 22
1041,228,228, 22
1042,228,228, 22
1043,228,228, 22
1044,228,228, 22
1045,228,228, 22
1046,228,228, 22
1047,228,228, 22
1048,228,228, 22
1049,228,228, 22
1050,228,228, 22
1051,228,228, 22
1052,228,228, 22
1053,228,228, 22
1054,228,228, 22
1055,228,228, 22
1056,228,228, 22
1057,228,228, 22
1058,228,228, 22
1059,228,228, 22
1060,228,228, 22
1061,228,228, 22
1062,228,228, 22
1063,228,228, 22
1064,228,228, 22
1065,228,228, 22
1066,228,228, 22
1067,228,228, 22
1068,228,228, 22
1069,228,228, 22
1070,228,228, 22
1071,228,228, 22
1072,228,228, 22
1073,228,228, 22
1074,228,228, 22
1075,228,228, 22
1076,228,228, 22
1077,228,228, 22
1078,228,228, 22
1079,228,228, 22
1080,228,228, 22
1081,228,228, 22
1082,228,228, 22
1083,228,228, 22
1084,228,228, 22
1085,228,228, 22
1086,228,228, 22
1087,228,228, 22
1088,228,228, 22
1089,228,228, 22
1090,228,228, 22
1091,228,228, 22
1092,228,228, 22
1093,228,228, 22
1094,228,228, 22
1095,228,228, 22
1096,228,228, 22
1097,228,228, 22
1098,228,228, 22
1099,228,228, 22
1100,228,228, 22
1101,228,228, 22
1102,228,228, 22
1103,228,228, 22
1104,228,228, 22
1105,228,228, 22
1106,228,228, 22
1107,228,228, 22
1108,228,228, 22
1109,228,228, 22
1110,228,228, 22
1111,228,228, 22
1112,228,228, 22
1113,228,228, 22
1114,228,228, 22
1115,228,228, 22
1116,228,228, 22
1117,228,228, 22
1118,228,228, 22
1119,228,228, 22
1120,228,228, 22
1121,228,228, 22
1122,228,228, 22
1123,228,228, 22
1124,228,228, 22
1125,228,228, 22
1126,228,228, 22
1127,228,228, 22
1128,228,228, 22
1129,228,228, 22
1130,228,228, 22
1131,228,228, 22
1132,228,228, 22
1133,228,228, 22
1134,228,228, 22
1135,228,228, 22
1136,228,228, 22
1137,228,228, 22
1138,228,228, 22
1139,228,228, 22
1140,228,228, 22
1141,228,228, 22
1142,228,228, 22
1143,228,228, 22
1144,228,228, 22
1145,228,228, 22
1146,228,228, 22
1147,228,228, 22
1148,228,228, 22
1149,228,228, 22
1150,228,228, 22
1151,228,228, 22
1152,228,228, 22
1153,228,228, 22
1154,228,228, 22
1155,228,228, 22
1156,228,228, 22
1157,228,228, 22
1158,228,228, 22
1159,228,228, 22
1160,228,228, 22
1161,228,228, 22
1162,228,228, 22
1163,228,228, 22
1164,228,228, 22
1165,228,228, 22
1166,228,228, 22
1167,228,228, 22
1168,228,228, 22
1169,228,228, 22
1170,228,228, 22
1171,228,228, 22
1172,228,228, 22
1173,228,228, 22
1174,228,228, 22
1175,228,228, 22
1176,228,228, 22
1177,228,228, 22
1178,228,228, 22
1179,228,228, 22
1180,228,228, 22
1181,228,228, 22
1182,228,228, 22
1183,228,228, 22
1184,228,228, 22
1185,228,228, 22
1186,228,228, 22
1187,228,228, 22
1188,228,228, 22
1189,228,228, 22
1190,228,228, 22
1191,228,228, 22
1192,228,228, 22
1193,228,228, 22
1194,228,228, 22
1195,228,228, 22
1196,228,228, 22
1197,228,228, 22
1198,228,228, 22
1199,228,228, 22
1200,228,228, 22
1201,228,228, 22
1202,228,228, 22
1203,228,228, 22
1204,228,228, 22
1205,228,228, 22
1206,228,228, 22
1207,228,228, 22
1208,228,228, 22
1209,228,228, 22
1210,228,228, 22
1211,228,228, 22
1212,228,228, 22
1213,228,228, 22
1214,228,228, 22
1215,228,228, 22
1216,228,228, 22
1217,228,228, 22
1218,228,228, 22
1219,228,228, 22
1220,228,228, 22
1221,228,228, 22
1222,228,228, 22
1223,228,228, 22
1224,228,228, 22
1225,228,228, 22
1226,228,228, 22
1227,228,228, 22
1228,228,228, 22
1229,228,228, 22
1230,228,228, 22
1231,228,228, 22
1232,228,228, 22
1233,228,228, 22
1234,228,228, 22
1235,228,228, 22
1236,228,228, 22
1237,228,228, 22
1238,228,228, 22
1239,228,228, 22
1240,228,228, 22
1241,228,228, 22
1242,228,228, 22
1243,228,228, 22
1244,228,228, 22
1245,228,228, 22
1246,228,228, 22
1247,228,228, 22
1248,228,228, 22
1249,228,228, 22
1250,228,228, 22
1251,228,228, 22
1252,228,228, 22
1253,228,228, 22
1254,228,228, 22
1255,228,228, 22
1256,228,228, 22
1257,228,228, 22
1258,228,228, 22
1259,228,228, 22
1260,228,228, 22
1261,228,228, 22
1262,228,228, 22
1263,228,228, 22
1264,228,228, 22
1265,228,228, 22
1266,228,228, 22
1267,228,228, 22
1268,228,228, 22
1269,228,228, 22
1270,228,228, 22
1271,228,228, 22
1272,228,228, 22
1273,228,228, 22
1274,228,228, 22
1275,228,228, 22
1276,228,228, 22
1277,228,228, 22
1278,228,228, 22
1279,228,228, 22
1280,228,228, 22
1281,228,228, 22
1282,228,228, 22
1283,228,228, 22
1284,228,228, 22
1285,228,228, 22
1286,228,228, 22
1287,228,228, 22
1288,228,228, 22
1289,228,228, 22
1290,228,228, 22
1291,228,228, 22
1292,228,228, 22
1293,228,228, 22
1294,228,228, 22
1295,228,228, 22
1296,228,228, 22
1297,228,228, 22
1298,228,228, 22
1299,228,228, 22
1300,228,228, 22
1301,228,228, 22
1302,228,228, 22
1303,228,228, 22
1304,228,228, 22
1305,228,228, 22
1306,228,228, 22
1307,228,228, 22
1308,228,228, 22
1309,228,228, 22
1310,228,228, 22
1311,228,228, 22
1312,228,228, 22
1313,228,228, 22
1314,228,228, 22
1315,228,228, 22
1316,228,228, 22
1317,228,228, 22
1318,228,228, 22
1319,228,228, 22
1320,228,228, 22
1321,228,228, 22
1322,228,228, 22
1323,228,228, 22
1324,228,228, 22
1325,228,228, 22
1326,228,228, 22
1327,228,228, 22
1328,228,228, 22
1329,228,228, 22
1330,228,228, 22
1331,228,228, 22
1332,228,228, 22
1333,228,228, 22
1334,228,228, 22
1335,228,228, 22
1336,228,228, 22
1337,228,228, 22
1338,228,228, 22
1339,228,228, 22
1340,228,228, 22
1341,228,228, 22
1342,228,228, 22
1343,228,228, 22
1344,228,228, 22
1345,228,228, 22
1346,228,228, 22
1347,228,228, 22
1348,228,228, 22
1349,228,228, 22
1350,228,228, 22
1351,228,228, 22
1352,228,228, 22
1353,228,228, 22
1354,228,228, 22
1355,228,228, 22
1356,228,228, 22
1357,228,228, 22
1358,228,228, 22
1359,228,228, 22
1360,228,228, 22
1361,228,228, 22
1362,228,228, 22
1363,228,228, 22
1364,228,228, 22
1365,228,228, 22
1366,228,228, 22
1367,228,228, 22
1368,228,228, 22
1369,228,228, 22
1370,228,228, 22
1371,228,228, 22
1372,228,228, 22
1373,228,228, 22
1374,228,228, 22
1375,228,228, 22
1376,228,228, 22
1377,228,228, 22
1378,228,228, 22
1379,228,228, 22
1380,228,228, 22
1381,228,228, 22
1382,228,228, 22
1383,228,228, 22
1384,228,228, 22
1385,228,228, 22
1386,228,228, 22
1387,228,228, 22
1388,228,228, 22
1389,228,228, 22
1390,228,228, 22
1391,228,228, 22
1392,228,228, 22
1393,228,228, 22
1394,228,228, 22
1395,228,228, 22
1396,228,228, 22
1397,228,228, 22
1398,228,228, 22
1399,228,228, 22
1400,228,228, 22
1401,228,228, 22
1402,228,228, 22
1403,228,228, 22
1404,228,228, 22
1405,228,228, 22
1406,228,228, 22
1407,228,228, 22
1408,228,228, 22
1409,228,228, 22
1410,228,228, 22
1411,228,228, 22
1412,228,228, 22
1413,228,228, 22
1414,228,228, 22
1415,228,228, 22
1416,228,228, 22
1417,228,228, 22
1418,228,228, 22
1419,228,228, 22
1420,228,228, 22
1421,228,228, 22
1422,228,228, 22
1423,228,228, 22
1424,228,228, 22
1425,228,228, 22
1426,228,228, 22
1427,228,228, 22
1428,228,228, 22
1429,228,228, 22
1430,228,228, 22
1431,228,228, 22
1432,228,228, 22
1433,228,228, 22
1434,228,228, 22
1435,228,228, 22
1436,228,228, 22
1437,228,228, 22
1438,228,228, 22
1439,228,228, 22
1440,228,228, 22
1441,228,228, 22
1442,228,228, 22
1443,228,228, 22
1444,228,228, 22
1445,228,228, 22
1446,228,228, 22
1447,228,228, 22
1448,228,228, 22
1449,228,228, 22
1450,228,228, 22
1451,228,228, 22
1452,228,228, 22
1453,228,228, 22
1454,228,228, 22
1455,228,228, 22
1456,228,228, 22
1457,228,228, 22
1458,228,228, 22
1459,228,228, 22
1460,228,228, 22
1461,228,228, 22
1462,228,228, 22
1463,228,228, 22
1464,228,228, 22
1465,228,228, 22
1466,228,228, 22
1467,228,228, 22
1468,228,228, 22
1469,228,228, 22
1470,228,228, 22
1471,228,228, 22
1472,228,228, 22
1473,228,228, 22
1474,228,228, 22
1475,228,228, 22
1476,228,228, 22
1477,228,228, 22
1478,228,228, 22
1479,228,228, 22
1480,228,228, 22
1481,228,228, 22
1482,228,228, 22
1483,227,227, 23
1484,227,227, 23
1485,227,227, 23
1486,227,227, 23
1487,227,227, 23
1488,227,227, 23
1489,227,227, 23
1490,227,227, 23
1491,227,227, 23
1492,227,227, 23
1493,227,227, 23
1494,227,227, 23
1495,227,227, 23
1496,227,227, 23
1497,227,227, 23
1498,226,226, 24
1499,226,226, 24
