0,249,249, 1
1,249,249, 1
2,249,249, 1
3,249,249, 1
4,249,249, 1
5,249,249, 1
6,249,249, 1
7,249,249, 1
8,249,249, 1
9,248,248, 2
10,248,248, 2
11,248,248, 2
12,248,248, 2
13,248,248, 2
14,248,248, 2
15,247,247, 3
16,247,247, 3
17,247,247, 3
18,247,247, 3
19,247,247, 3
20,247,247, 3
21,247,247, 3
22,247,247, 3
23,247,247, 3
24,247,247, 3
25,247,247, 3
26,247,247, 3
27,247,247, 3
28,246,246, 4
29,246,246, 4
30,246,246, 4
31,246,246, 4
32,246,246, 4
33,246,246, 4
34,246,246, 4
35,246,246, 4
36,246,246, 4
37,246,246, 4
38,246,246, 4
39,246,246, 4
40,246,246, 4
41,246,246, 4
42,246,246, 4
43,246,246, 4
44,245,245, 5
45,245,245, 5
46,245,245, 5
47,245,245, 5
48,245,245, 5
49,245,245, 5
50,245,245, 5
51,244,244, 6
52,244,244, 6
53,244,244, 6
54,244,244, 6
55,244,244, 6
56,244,244, 6
57,244,244, 6
58,244,244, 6
59,244,244, 6
60,244,244, 6
61,244,244, 6
62,244,244, 6
63,244,244, 6
64,244,244, 6
65,244,244, 6
66,244,244, 6
67,244,244, 6
68,244,244, 6
69,244,244, 6
70,244,244, 6
71,244,244, 6
72,244,244, 6
73,244,244, 6
74,244,244, 6
75,244,244, 6
76,244,244, 6
77,244,244, 6
78,244,244, 6
79,244,244, 6
80,244,244, 6
81,244,244, 6
82,244,244, 6
83,244,244, 6
84,244,244, 6
85,244,244, 6
86,244,244, 6
87,244,244, 6
88,244,244, 6
89,244,244, 6
90,244,244, 6
91,244,244, 6
92,244,244, 6
93,244,244, 6
94,244,244, 6
95,244,244, 6
96,244,244, 6
97,244,244, 6
98,244,244, 6
99,244,244, 6
100,244,244, 6
101,244,244, 6
102,244,244, 6
103,244,244, 6
104,244,244, 6
105,244,244, 6
106,244,244, 6
107,244,244, 6
108,244,244, 6
109,244,244, 6
110,244,244, 6
111,244,244, 6
112,244,244, 6
113,244,244, 6
114,244,244, 6
115,244,244, 6
116,244,244, 6
117,244,244, 6
118,244,244, 6
119,244,244, 6
120,244,244, 6
121,244,244, 6
122,244,244, 6
123,244,244, 6
124,243,243, 7
125,243,243, 7
126,243,243, 7
127,243,243, 7
128,243,243, 7
129,243,243, 7
130,243,243, 7
131,243,243, 7
132,243,243, 7
133,243,243, 7
134,243,243, 7
135,243,243, 7
136,243,243, 7
137,243,243, 7
138,243,243, 7
139,243,243, 7
140,243,243, 7
141,243,243, 7
142,243,243, 7
143,243,243, 7
144,243,243, 7
145,243,243, 7
146,243,243, 7
147,243,243, 7
148,243,243, 7
149,243,243, 7
150,243,243, 7
151,243,243, 7
152,243,243, 7
153,243,243, 7
154,243,243, 7
155,243,243, 7
156,243,243, 7
157,243,243, 7
158,243,243, 7
159,243,243, 7
160,243,243, 7
161,243,243, 7
162,243,243, 7
163,243,243, 7
164,243,243, 7
165,243,243, 7
166,243,243, 7
167,243,243, 7
168,243,243, 7
169,243,243, 7
170,243,243, 7
171,242,242, 8
172,242,242, 8
173,242,242, 8
174,242,242, 8
175,242,242, 8
176,242,242, 8
177,242,242, 8
178,242,242, 8
179,242,242, 8
180,242,242, 8
181,242,242, 8
182,242,242, 8
183,241,241, 9
184,241,241, 9
185,241,241, 9
186,241,241, 9
187,241,241, 9
188,241,241, 9
189,241,241, 9
190,241,241, 9
191,241,241, 9
192,241,241, 9
193,241,241, 9
194,240,240, 10
195,240,240, 10
196,240,240, 10
197,240,240, 10
198,240,240, 10
199,240,240, 10
200,240,240, 10
201,239,239, 11
202,238,238, 12
203,238,238, 12
204,238,238, 12
205,238,238, 12
206,238,238, 12
207,238,238, 12
208,238,238, 12
209,238,238, 12
210,237,237, 13
211,237,237, 13
212,237,237, 13
213,237,237, 13
214,237,237, 13
215,237,237, 13
216,237,237, 13
217,237,237, 13
218,237,237, 13
219,237,237, 13
220,237,237, 13
221,237,237, 13
222,237,237, 13
223,237,237, 13
224,237,237, 13
225,237,237, 13
226,237,237, 13
227,237,237, 13
228,237,237, 13
229,237,237, 13
230,237,237, 13
231,237,237, 13
232,237,237, 13
233,237,237, 13
234,237,237, 13
235,237,237, 13
236,237,237, 13
237,237,237, 13
238,237,237, 13
239,237,237, 13
240,237,237, 13
241,237,237, 13
242,237,237, 13
243,237,237, 13
244,237,237, 13
245,237,237, 13
246,237,237, 13
247,237,237, 13
248,237,237, 13
249,237,237, 13
250,237,237, 13
251,237,237, 13
252,237,237, 13
253,236,236, 14
254,236,236, 14
255,235,235, 15
256,235,235, 15
257,235,235, 15
258,235,235, 15
259,235,235, 15
260,235,235, 15
261,235,235, 15
262,235,235, 15
263,235,235, 15
264,235,235, 15
265,235,235, 15
266,235,235, 15
267,235,235, 15
268,235,235, 15
269,235,235, 15
270,235,235, 15
271,235,235, 15
272,235,235, 15
273,235,235, 15
274,235,235, 15
275,235,235, 15
276,235,235, 15
277,235,235, 15
278,235,235, 15
279,235,235, 15
280,235,235, 15
281,235,235, 15
282,235,235, 15
283,235,235, 15
284,235,235, 15
285,235,235, 15
286,235,235, 15
287,235,235, 15
288,235,235, 15
289,235,235, 15
290,235,235, 15
291,235,235, 15
292,235,235, 15
293,235,235, 15
294,235,235, 15
295,235,235, 15
296,235,235, 15
297,235,235, 15
298,235,235, 15
299,235,235, 15
300,235,235, 15
301,235,235, 15
302,235,235, 15
303,235,235, 15
304,235,235, 15
305,235,235, 15
306,235,235, 15
307,235,235, 15
308,235,235, 15
309,235,235, 15
310,235,235, 15
311,235,235, 15
312,235,235, 15
313,235,235, 15
314,235,235, 15
315,235,235, 15
316,235,235, 15
317,235,235, 15
318,235,235, 15
319,235,235, 15
320,235,235, 15
321,235,235, 15
322,235,235, 15
323,235,235, 15
324,235,235, 15
325,235,235, 15
326,235,235, 15
327,235,235, 15
328,235,235, 15
329,235,235, 15
330,235,235, 15
331,235,235, 15
332,235,235, 15
333,235,235, 15
334,235,235, 15
335,235,235, 15
336,235,235, 15
337,235,235, 15
338,235,235, 15
339,235,235, 15
340,235,235, 15
341,235,235, 15
342,235,235, 15
343,235,235, 15
344,235,235, 15
345,235,235, 15
346,235,235, 15
347,235,235, 15
348,235,235, 15
349,235,235, 15
350,235,235, 15
351,235,235, 15
352,235,235, 15
353,235,235, 15
354,235,235, 15
355,235,235, 15
356,235,235, 15
357,235,235, 15
358,235,235, 15
359,235,235, 15
360,235,235, 15
361,235,235, 15
362,234,234, 16
363,234,234, 16
364,234,234, 16
365,234,234, 16
366,234,234, 16
367,234,234, 16
368,234,234, 16
369,234,234, 16
370,234,234, 16
371,234,234, 16
372,234,234, 16
373,234,234, 16
374,234,234, 16
375,234,234, 16
376,234,234, 16
377,234,234, 16
378,234,234, 16
379,234,234, 16
380,234,234, 16
381,234,234, 16
382,234,234, 16
383,233,233, 17
384,233,233, 17
385,233,233, 17
386,233,233, 17
387,233,233, 17
388,233,233, 17
389,233,233, 17
390,233,233, 17
391,233,233, 17
392,233,233, 17
393,233,233, 17
394,233,233, 17
395,233,233, 17
396,233,233, 17
397,233,233, 17
398,233,233, 17
399,233,233, 17
400,233,233, 17
401,233,233, 17
402,233,233, 17
403,233,233, 17
404,233,233, 17
405,233,233, 17
406,233,233, 17
407,233,233, 17
408,233,233, 17
409,233,233, 17
410,233,233, 17
411,233,233, 17
412,233,233, 17
413,233,233, 17
414,233,233, 17
415,233,233, 17
416,233,233, 17
417,233,233, 17
418,233,233, 17
419,233,233, 17
420,233,233, 17
421,233,233, 17
422,233,233, 17
423,233,233, 17
424,233,233, 17
425,233,233, 17
426,233,233, 17
427,233,233, 17
428,233,233, 17
429,233,233, 17
430,233,233, 17
431,233,233, 17
432,233,233, 17
433,233,233, 17
434,233,233, 17
435,233,233, 17
436,233,233, 17
437,233,233, 17
438,233,233, 17
439,233,233, 17
440,233,233, 17
441,233,233, 17
442,233,233, 17
443,233,233, 17
444,233,233, 17
445,233,233, 17
446,233,233, 17
447,233,233, 17
448,233,233, 17
449,233,233, 17
450,233,233, 17
451,233,233, 17
452,233,233, 17
453,233,233, 17
454,233,233, 17
455,233,233, 17
456,233,233, 17
457,233,233, 17
458,233,233, 17
459,233,233, 17
460,233,233, 17
461,233,233, 17
462,233,233, 17
463,233,233, 17
464,233,233, 17
465,233,233, 17
466,233,233, 17
467,233,233, 17
468,233,233, 17
469,233,233, 17
470,233,233, 17
471,233,233, 17
472,233,233, 17
473,233,233, 17
474,233,233, 17
475,233,233, 17
476,233,233, 17
477,233,233, 17
478,233,233, 17
479,233,233, 17
480,233,233, 17
481,233,233, 17
482,233,233, 17
483,233,233, 17
484,233,233, 17
485,233,233, 17
486,233,233, 17
487,233,233, 17
488,233,233, 17
489,233,233, 17
490,233,233, 17
491,233,233, 17
492,233,233, 17
493,233,233, 17
494,233,233, 17
495,233,233, 17
496,233,233, 17
497,233,233, 17
498,233,233, 17
499,233,233, 17
500,233,233, 17
501,233,233, 17
502,233,233, 17
503,233,233, 17
504,233,233, 17
505,233,233, 17
506,233,233, 17
507,233,233, 17
508,233,233, 17
509,233,233, 17
510,233,233, 17
511,233,233, 17
512,233,233, 17
513,233,233, 17
514,233,233, 17
515,233,233, 17
516,233,233, 17
517,233,233, 17
518,232,232, 18
519,232,232, 18
520,232,232, 18
521,232,232, 18
522,232,232, 18
523,232,232, 18
524,232,232, 18
525,231,231, 19
526,231,231, 19
527,231,231, 19
528,231,231, 19
529,231,231, 19
530,231,231, 19
531,231,231, 19
532,231,231, 19
533,231,231, 19
534,231,231, 19
535,231,231, 19
536,231,231, 19
537,231,231, 19
538,231,231, 19
539,231,231, 19
540,231,231, 19
541,231,231, 19
542,231,231, 19
543,231,231, 19
544,231,231, 19
545,231,231, 19
546,231,231, 19
547,231,231, 19
548,231,231, 19
549,231,231, 19
550,231,231, 19
551,231,231, 19
552,231,231, 19
553,231,231, 19
554,231,231, 19
555,231,231, 19
556,231,231, 19
557,231,231, 19
558,231,231, 19
559,231,231, 19
560,231,231, 19
561,231,231, 19
562,231,231, 19
563,231,231, 19
564,231,231, 19
565,231,231, 19
566,231,231, 19
567,231,231, 19
568,231,231, 19
569,231,231, 19
570,231,231, 19
571,231,231, 19
572,231,231, 19
573,231,231, 19
574,231,231, 19
575,231,231, 19
576,231,231, 19
577,231,231, 19
578,231,231, 19
579,231,231, 19
580,231,231, 19
581,231,231, 19
582,231,231, 19
583,231,231, 19
584,231,231, 19
585,231,231, 19
586,231,231, 19
587,231,231, 19
588,231,231, 19
589,231,231, 19
590,231,231, 19
591,231,231, 19
592,231,231, 19
593,231,231, 19
594,231,231, 19
595,231,231, 19
596,231,231, 19
597,231,231, 19
598,231,231, 19
599,231,231, 19
600,231,231, 19
601,231,231, 19
602,231,231, 19
603,231,231, 19
604,231,231, 19
605,231,231, 19
606,231,231, 19
607,231,231, 19
608,231,231, 19
609,231,231, 19
610,231,231, 19
611,231,231, 19
612,231,231, 19
613,231,231, 19
614,231,231, 19
615,231,231, 19
616,231,231, 19
617,231,231, 19
618,231,231, 19
619,231,231, 19
620,231,231, 19
621,231,231, 19
622,231,231, 19
623,231,231, 19
624,231,231, 19
625,231,231, 19
626,231,231, 19
627,231,231, 19
628,231,231, 19
629,231,231, 19
630,231,231, 19
631,231,231, 19
632,231,231, 19
633,231,231, 19
634,231,231, 19
635,231,231, 19
636,231,231, 19
637,231,231, 19
638,231,231, 19
639,231,231, 19
640,231,231, 19
641,231,231, 19
642,231,231, 19
643,231,231, 19
644,231,231, 19
645,231,231, 19
646,231,231, 19
647,231,231, 19
648,231,231, 19
649,231,231, 19
650,231,231, 19
651,231,231, 19
652,231,231, 19
653,231,231, 19
654,231,231, 19
655,231,231, 19
656,231,231, 19
657,231,231, 19
658,231,231, 19
659,231,231, 19
660,231,231, 19
661,231,231, 19
662,231,231, 19
663,231,231, 19
664,231,231, 19
665,231,231, 19
666,231,231, 19
667,231,231, 19
668,231,231, 19
669,231,231, 19
670,231,231, 19
671,231,231, 19
672,231,231, 19
673,231,231, 19
674,231,231, 19
675,231,231, 19
676,231,231, 19
677,231,231, 19
678,231,231, 19
679,231,231, 19
680,231,231, 19
681,231,231, 19
682,231,231, 19
683,231,231, 19
684,231,231, 19
685,231,231, 19
686,231,231, 19
687,231,231, 19
688,231,231, 19
689,231,231, 19
690,231,231, 19
691,231,231, 19
692,231,231, 19
693,231,231, 19
694,231,231, 19
695,231,231, 19
696,231,231, 19
697,231,231, 19
698,231,231, 19
699,231,231, 19
700,231,231, 19
701,231,231, 19
702,231,231, 19
703,231,231, 19
704,231,231, 19
705,231,231, 19
706,231,231, 19
707,231,231, 19
708,231,231, 19
709,231,231, 19
710,231,231, 19
711,231,231, 19
712,231,231, 19
713,231,231, 19
714,231,231, 19
715,231,231, 19
716,231,231, 19
717,231,231, 19
718,231,231, 19
719,231,231, 19
720,231,231, 19
721,231,231, 19
722,231,231, 19
723,231,231, 19
724,231,231, 19
725,231,231, 19
726,231,231, 19
727,231,231, 19
728,231,231, 19
729,231,231, 19
730,231,231, 19
731,231,231, 19
732,231,231, 19
733,231,231, 19
734,231,231, 19
735,231,231, 19
736,231,231, 19
737,231,231, 19
738,231,231, 19
739,231,231, 19
740,231,231, 19
741,231,231, 19
742,231,231, 19
743,231,231, 19
744,231,231, 19
745,231,231, 19
746,231,231, 19
747,231,231, 19
748,231,231, 19
749,231,231, 19
750,231,231, 19
751,231,231, 19
752,231,231, 19
753,231,231, 19
754,231,231, 19
755,231,231, 19
756,231,231, 19
757,231,231, 19
758,231,231, 19
759,231,231, 19
760,231,231, 19
761,231,231, 19
762,231,231, 19
763,231,231, 19
764,231,231, 19
765,231,231, 19
766,231,231, 19
767,231,231, 19
768,231,231, 19
769,231,231, 19
770,231,231, 19
771,231,231, 19
772,231,231, 19
773,231,231, 19
774,231,231, 19
775,231,231, 19
776,231,231, 19
777,231,231, 19
778,231,231, 19
779,231,231, 19
780,231,231, 19
781,231,231, 19
782,231,231, 19
783,231,231, 19
784,231,231, 19
785,231,231, 19
786,231,231, 19
787,231,231, 19
788,231,231, 19
789,231,231, 19
790,231,231, 19
791,231,231, 19
792,231,231, 19
793,231,231, 19
794,231,231, 19
795,231,231, 19
796,231,231, 19
797,231,231, 19
798,231,231, 19
799,231,231, 19
800,231,231, 19
801,231,231, 19
802,231,231, 19
803,231,231, 19
804,231,231, 19
805,231,231, 19
806,231,231, 19
807,231,231, 19
808,231,231, 19
809,231,231, 19
810,231,231, 19
811,231,231, 19
812,231,231, 19
813,231,231, 19
814,231,231, 19
815,231,231, 19
816,231,231, 19
817,231,231, 19
818,231,231, 19
819,231,231, 19
820,231,231, 19
821,231,231, 19
822,231,231, 19
823,231,231, 19
824,231,231, 19
825,231,231, 19
826,231,231, 19
827,231,231, 19
828,231,231, 19
829,231,231, 19
830,231,231, 19
831,231,231, 19
832,231,231, 19
833,231,231, 19
834,231,231, 19
835,231,231, 19
836,231,231, 19
837,231,231, 19
838,231,231, 19
839,231,231, 19
840,231,231, 19
841,231,231, 19
842,231,231, 19
843,231,231, 19
844,231,231, 19
845,231,231, 19
846,231,231, 19
847,231,231, 19
848,231,231, 19
849,231,231, 19
850,231,231, 19
851,231,231, 19
852,231,231, 19
853,231,231, 19
854,231,231, 19
855,231,231, 19
856,231,231, 19
857,231,231, 19
858,231,231, 19
859,231,231, 19
860,231,231, 19
861,231,231, 19
862,231,231, 19
863,231,231, 19
864,231,231, 19
865,231,231, 19
866,231,231, 19
867,231,231, 19
868,231,231, 19
869,231,231, 19
870,231,231, 19
871,231,231, 19
872,231,231, 19
873,231,231, 19
874,231,231, 19
875,231,231, 19
876,231,231, 19
877,231,231, 19
878,231,231, 19
879,231,231, 19
880,231,231, 19
881,231,231, 19
882,231,231, 19
883,231,231, 19
884,231,231, 19
885,231,231, 19
886,231,231, 19
887,231,231, 19
888,231,231, 19
889,231,231, 19
890,231,231, 19
891,231,231, 19
892,231,231, 19
893,231,231, 19
894,231,231, 19
895,231,231, 19
896,231,231, 19
897,231,231, 19
898,231,231, 19
899,231,231, 19
900,231,231, 19
901,231,231, 19
902,231,231, 19
903,231,231, 19
904,231,231, 19
905,231,231, 19
906,231,231, 19
907,231,231, 19
908,231,231, 19
909,231,231, 19
910,231,231, 19
911,231,231, 19
912,231,231, 19
913,231,231, 19
914,231,231, 19
915,231,231, 19
916,231,231, 19
917,231,231, 19
918,231,231, 19
919,231,231, 19
920,231,231, 19
921,231,231, 19
922,231,231, 19
923,231,231, 19
924,231,231, 19
925,231,231, 19
926,231,231, 19
927,231,231, 19
928,231,231, 19
929,231,231, 19
930,231,231, 19
931,231,231, 19
932,231,231, 19
933,231,231, 19
934,231,231, 19
935,231,231, 19
936,231,231, 19
937,231,231, 19
938,231,231, 19
939,231,231, 19
940,231,231, 19
941,231,231, 19
942,231,231, 19
943,231,231, 19
944,231,231, 19
945,231,231, 19
946,231,231, 19
947,231,231, 19
948,231,231, 19
949,231,231, 19
950,231,231, 19
951,231,231, 19
952,231,231, 19
953,231,231, 19
954,231,231, 19
955,231,231, 19
956,231,231, 19
957,231,231, 19
958,231,231, 19
959,231,231, 19
960,231,231, 19
961,231,231, 19
962,231,231, 19
963,231,231, 19
964,231,231, 19
965,231,231, 19
966,231,231, 19
967,231,231, 19
968,231,231, 19
969,231,231, 19
970,231,231, 19
971,231,231, 19
972,231,231, 19
973,231,231, 19
974,231,231, 19
975,231,231, 19
976,231,231, 19
977,231,231, 19
978,231,231, 19
979,231,231, 19
980,231,231, 19
981,231,231, 19
982,231,231, 19
983,231,231, 19
984,231,231, 19
985,231,231, 19
986,231,231, 19
987,231,231, 19
988,231,231, 19
989,231,231, 19
990,231,231, 19
991,231,231, 19
992,231,231, 19
993,231,231, 19
994,231,231, 19
995,231,231, 19
996,231,231, 19
997,231,231, 19
998,231,231, 19
999,231,231, 19
1000,231,231, 19
1001,231,231, 19
1002,231,231, 19
1003,231,231, 19
1004,231,231, 19
1005,230,230, 20
1006,230,230, 20
1007,230,230, 20
1008,230,230, 20
1009,230,230, 20
1010,230,230, 20
1011,230,230, 20
1012,230,230, 20
1013,230,230, 20
1014,230,230, 20
1015,230,230, 20
1016,230,230, 20
1017,230,230, 20
1018,230,230, 20
1019,230,230, 20
1020,230,230, 20
1021,230,230, 20
1022,230,230, 20
1023,230,230, 20
1024,230,230, 20
1025,230,230, 20
1026,230,230, 20
1027,229,229, 21
1028,229,229, 21
1029,229,229, 21
1030,229,229, 21
1031,229,229, 21
1032,229,229, 21
1033,229,229, 21
1034,229,229, 21
1035,229,229, 21
1036,229,229, 21
1037,229,229, 21
1038,229,229, 21
1039,229,229, 21
1040,229,229, 21
1041,229,229, 21
1042,229,229, 21
1043,229,229, 21
1044,229,229, 21
1045,229,229, 21
1046,229,229, 21
1047,229,229, 21
1048,229,229, 21
1049,229,229, 21
1050,229,229, 21
1051,229,229, 21
1052,229,229, 21
1053,229,229, 21
1054,229,229, 21
1055,229,229, 21
1056,229,229, 21
1057,229,229, 21
1058,229,229, 21
1059,229,229, 21
1060,229,229, 21
1061,229,229, 21
1062,229,229, 21
1063,229,229, 21
1064,229,229, 21
1065,229,229, 21
1066,229,229, 21
1067,229,229, 21
1068,229,229, 21
1069,229,229, 21
1070,229,229, 21
1071,229,229, 21
1072,229,229, 21
1073,229,229, 21
1074,229,229, 21
1075,229,229, 21
1076,229,229, 21
1077,229,229, 21
1078,229,229, 21
1079,229,229, 21
1080,229,229, 21
1081,229,229, 21
1082,229,229, 21
1083,229,229, 21
1084,229,229, 21
1085,229,229, 21
1086,229,229, 21
1087,229,229, 21
1088,229,229, 21
1089,229,229, 21
1090,229,229, 21
1091,229,229, 21
1092,229,229, 21
1093,229,229, 21
1094,229,229, 21
1095,229,229, 21
1096,229,229, 21
1097,229,229, 21
1098,229,229, 21
1099,229,229, 21
1100,229,229, 21
1101,229,229, 21
1102,229,229, 21
1103,229,229, 21
1104,229,229, 21
1105,229,229, 21
1106,229,229, 21
1107,229,229, 21
1108,229,229, 21
1109,229,229, 21
1110,229,229, 21
1111,229,229, 21
1112,229,229, 21
1113,229,229, 21
1114,229,229, 21
1115,229,229, 21
1116,229,229, 21
1117,229,229, 21
1118,229,229, 21
1119,229,229, 21
1120,229,229, 21
1121,229,229, 21
1122,229,229, 21
1123,229,229, 21
1124,229,229, 21
1125,229,229, 21
1126,229,229, 21
1127,229,229, 21
1128,229,229, 21
1129,229,229, 21
1130,229,229, 21
1131,229,229, 21
1132,229,229, 21
1133,229,229, 21
1134,229,229, 21
1135,229,229, 21
1136,229,229, 21
1137,229,229, 21
1138,229,229, 21
1139,229,229, 21
1140,229,229, 21
1141,228,228, 22
1142,228,228, 22
1143,228,228, 22
1144,228,228, 22
1145,228,228, 22
1146,228,228, 22
1147,228,228, 22
1148,228,228, 22
1149,228,228, 22
1150,228,228, 22
1151,228,228, 22
1152,228,228, 22
1153,228,228, 22
1154,228,228, 22
1155,228,228, 22
1156,228,228, 22
1157,228,228, 22
1158,228,228, 22
1159,228,228, 22
1160,228,228, 22
1161,228,228, 22
1162,228,228, 22
1163,228,228, 22
1164,228,228, 22
1165,228,228, 22
1166,228,228, 22
1167,228,228, 22
1168,228,228, 22
1169,228,228, 22
1170,228,228, 22
1171,228,228, 22
1172,228,228, 22
1173,228,228, 22
1174,228,228, 22
1175,228,228, 22
1176,228,228, 22
1177,228,228, 22
1178,228,228, 22
1179,228,228, 22
1180,228,228, 22
1181,228,228, 22
1182,228,228, 22
1183,228,228, 22
1184,228,228, 22
1185,228,228, 22
1186,228,228, 22
1187,228,228, 22
1188,228,228, 22
1189,228,228, 22
1190,228,228, 22
1191,228,228, 22
1192,228,228, 22
1193,228,228, 22
1194,228,228, 22
1195,228,228, 22
1196,227,227, 23
1197,227,227, 23
1198,227,227, 23
1199,227,227, 23
1200,227,227, 23
1201,227,227, 23
1202,227,227, 23
1203,227,227, 23
1204,227,227, 23
1205,227,227, 23
1206,227,227, 23
1207,226,226, 24
1208,226,226, 24
1209,226,226, 24
1210,226,226, 24
1211,226,226, 24
1212,226,226, 24
1213,226,226, 24
1214,226,226, 24
1215,226,226, 24
1216,226,226, 24
1217,226,226, 24
1218,226,226, 24
1219,226,226, 24
1220,226,226, 24
1221,226,226, 24
1222,226,226, 24
1223,226,226, 24
1224,226,226, 24
1225,226,226, 24
1226,226,226, 24
1227,226,226, 24
1228,226,226, 24
1229,226,226, 24
1230,226,226, 24
1231,226,226, 24
1232,226,226, 24
1233,226,226, 24
1234,226,226, 24
1235,226,226, 24
1236,226,226, 24
1237,226,226, 24
1238,226,226, 24
1239,226,226, 24
1240,226,226, 24
1241,226,226, 24
1242,226,226, 24
1243,226,226, 24
1244,226,226, 24
1245,226,226, 24
1246,226,226, 24
1247,226,226, 24
1248,226,226, 24
1249,226,226, 24
1250,226,226, 24
1251,226,226, 24
1252,226,226, 24
1253,226,226, 24
1254,226,226, 24
1255,226,226, 24
1256,226,226, 24
1257,226,226, 24
1258,226,226, 24
1259,226,226, 24
1260,226,226, 24
1261,226,226, 24
1262,225,225, 25
1263,225,225, 25
1264,225,225, 25
1265,225,225, 25
1266,225,225, 25
1267,225,225, 25
1268,225,225, 25
1269,225,225, 25
1270,225,225, 25
1271,225,225, 25
1272,225,225, 25
1273,225,225, 25
1274,225,225, 25
1275,225,225, 25
1276,225,225, 25
1277,225,225, 25
1278,225,225, 25
1279,225,225, 25
1280,225,225, 25
1281,225,225, 25
1282,225,225, 25
1283,225,225, 25
1284,225,225, 25
1285,225,225, 25
1286,225,225, 25
1287,225,225, 25
1288,225,225, 25
1289,225,225, 25
1290,225,225, 25
1291,225,225, 25
1292,225,225, 25
1293,225,225, 25
1294,225,225, 25
1295,225,225, 25
1296,225,225, 25
1297,225,225, 25
1298,225,225, 25
1299,225,225, 25
1300,225,225, 25
1301,225,225, 25
1302,225,225, 25
1303,225,225, 25
1304,225,225, 25
1305,225,225, 25
1306,225,225, 25
1307,225,225, 25
1308,225,225, 25
1309,225,225, 25
1310,225,225, 25
1311,225,225, 25
1312,225,225, 25
1313,225,225, 25
1314,225,225, 25
1315,225,225, 25
1316,225,225, 25
1317,225,225, 25
1318,225,225, 25
1319,225,225, 25
1320,225,225, 25
1321,225,225, 25
1322,225,225, 25
1323,225,225, 25
1324,225,225, 25
1325,225,225, 25
1326,225,225, 25
1327,225,225, 25
1328,225,225, 25
1329,225,225, 25
1330,225,225, 25
1331,225,225, 25
1332,225,225, 25
1333,225,225, 25
1334,225,225, 25
1335,225,225, 25
1336,225,225, 25
1337,225,225, 25
1338,225,225, 25
1339,225,225, 25
1340,225,225, 25
1341,225,225, 25
1342,225,225, 25
1343,225,225, 25
1344,225,225, 25
1345,225,225, 25
1346,225,225, 25
1347,225,225, 25
1348,225,225, 25
1349,225,225, 25
1350,225,225, 25
1351,225,225, 25
1352,225,225, 25
1353,225,225, 25
1354,225,225, 25
1355,225,225, 25
1356,225,225, 25
1357,225,225, 25
1358,225,225, 25
1359,225,225, 25
1360,225,225, 25
1361,225,225, 25
1362,225,225, 25
1363,225,225, 25
1364,225,225, 25
1365,225,225, 25
1366,225,225, 25
1367,225,225, 25
1368,225,225, 25
1369,225,225, 25
1370,225,225, 25
1371,225,225, 25
1372,225,225, 25
1373,225,225, 25
1374,225,225, 25
1375,225,225, 25
1376,225,225, 25
1377,225,225, 25
1378,225,225, 25
1379,225,225, 25
1380,225,225, 25
1381,225,225, 25
1382,225,225, 25
1383,225,225, 25
1384,225,225, 25
1385,225,225, 25
1386,225,225, 25
1387,225,225, 25
1388,225,225, 25
1389,225,225, 25
1390,225,225, 25
1391,225,225, 25
1392,225,225, 25
1393,225,225, 25
1394,225,225, 25
1395,225,225, 25
1396,225,225, 25
1397,225,225, 25
1398,225,225, 25
1399,225,225, 25
1400,225,225, 25
1401,225,225, 25
1402,225,225, 25
1403,225,225, 25
1404,225,225, 25
1405,225,225, 25
1406,225,225, 25
1407,225,225, 25
1408,225,225, 25
1409,225,225, 25
1410,225,225, 25
1411,225,225, 25
1412,225,225, 25
1413,225,225, 25
1414,225,225, 25
1415,225,225, 25
1416,225,225, 25
1417,225,225, 25
1418,225,225, 25
1419,225,225, 25
1420,225,225, 25
1421,225,225, 25
1422,225,225, 25
1423,225,225, 25
1424,225,225, 25
1425,225,225, 25
1426,225,225, 25
1427,225,225, 25
1428,225,225, 25
1429,225,225, 25
1430,225,225, 25
1431,225,225, 25
1432,225,225, 25
1433,225,225, 25
1434,225,225, 25
1435,225,225, 25
1436,225,225, 25
1437,225,225, 25
1438,225,225, 25
1439,225,225, 25
1440,225,225, 25
1441,225,225, 25
1442,225,225, 25
1443,225,225, 25
1444,225,225, 25
1445,225,225, 25
1446,225,225, 25
1447,225,225, 25
1448,225,225, 25
1449,225,225, 25
1450,225,225, 25
1451,225,225, 25
1452,225,225, 25
1453,225,225, 25
1454,225,225, 25
1455,225,225, 25
1456,225,225, 25
1457,225,225, 25
1458,225,225, 25
1459,225,225, 25
1460,225,225, 25
1461,225,225, 25
1462,225,225, 25
1463,225,225, 25
1464,225,225, 25
1465,225,225, 25
1466,225,225, 25
1467,225,225, 25
1468,225,225, 25
1469,225,225, 25
1470,225,225, 25
1471,225,225, 25
1472,225,225, 25
1473,225,225, 25
1474,225,225, 25
1475,225,225, 25
1476,225,225, 25
1477,225,225, 25
1478,225,225, 25
1479,225,225, 25
1480,225,225, 25
1481,225,225, 25
1482,225,225, 25
1483,225,225, 25
1484,225,225, 25
1485,225,225, 25
1486,225,225, 25
1487,225,225, 25
1488,225,225, 25
1489,225,225, 25
1490,225,225, 25
1491,225,225, 25
1492,225,225, 25
1493,225,225, 25
1494,225,225, 25
1495,225,225, 25
1496,225,225, 25
1497,225,225, 25
1498,225,225, 25
1499,225,225, 25
