0,250,250, 0
1,250,250, 0
2,250,250, 0
3,250,250, 0
4,250,250, 0
5,250,250, 0
6,249,249, 1
7,249,249, 1
8,249,249, 1
9,249,249, 1
10,249,249, 1
11,249,249, 1
12,249,249, 1
13,249,249, 1
14,249,249, 1
15,249,249, 1
16,249,249, 1
17,249,249, 1
18,249,249, 1
19,249,249, 1
20,249,249, 1
21,249,249, 1
22,249,249, 1
23,249,249, 1
24,249,249, 1
25,249,249, 1
26,249,249, 1
27,249,249, 1
28,249,249, 1
29,248,248, 2
30,248,248, 2
31,248,248, 2
32,248,248, 2
33,248,248, 2
34,248,248, 2
35,248,248, 2
36,248,248, 2
37,248,248, 2
38,248,248, 2
39,248,248, 2
40,248,248, 2
41,248,248, 2
42,248,248, 2
43,247,247, 3
44,247,247, 3
45,247,247, 3
46,247,247, 3
47,247,247, 3
48,247,247, 3
49,247,247, 3
50,247,247, 3
51,247,247, 3
52,247,247, 3
53,247,247, 3
54,247,247, 3
55,247,247, 3
56,247,247, 3
57,247,247, 3
58,247,247, 3
59,246,246, 4
60,246,246, 4
61,246,246, 4
62,246,246, 4
63,246,246, 4
64,246,246, 4
65,246,246, 4
66,246,246, 4
67,246,246, 4
68,246,246, 4
69,246,246, 4
70,246,246, 4
71,246,246, 4
72,246,246, 4
73,246,246, 4
74,246,246, 4
75,246,246, 4
76,246,246, 4
77,246,246, 4
78,246,246, 4
79,246,246, 4
80,246,246, 4
81,246,246, 4
82,246,246, 4
83,246,246, 4
84,246,246, 4
85,246,246, 4
86,246,246, 4
87,246,246, 4
88,246,246, 4
89,246,246, 4
90,246,246, 4
91,246,246, 4
92,246,246, 4
93,246,246, 4
94,246,246, 4
95,246,246, 4
96,246,246, 4
97,246,246, 4
98,246,246, 4
99,246,246, 4
100,246,246, 4
101,246,246, 4
102,246,246, 4
103,246,246, 4
104,246,246, 4
105,246,246, 4
106,246,246, 4
107,246,246, 4
108,246,246, 4
109,246,246, 4
110,246,246, 4
111,246,246, 4
112,246,246, 4
113,246,246, 4
114,246,246, 4
115,246,246, 4
116,246,246, 4
117,246,246, 4
118,246,246, 4
119,246,246, 4
120,246,246, 4
121,246,246, 4
122,246,246, 4
123,246,246, 4
124,246,246, 4
125,246,246, 4
126,246,246, 4
127,246,246, 4
128,246,246, 4
129,246,246, 4
130,246,246, 4
131,246,246, 4
132,245,245, 5
133,245,245, 5
134,245,245, 5
135,245,245, 5
136,245,245, 5
137,245,245, 5
138,245,245, 5
139,245,245, 5
140,245,245, 5
141,245,245, 5
142,245,245, 5
143,245,245, 5
144,245,245, 5
145,245,245, 5
146,245,245, 5
147,244,244, 6
148,243,243, 7
149,243,243, 7
150,243,243, 7
151,243,243, 7
152,243,243, 7
153,243,243, 7
154,243,243, 7
155,243,243, 7
156,243,243, 7
157,243,243, 7
158,243,243, 7
159,243,243, 7
160,243,243, 7
161,243,243, 7
162,243,243, 7
163,243,243, 7
164,243,243, 7
165,243,243, 7
166,243,243, 7
167,243,243, 7
168,243,243, 7
169,243,243, 7
170,243,243, 7
171,243,243, 7
172,243,243, 7
173,243,243, 7
174,243,243, 7
175,243,243, 7
176,243,243, 7
177,243,243, 7
178,243,243, 7
179,243,243, 7
180,243,243, 7
181,243,243, 7
182,243,243, 7
183,243,243, 7
184,242,242, 8
185,242,242, 8
186,242,242, 8
187,242,242, 8
188,242,242, 8
189,242,242, 8
190,242,242, 8
191,242,242, 8
192,242,242, 8
193,242,242, 8
194,242,242, 8
195,242,242, 8
196,242,242, 8
197,242,242, 8
198,242,242, 8
199,242,242, 8
200,242,242, 8
201,242,242, 8
202,242,242, 8
203,242,242, 8
204,242,242, 8
205,242,242, 8
206,242,242, 8
207,242,242, 8
208,242,242, 8
209,242,242, 8
210,242,242, 8
211,242,242, 8
212,242,242, 8
213,242,242, 8
214,242,242, 8
215,241,241, 9
216,241,241, 9
217,241,241, 9
218,241,241, 9
219,241,241, 9
220,241,241, 9
221,241,241, 9
222,241,241, 9
223,241,241, 9
224,241,241, 9
225,241,241, 9
226,241,241, 9
227,241,241, 9
228,241,241, 9
229,241,241, 9
230,241,241, 9
231,241,241, 9
232,241,241, 9
233,241,241, 9
234,241,241, 9
235,241,241, 9
236,241,241, 9
237,241,241, 9
238,241,241, 9
239,241,241, 9
240,241,241, 9
241,241,241, 9
242,241,241, 9
243,241,241, 9
244,241,241, 9
245,241,241, 9
246,241,241, 9
247,240,240, 10
248,240,240, 10
249,240,240, 10
250,240,240, 10
251,240,240, 10
252,240,240, 10
253,240,240, 10
254,240,240, 10
255,240,240, 10
256,240,240, 10
257,240,240, 10
258,240,240, 10
259,240,240, 10
260,240,240, 10
261,240,240, 10
262,240,240, 10
263,240,240, 10
264,240,240, 10
265,240,240, 10
266,240,240, 10
267,240,240, 10
268,240,240, 10
269,240,240, 10
270,240,240, 10
271,240,240, 10
272,240,240, 10
273,240,240, 10
274,240,240, 10
275,240,240, 10
276,240,240, 10
277,240,240, 10
278,240,240, 10
279,240,240, 10
280,240,240, 10
281,240,240, 10
282,240,240, 10
283,240,240, 10
284,240,240, 10
285,240,240, 10
286,240,240, 10
287,240,240, 10
288,240,240, 10
289,240,240, 10
290,240,240, 10
291,240,240, 10
292,240,240, 10
293,240,240, 10
294,240,240, 10
295,240,240, 10
296,240,240, 10
297,240,240, 10
298,240,240, 10
299,240,240, 10
300,240,240, 10
301,240,240, 10
302,240,240, 10
303,239,239, 11
304,239,239, 11
305,239,239, 11
306,239,239, 11
307,239,239, 11
308,239,239, 11
309,239,239, 11
310,239,239, 11
311,239,239, 11
312,239,239, 11
313,239,239, 11
314,239,239, 11
315,239,239, 11
316,239,239, 11
317,239,239, 11
318,239,239, 11
319,239,239, 11
320,239,239, 11
321,239,239, 11
322,239,239, 11
323,239,239, 11
324,239,239, 11
325,239,239, 11
326,239,239, 11
327,239,239, 11
328,238,238, 12
329,238,238, 12
330,238,238, 12
331,238,238, 12
332,238,238, 12
333,238,238, 12
334,238,238, 12
335,238,238, 12
336,238,238, 12
337,238,238, 12
338,238,238, 12
339,238,238, 12
340,238,238, 12
341,238,238, 12
342,238,238, 12
343,238,238, 12
344,238,238, 12
345,238,238, 12
346,238,238, 12
347,238,238, 12
348,238,238, 12
349,238,238, 12
350,238,238, 12
351,238,238, 12
352,238,238, 12
353,238,238, 12
354,238,238, 12
355,238,238, 12
356,238,238, 12
357,238,238, 12
358,238,238, 12
359,238,238, 12
360,238,238, 12
361,238,238, 12
362,238,238, 12
363,238,238, 12
364,238,238, 12
365,238,238, 12
366,238,238, 12
367,238,238, 12
368,238,238, 12
369,238,238, 12
370,238,238, 12
371,238,238, 12
372,238,238, 12
373,238,238, 12
374,238,238, 12
375,238,238, 12
376,238,238, 12
377,238,238, 12
378,238,238, 12
379,238,238, 12
380,238,238, 12
381,238,238, 12
382,238,238, 12
383,238,238, 12
384,238,238, 12
385,238,238, 12
386,238,238, 12
387,238,238, 12
388,238,238, 12
389,238,238, 12
390,238,238, 12
391,237,237, 13
392,237,237, 13
393,237,237, 13
394,237,237, 13
395,237,237, 13
396,237,237, 13
397,237,237, 13
398,237,237, 13
399,237,237, 13
400,237,237, 13
401,237,237, 13
402,237,237, 13
403,237,237, 13
404,237,237, 13
405,237,237, 13
406,237,237, 13
407,237,237, 13
408,237,237, 13
409,236,236, 14
410,236,236, 14
411,236,236, 14
412,236,236, 14
413,236,236, 14
414,236,236, 14
415,236,236, 14
416,236,236, 14
417,236,236, 14
418,236,236, 14
419,236,236, 14
420,236,236, 14
421,236,236, 14
422,236,236, 14
423,236,236, 14
424,236,236, 14
425,236,236, 14
426,236,236, 14
427,236,236, 14
428,236,236, 14
429,236,236, 14
430,236,236, 14
431,236,236, 14
432,236,236, 14
433,236,236, 14
434,236,236, 14
435,236,236, 14
436,236,236, 14
437,236,236, 14
438,236,236, 14
439,236,236, 14
440,236,236, 14
441,236,236, 14
442,236,236, 14
443,236,236, 14
444,236,236, 14
445,236,236, 14
446,236,236, 14
447,236,236, 14
448,236,236, 14
449,236,236, 14
450,236,236, 14
451,236,236, 14
452,236,236, 14
453,236,236, 14
454,236,236, 14
455,236,236, 14
456,236,236, 14
457,236,236, 14
458,236,236, 14
459,236,236, 14
460,236,236, 14
461,236,236, 14
462,236,236, 14
463,236,236, 14
464,236,236, 14
465,236,236, 14
466,236,236, 14
467,236,236, 14
468,236,236, 14
469,236,236, 14
470,236,236, 14
471,236,236, 14
472,236,236, 14
473,236,236, 14
474,236,236, 14
475,236,236, 14
476,236,236, 14
477,236,236, 14
478,236,236, 14
479,236,236, 14
480,236,236, 14
481,236,236, 14
482,236,236, 14
483,236,236, 14
484,236,236, 14
485,236,236, 14
486,236,236, 14
487,236,236, 14
488,236,236, 14
489,236,236, 14
490,236,236, 14
491,236,236, 14
492,236,236, 14
493,236,236, 14
494,236,236, 14
495,236,236, 14
496,236,236, 14
497,236,236, 14
498,236,236, 14
499,236,236, 14
500,236,236, 14
501,236,236, 14
502,236,236, 14
503,236,236, 14
504,236,236, 14
505,236,236, 14
506,236,236, 14
507,236,236, 14
508,236,236, 14
509,236,236, 14
510,236,236, 14
511,236,236, 14
512,236,236, 14
513,236,236, 14
514,236,236, 14
515,236,236, 14
516,236,236, 14
517,236,236, 14
518,236,236, 14
519,236,236, 14
520,236,236, 14
521,236,236, 14
522,236,236, 14
523,236,236, 14
524,236,236, 14
525,236,236, 14
526,236,236, 14
527,236,236, 14
528,236,236, 14
529,236,236, 14
530,236,236, 14
531,236,236, 14
532,236,236, 14
533,236,236, 14
534,236,236, 14
535,235,235, 15
536,235,235, 15
537,235,235, 15
538,235,235, 15
539,235,235, 15
540,235,235, 15
541,235,235, 15
542,235,235, 15
543,235,235, 15
544,235,235, 15
545,235,235, 15
546,235,235, 15
547,235,235, 15
548,235,235, 15
549,235,235, 15
550,235,235, 15
551,235,235, 15
552,235,235, 15
553,235,235, 15
554,235,235, 15
555,235,235, 15
556,235,235, 15
557,235,235, 15
558,235,235, 15
559,235,235, 15
560,235,235, 15
561,235,235, 15
562,235,235, 15
563,235,235, 15
564,235,235, 15
565,235,235, 15
566,235,235, 15
567,235,235, 15
568,235,235, 15
569,235,235, 15
570,235,235, 15
571,235,235, 15
572,235,235, 15
573,235,235, 15
574,235,235, 15
575,235,235, 15
576,235,235, 15
577,235,235, 15
578,235,235, 15
579,235,235, 15
580,235,235, 15
581,235,235, 15
582,235,235, 15
583,235,235, 15
584,235,235, 15
585,235,235, 15
586,235,235, 15
587,235,235, 15
588,235,235, 15
589,235,235, 15
590,235,235, 15
591,235,235, 15
592,235,235, 15
593,235,235, 15
594,235,235, 15
595,235,235, 15
596,235,235, 15
597,235,235, 15
598,235,235, 15
599,235,235, 15
600,235,235, 15
601,235,235, 15
602,235,235, 15
603,235,235, 15
604,235,235, 15
605,235,235, 15
606,235,235, 15
607,235,235, 15
608,235,235, 15
609,235,235, 15
610,235,235, 15
611,235,235, 15
612,235,235, 15
613,235,235, 15
614,235,235, 15
615,235,235, 15
616,235,235, 15
617,235,235, 15
618,235,235, 15
619,235,235, 15
620,235,235, 15
621,235,235, 15
622,235,235, 15
623,235,235, 15
624,234,234, 16
625,234,234, 16
626,234,234, 16
627,234,234, 16
628,234,234, 16
629,234,234, 16
630,234,234, 16
631,234,234, 16
632,234,234, 16
633,234,234, 16
634,234,234, 16
635,234,234, 16
636,234,234, 16
637,234,234, 16
638,234,234, 16
639,234,234, 16
640,234,234, 16
641,234,234, 16
642,234,234, 16
643,234,234, 16
644,234,234, 16
645,234,234, 16
646,234,234, 16
647,234,234, 16
648,234,234, 16
649,234,234, 16
650,234,234, 16
651,234,234, 16
652,234,234, 16
653,234,234, 16
654,234,234, 16
655,234,234, 16
656,234,234, 16
657,234,234, 16
658,234,234, 16
659,234,234, 16
660,234,234, 16
661,234,234, 16
662,234,234, 16
663,234,234, 16
664,234,234, 16
665,234,234, 16
666,234,234, 16
667,234,234, 16
668,234,234, 16
669,234,234, 16
670,234,234, 16
671,234,234, 16
672,234,234, 16
673,234,234, 16
674,234,234, 16
675,234,234, 16
676,234,234, 16
677,234,234, 16
678,234,234, 16
679,234,234, 16
680,234,234, 16
681,234,234, 16
682,234,234, 16
683,234,234, 16
684,234,234, 16
685,234,234, 16
686,234,234, 16
687,234,234, 16
688,234,234, 16
689,234,234, 16
690,234,234, 16
691,234,234, 16
692,234,234, 16
693,234,234, 16
694,234,234, 16
695,234,234, 16
696,234,234, 16
697,234,234, 16
698,234,234, 16
699,234,234, 16
700,234,234, 16
701,234,234, 16
702,234,234, 16
703,234,234, 16
704,234,234, 16
705,234,234, 16
706,234,234, 16
707,234,234, 16
708,234,234, 16
709,234,234, 16
710,234,234, 16
711,234,234, 16
712,234,234, 16
713,234,234, 16
714,234,234, 16
715,234,234, 16
716,234,234, 16
717,234,234, 16
718,234,234, 16
719,234,234, 16
720,234,234, 16
721,234,234, 16
722,234,234, 16
723,234,234, 16
724,234,234, 16
725,234,234, 16
726,234,234, 16
727,234,234, 16
728,234,234, 16
729,234,234, 16
730,234,234, 16
731,234,234, 16
732,234,234, 16
733,234,234, 16
734,234,234, 16
735,234,234, 16
736,234,234, 16
737,234,234, 16
738,234,234, 16
739,234,234, 16
740,234,234, 16
741,234,234, 16
742,234,234, 16
743,234,234, 16
744,234,234, 16
745,234,234, 16
746,234,234, 16
747,234,234, 16
748,234,234, 16
749,234,234, 16
750,234,234, 16
751,234,234, 16
752,234,234, 16
753,234,234, 16
754,234,234, 16
755,234,234, 16
756,234,234, 16
757,234,234, 16
758,234,234, 16
759,234,234, 16
760,234,234, 16
761,234,234, 16
762,234,234, 16
763,234,234, 16
764,234,234, 16
765,234,234, 16
766,234,234, 16
767,234,234, 16
768,234,234, 16
769,234,234, 16
770,234,234, 16
771,234,234, 16
772,234,234, 16
773,234,234, 16
774,234,234, 16
775,234,234, 16
776,234,234, 16
777,234,234, 16
778,234,234, 16
779,234,234, 16
780,234,234, 16
781,234,234, 16
782,234,234, 16
783,234,234, 16
784,234,234, 16
785,234,234, 16
786,234,234, 16
787,234,234, 16
788,234,234, 16
789,234,234, 16
790,234,234, 16
791,234,234, 16
792,234,234, 16
793,234,234, 16
794,234,234, 16
795,234,234, 16
796,234,234, 16
797,234,234, 16
798,234,234, 16
799,234,234, 16
800,234,234, 16
801,234,234, 16
802,234,234, 16
803,234,234, 16
804,234,234, 16
805,234,234, 16
806,234,234, 16
807,234,234, 16
808,234,234, 16
809,234,234, 16
810,234,234, 16
811,234,234, 16
812,234,234, 16
813,234,234, 16
814,234,234, 16
815,234,234, 16
816,234,234, 16
817,234,234, 16
818,234,234, 16
819,234,234, 16
820,234,234, 16
821,234,234, 16
822,234,234, 16
823,234,234, 16
824,234,234, 16
825,234,234, 16
826,234,234, 16
827,234,234, 16
828,234,234, 16
829,234,234, 16
830,234,234, 16
831,234,234, 16
832,234,234, 16
833,234,234, 16
834,234,234, 16
835,234,234, 16
836,234,234, 16
837,234,234, 16
838,234,234, 16
839,234,234, 16
840,234,234, 16
841,234,234, 16
842,234,234, 16
843,234,234, 16
844,234,234, 16
845,234,234, 16
846,234,234, 16
847,234,234, 16
848,234,234, 16
849,234,234, 16
850,234,234, 16
851,234,234, 16
852,234,234, 16
853,234,234, 16
854,234,234, 16
855,234,234, 16
856,234,234, 16
857,234,234, 16
858,234,234, 16
859,234,234, 16
860,234,234, 16
861,234,234, 16
862,234,234, 16
863,234,234, 16
864,234,234, 16
865,234,234, 16
866,234,234, 16
867,234,234, 16
868,234,234, 16
869,234,234, 16
870,234,234, 16
871,234,234, 16
872,234,234, 16
873,234,234, 16
874,234,234, 16
875,234,234, 16
876,234,234, 16
877,234,234, 16
878,234,234, 16
879,234,234, 16
880,234,234, 16
881,234,234, 16
882,234,234, 16
883,234,234, 16
884,234,234, 16
885,234,234, 16
886,234,234, 16
887,234,234, 16
888,234,234, 16
889,234,234, 16
890,234,234, 16
891,234,234, 16
892,234,234, 16
893,234,234, 16
894,234,234, 16
895,234,234, 16
896,234,234, 16
897,234,234, 16
898,234,234, 16
899,234,234, 16
900,234,234, 16
901,234,234, 16
902,234,234, 16
903,234,234, 16
904,234,234, 16
905,234,234, 16
906,234,234, 16
907,234,234, 16
908,234,234, 16
909,234,234, 16
910,234,234, 16
911,234,234, 16
912,234,234, 16
913,234,234, 16
914,234,234, 16
915,234,234, 16
916,234,234, 16
917,234,234, 16
918,234,234, 16
919,234,234, 16
920,234,234, 16
921,234,234, 16
922,234,234, 16
923,234,234, 16
924,234,234, 16
925,234,234, 16
926,234,234, 16
927,234,234, 16
928,234,234, 16
929,234,234, 16
930,234,234, 16
931,234,234, 16
932,234,234, 16
933,234,234, 16
934,234,234, 16
935,234,234, 16
936,234,234, 16
937,234,234, 16
938,234,234, 16
939,234,234, 16
940,234,234, 16
941,233,233, 17
942,233,233, 17
943,233,233, 17
944,233,233, 17
945,233,233, 17
946,233,233, 17
947,233,233, 17
948,233,233, 17
949,233,233, 17
950,233,233, 17
951,233,233, 17
952,233,233, 17
953,233,233, 17
954,233,233, 17
955,233,233, 17
956,233,233, 17
957,233,233, 17
958,233,233, 17
959,233,233, 17
960,233,233, 17
961,233,233, 17
962,233,233, 17
963,233,233, 17
964,233,233, 17
965,233,233, 17
966,233,233, 17
967,233,233, 17
968,233,233, 17
969,233,233, 17
970,233,233, 17
971,233,233, 17
972,233,233, 17
973,233,233, 17
974,233,233, 17
975,233,233, 17
976,233,233, 17
977,233,233, 17
978,233,233, 17
979,233,233, 17
980,233,233, 17
981,233,233, 17
982,233,233, 17
983,233,233, 17
984,233,233, 17
985,233,233, 17
986,233,233, 17
987,233,233, 17
988,233,233, 17
989,233,233, 17
990,233,233, 17
991,233,233, 17
992,233,233, 17
993,233,233, 17
994,233,233, 17
995,233,233, 17
996,233,233, 17
997,233,233, 17
998,233,233, 17
999,233,233, 17
1000,233,233, 17
1001,233,233, 17
1002,233,233, 17
1003,233,233, 17
1004,233,233, 17
1005,233,233, 17
1006,233,233, 17
1007,233,233, 17
1008,233,233, 17
1009,233,233, 17
1010,233,233, 17
1011,233,233, 17
1012,233,233, 17
1013,233,233, 17
1014,233,233, 17
1015,233,233, 17
1016,233,233, 17
1017,233,233, 17
1018,233,233, 17
1019,233,233, 17
1020,233,233, 17
1021,233,233, 17
1022,233,233, 17
1023,233,233, 17
1024,233,233, 17
1025,233,233, 17
1026,233,233, 17
1027,233,233, 17
1028,233,233, 17
1029,233,233, 17
1030,233,233, 17
1031,233,233, 17
1032,233,233, 17
1033,233,233, 17
1034,233,233, 17
1035,233,233, 17
1036,233,233, 17
1037,233,233, 17
1038,233,233, 17
1039,233,233, 17
1040,233,233, 17
1041,233,233, 17
1042,233,233, 17
1043,233,233, 17
1044,233,233, 17
1045,233,233, 17
1046,233,233, 17
1047,233,233, 17
1048,233,233, 17
1049,233,233, 17
1050,233,233, 17
1051,233,233, 17
1052,233,233, 17
1053,233,233, 17
1054,233,233, 17
1055,233,233, 17
1056,233,233, 17
1057,233,233, 17
1058,233,233, 17
1059,233,233, 17
1060,233,233, 17
1061,233,233, 17
1062,233,233, 17
1063,233,233, 17
1064,233,233, 17
1065,233,233, 17
1066,233,233, 17
1067,233,233, 17
1068,233,233, 17
1069,233,233, 17
1070,233,233, 17
1071,233,233, 17
1072,233,233, 17
1073,233,233, 17
1074,233,233, 17
1075,233,233, 17
1076,233,233, 17
1077,233,233, 17
1078,233,233, 17
1079,233,233, 17
1080,232,232, 18
1081,232,232, 18
1082,232,232, 18
1083,232,232, 18
1084,232,232, 18
1085,232,232, 18
1086,232,232, 18
1087,232,232, 18
1088,232,232, 18
1089,232,232, 18
1090,232,232, 18
1091,232,232, 18
1092,232,232, 18
1093,232,232, 18
1094,232,232, 18
1095,232,232, 18
1096,232,232, 18
1097,232,232, 18
1098,232,232, 18
1099,232,232, 18
1100,232,232, 18
1101,232,232, 18
1102,232,232, 18
1103,232,232, 18
1104,232,232, 18
1105,232,232, 18
1106,232,232, 18
1107,232,232, 18
1108,232,232, 18
1109,232,232, 18
1110,232,232, 18
1111,232,232, 18
1112,232,232, 18
1113,232,232, 18
1114,232,232, 18
1115,232,232, 18
1116,232,232, 18
1117,232,232, 18
1118,232,232, 18
1119,232,232, 18
1120,232,232, 18
1121,232,232, 18
1122,232,232, 18
1123,232,232, 18
1124,232,232, 18
1125,232,232, 18
1126,232,232, 18
1127,232,232, 18
1128,232,232, 18
1129,232,232, 18
1130,232,232, 18
1131,232,232, 18
1132,232,232, 18
1133,232,232, 18
1134,232,232, 18
1135,232,232, 18
1136,232,232, 18
1137,232,232, 18
1138,232,232, 18
1139,232,232, 18
1140,232,232, 18
1141,232,232, 18
1142,232,232, 18
1143,232,232, 18
1144,232,232, 18
1145,232,232, 18
1146,232,232, 18
1147,232,232, 18
1148,232,232, 18
1149,232,232, 18
1150,232,232, 18
1151,232,232, 18
1152,232,232, 18
1153,232,232, 18
1154,232,232, 18
1155,232,232, 18
1156,232,232, 18
1157,232,232, 18
1158,232,232, 18
1159,232,232, 18
1160,232,232, 18
1161,232,232, 18
1162,232,232, 18
1163,232,232, 18
1164,232,232, 18
1165,232,232, 18
1166,232,232, 18
1167,232,232, 18
1168,232,232, 18
1169,232,232, 18
1170,232,232, 18
1171,232,232, 18
1172,232,232, 18
1173,232,232, 18
1174,232,232, 18
1175,232,232, 18
1176,232,232, 18
1177,232,232, 18
1178,232,232, 18
1179,232,232, 18
1180,232,232, 18
1181,232,232, 18
1182,232,232, 18
1183,232,232, 18
1184,232,232, 18
1185,232,232, 18
1186,232,232, 18
1187,232,232, 18
1188,232,232, 18
1189,232,232, 18
1190,232,232, 18
1191,232,232, 18
1192,232,232, 18
1193,232,232, 18
1194,232,232, 18
1195,232,232, 18
1196,232,232, 18
1197,232,232, 18
1198,232,232, 18
1199,232,232, 18
1200,232,232, 18
1201,232,232, 18
1202,232,232, 18
1203,232,232, 18
1204,232,232, 18
1205,232,232, 18
1206,232,232, 18
1207,232,232, 18
1208,232,232, 18
1209,232,232, 18
1210,232,232, 18
1211,232,232, 18
1212,232,232, 18
1213,232,232, 18
1214,232,232, 18
1215,232,232, 18
1216,232,232, 18
1217,232,232, 18
1218,232,232, 18
1219,232,232, 18
1220,232,232, 18
1221,232,232, 18
1222,232,232, 18
1223,232,232, 18
1224,232,232, 18
1225,232,232, 18
1226,232,232, 18
1227,232,232, 18
1228,232,232, 18
1229,232,232, 18
1230,232,232, 18
1231,232,232, 18
1232,232,232, 18
1233,232,232, 18
1234,232,232, 18
1235,232,232, 18
1236,232,232, 18
1237,232,232, 18
1238,232,232, 18
1239,232,232, 18
1240,232,232, 18
1241,232,232, 18
1242,232,232, 18
1243,232,232, 18
1244,232,232, 18
1245,232,232, 18
1246,232,232, 18
1247,232,232, 18
1248,232,232, 18
1249,232,232, 18
1250,232,232, 18
1251,232,232, 18
1252,232,232, 18
1253,232,232, 18
1254,232,232, 18
1255,232,232, 18
1256,232,232, 18
1257,232,232, 18
1258,232,232, 18
1259,232,232, 18
1260,232,232, 18
1261,232,232, 18
1262,232,232, 18
1263,232,232, 18
1264,232,232, 18
1265,232,232, 18
1266,232,232, 18
1267,232,232, 18
1268,232,232, 18
1269,232,232, 18
1270,232,232, 18
1271,232,232, 18
1272,232,232, 18
1273,232,232, 18
1274,232,232, 18
1275,232,232, 18
1276,232,232, 18
1277,232,232, 18
1278,232,232, 18
1279,232,232, 18
1280,232,232, 18
1281,232,232, 18
1282,232,232, 18
1283,232,232, 18
1284,232,232, 18
1285,232,232, 18
1286,232,232, 18
1287,232,232, 18
1288,232,232, 18
1289,232,232, 18
1290,232,232, 18
1291,232,232, 18
1292,232,232, 18
1293,232,232, 18
1294,232,232, 18
1295,232,232, 18
1296,232,232, 18
1297,232,232, 18
1298,232,232, 18
1299,232,232, 18
1300,232,232, 18
1301,232,232, 18
1302,232,232, 18
1303,232,232, 18
1304,232,232, 18
1305,232,232, 18
1306,232,232, 18
1307,232,232, 18
1308,232,232, 18
1309,232,232, 18
1310,232,232, 18
1311,232,232, 18
1312,232,232, 18
1313,232,232, 18
1314,232,232, 18
1315,232,232, 18
1316,232,232, 18
1317,232,232, 18
1318,232,232, 18
1319,232,232, 18
1320,232,232, 18
1321,232,232, 18
1322,232,232, 18
1323,232,232, 18
1324,232,232, 18
1325,232,232, 18
1326,232,232, 18
1327,232,232, 18
1328,232,232, 18
1329,232,232, 18
1330,232,232, 18
1331,232,232, 18
1332,232,232, 18
1333,232,232, 18
1334,232,232, 18
1335,232,232, 18
1336,232,232, 18
1337,231,231, 19
1338,231,231, 19
1339,231,231, 19
1340,231,231, 19
1341,231,231, 19
1342,231,231, 19
1343,231,231, 19
1344,231,231, 19
1345,231,231, 19
1346,231,231, 19
1347,231,231, 19
1348,231,231, 19
1349,231,231, 19
1350,231,231, 19
1351,231,231, 19
1352,231,231, 19
1353,231,231, 19
1354,231,231, 19
1355,231,231, 19
1356,231,231, 19
1357,231,231, 19
1358,231,231, 19
1359,231,231, 19
1360,231,231, 19
1361,231,231, 19
1362,231,231, 19
1363,231,231, 19
1364,231,231, 19
1365,231,231, 19
1366,231,231, 19
1367,231,231, 19
1368,231,231, 19
1369,231,231, 19
1370,231,231, 19
1371,231,231, 19
1372,231,231, 19
1373,231,231, 19
1374,231,231, 19
1375,231,231, 19
1376,231,231, 19
1377,231,231, 19
1378,231,231, 19
1379,231,231, 19
1380,231,231, 19
1381,231,231, 19
1382,231,231, 19
1383,231,231, 19
1384,231,231, 19
1385,231,231, 19
1386,231,231, 19
1387,231,231, 19
1388,231,231, 19
1389,231,231, 19
1390,231,231, 19
1391,231,231, 19
1392,231,231, 19
1393,231,231, 19
1394,231,231, 19
1395,231,231, 19
1396,231,231, 19
1397,231,231, 19
1398,231,231, 19
1399,231,231, 19
1400,231,231, 19
1401,231,231, 19
1402,231,231, 19
1403,231,231, 19
1404,231,231, 19
1405,231,231, 19
1406,231,231, 19
1407,231,231, 19
1408,231,231, 19
1409,231,231, 19
1410,231,231, 19
1411,231,231, 19
1412,231,231, 19
1413,231,231, 19
1414,231,231, 19
1415,231,231, 19
1416,231,231, 19
1417,231,231, 19
1418,231,231, 19
1419,231,231, 19
1420,231,231, 19
1421,231,231, 19
1422,231,231, 19
1423,231,231, 19
1424,231,231, 19
1425,231,231, 19
1426,231,231, 19
1427,231,231, 19
1428,231,231, 19
1429,231,231, 19
1430,231,231, 19
1431,231,231, 19
1432,231,231, 19
1433,231,231, 19
1434,231,231, 19
1435,231,231, 19
1436,231,231, 19
1437,231,231, 19
1438,231,231, 19
1439,231,231, 19
1440,231,231, 19
1441,231,231, 19
1442,231,231, 19
1443,231,231, 19
1444,231,231, 19
1445,231,231, 19
1446,231,231, 19
1447,231,231, 19
1448,231,231, 19
1449,231,231, 19
1450,231,231, 19
1451,231,231, 19
1452,231,231, 19
1453,231,231, 19
1454,231,231, 19
1455,231,231, 19
1456,231,231, 19
1457,231,231, 19
1458,231,231, 19
1459,231,231, 19
1460,231,231, 19
1461,231,231, 19
1462,231,231, 19
1463,231,231, 19
1464,231,231, 19
1465,231,231, 19
1466,231,231, 19
1467,231,231, 19
1468,231,231, 19
1469,231,231, 19
1470,230,230, 20
1471,230,230, 20
1472,230,230, 20
1473,230,230, 20
1474,230,230, 20
1475,230,230, 20
1476,230,230, 20
1477,230,230, 20
1478,230,230, 20
1479,230,230, 20
1480,230,230, 20
1481,230,230, 20
1482,230,230, 20
1483,230,230, 20
1484,230,230, 20
1485,230,230, 20
1486,230,230, 20
1487,230,230, 20
1488,230,230, 20
1489,230,230, 20
1490,230,230, 20
1491,230,230, 20
1492,230,230, 20
1493,230,230, 20
1494,230,230, 20
1495,230,230, 20
1496,230,230, 20
1497,230,230, 20
1498,230,230, 20
1499,230,230, 20
