0,250,250, 0
1,249,249, 1
2,249,249, 1
3,249,249, 1
4,249,249, 1
5,248,248, 2
6,248,248, 2
7,248,248, 2
8,248,248, 2
9,248,248, 2
10,247,247, 3
11,247,247, 3
12,247,247, 3
13,246,246, 4
14,246,246, 4
15,246,246, 4
16,246,246, 4
17,246,246, 4
18,246,246, 4
19,246,246, 4
20,246,246, 4
21,246,246, 4
22,246,246, 4
23,246,246, 4
24,246,246, 4
25,246,246, 4
26,246,246, 4
27,246,246, 4
28,246,246, 4
29,246,246, 4
30,246,246, 4
31,246,246, 4
32,246,246, 4
33,245,245, 5
34,245,245, 5
35,245,245, 5
36,245,245, 5
37,245,245, 5
38,245,245, 5
39,245,245, 5
40,244,244, 6
41,244,244, 6
42,244,244, 6
43,244,244, 6
44,244,244, 6
45,244,244, 6
46,244,244, 6
47,244,244, 6
48,244,244, 6
49,243,243, 7
50,243,243, 7
51,243,243, 7
52,243,243, 7
53,243,243, 7
54,243,243, 7
55,243,243, 7
56,243,243, 7
57,242,242, 8
58,242,242, 8
59,242,242, 8
60,242,242, 8
61,242,242, 8
62,242,242, 8
63,242,242, 8
64,242,242, 8
65,241,241, 9
66,241,241, 9
67,241,241, 9
68,241,241, 9
69,241,241, 9
70,241,241, 9
71,241,241, 9
72,241,241, 9
73,241,241, 9
74,241,241, 9
75,241,241, 9
76,241,241, 9
77,241,241, 9
78,241,241, 9
79,241,241, 9
80,241,241, 9
81,241,241, 9
82,241,241, 9
83,241,241, 9
84,241,241, 9
85,241,241, 9
86,241,241, 9
87,241,241, 9
88,241,241, 9
89,241,241, 9
90,241,241, 9
91,241,241, 9
92,241,241, 9
93,241,241, 9
94,241,241, 9
95,241,241, 9
96,241,241, 9
97,241,241, 9
98,241,241, 9
99,241,241, 9
100,241,241, 9
101,241,241, 9
102,241,241, 9
103,241,241, 9
104,241,241, 9
105,241,241, 9
106,241,241, 9
107,241,241, 9
108,241,241, 9
109,241,241, 9
110,241,241, 9
111,241,241, 9
112,241,241, 9
113,241,241, 9
114,241,241, 9
115,241,241, 9
116,241,241, 9
117,241,241, 9
118,241,241, 9
119,241,241, 9
120,241,241, 9
121,241,241, 9
122,241,241, 9
123,240,240, 10
124,240,240, 10
125,240,240, 10
126,240,240, 10
127,240,240, 10
128,240,240, 10
129,240,240, 10
130,240,240, 10
131,240,240, 10
132,240,240, 10
133,240,240, 10
134,240,240, 10
135,240,240, 10
136,240,240, 10
137,240,240, 10
138,240,240, 10
139,240,240, 10
140,240,240, 10
141,240,240, 10
142,240,240, 10
143,240,240, 10
144,240,240, 10
145,240,240, 10
146,240,240, 10
147,240,240, 10
148,240,240, 10
149,240,240, 10
150,240,240, 10
151,240,240, 10
152,240,240, 10
153,240,240, 10
154,240,240, 10
155,240,240, 10
156,240,240, 10
157,240,240, 10
158,240,240, 10
159,240,240, 10
160,240,240, 10
161,240,240, 10
162,240,240, 10
163,240,240, 10
164,240,240, 10
165,240,240, 10
166,240,240, 10
167,240,240, 10
168,240,240, 10
169,240,240, 10
170,240,240, 10
171,240,240, 10
172,240,240, 10
173,240,240, 10
174,240,240, 10
175,240,240, 10
176,240,240, 10
177,240,240, 10
178,240,240, 10
179,240,240, 10
180,240,240, 10
181,240,240, 10
182,240,240, 10
183,240,240, 10
184,240,240, 10
185,240,240, 10
186,240,240, 10
187,240,240, 10
188,240,240, 10
189,240,240, 10
190,240,240, 10
191,240,240, 10
192,240,240, 10
193,240,240, 10
194,240,240, 10
195,240,240, 10
196,240,240, 10
197,240,240, 10
198,240,240, 10
199,240,240, 10
200,240,240, 10
201,240,240, 10
202,240,240, 10
203,240,240, 10
204,240,240, 10
205,240,240, 10
206,240,240, 10
207,240,240, 10
208,240,240, 10
209,240,240, 10
210,240,240, 10
211,240,240, 10
212,240,240, 10
213,240,240, 10
214,240,240, 10
215,240,240, 10
216,240,240, 10
217,240,240, 10
218,240,240, 10
219,240,240, 10
220,240,240, 10
221,240,240, 10
222,240,240, 10
223,239,239, 11
224,239,239, 11
225,238,238, 12
226,238,238, 12
227,238,238, 12
228,238,238, 12
229,238,238, 12
230,238,238, 12
231,238,238, 12
232,238,238, 12
233,238,238, 12
234,238,238, 12
235,238,238, 12
236,238,238, 12
237,238,238, 12
238,238,238, 12
239,238,238, 12
240,238,238, 12
241,238,238, 12
242,238,238, 12
243,238,238, 12
244,238,238, 12
245,238,238, 12
246,238,238, 12
247,238,238, 12
248,238,238, 12
249,238,238, 12
250,238,238, 12
251,238,238, 12
252,238,238, 12
253,238,238, 12
254,238,238, 12
255,238,238, 12
256,238,238, 12
257,238,238, 12
258,238,238, 12
259,238,238, 12
260,238,238, 12
261,238,238, 12
262,238,238, 12
263,238,238, 12
264,238,238, 12
265,238,238, 12
266,238,238, 12
267,238,238, 12
268,238,238, 12
269,238,238, 12
270,238,238, 12
271,238,238, 12
272,238,238, 12
273,238,238, 12
274,238,238, 12
275,238,238, 12
276,238,238, 12
277,238,238, 12
278,238,238, 12
279,238,238, 12
280,238,238, 12
281,238,238, 12
282,238,238, 12
283,238,238, 12
284,238,238, 12
285,238,238, 12
286,238,238, 12
287,237,237, 13
288,237,237, 13
289,237,237, 13
290,237,237, 13
291,237,237, 13
292,237,237, 13
293,236,236, 14
294,236,236, 14
295,236,236, 14
296,236,236, 14
297,236,236, 14
298,236,236, 14
299,236,236, 14
300,236,236, 14
301,236,236, 14
302,236,236, 14
303,236,236, 14
304,236,236, 14
305,236,236, 14
306,236,236, 14
307,236,236, 14
308,236,236, 14
309,235,235, 15
310,235,235, 15
311,235,235, 15
312,235,235, 15
313,235,235, 15
314,235,235, 15
315,235,235, 15
316,235,235, 15
317,235,235, 15
318,235,235, 15
319,235,235, 15
320,235,235, 15
321,235,235, 15
322,235,235, 15
323,235,235, 15
324,235,235, 15
325,235,235, 15
326,235,235, 15
327,235,235, 15
328,235,235, 15
329,235,235, 15
330,235,235, 15
331,235,235, 15
332,235,235, 15
333,235,235, 15
334,235,235, 15
335,235,235, 15
336,235,235, 15
337,235,235, 15
338,235,235, 15
339,235,235, 15
340,234,234, 16
341,234,234, 16
342,234,234, 16
343,234,234, 16
344,234,234, 16
345,234,234, 16
346,234,234, 16
347,234,234, 16
348,234,234, 16
349,234,234, 16
350,234,234, 16
351,234,234, 16
352,234,234, 16
353,234,234, 16
354,234,234, 16
355,234,234, 16
356,234,234, 16
357,234,234, 16
358,234,234, 16
359,234,234, 16
360,234,234, 16
361,234,234, 16
362,234,234, 16
363,233,233, 17
364,233,233, 17
365,233,233, 17
366,233,233, 17
367,233,233, 17
368,233,233, 17
369,233,233, 17
370,233,233, 17
371,233,233, 17
372,233,233, 17
373,233,233, 17
374,233,233, 17
375,233,233, 17
376,233,233, 17
377,233,233, 17
378,233,233, 17
379,233,233, 17
380,233,233, 17
381,233,233, 17
382,233,233, 17
383,233,233, 17
384,233,233, 17
385,233,233, 17
386,233,233, 17
387,233,233, 17
388,233,233, 17
389,233,233, 17
390,233,233, 17
391,233,233, 17
392,233,233, 17
393,233,233, 17
394,233,233, 17
395,233,233, 17
396,233,233, 17
397,233,233, 17
398,233,233, 17
399,233,233, 17
400,233,233, 17
401,233,233, 17
402,233,233, 17
403,233,233, 17
404,233,233, 17
405,233,233, 17
406,233,233, 17
407,233,233, 17
408,233,233, 17
409,233,233, 17
410,232,232, 18
411,232,232, 18
412,232,232, 18
413,232,232, 18
414,232,232, 18
415,232,232, 18
416,232,232, 18
417,232,232, 18
418,232,232, 18
419,232,232, 18
420,232,232, 18
421,232,232, 18
422,232,232, 18
423,232,232, 18
424,232,232, 18
425,232,232, 18
426,232,232, 18
427,232,232, 18
428,232,232, 18
429,232,232, 18
430,232,232, 18
431,232,232, 18
432,232,232, 18
433,232,232, 18
434,232,232, 18
435,232,232, 18
436,232,232, 18
437,232,232, 18
438,232,232, 18
439,232,232, 18
440,232,232, 18
441,232,232, 18
442,232,232, 18
443,232,232, 18
444,232,232, 18
445,232,232, 18
446,232,232, 18
447,232,232, 18
448,232,232, 18
449,232,232, 18
450,232,232, 18
451,232,232, 18
452,232,232, 18
453,232,232, 18
454,232,232, 18
455,232,232, 18
456,232,232, 18
457,232,232, 18
458,232,232, 18
459,232,232, 18
460,232,232, 18
461,232,232, 18
462,232,232, 18
463,232,232, 18
464,232,232, 18
465,232,232, 18
466,232,232, 18
467,232,232, 18
468,232,232, 18
469,232,232, 18
470,232,232, 18
471,231,231, 19
472,231,231, 19
473,231,231, 19
474,231,231, 19
475,231,231, 19
476,231,231, 19
477,231,231, 19
478,231,231, 19
479,231,231, 19
480,231,231, 19
481,231,231, 19
482,231,231, 19
483,231,231, 19
484,231,231, 19
485,231,231, 19
486,231,231, 19
487,231,231, 19
488,231,231, 19
489,231,231, 19
490,231,231, 19
491,231,231, 19
492,231,231, 19
493,231,231, 19
494,231,231, 19
495,231,231, 19
496,231,231, 19
497,231,231, 19
498,231,231, 19
499,231,231, 19
500,231,231, 19
501,231,231, 19
502,231,231, 19
503,231,231, 19
504,231,231, 19
505,231,231, 19
506,231,231, 19
507,231,231, 19
508,231,231, 19
509,231,231, 19
510,231,231, 19
511,231,231, 19
512,231,231, 19
513,231,231, 19
514,231,231, 19
515,231,231, 19
516,231,231, 19
517,231,231, 19
518,231,231, 19
519,231,231, 19
520,231,231, 19
521,231,231, 19
522,231,231, 19
523,231,231, 19
524,231,231, 19
525,231,231, 19
526,231,231, 19
527,231,231, 19
528,231,231, 19
529,231,231, 19
530,231,231, 19
531,231,231, 19
532,231,231, 19
533,231,231, 19
534,231,231, 19
535,231,231, 19
536,231,231, 19
537,231,231, 19
538,231,231, 19
539,231,231, 19
540,231,231, 19
541,231,231, 19
542,231,231, 19
543,231,231, 19
544,231,231, 19
545,231,231, 19
546,231,231, 19
547,231,231, 19
548,231,231, 19
549,231,231, 19
550,231,231, 19
551,231,231, 19
552,231,231, 19
553,231,231, 19
554,231,231, 19
555,231,231, 19
556,231,231, 19
557,231,231, 19
558,231,231, 19
559,231,231, 19
560,231,231, 19
561,231,231, 19
562,231,231, 19
563,231,231, 19
564,231,231, 19
565,231,231, 19
566,231,231, 19
567,231,231, 19
568,231,231, 19
569,231,231, 19
570,231,231, 19
571,231,231, 19
572,231,231, 19
573,231,231, 19
574,231,231, 19
575,231,231, 19
576,231,231, 19
577,231,231, 19
578,231,231, 19
579,231,231, 19
580,231,231, 19
581,231,231, 19
582,231,231, 19
583,231,231, 19
584,231,231, 19
585,231,231, 19
586,231,231, 19
587,231,231, 19
588,231,231, 19
589,231,231, 19
590,231,231, 19
591,231,231, 19
592,231,231, 19
593,231,231, 19
594,231,231, 19
595,231,231, 19
596,231,231, 19
597,231,231, 19
598,231,231, 19
599,231,231, 19
600,231,231, 19
601,231,231, 19
602,231,231, 19
603,231,231, 19
604,231,231, 19
605,231,231, 19
606,231,231, 19
607,231,231, 19
608,231,231, 19
609,231,231, 19
610,231,231, 19
611,230,230, 20
612,230,230, 20
613,230,230, 20
614,230,230, 20
615,230,230, 20
616,230,230, 20
617,230,230, 20
618,230,230, 20
619,230,230, 20
620,230,230, 20
621,230,230, 20
622,230,230, 20
623,230,230, 20
624,230,230, 20
625,230,230, 20
626,230,230, 20
627,230,230, 20
628,230,230, 20
629,230,230, 20
630,230,230, 20
631,230,230, 20
632,230,230, 20
633,230,230, 20
634,230,230, 20
635,230,230, 20
636,230,230, 20
637,230,230, 20
638,230,230, 20
639,230,230, 20
640,230,230, 20
641,230,230, 20
642,230,230, 20
643,230,230, 20
644,230,230, 20
645,230,230, 20
646,230,230, 20
647,230,230, 20
648,230,230, 20
649,230,230, 20
650,230,230, 20
651,230,230, 20
652,230,230, 20
653,230,230, 20
654,230,230, 20
655,230,230, 20
656,230,230, 20
657,230,230, 20
658,230,230, 20
659,230,230, 20
660,230,230, 20
661,230,230, 20
662,230,230, 20
663,230,230, 20
664,230,230, 20
665,230,230, 20
666,230,230, 20
667,230,230, 20
668,230,230, 20
669,230,230, 20
670,230,230, 20
671,230,230, 20
672,230,230, 20
673,230,230, 20
674,230,230, 20
675,230,230, 20
676,230,230, 20
677,230,230, 20
678,230,230, 20
679,230,230, 20
680,230,230, 20
681,230,230, 20
682,230,230, 20
683,230,230, 20
684,230,230, 20
685,230,230, 20
686,230,230, 20
687,230,230, 20
688,230,230, 20
689,230,230, 20
690,230,230, 20
691,230,230, 20
692,230,230, 20
693,230,230, 20
694,230,230, 20
695,230,230, 20
696,230,230, 20
697,230,230, 20
698,230,230, 20
699,230,230, 20
700,230,230, 20
701,230,230, 20
702,230,230, 20
703,230,230, 20
704,230,230, 20
705,230,230, 20
706,230,230, 20
707,230,230, 20
708,230,230, 20
709,230,230, 20
710,230,230, 20
711,230,230, 20
712,230,230, 20
713,230,230, 20
714,230,230, 20
715,230,230, 20
716,230,230, 20
717,230,230, 20
718,230,230, 20
719,230,230, 20
720,230,230, 20
721,230,230, 20
722,230,230, 20
723,230,230, 20
724,230,230, 20
725,229,229, 21
726,229,229, 21
727,229,229, 21
728,229,229, 21
729,229,229, 21
730,229,229, 21
731,229,229, 21
732,229,229, 21
733,229,229, 21
734,229,229, 21
735,229,229, 21
736,229,229, 21
737,229,229, 21
738,229,229, 21
739,229,229, 21
740,229,229, 21
741,229,229, 21
742,229,229, 21
743,229,229, 21
744,229,229, 21
745,229,229, 21
746,229,229, 21
747,229,229, 21
748,229,229, 21
749,229,229, 21
750,229,229, 21
751,229,229, 21
752,229,229, 21
753,229,229, 21
754,229,229, 21
755,229,229, 21
756,229,229, 21
757,229,229, 21
758,229,229, 21
759,229,229, 21
760,229,229, 21
761,229,229, 21
762,229,229, 21
763,229,229, 21
764,229,229, 21
765,229,229, 21
766,229,229, 21
767,229,229, 21
768,229,229, 21
769,229,229, 21
770,229,229, 21
771,229,229, 21
772,229,229, 21
773,229,229, 21
774,229,229, 21
775,229,229, 21
776,229,229, 21
777,229,229, 21
778,229,229, 21
779,229,229, 21
780,229,229, 21
781,229,229, 21
782,229,229, 21
783,229,229, 21
784,229,229, 21
785,228,228, 22
786,228,228, 22
787,228,228, 22
788,228,228, 22
789,228,228, 22
790,228,228, 22
791,228,228, 22
792,228,228, 22
793,228,228, 22
794,228,228, 22
795,228,228, 22
796,228,228, 22
797,228,228, 22
798,228,228, 22
799,228,228, 22
800,228,228, 22
801,228,228, 22
802,228,228, 22
803,228,228, 22
804,228,228, 22
805,228,228, 22
806,228,228, 22
807,228,228, 22
808,228,228, 22
809,228,228, 22
810,228,228, 22
811,228,228, 22
812,228,228, 22
813,228,228, 22
814,228,228, 22
815,228,228, 22
816,228,228, 22
817,228,228, 22
818,228,228, 22
819,228,228, 22
820,228,228, 22
821,228,228, 22
822,228,228, 22
823,228,228, 22
824,228,228, 22
825,228,228, 22
826,228,228, 22
827,228,228, 22
828,228,228, 22
829,228,228, 22
830,228,228, 22
831,228,228, 22
832,228,228, 22
833,228,228, 22
834,228,228, 22
835,228,228, 22
836,228,228, 22
837,228,228, 22
838,228,228, 22
839,228,228, 22
840,228,228, 22
841,228,228, 22
842,228,228, 22
843,228,228, 22
844,228,228, 22
845,228,228, 22
846,228,228, 22
847,228,228, 22
848,228,228, 22
849,228,228, 22
850,228,228, 22
851,228,228, 22
852,228,228, 22
853,228,228, 22
854,228,228, 22
855,227,227, 23
856,227,227, 23
857,227,227, 23
858,227,227, 23
859,227,227, 23
860,227,227, 23
861,227,227, 23
862,227,227, 23
863,227,227, 23
864,227,227, 23
865,227,227, 23
866,227,227, 23
867,227,227, 23
868,227,227, 23
869,227,227, 23
870,227,227, 23
871,227,227, 23
872,227,227, 23
873,227,227, 23
874,227,227, 23
875,227,227, 23
876,227,227, 23
877,227,227, 23
878,227,227, 23
879,227,227, 23
880,227,227, 23
881,227,227, 23
882,227,227, 23
883,227,227, 23
884,227,227, 23
885,227,227, 23
886,227,227, 23
887,227,227, 23
888,227,227, 23
889,227,227, 23
890,227,227, 23
891,227,227, 23
892,227,227, 23
893,227,227, 23
894,227,227, 23
895,227,227, 23
896,227,227, 23
897,226,226, 24
898,226,226, 24
899,226,226, 24
900,226,226, 24
901,226,226, 24
902,226,226, 24
903,226,226, 24
904,226,226, 24
905,226,226, 24
906,226,226, 24
907,226,226, 24
908,226,226, 24
909,226,226, 24
910,226,226, 24
911,226,226, 24
912,226,226, 24
913,226,226, 24
914,226,226, 24
915,226,226, 24
916,226,226, 24
917,226,226, 24
918,226,226, 24
919,226,226, 24
920,226,226, 24
921,226,226, 24
922,226,226, 24
923,226,226, 24
924,226,226, 24
925,226,226, 24
926,226,226, 24
927,225,225, 25
928,225,225, 25
929,225,225, 25
930,225,225, 25
931,225,225, 25
932,225,225, 25
933,225,225, 25
934,225,225, 25
935,225,225, 25
936,225,225, 25
937,225,225, 25
938,225,225, 25
939,225,225, 25
940,225,225, 25
941,225,225, 25
942,225,225, 25
943,225,225, 25
944,225,225, 25
945,225,225, 25
946,225,225, 25
947,225,225, 25
948,225,225, 25
949,225,225, 25
950,225,225, 25
951,225,225, 25
952,225,225, 25
953,225,225, 25
954,225,225, 25
955,225,225, 25
956,225,225, 25
957,225,225, 25
958,225,225, 25
959,225,225, 25
960,225,225, 25
961,225,225, 25
962,225,225, 25
963,225,225, 25
964,225,225, 25
965,225,225, 25
966,225,225, 25
967,225,225, 25
968,225,225, 25
969,225,225, 25
970,225,225, 25
971,225,225, 25
972,225,225, 25
973,225,225, 25
974,225,225, 25
975,225,225, 25
976,225,225, 25
977,225,225, 25
978,225,225, 25
979,225,225, 25
980,225,225, 25
981,225,225, 25
982,225,225, 25
983,225,225, 25
984,225,225, 25
985,225,225, 25
986,225,225, 25
987,225,225, 25
988,225,225, 25
989,225,225, 25
990,225,225, 25
991,225,225, 25
992,225,225, 25
993,225,225, 25
994,225,225, 25
995,225,225, 25
996,225,225, 25
997,225,225, 25
998,225,225, 25
999,225,225, 25
1000,225,225, 25
1001,225,225, 25
1002,225,225, 25
1003,225,225, 25
1004,225,225, 25
1005,225,225, 25
1006,225,225, 25
1007,225,225, 25
1008,225,225, 25
1009,225,225, 25
1010,225,225, 25
1011,225,225, 25
1012,225,225, 25
1013,225,225, 25
1014,225,225, 25
1015,225,225, 25
1016,224,224, 26
1017,224,224, 26
1018,224,224, 26
1019,224,224, 26
1020,224,224, 26
1021,224,224, 26
1022,224,224, 26
1023,224,224, 26
1024,224,224, 26
1025,224,224, 26
1026,224,224, 26
1027,224,224, 26
1028,224,224, 26
1029,224,224, 26
1030,224,224, 26
1031,224,224, 26
1032,224,224, 26
1033,224,224, 26
1034,224,224, 26
1035,224,224, 26
1036,224,224, 26
1037,224,224, 26
1038,224,224, 26
1039,224,224, 26
1040,224,224, 26
1041,224,224, 26
1042,224,224, 26
1043,224,224, 26
1044,224,224, 26
1045,224,224, 26
1046,224,224, 26
1047,224,224, 26
1048,224,224, 26
1049,224,224, 26
1050,224,224, 26
1051,224,224, 26
1052,224,224, 26
1053,224,224, 26
1054,224,224, 26
1055,224,224, 26
1056,224,224, 26
1057,224,224, 26
1058,224,224, 26
1059,224,224, 26
1060,224,224, 26
1061,224,224, 26
1062,224,224, 26
1063,224,224, 26
1064,224,224, 26
1065,224,224, 26
1066,224,224, 26
1067,224,224, 26
1068,224,224, 26
1069,224,224, 26
1070,224,224, 26
1071,224,224, 26
1072,224,224, 26
1073,224,224, 26
1074,224,224, 26
1075,224,224, 26
1076,224,224, 26
1077,224,224, 26
1078,224,224, 26
1079,224,224, 26
1080,224,224, 26
1081,224,224, 26
1082,224,224, 26
1083,224,224, 26
1084,224,224, 26
1085,224,224, 26
1086,224,224, 26
1087,224,224, 26
1088,224,224, 26
1089,224,224, 26
1090,224,224, 26
1091,224,224, 26
1092,224,224, 26
1093,224,224, 26
1094,224,224, 26
1095,224,224, 26
1096,224,224, 26
1097,224,224, 26
1098,224,224, 26
1099,224,224, 26
1100,224,224, 26
1101,224,224, 26
1102,224,224, 26
1103,224,224, 26
1104,224,224, 26
1105,224,224, 26
1106,224,224, 26
1107,224,224, 26
1108,224,224, 26
1109,224,224, 26
1110,224,224, 26
1111,224,224, 26
1112,224,224, 26
1113,224,224, 26
1114,224,224, 26
1115,224,224, 26
1116,224,224, 26
1117,224,224, 26
1118,224,224, 26
1119,224,224, 26
1120,224,224, 26
1121,224,224, 26
1122,224,224, 26
1123,224,224, 26
1124,224,224, 26
1125,224,224, 26
1126,224,224, 26
1127,224,224, 26
1128,224,224, 26
1129,224,224, 26
1130,224,224, 26
1131,224,224, 26
1132,224,224, 26
1133,224,224, 26
1134,224,224, 26
1135,224,224, 26
1136,224,224, 26
1137,224,224, 26
1138,224,224, 26
1139,224,224, 26
1140,224,224, 26
1141,224,224, 26
1142,224,224, 26
1143,224,224, 26
1144,224,224, 26
1145,224,224, 26
1146,224,224, 26
1147,224,224, 26
1148,224,224, 26
1149,224,224, 26
1150,224,224, 26
1151,224,224, 26
1152,224,224, 26
1153,224,224, 26
1154,224,224, 26
1155,224,224, 26
1156,224,224, 26
1157,224,224, 26
1158,224,224, 26
1159,224,224, 26
1160,224,224, 26
1161,224,224, 26
1162,224,224, 26
1163,224,224, 26
1164,224,224, 26
1165,224,224, 26
1166,224,224, 26
1167,224,224, 26
1168,224,224, 26
1169,224,224, 26
1170,224,224, 26
1171,224,224, 26
1172,224,224, 26
1173,224,224, 26
1174,224,224, 26
1175,224,224, 26
1176,224,224, 26
1177,224,224, 26
1178,224,224, 26
1179,224,224, 26
1180,224,224, 26
1181,224,224, 26
1182,224,224, 26
1183,224,224, 26
1184,224,224, 26
1185,224,224, 26
1186,224,224, 26
1187,224,224, 26
1188,224,224, 26
1189,224,224, 26
1190,224,224, 26
1191,224,224, 26
1192,224,224, 26
1193,224,224, 26
1194,224,224, 26
1195,224,224, 26
1196,224,224, 26
1197,224,224, 26
1198,224,224, 26
1199,224,224, 26
1200,224,224, 26
1201,224,224, 26
1202,224,224, 26
1203,224,224, 26
1204,224,224, 26
1205,224,224, 26
1206,224,224, 26
1207,224,224, 26
1208,224,224, 26
1209,224,224, 26
1210,224,224, 26
1211,224,224, 26
1212,224,224, 26
1213,224,224, 26
1214,224,224, 26
1215,224,224, 26
1216,224,224, 26
1217,224,224, 26
1218,224,224, 26
1219,224,224, 26
1220,224,224, 26
1221,224,224, 26
1222,224,224, 26
1223,223,223, 27
1224,223,223, 27
1225,223,223, 27
1226,223,223, 27
1227,223,223, 27
1228,223,223, 27
1229,223,223, 27
1230,223,223, 27
1231,223,223, 27
1232,223,223, 27
1233,223,223, 27
1234,223,223, 27
1235,223,223, 27
1236,223,223, 27
1237,223,223, 27
1238,223,223, 27
1239,223,223, 27
1240,223,223, 27
1241,223,223, 27
1242,223,223, 27
1243,223,223, 27
1244,223,223, 27
1245,223,223, 27
1246,223,223, 27
1247,223,223, 27
1248,223,223, 27
1249,223,223, 27
1250,223,223, 27
1251,223,223, 27
1252,223,223, 27
1253,223,223, 27
1254,224,224, 26
1255,224,224, 26
1256,224,224, 26
1257,223,223, 27
1258,223,223, 27
1259,223,223, 27
1260,223,223, 27
1261,223,223, 27
1262,223,223, 27
1263,223,223, 27
1264,223,223, 27
1265,223,223, 27
1266,223,223, 27
1267,223,223, 27
1268,223,223, 27
1269,223,223, 27
1270,223,223, 27
1271,223,223, 27
1272,223,223, 27
1273,223,223, 27
1274,223,223, 27
1275,223,223, 27
1276,223,223, 27
1277,223,223, 27
1278,223,223, 27
1279,223,223, 27
1280,223,223, 27
1281,223,223, 27
1282,223,223, 27
1283,223,223, 27
1284,223,223, 27
1285,223,223, 27
1286,223,223, 27
1287,223,223, 27
1288,223,223, 27
1289,223,223, 27
1290,223,223, 27
1291,223,223, 27
1292,223,223, 27
1293,223,223, 27
1294,223,223, 27
1295,223,223, 27
1296,223,223, 27
1297,223,223, 27
1298,223,223, 27
1299,223,223, 27
1300,223,223, 27
1301,223,223, 27
1302,223,223, 27
1303,223,223, 27
1304,223,223, 27
1305,223,223, 27
1306,223,223, 27
1307,223,223, 27
1308,223,223, 27
1309,223,223, 27
1310,223,223, 27
1311,223,223, 27
1312,223,223, 27
1313,223,223, 27
1314,223,223, 27
1315,223,223, 27
1316,223,223, 27
1317,223,223, 27
1318,223,223, 27
1319,223,223, 27
1320,223,223, 27
1321,223,223, 27
1322,223,223, 27
1323,223,223, 27
1324,223,223, 27
1325,223,223, 27
1326,223,223, 27
1327,223,223, 27
1328,223,223, 27
1329,223,223, 27
1330,223,223, 27
1331,223,223, 27
1332,222,222, 28
1333,222,222, 28
1334,222,222, 28
1335,222,222, 28
1336,222,222, 28
1337,222,222, 28
1338,222,222, 28
1339,222,222, 28
1340,222,222, 28
1341,222,222, 28
1342,222,222, 28
1343,222,222, 28
1344,222,222, 28
1345,222,222, 28
1346,222,222, 28
1347,222,222, 28
1348,222,222, 28
1349,222,222, 28
1350,222,222, 28
1351,222,222, 28
1352,222,222, 28
1353,222,222, 28
1354,222,222, 28
1355,222,222, 28
1356,222,222, 28
1357,222,222, 28
1358,222,222, 28
1359,222,222, 28
1360,222,222, 28
1361,222,222, 28
1362,221,221, 29
1363,221,221, 29
1364,221,221, 29
1365,221,221, 29
1366,221,221, 29
1367,221,221, 29
1368,221,221, 29
1369,221,221, 29
1370,221,221, 29
1371,221,221, 29
1372,221,221, 29
1373,221,221, 29
1374,221,221, 29
1375,221,221, 29
1376,221,221, 29
1377,221,221, 29
1378,221,221, 29
1379,221,221, 29
1380,221,221, 29
1381,221,221, 29
1382,221,221, 29
1383,221,221, 29
1384,221,221, 29
1385,221,221, 29
1386,221,221, 29
1387,221,221, 29
1388,221,221, 29
1389,221,221, 29
1390,221,221, 29
1391,221,221, 29
1392,221,221, 29
1393,221,221, 29
1394,221,221, 29
1395,221,221, 29
1396,221,221, 29
1397,221,221, 29
1398,221,221, 29
1399,221,221, 29
1400,221,221, 29
1401,221,221, 29
1402,221,221, 29
1403,221,221, 29
1404,221,221, 29
1405,221,221, 29
1406,221,221, 29
1407,221,221, 29
1408,221,221, 29
1409,221,221, 29
1410,221,221, 29
1411,221,221, 29
1412,221,221, 29
1413,221,221, 29
1414,221,221, 29
1415,221,221, 29
1416,221,221, 29
1417,221,221, 29
1418,221,221, 29
1419,221,221, 29
1420,221,221, 29
1421,221,221, 29
1422,221,221, 29
1423,221,221, 29
1424,221,221, 29
1425,221,221, 29
1426,221,221, 29
1427,221,221, 29
1428,221,221, 29
1429,221,221, 29
1430,221,221, 29
1431,221,221, 29
1432,221,221, 29
1433,221,221, 29
1434,221,221, 29
1435,221,221, 29
1436,221,221, 29
1437,221,221, 29
1438,221,221, 29
1439,221,221, 29
1440,221,221, 29
1441,221,221, 29
1442,220,220, 30
1443,220,220, 30
1444,220,220, 30
1445,220,220, 30
1446,220,220, 30
1447,220,220, 30
1448,220,220, 30
1449,220,220, 30
1450,220,220, 30
1451,220,220, 30
1452,220,220, 30
1453,220,220, 30
1454,220,220, 30
1455,220,220, 30
1456,220,220, 30
1457,220,220, 30
1458,220,220, 30
1459,220,220, 30
1460,220,220, 30
1461,220,220, 30
1462,220,220, 30
1463,220,220, 30
1464,220,220, 30
1465,220,220, 30
1466,220,220, 30
1467,220,220, 30
1468,220,220, 30
1469,220,220, 30
1470,220,220, 30
1471,220,220, 30
1472,220,220, 30
1473,220,220, 30
1474,220,220, 30
1475,220,220, 30
1476,220,220, 30
1477,220,220, 30
1478,220,220, 30
1479,220,220, 30
1480,220,220, 30
1481,220,220, 30
1482,220,220, 30
1483,220,220, 30
1484,220,220, 30
1485,220,220, 30
1486,220,220, 30
1487,220,220, 30
1488,220,220, 30
1489,220,220, 30
1490,220,220, 30
1491,220,220, 30
1492,220,220, 30
1493,220,220, 30
1494,220,220, 30
1495,220,220, 30
1496,220,220, 30
1497,220,220, 30
1498,220,220, 30
1499,220,220, 30
