0,250,250, 0
1,250,250, 0
2,250,250, 0
3,250,250, 0
4,250,250, 0
5,250,250, 0
6,250,250, 0
7,250,250, 0
8,250,250, 0
9,250,250, 0
10,250,250, 0
11,250,250, 0
12,250,250, 0
13,249,249, 1
14,249,249, 1
15,249,249, 1
16,249,249, 1
17,249,249, 1
18,249,249, 1
19,249,249, 1
20,249,249, 1
21,249,249, 1
22,249,249, 1
23,249,249, 1
24,249,249, 1
25,249,249, 1
26,249,249, 1
27,249,249, 1
28,249,249, 1
29,248,248, 2
30,248,248, 2
31,248,248, 2
32,248,248, 2
33,248,248, 2
34,248,248, 2
35,248,248, 2
36,248,248, 2
37,248,248, 2
38,248,248, 2
39,248,248, 2
40,248,248, 2
41,248,248, 2
42,248,248, 2
43,248,248, 2
44,248,248, 2
45,248,248, 2
46,247,247, 3
47,247,247, 3
48,246,246, 4
49,246,246, 4
50,246,246, 4
51,246,246, 4
52,246,246, 4
53,246,246, 4
54,246,246, 4
55,246,246, 4
56,246,246, 4
57,246,246, 4
58,246,246, 4
59,246,246, 4
60,246,246, 4
61,246,246, 4
62,246,246, 4
63,246,246, 4
64,246,246, 4
65,246,246, 4
66,246,246, 4
67,246,246, 4
68,246,246, 4
69,246,246, 4
70,246,246, 4
71,246,246, 4
72,246,246, 4
73,246,246, 4
74,246,246, 4
75,246,246, 4
76,246,246, 4
77,246,246, 4
78,246,246, 4
79,246,246, 4
80,246,246, 4
81,246,246, 4
82,246,246, 4
83,246,246, 4
84,245,245, 5
85,245,245, 5
86,245,245, 5
87,245,245, 5
88,245,245, 5
89,245,245, 5
90,245,245, 5
91,245,245, 5
92,245,245, 5
93,245,245, 5
94,245,245, 5
95,245,245, 5
96,245,245, 5
97,245,245, 5
98,245,245, 5
99,245,245, 5
100,244,244, 6
101,242,242, 8
102,242,242, 8
103,242,242, 8
104,242,242, 8
105,242,242, 8
106,242,242, 8
107,242,242, 8
108,242,242, 8
109,242,242, 8
110,242,242, 8
111,242,242, 8
112,242,242, 8
113,242,242, 8
114,242,242, 8
115,242,242, 8
116,242,242, 8
117,242,242, 8
118,242,242, 8
119,242,242, 8
120,242,242, 8
121,242,242, 8
122,242,242, 8
123,242,242, 8
124,242,242, 8
125,242,242, 8
126,242,242, 8
127,242,242, 8
128,242,242, 8
129,242,242, 8
130,242,242, 8
131,242,242, 8
132,242,242, 8
133,242,242, 8
134,242,242, 8
135,242,242, 8
136,241,241, 9
137,241,241, 9
138,241,241, 9
139,241,241, 9
140,241,241, 9
141,241,241, 9
142,241,241, 9
143,241,241, 9
144,241,241, 9
145,241,241, 9
146,241,241, 9
147,241,241, 9
148,241,241, 9
149,241,241, 9
150,241,241, 9
151,241,241, 9
152,241,241, 9
153,241,241, 9
154,241,241, 9
155,241,241, 9
156,241,241, 9
157,241,241, 9
158,241,241, 9
159,241,241, 9
160,241,241, 9
161,241,241, 9
162,240,240, 10
163,240,240, 10
164,240,240, 10
165,240,240, 10
166,240,240, 10
167,240,240, 10
168,240,240, 10
169,240,240, 10
170,240,240, 10
171,240,240, 10
172,240,240, 10
173,240,240, 10
174,240,240, 10
175,240,240, 10
176,240,240, 10
177,240,240, 10
178,240,240, 10
179,240,240, 10
180,240,240, 10
181,240,240, 10
182,240,240, 10
183,240,240, 10
184,240,240, 10
185,240,240, 10
186,240,240, 10
187,240,240, 10
188,240,240, 10
189,240,240, 10
190,240,240, 10
191,240,240, 10
192,240,240, 10
193,240,240, 10
194,240,240, 10
195,240,240, 10
196,240,240, 10
197,240,240, 10
198,240,240, 10
199,240,240, 10
200,240,240, 10
201,240,240, 10
202,240,240, 10
203,240,240, 10
204,240,240, 10
205,240,240, 10
206,239,239, 11
207,239,239, 11
208,239,239, 11
209,239,239, 11
210,239,239, 11
211,239,239, 11
212,239,239, 11
213,239,239, 11
214,239,239, 11
215,239,239, 11
216,239,239, 11
217,239,239, 11
218,239,239, 11
219,239,239, 11
220,239,239, 11
221,239,239, 11
222,239,239, 11
223,239,239, 11
224,238,238, 12
225,238,238, 12
226,238,238, 12
227,238,238, 12
228,238,238, 12
229,238,238, 12
230,238,238, 12
231,238,238, 12
232,238,238, 12
233,238,238, 12
234,238,238, 12
235,238,238, 12
236,238,238, 12
237,238,238, 12
238,238,238, 12
239,238,238, 12
240,238,238, 12
241,238,238, 12
242,238,238, 12
243,238,238, 12
244,238,238, 12
245,238,238, 12
246,238,238, 12
247,238,238, 12
248,238,238, 12
249,238,238, 12
250,238,238, 12
251,238,238, 12
252,238,238, 12
253,238,238, 12
254,238,238, 12
255,238,238, 12
256,238,238, 12
257,238,238, 12
258,238,238, 12
259,238,238, 12
260,238,238, 12
261,238,238, 12
262,238,238, 12
263,238,238, 12
264,238,238, 12
265,238,238, 12
266,238,238, 12
267,238,238, 12
268,238,238, 12
269,238,238, 12
270,238,238, 12
271,238,238, 12
272,238,238, 12
273,238,238, 12
274,238,238, 12
275,238,238, 12
276,238,238, 12
277,238,238, 12
278,238,238, 12
279,238,238, 12
280,238,238, 12
281,238,238, 12
282,238,238, 12
283,238,238, 12
284,238,238, 12
285,238,238, 12
286,238,238, 12
287,238,238, 12
288,238,238, 12
289,238,238, 12
290,238,238, 12
291,238,238, 12
292,238,238, 12
293,238,238, 12
294,238,238, 12
295,238,238, 12
296,238,238, 12
297,238,238, 12
298,238,238, 12
299,238,238, 12
300,238,238, 12
301,238,238, 12
302,238,238, 12
303,238,238, 12
304,238,238, 12
305,238,238, 12
306,238,238, 12
307,238,238, 12
308,238,238, 12
309,238,238, 12
310,238,238, 12
311,238,238, 12
312,238,238, 12
313,238,238, 12
314,238,238, 12
315,237,237, 13
316,237,237, 13
317,237,237, 13
318,237,237, 13
319,237,237, 13
320,237,237, 13
321,237,237, 13
322,237,237, 13
323,237,237, 13
324,237,237, 13
325,237,237, 13
326,237,237, 13
327,237,237, 13
328,237,237, 13
329,237,237, 13
330,237,237, 13
331,237,237, 13
332,237,237, 13
333,237,237, 13
334,237,237, 13
335,237,237, 13
336,237,237, 13
337,237,237, 13
338,237,237, 13
339,237,237, 13
340,237,237, 13
341,237,237, 13
342,237,237, 13
343,237,237, 13
344,237,237, 13
345,236,236, 14
346,236,236, 14
347,236,236, 14
348,236,236, 14
349,236,236, 14
350,236,236, 14
351,236,236, 14
352,236,236, 14
353,235,235, 15
354,235,235, 15
355,235,235, 15
356,235,235, 15
357,235,235, 15
358,235,235, 15
359,235,235, 15
360,235,235, 15
361,235,235, 15
362,235,235, 15
363,235,235, 15
364,235,235, 15
365,235,235, 15
366,235,235, 15
367,235,235, 15
368,235,235, 15
369,235,235, 15
370,235,235, 15
371,235,235, 15
372,235,235, 15
373,235,235, 15
374,235,235, 15
375,235,235, 15
376,235,235, 15
377,235,235, 15
378,234,234, 16
379,234,234, 16
380,234,234, 16
381,234,234, 16
382,234,234, 16
383,234,234, 16
384,234,234, 16
385,234,234, 16
386,234,234, 16
387,234,234, 16
388,234,234, 16
389,234,234, 16
390,234,234, 16
391,234,234, 16
392,234,234, 16
393,234,234, 16
394,234,234, 16
395,234,234, 16
396,234,234, 16
397,234,234, 16
398,234,234, 16
399,234,234, 16
400,234,234, 16
401,234,234, 16
402,234,234, 16
403,234,234, 16
404,234,234, 16
405,234,234, 16
406,234,234, 16
407,234,234, 16
408,234,234, 16
409,234,234, 16
410,234,234, 16
411,234,234, 16
412,234,234, 16
413,234,234, 16
414,234,234, 16
415,234,234, 16
416,234,234, 16
417,234,234, 16
418,233,233, 17
419,233,233, 17
420,233,233, 17
421,233,233, 17
422,233,233, 17
423,233,233, 17
424,233,233, 17
425,233,233, 17
426,233,233, 17
427,233,233, 17
428,233,233, 17
429,233,233, 17
430,233,233, 17
431,233,233, 17
432,233,233, 17
433,233,233, 17
434,233,233, 17
435,233,233, 17
436,233,233, 17
437,233,233, 17
438,233,233, 17
439,233,233, 17
440,233,233, 17
441,232,232, 18
442,232,232, 18
443,232,232, 18
444,232,232, 18
445,232,232, 18
446,232,232, 18
447,232,232, 18
448,232,232, 18
449,232,232, 18
450,232,232, 18
451,232,232, 18
452,232,232, 18
453,232,232, 18
454,232,232, 18
455,232,232, 18
456,232,232, 18
457,232,232, 18
458,232,232, 18
459,232,232, 18
460,232,232, 18
461,232,232, 18
462,232,232, 18
463,232,232, 18
464,232,232, 18
465,232,232, 18
466,232,232, 18
467,232,232, 18
468,232,232, 18
469,232,232, 18
470,232,232, 18
471,232,232, 18
472,232,232, 18
473,232,232, 18
474,232,232, 18
475,232,232, 18
476,232,232, 18
477,232,232, 18
478,232,232, 18
479,232,232, 18
480,232,232, 18
481,232,232, 18
482,232,232, 18
483,232,232, 18
484,232,232, 18
485,232,232, 18
486,232,232, 18
487,232,232, 18
488,232,232, 18
489,232,232, 18
490,232,232, 18
491,232,232, 18
492,232,232, 18
493,232,232, 18
494,232,232, 18
495,232,232, 18
496,232,232, 18
497,232,232, 18
498,232,232, 18
499,232,232, 18
500,232,232, 18
501,232,232, 18
502,232,232, 18
503,232,232, 18
504,232,232, 18
505,232,232, 18
506,232,232, 18
507,232,232, 18
508,232,232, 18
509,232,232, 18
510,232,232, 18
511,232,232, 18
512,232,232, 18
513,232,232, 18
514,232,232, 18
515,232,232, 18
516,232,232, 18
517,232,232, 18
518,232,232, 18
519,232,232, 18
520,232,232, 18
521,232,232, 18
522,232,232, 18
523,232,232, 18
524,232,232, 18
525,232,232, 18
526,232,232, 18
527,232,232, 18
528,232,232, 18
529,232,232, 18
530,232,232, 18
531,232,232, 18
532,232,232, 18
533,232,232, 18
534,232,232, 18
535,232,232, 18
536,232,232, 18
537,232,232, 18
538,232,232, 18
539,232,232, 18
540,232,232, 18
541,232,232, 18
542,232,232, 18
543,232,232, 18
544,232,232, 18
545,232,232, 18
546,232,232, 18
547,232,232, 18
548,232,232, 18
549,232,232, 18
550,232,232, 18
551,232,232, 18
552,232,232, 18
553,232,232, 18
554,232,232, 18
555,232,232, 18
556,232,232, 18
557,232,232, 18
558,232,232, 18
559,232,232, 18
560,232,232, 18
561,232,232, 18
562,232,232, 18
563,232,232, 18
564,232,232, 18
565,232,232, 18
566,232,232, 18
567,232,232, 18
568,232,232, 18
569,232,232, 18
570,232,232, 18
571,232,232, 18
572,232,232, 18
573,232,232, 18
574,232,232, 18
575,232,232, 18
576,232,232, 18
577,232,232, 18
578,232,232, 18
579,232,232, 18
580,232,232, 18
581,232,232, 18
582,232,232, 18
583,232,232, 18
584,232,232, 18
585,232,232, 18
586,232,232, 18
587,232,232, 18
588,232,232, 18
589,232,232, 18
590,232,232, 18
591,232,232, 18
592,232,232, 18
593,232,232, 18
594,232,232, 18
595,232,232, 18
596,232,232, 18
597,232,232, 18
598,232,232, 18
599,232,232, 18
600,232,232, 18
601,232,232, 18
602,232,232, 18
603,232,232, 18
604,232,232, 18
605,232,232, 18
606,232,232, 18
607,232,232, 18
608,232,232, 18
609,232,232, 18
610,232,232, 18
611,232,232, 18
612,232,232, 18
613,232,232, 18
614,232,232, 18
615,232,232, 18
616,232,232, 18
617,232,232, 18
618,232,232, 18
619,232,232, 18
620,232,232, 18
621,232,232, 18
622,232,232, 18
623,232,232, 18
624,232,232, 18
625,232,232, 18
626,232,232, 18
627,232,232, 18
628,232,232, 18
629,232,232, 18
630,232,232, 18
631,232,232, 18
632,232,232, 18
633,232,232, 18
634,232,232, 18
635,232,232, 18
636,232,232, 18
637,232,232, 18
638,232,232, 18
639,232,232, 18
640,232,232, 18
641,232,232, 18
642,232,232, 18
643,232,232, 18
644,232,232, 18
645,232,232, 18
646,232,232, 18
647,232,232, 18
648,232,232, 18
649,232,232, 18
650,232,232, 18
651,232,232, 18
652,232,232, 18
653,231,231, 19
654,231,231, 19
655,231,231, 19
656,231,231, 19
657,231,231, 19
658,231,231, 19
659,231,231, 19
660,231,231, 19
661,231,231, 19
662,231,231, 19
663,231,231, 19
664,231,231, 19
665,231,231, 19
666,231,231, 19
667,231,231, 19
668,231,231, 19
669,231,231, 19
670,231,231, 19
671,231,231, 19
672,231,231, 19
673,231,231, 19
674,231,231, 19
675,231,231, 19
676,231,231, 19
677,231,231, 19
678,231,231, 19
679,231,231, 19
680,231,231, 19
681,231,231, 19
682,231,231, 19
683,231,231, 19
684,231,231, 19
685,231,231, 19
686,231,231, 19
687,231,231, 19
688,231,231, 19
689,231,231, 19
690,231,231, 19
691,231,231, 19
692,231,231, 19
693,231,231, 19
694,231,231, 19
695,231,231, 19
696,231,231, 19
697,231,231, 19
698,231,231, 19
699,231,231, 19
700,231,231, 19
701,231,231, 19
702,231,231, 19
703,231,231, 19
704,231,231, 19
705,231,231, 19
706,231,231, 19
707,231,231, 19
708,231,231, 19
709,231,231, 19
710,231,231, 19
711,231,231, 19
712,231,231, 19
713,231,231, 19
714,231,231, 19
715,231,231, 19
716,230,230, 20
717,230,230, 20
718,230,230, 20
719,230,230, 20
720,230,230, 20
721,230,230, 20
722,230,230, 20
723,230,230, 20
724,230,230, 20
725,230,230, 20
726,230,230, 20
727,230,230, 20
728,230,230, 20
729,230,230, 20
730,230,230, 20
731,230,230, 20
732,230,230, 20
733,230,230, 20
734,230,230, 20
735,230,230, 20
736,230,230, 20
737,230,230, 20
738,230,230, 20
739,230,230, 20
740,230,230, 20
741,229,229, 21
742,229,229, 21
743,229,229, 21
744,229,229, 21
745,229,229, 21
746,229,229, 21
747,229,229, 21
748,229,229, 21
749,229,229, 21
750,229,229, 21
751,229,229, 21
752,229,229, 21
753,229,229, 21
754,229,229, 21
755,229,229, 21
756,229,229, 21
757,229,229, 21
758,229,229, 21
759,229,229, 21
760,229,229, 21
761,229,229, 21
762,229,229, 21
763,229,229, 21
764,229,229, 21
765,229,229, 21
766,229,229, 21
767,229,229, 21
768,229,229, 21
769,229,229, 21
770,229,229, 21
771,229,229, 21
772,229,229, 21
773,229,229, 21
774,229,229, 21
775,229,229, 21
776,229,229, 21
777,229,229, 21
778,229,229, 21
779,229,229, 21
780,229,229, 21
781,229,229, 21
782,229,229, 21
783,229,229, 21
784,229,229, 21
785,229,229, 21
786,229,229, 21
787,229,229, 21
788,229,229, 21
789,229,229, 21
790,229,229, 21
791,229,229, 21
792,229,229, 21
793,229,229, 21
794,229,229, 21
795,229,229, 21
796,229,229, 21
797,229,229, 21
798,229,229, 21
799,229,229, 21
800,229,229, 21
801,229,229, 21
802,229,229, 21
803,229,229, 21
804,229,229, 21
805,229,229, 21
806,229,229, 21
807,229,229, 21
808,229,229, 21
809,229,229, 21
810,229,229, 21
811,229,229, 21
812,229,229, 21
813,229,229, 21
814,229,229, 21
815,229,229, 21
816,229,229, 21
817,229,229, 21
818,229,229, 21
819,229,229, 21
820,229,229, 21
821,229,229, 21
822,229,229, 21
823,229,229, 21
824,229,229, 21
825,229,229, 21
826,229,229, 21
827,229,229, 21
828,229,229, 21
829,229,229, 21
830,229,229, 21
831,229,229, 21
832,229,229, 21
833,229,229, 21
834,229,229, 21
835,229,229, 21
836,229,229, 21
837,229,229, 21
838,229,229, 21
839,229,229, 21
840,229,229, 21
841,229,229, 21
842,229,229, 21
843,229,229, 21
844,229,229, 21
845,229,229, 21
846,229,229, 21
847,229,229, 21
848,229,229, 21
849,229,229, 21
850,229,229, 21
851,229,229, 21
852,229,229, 21
853,229,229, 21
854,229,229, 21
855,229,229, 21
856,229,229, 21
857,229,229, 21
858,229,229, 21
859,229,229, 21
860,229,229, 21
861,229,229, 21
862,229,229, 21
863,229,229, 21
864,229,229, 21
865,229,229, 21
866,229,229, 21
867,229,229, 21
868,229,229, 21
869,229,229, 21
870,229,229, 21
871,229,229, 21
872,229,229, 21
873,229,229, 21
874,229,229, 21
875,229,229, 21
876,229,229, 21
877,229,229, 21
878,229,229, 21
879,229,229, 21
880,229,229, 21
881,229,229, 21
882,229,229, 21
883,229,229, 21
884,229,229, 21
885,229,229, 21
886,229,229, 21
887,229,229, 21
888,229,229, 21
889,229,229, 21
890,229,229, 21
891,229,229, 21
892,229,229, 21
893,229,229, 21
894,229,229, 21
895,229,229, 21
896,229,229, 21
897,229,229, 21
898,229,229, 21
899,229,229, 21
900,229,229, 21
901,229,229, 21
902,229,229, 21
903,229,229, 21
904,229,229, 21
905,229,229, 21
906,229,229, 21
907,229,229, 21
908,229,229, 21
909,229,229, 21
910,229,229, 21
911,229,229, 21
912,229,229, 21
913,229,229, 21
914,229,229, 21
915,229,229, 21
916,229,229, 21
917,229,229, 21
918,229,229, 21
919,229,229, 21
920,229,229, 21
921,229,229, 21
922,229,229, 21
923,229,229, 21
924,229,229, 21
925,229,229, 21
926,229,229, 21
927,229,229, 21
928,229,229, 21
929,229,229, 21
930,229,229, 21
931,229,229, 21
932,229,229, 21
933,229,229, 21
934,229,229, 21
935,229,229, 21
936,229,229, 21
937,229,229, 21
938,229,229, 21
939,229,229, 21
940,229,229, 21
941,229,229, 21
942,229,229, 21
943,229,229, 21
944,229,229, 21
945,229,229, 21
946,229,229, 21
947,229,229, 21
948,229,229, 21
949,229,229, 21
950,229,229, 21
951,229,229, 21
952,229,229, 21
953,229,229, 21
954,229,229, 21
955,229,229, 21
956,229,229, 21
957,229,229, 21
958,229,229, 21
959,229,229, 21
960,229,229, 21
961,229,229, 21
962,229,229, 21
963,229,229, 21
964,229,229, 21
965,229,229, 21
966,229,229, 21
967,229,229, 21
968,229,229, 21
969,229,229, 21
970,229,229, 21
971,229,229, 21
972,229,229, 21
973,229,229, 21
974,229,229, 21
975,229,229, 21
976,229,229, 21
977,229,229, 21
978,229,229, 21
979,229,229, 21
980,229,229, 21
981,229,229, 21
982,229,229, 21
983,229,229, 21
984,229,229, 21
985,229,229, 21
986,229,229, 21
987,229,229, 21
988,229,229, 21
989,229,229, 21
990,229,229, 21
991,229,229, 21
992,229,229, 21
993,229,229, 21
994,229,229, 21
995,229,229, 21
996,229,229, 21
997,229,229, 21
998,229,229, 21
999,229,229, 21
1000,229,229, 21
1001,229,229, 21
1002,229,229, 21
1003,229,229, 21
1004,229,229, 21
1005,229,229, 21
1006,229,229, 21
1007,229,229, 21
1008,229,229, 21
1009,229,229, 21
1010,229,229, 21
1011,229,229, 21
1012,229,229, 21
1013,229,229, 21
1014,229,229, 21
1015,229,229, 21
1016,229,229, 21
1017,229,229, 21
1018,229,229, 21
1019,229,229, 21
1020,229,229, 21
1021,229,229, 21
1022,229,229, 21
1023,229,229, 21
1024,229,229, 21
1025,229,229, 21
1026,229,229, 21
1027,229,229, 21
1028,229,229, 21
1029,229,229, 21
1030,229,229, 21
1031,229,229, 21
1032,229,229, 21
1033,229,229, 21
1034,229,229, 21
1035,229,229, 21
1036,229,229, 21
1037,229,229, 21
1038,229,229, 21
1039,229,229, 21
1040,229,229, 21
1041,229,229, 21
1042,229,229, 21
1043,229,229, 21
1044,229,229, 21
1045,229,229, 21
1046,229,229, 21
1047,229,229, 21
1048,229,229, 21
1049,229,229, 21
1050,229,229, 21
1051,229,229, 21
1052,229,229, 21
1053,229,229, 21
1054,229,229, 21
1055,229,229, 21
1056,229,229, 21
1057,229,229, 21
1058,229,229, 21
1059,229,229, 21
1060,229,229, 21
1061,229,229, 21
1062,229,229, 21
1063,229,229, 21
1064,229,229, 21
1065,229,229, 21
1066,229,229, 21
1067,229,229, 21
1068,229,229, 21
1069,229,229, 21
1070,229,229, 21
1071,229,229, 21
1072,229,229, 21
1073,229,229, 21
1074,229,229, 21
1075,229,229, 21
1076,229,229, 21
1077,229,229, 21
1078,229,229, 21
1079,229,229, 21
1080,229,229, 21
1081,229,229, 21
1082,229,229, 21
1083,229,229, 21
1084,229,229, 21
1085,229,229, 21
1086,229,229, 21
1087,229,229, 21
1088,229,229, 21
1089,229,229, 21
1090,229,229, 21
1091,229,229, 21
1092,229,229, 21
1093,229,229, 21
1094,229,229, 21
1095,229,229, 21
1096,229,229, 21
1097,229,229, 21
1098,229,229, 21
1099,229,229, 21
1100,229,229, 21
1101,229,229, 21
1102,229,229, 21
1103,229,229, 21
1104,229,229, 21
1105,229,229, 21
1106,229,229, 21
1107,229,229, 21
1108,229,229, 21
1109,229,229, 21
1110,229,229, 21
1111,229,229, 21
1112,229,229, 21
1113,229,229, 21
1114,229,229, 21
1115,229,229, 21
1116,229,229, 21
1117,229,229, 21
1118,229,229, 21
1119,229,229, 21
1120,229,229, 21
1121,229,229, 21
1122,229,229, 21
1123,229,229, 21
1124,229,229, 21
1125,229,229, 21
1126,229,229, 21
1127,229,229, 21
1128,229,229, 21
1129,229,229, 21
1130,229,229, 21
1131,229,229, 21
1132,229,229, 21
1133,229,229, 21
1134,229,229, 21
1135,229,229, 21
1136,229,229, 21
1137,229,229, 21
1138,229,229, 21
1139,229,229, 21
1140,229,229, 21
1141,229,229, 21
1142,229,229, 21
1143,229,229, 21
1144,229,229, 21
1145,229,229, 21
1146,229,229, 21
1147,229,229, 21
1148,229,229, 21
1149,229,229, 21
1150,229,229, 21
1151,229,229, 21
1152,229,229, 21
1153,229,229, 21
1154,229,229, 21
1155,229,229, 21
1156,229,229, 21
1157,229,229, 21
1158,229,229, 21
1159,229,229, 21
1160,229,229, 21
1161,229,229, 21
1162,229,229, 21
1163,229,229, 21
1164,229,229, 21
1165,229,229, 21
1166,229,229, 21
1167,229,229, 21
1168,229,229, 21
1169,229,229, 21
1170,229,229, 21
1171,229,229, 21
1172,229,229, 21
1173,229,229, 21
1174,229,229, 21
1175,229,229, 21
1176,229,229, 21
1177,229,229, 21
1178,229,229, 21
1179,229,229, 21
1180,229,229, 21
1181,229,229, 21
1182,229,229, 21
1183,229,229, 21
1184,229,229, 21
1185,229,229, 21
1186,229,229, 21
1187,229,229, 21
1188,229,229, 21
1189,229,229, 21
1190,229,229, 21
1191,229,229, 21
1192,229,229, 21
1193,229,229, 21
1194,229,229, 21
1195,229,229, 21
1196,229,229, 21
1197,229,229, 21
1198,229,229, 21
1199,229,229, 21
1200,229,229, 21
1201,229,229, 21
1202,229,229, 21
1203,229,229, 21
1204,229,229, 21
1205,229,229, 21
1206,229,229, 21
1207,229,229, 21
1208,229,229, 21
1209,229,229, 21
1210,229,229, 21
1211,229,229, 21
1212,229,229, 21
1213,229,229, 21
1214,229,229, 21
1215,229,229, 21
1216,229,229, 21
1217,229,229, 21
1218,229,229, 21
1219,229,229, 21
1220,229,229, 21
1221,229,229, 21
1222,229,229, 21
1223,229,229, 21
1224,229,229, 21
1225,229,229, 21
1226,229,229, 21
1227,229,229, 21
1228,229,229, 21
1229,229,229, 21
1230,229,229, 21
1231,229,229, 21
1232,229,229, 21
1233,229,229, 21
1234,229,229, 21
1235,229,229, 21
1236,229,229, 21
1237,229,229, 21
1238,229,229, 21
1239,229,229, 21
1240,229,229, 21
1241,229,229, 21
1242,229,229, 21
1243,229,229, 21
1244,229,229, 21
1245,229,229, 21
1246,229,229, 21
1247,229,229, 21
1248,229,229, 21
1249,229,229, 21
1250,229,229, 21
1251,229,229, 21
1252,229,229, 21
1253,229,229, 21
1254,229,229, 21
1255,229,229, 21
1256,229,229, 21
1257,229,229, 21
1258,229,229, 21
1259,229,229, 21
1260,229,229, 21
1261,229,229, 21
1262,229,229, 21
1263,229,229, 21
1264,229,229, 21
1265,229,229, 21
1266,229,229, 21
1267,229,229, 21
1268,229,229, 21
1269,229,229, 21
1270,229,229, 21
1271,229,229, 21
1272,229,229, 21
1273,229,229, 21
1274,229,229, 21
1275,229,229, 21
1276,229,229, 21
1277,229,229, 21
1278,229,229, 21
1279,229,229, 21
1280,229,229, 21
1281,229,229, 21
1282,229,229, 21
1283,229,229, 21
1284,229,229, 21
1285,229,229, 21
1286,229,229, 21
1287,229,229, 21
1288,229,229, 21
1289,229,229, 21
1290,229,229, 21
1291,229,229, 21
1292,229,229, 21
1293,229,229, 21
1294,229,229, 21
1295,229,229, 21
1296,229,229, 21
1297,229,229, 21
1298,229,229, 21
1299,229,229, 21
1300,229,229, 21
1301,229,229, 21
1302,229,229, 21
1303,229,229, 21
1304,229,229, 21
1305,229,229, 21
1306,229,229, 21
1307,229,229, 21
1308,229,229, 21
1309,229,229, 21
1310,229,229, 21
1311,229,229, 21
1312,229,229, 21
1313,229,229, 21
1314,229,229, 21
1315,229,229, 21
1316,229,229, 21
1317,229,229, 21
1318,229,229, 21
1319,229,229, 21
1320,229,229, 21
1321,229,229, 21
1322,229,229, 21
1323,229,229, 21
1324,229,229, 21
1325,229,229, 21
1326,229,229, 21
1327,229,229, 21
1328,229,229, 21
1329,229,229, 21
1330,229,229, 21
1331,229,229, 21
1332,229,229, 21
1333,229,229, 21
1334,229,229, 21
1335,229,229, 21
1336,229,229, 21
1337,229,229, 21
1338,229,229, 21
1339,229,229, 21
1340,229,229, 21
1341,229,229, 21
1342,229,229, 21
1343,229,229, 21
1344,229,229, 21
1345,229,229, 21
1346,229,229, 21
1347,229,229, 21
1348,229,229, 21
1349,229,229, 21
1350,229,229, 21
1351,229,229, 21
1352,229,229, 21
1353,229,229, 21
1354,229,229, 21
1355,229,229, 21
1356,229,229, 21
1357,229,229, 21
1358,229,229, 21
1359,229,229, 21
1360,229,229, 21
1361,229,229, 21
1362,229,229, 21
1363,229,229, 21
1364,229,229, 21
1365,229,229, 21
1366,229,229, 21
1367,228,228, 22
1368,228,228, 22
1369,228,228, 22
1370,228,228, 22
1371,228,228, 22
1372,228,228, 22
1373,228,228, 22
1374,228,228, 22
1375,228,228, 22
1376,228,228, 22
1377,228,228, 22
1378,228,228, 22
1379,228,228, 22
1380,228,228, 22
1381,228,228, 22
1382,228,228, 22
1383,228,228, 22
1384,228,228, 22
1385,228,228, 22
1386,228,228, 22
1387,228,228, 22
1388,228,228, 22
1389,228,228, 22
1390,228,228, 22
1391,228,228, 22
1392,228,228, 22
1393,228,228, 22
1394,228,228, 22
1395,228,228, 22
1396,228,228, 22
1397,228,228, 22
1398,228,228, 22
1399,228,228, 22
1400,228,228, 22
1401,228,228, 22
1402,228,228, 22
1403,228,228, 22
1404,228,228, 22
1405,228,228, 22
1406,228,228, 22
1407,228,228, 22
1408,228,228, 22
1409,228,228, 22
1410,228,228, 22
1411,228,228, 22
1412,228,228, 22
1413,228,228, 22
1414,228,228, 22
1415,228,228, 22
1416,228,228, 22
1417,228,228, 22
1418,228,228, 22
1419,228,228, 22
1420,228,228, 22
1421,228,228, 22
1422,228,228, 22
1423,228,228, 22
1424,228,228, 22
1425,228,228, 22
1426,228,228, 22
1427,228,228, 22
1428,228,228, 22
1429,228,228, 22
1430,228,228, 22
1431,228,228, 22
1432,228,228, 22
1433,228,228, 22
1434,228,228, 22
1435,228,228, 22
1436,228,228, 22
1437,228,228, 22
1438,228,228, 22
1439,228,228, 22
1440,228,228, 22
1441,228,228, 22
1442,228,228, 22
1443,228,228, 22
1444,228,228, 22
1445,229,229, 21
1446,229,229, 21
1447,229,229, 21
1448,229,229, 21
1449,229,229, 21
1450,229,229, 21
1451,229,229, 21
1452,229,229, 21
1453,229,229, 21
1454,229,229, 21
1455,229,229, 21
1456,229,229, 21
1457,229,229, 21
1458,229,229, 21
1459,229,229, 21
1460,229,229, 21
1461,229,229, 21
1462,229,229, 21
1463,229,229, 21
1464,229,229, 21
1465,229,229, 21
1466,229,229, 21
1467,229,229, 21
1468,229,229, 21
1469,229,229, 21
1470,229,229, 21
1471,229,229, 21
1472,229,229, 21
1473,229,229, 21
1474,228,228, 22
1475,228,228, 22
1476,228,228, 22
1477,228,228, 22
1478,228,228, 22
1479,228,228, 22
1480,228,228, 22
1481,228,228, 22
1482,228,228, 22
1483,228,228, 22
1484,228,228, 22
1485,228,228, 22
1486,228,228, 22
1487,228,228, 22
1488,228,228, 22
1489,228,228, 22
1490,228,228, 22
1491,228,228, 22
1492,228,228, 22
1493,228,228, 22
1494,228,228, 22
1495,228,228, 22
1496,228,228, 22
1497,228,228, 22
1498,228,228, 22
1499,228,228, 22
