0,250,250, 0
1,250,250, 0
2,250,250, 0
3,250,250, 0
4,250,250, 0
5,250,250, 0
6,250,250, 0
7,250,250, 0
8,249,249, 1
9,249,249, 1
10,249,249, 1
11,249,249, 1
12,249,249, 1
13,249,249, 1
14,249,249, 1
15,249,249, 1
16,248,248, 2
17,248,248, 2
18,248,248, 2
19,248,248, 2
20,248,248, 2
21,248,248, 2
22,248,248, 2
23,248,248, 2
24,248,248, 2
25,248,248, 2
26,248,248, 2
27,248,248, 2
28,248,248, 2
29,248,248, 2
30,248,248, 2
31,248,248, 2
32,248,248, 2
33,248,248, 2
34,248,248, 2
35,248,248, 2
36,248,248, 2
37,248,248, 2
38,248,248, 2
39,248,248, 2
40,248,248, 2
41,248,248, 2
42,247,247, 3
43,247,247, 3
44,246,246, 4
45,246,246, 4
46,246,246, 4
47,246,246, 4
48,246,246, 4
49,246,246, 4
50,245,245, 5
51,245,245, 5
52,245,245, 5
53,245,245, 5
54,245,245, 5
55,245,245, 5
56,245,245, 5
57,245,245, 5
58,245,245, 5
59,245,245, 5
60,245,245, 5
61,245,245, 5
62,245,245, 5
63,245,245, 5
64,245,245, 5
65,245,245, 5
66,245,245, 5
67,245,245, 5
68,245,245, 5
69,245,245, 5
70,245,245, 5
71,245,245, 5
72,245,245, 5
73,245,245, 5
74,245,245, 5
75,245,245, 5
76,245,245, 5
77,245,245, 5
78,245,245, 5
79,245,245, 5
80,245,245, 5
81,245,245, 5
82,245,245, 5
83,245,245, 5
84,245,245, 5
85,245,245, 5
86,245,245, 5
87,245,245, 5
88,245,245, 5
89,245,245, 5
90,245,245, 5
91,245,245, 5
92,245,245, 5
93,245,245, 5
94,245,245, 5
95,245,245, 5
96,245,245, 5
97,245,245, 5
98,245,245, 5
99,245,245, 5
100,245,245, 5
101,245,245, 5
102,245,245, 5
103,245,245, 5
104,245,245, 5
105,245,245, 5
106,245,245, 5
107,245,245, 5
108,245,245, 5
109,245,245, 5
110,245,245, 5
111,245,245, 5
112,245,245, 5
113,245,245, 5
114,245,245, 5
115,245,245, 5
116,245,245, 5
117,245,245, 5
118,245,245, 5
119,245,245, 5
120,245,245, 5
121,245,245, 5
122,245,245, 5
123,245,245, 5
124,245,245, 5
125,245,245, 5
126,245,245, 5
127,245,245, 5
128,245,245, 5
129,245,245, 5
130,245,245, 5
131,245,245, 5
132,245,245, 5
133,245,245, 5
134,245,245, 5
135,245,245, 5
136,245,245, 5
137,245,245, 5
138,245,245, 5
139,245,245, 5
140,245,245, 5
141,245,245, 5
142,245,245, 5
143,245,245, 5
144,244,244, 6
145,244,244, 6
146,244,244, 6
147,244,244, 6
148,244,244, 6
149,244,244, 6
150,244,244, 6
151,244,244, 6
152,244,244, 6
153,244,244, 6
154,244,244, 6
155,244,244, 6
156,244,244, 6
157,244,244, 6
158,244,244, 6
159,244,244, 6
160,244,244, 6
161,244,244, 6
162,244,244, 6
163,244,244, 6
164,244,244, 6
165,244,244, 6
166,244,244, 6
167,244,244, 6
168,244,244, 6
169,244,244, 6
170,244,244, 6
171,244,244, 6
172,244,244, 6
173,244,244, 6
174,244,244, 6
175,244,244, 6
176,244,244, 6
177,244,244, 6
178,244,244, 6
179,244,244, 6
180,244,244, 6
181,244,244, 6
182,244,244, 6
183,244,244, 6
184,244,244, 6
185,244,244, 6
186,244,244, 6
187,244,244, 6
188,244,244, 6
189,244,244, 6
190,244,244, 6
191,244,244, 6
192,244,244, 6
193,244,244, 6
194,244,244, 6
195,244,244, 6
196,244,244, 6
197,244,244, 6
198,244,244, 6
199,244,244, 6
200,244,244, 6
201,244,244, 6
202,244,244, 6
203,244,244, 6
204,244,244, 6
205,244,244, 6
206,244,244, 6
207,244,244, 6
208,244,244, 6
209,244,244, 6
210,244,244, 6
211,244,244, 6
212,244,244, 6
213,244,244, 6
214,244,244, 6
215,244,244, 6
216,244,244, 6
217,244,244, 6
218,244,244, 6
219,244,244, 6
220,244,244, 6
221,244,244, 6
222,244,244, 6
223,244,244, 6
224,244,244, 6
225,244,244, 6
226,244,244, 6
227,244,244, 6
228,244,244, 6
229,244,244, 6
230,244,244, 6
231,244,244, 6
232,244,244, 6
233,244,244, 6
234,244,244, 6
235,244,244, 6
236,244,244, 6
237,244,244, 6
238,244,244, 6
239,244,244, 6
240,244,244, 6
241,243,243, 7
242,243,243, 7
243,243,243, 7
244,243,243, 7
245,243,243, 7
246,243,243, 7
247,243,243, 7
248,243,243, 7
249,243,243, 7
250,243,243, 7
251,243,243, 7
252,243,243, 7
253,243,243, 7
254,243,243, 7
255,243,243, 7
256,243,243, 7
257,243,243, 7
258,243,243, 7
259,243,243, 7
260,243,243, 7
261,243,243, 7
262,243,243, 7
263,243,243, 7
264,243,243, 7
265,243,243, 7
266,243,243, 7
267,243,243, 7
268,243,243, 7
269,243,243, 7
270,243,243, 7
271,243,243, 7
272,243,243, 7
273,243,243, 7
274,243,243, 7
275,243,243, 7
276,243,243, 7
277,242,242, 8
278,242,242, 8
279,242,242, 8
280,242,242, 8
281,242,242, 8
282,242,242, 8
283,242,242, 8
284,242,242, 8
285,242,242, 8
286,242,242, 8
287,242,242, 8
288,242,242, 8
289,242,242, 8
290,242,242, 8
291,242,242, 8
292,242,242, 8
293,242,242, 8
294,242,242, 8
295,242,242, 8
296,242,242, 8
297,242,242, 8
298,242,242, 8
299,242,242, 8
300,242,242, 8
301,242,242, 8
302,242,242, 8
303,242,242, 8
304,242,242, 8
305,242,242, 8
306,242,242, 8
307,242,242, 8
308,242,242, 8
309,242,242, 8
310,242,242, 8
311,242,242, 8
312,242,242, 8
313,242,242, 8
314,242,242, 8
315,242,242, 8
316,242,242, 8
317,242,242, 8
318,242,242, 8
319,242,242, 8
320,242,242, 8
321,242,242, 8
322,242,242, 8
323,242,242, 8
324,242,242, 8
325,242,242, 8
326,242,242, 8
327,242,242, 8
328,242,242, 8
329,242,242, 8
330,242,242, 8
331,242,242, 8
332,242,242, 8
333,242,242, 8
334,242,242, 8
335,242,242, 8
336,242,242, 8
337,242,242, 8
338,242,242, 8
339,242,242, 8
340,242,242, 8
341,242,242, 8
342,242,242, 8
343,242,242, 8
344,242,242, 8
345,242,242, 8
346,242,242, 8
347,242,242, 8
348,242,242, 8
349,242,242, 8
350,242,242, 8
351,242,242, 8
352,242,242, 8
353,242,242, 8
354,242,242, 8
355,242,242, 8
356,241,241, 9
357,241,241, 9
358,241,241, 9
359,241,241, 9
360,241,241, 9
361,241,241, 9
362,241,241, 9
363,241,241, 9
364,241,241, 9
365,241,241, 9
366,241,241, 9
367,241,241, 9
368,241,241, 9
369,241,241, 9
370,241,241, 9
371,241,241, 9
372,241,241, 9
373,241,241, 9
374,241,241, 9
375,241,241, 9
376,241,241, 9
377,241,241, 9
378,241,241, 9
379,241,241, 9
380,241,241, 9
381,241,241, 9
382,241,241, 9
383,241,241, 9
384,241,241, 9
385,241,241, 9
386,241,241, 9
387,241,241, 9
388,241,241, 9
389,241,241, 9
390,241,241, 9
391,240,240, 10
392,240,240, 10
393,240,240, 10
394,240,240, 10
395,240,240, 10
396,240,240, 10
397,240,240, 10
398,240,240, 10
399,240,240, 10
400,240,240, 10
401,240,240, 10
402,240,240, 10
403,240,240, 10
404,240,240, 10
405,240,240, 10
406,240,240, 10
407,240,240, 10
408,240,240, 10
409,240,240, 10
410,240,240, 10
411,240,240, 10
412,240,240, 10
413,240,240, 10
414,240,240, 10
415,240,240, 10
416,240,240, 10
417,240,240, 10
418,240,240, 10
419,240,240, 10
420,240,240, 10
421,240,240, 10
422,240,240, 10
423,240,240, 10
424,240,240, 10
425,240,240, 10
426,240,240, 10
427,240,240, 10
428,240,240, 10
429,240,240, 10
430,240,240, 10
431,240,240, 10
432,240,240, 10
433,240,240, 10
434,240,240, 10
435,240,240, 10
436,240,240, 10
437,240,240, 10
438,240,240, 10
439,240,240, 10
440,240,240, 10
441,240,240, 10
442,240,240, 10
443,240,240, 10
444,240,240, 10
445,240,240, 10
446,240,240, 10
447,240,240, 10
448,240,240, 10
449,240,240, 10
450,240,240, 10
451,240,240, 10
452,240,240, 10
453,240,240, 10
454,240,240, 10
455,240,240, 10
456,240,240, 10
457,240,240, 10
458,240,240, 10
459,240,240, 10
460,240,240, 10
461,240,240, 10
462,240,240, 10
463,240,240, 10
464,240,240, 10
465,240,240, 10
466,240,240, 10
467,240,240, 10
468,240,240, 10
469,240,240, 10
470,240,240, 10
471,240,240, 10
472,240,240, 10
473,240,240, 10
474,240,240, 10
475,240,240, 10
476,240,240, 10
477,240,240, 10
478,240,240, 10
479,240,240, 10
480,240,240, 10
481,240,240, 10
482,240,240, 10
483,240,240, 10
484,240,240, 10
485,240,240, 10
486,240,240, 10
487,240,240, 10
488,240,240, 10
489,240,240, 10
490,239,239, 11
491,239,239, 11
492,239,239, 11
493,239,239, 11
494,239,239, 11
495,239,239, 11
496,239,239, 11
497,239,239, 11
498,239,239, 11
499,239,239, 11
500,239,239, 11
501,239,239, 11
502,239,239, 11
503,239,239, 11
504,239,239, 11
505,239,239, 11
506,239,239, 11
507,239,239, 11
508,239,239, 11
509,239,239, 11
510,239,239, 11
511,239,239, 11
512,239,239, 11
513,239,239, 11
514,239,239, 11
515,239,239, 11
516,239,239, 11
517,239,239, 11
518,239,239, 11
519,239,239, 11
520,239,239, 11
521,239,239, 11
522,239,239, 11
523,239,239, 11
524,239,239, 11
525,239,239, 11
526,238,238, 12
527,238,238, 12
528,238,238, 12
529,238,238, 12
530,238,238, 12
531,238,238, 12
532,238,238, 12
533,238,238, 12
534,238,238, 12
535,238,238, 12
536,238,238, 12
537,238,238, 12
538,238,238, 12
539,238,238, 12
540,238,238, 12
541,238,238, 12
542,238,238, 12
543,238,238, 12
544,238,238, 12
545,238,238, 12
546,238,238, 12
547,238,238, 12
548,238,238, 12
549,238,238, 12
550,238,238, 12
551,238,238, 12
552,238,238, 12
553,238,238, 12
554,238,238, 12
555,238,238, 12
556,238,238, 12
557,238,238, 12
558,238,238, 12
559,238,238, 12
560,238,238, 12
561,238,238, 12
562,238,238, 12
563,238,238, 12
564,238,238, 12
565,238,238, 12
566,238,238, 12
567,238,238, 12
568,238,238, 12
569,238,238, 12
570,238,238, 12
571,238,238, 12
572,238,238, 12
573,238,238, 12
574,238,238, 12
575,238,238, 12
576,238,238, 12
577,238,238, 12
578,238,238, 12
579,238,238, 12
580,238,238, 12
581,238,238, 12
582,238,238, 12
583,238,238, 12
584,238,238, 12
585,238,238, 12
586,238,238, 12
587,238,238, 12
588,238,238, 12
589,238,238, 12
590,238,238, 12
591,238,238, 12
592,238,238, 12
593,238,238, 12
594,238,238, 12
595,238,238, 12
596,238,238, 12
597,238,238, 12
598,238,238, 12
599,238,238, 12
600,238,238, 12
601,238,238, 12
602,238,238, 12
603,238,238, 12
604,238,238, 12
605,238,238, 12
606,238,238, 12
607,238,238, 12
608,238,238, 12
609,238,238, 12
610,238,238, 12
611,238,238, 12
612,238,238, 12
613,238,238, 12
614,238,238, 12
615,238,238, 12
616,238,238, 12
617,238,238, 12
618,238,238, 12
619,238,238, 12
620,238,238, 12
621,238,238, 12
622,238,238, 12
623,238,238, 12
624,238,238, 12
625,238,238, 12
626,238,238, 12
627,238,238, 12
628,238,238, 12
629,238,238, 12
630,238,238, 12
631,238,238, 12
632,238,238, 12
633,238,238, 12
634,238,238, 12
635,238,238, 12
636,238,238, 12
637,238,238, 12
638,238,238, 12
639,238,238, 12
640,238,238, 12
641,238,238, 12
642,238,238, 12
643,238,238, 12
644,238,238, 12
645,238,238, 12
646,238,238, 12
647,238,238, 12
648,238,238, 12
649,238,238, 12
650,238,238, 12
651,238,238, 12
652,238,238, 12
653,238,238, 12
654,238,238, 12
655,238,238, 12
656,238,238, 12
657,238,238, 12
658,238,238, 12
659,238,238, 12
660,238,238, 12
661,238,238, 12
662,238,238, 12
663,238,238, 12
664,238,238, 12
665,238,238, 12
666,238,238, 12
667,237,237, 13
668,237,237, 13
669,237,237, 13
670,237,237, 13
671,237,237, 13
672,237,237, 13
673,237,237, 13
674,237,237, 13
675,237,237, 13
676,237,237, 13
677,237,237, 13
678,237,237, 13
679,237,237, 13
680,237,237, 13
681,237,237, 13
682,237,237, 13
683,237,237, 13
684,237,237, 13
685,237,237, 13
686,237,237, 13
687,237,237, 13
688,237,237, 13
689,237,237, 13
690,237,237, 13
691,237,237, 13
692,237,237, 13
693,237,237, 13
694,237,237, 13
695,237,237, 13
696,237,237, 13
697,237,237, 13
698,237,237, 13
699,237,237, 13
700,237,237, 13
701,237,237, 13
702,237,237, 13
703,237,237, 13
704,237,237, 13
705,237,237, 13
706,237,237, 13
707,237,237, 13
708,237,237, 13
709,237,237, 13
710,237,237, 13
711,237,237, 13
712,237,237, 13
713,237,237, 13
714,237,237, 13
715,237,237, 13
716,237,237, 13
717,237,237, 13
718,237,237, 13
719,237,237, 13
720,237,237, 13
721,237,237, 13
722,237,237, 13
723,237,237, 13
724,237,237, 13
725,237,237, 13
726,237,237, 13
727,237,237, 13
728,237,237, 13
729,237,237, 13
730,237,237, 13
731,237,237, 13
732,237,237, 13
733,237,237, 13
734,237,237, 13
735,237,237, 13
736,237,237, 13
737,237,237, 13
738,237,237, 13
739,237,237, 13
740,237,237, 13
741,237,237, 13
742,237,237, 13
743,237,237, 13
744,237,237, 13
745,237,237, 13
746,237,237, 13
747,237,237, 13
748,237,237, 13
749,237,237, 13
750,237,237, 13
751,237,237, 13
752,237,237, 13
753,237,237, 13
754,237,237, 13
755,237,237, 13
756,237,237, 13
757,237,237, 13
758,237,237, 13
759,237,237, 13
760,237,237, 13
761,237,237, 13
762,237,237, 13
763,237,237, 13
764,237,237, 13
765,237,237, 13
766,237,237, 13
767,237,237, 13
768,237,237, 13
769,237,237, 13
770,237,237, 13
771,237,237, 13
772,237,237, 13
773,237,237, 13
774,237,237, 13
775,237,237, 13
776,237,237, 13
777,237,237, 13
778,237,237, 13
779,237,237, 13
780,237,237, 13
781,237,237, 13
782,237,237, 13
783,237,237, 13
784,237,237, 13
785,237,237, 13
786,237,237, 13
787,237,237, 13
788,237,237, 13
789,237,237, 13
790,237,237, 13
791,237,237, 13
792,237,237, 13
793,237,237, 13
794,237,237, 13
795,237,237, 13
796,237,237, 13
797,237,237, 13
798,237,237, 13
799,237,237, 13
800,237,237, 13
801,237,237, 13
802,237,237, 13
803,237,237, 13
804,237,237, 13
805,237,237, 13
806,237,237, 13
807,237,237, 13
808,237,237, 13
809,237,237, 13
810,237,237, 13
811,237,237, 13
812,237,237, 13
813,237,237, 13
814,237,237, 13
815,237,237, 13
816,237,237, 13
817,237,237, 13
818,237,237, 13
819,237,237, 13
820,237,237, 13
821,237,237, 13
822,237,237, 13
823,237,237, 13
824,237,237, 13
825,237,237, 13
826,237,237, 13
827,237,237, 13
828,237,237, 13
829,237,237, 13
830,237,237, 13
831,237,237, 13
832,237,237, 13
833,237,237, 13
834,237,237, 13
835,237,237, 13
836,237,237, 13
837,237,237, 13
838,237,237, 13
839,237,237, 13
840,237,237, 13
841,237,237, 13
842,237,237, 13
843,237,237, 13
844,237,237, 13
845,237,237, 13
846,237,237, 13
847,237,237, 13
848,237,237, 13
849,237,237, 13
850,237,237, 13
851,237,237, 13
852,237,237, 13
853,237,237, 13
854,237,237, 13
855,237,237, 13
856,237,237, 13
857,237,237, 13
858,237,237, 13
859,237,237, 13
860,237,237, 13
861,237,237, 13
862,237,237, 13
863,237,237, 13
864,237,237, 13
865,237,237, 13
866,237,237, 13
867,237,237, 13
868,237,237, 13
869,237,237, 13
870,237,237, 13
871,237,237, 13
872,237,237, 13
873,237,237, 13
874,237,237, 13
875,237,237, 13
876,237,237, 13
877,237,237, 13
878,237,237, 13
879,237,237, 13
880,237,237, 13
881,237,237, 13
882,237,237, 13
883,237,237, 13
884,237,237, 13
885,237,237, 13
886,237,237, 13
887,237,237, 13
888,237,237, 13
889,237,237, 13
890,237,237, 13
891,237,237, 13
892,237,237, 13
893,237,237, 13
894,237,237, 13
895,237,237, 13
896,237,237, 13
897,237,237, 13
898,237,237, 13
899,237,237, 13
900,237,237, 13
901,237,237, 13
902,237,237, 13
903,237,237, 13
904,237,237, 13
905,237,237, 13
906,237,237, 13
907,237,237, 13
908,237,237, 13
909,237,237, 13
910,237,237, 13
911,237,237, 13
912,237,237, 13
913,237,237, 13
914,237,237, 13
915,237,237, 13
916,237,237, 13
917,237,237, 13
918,237,237, 13
919,237,237, 13
920,237,237, 13
921,237,237, 13
922,237,237, 13
923,237,237, 13
924,237,237, 13
925,237,237, 13
926,237,237, 13
927,237,237, 13
928,237,237, 13
929,237,237, 13
930,237,237, 13
931,237,237, 13
932,237,237, 13
933,237,237, 13
934,237,237, 13
935,237,237, 13
936,237,237, 13
937,237,237, 13
938,237,237, 13
939,237,237, 13
940,237,237, 13
941,237,237, 13
942,237,237, 13
943,237,237, 13
944,237,237, 13
945,236,236, 14
946,236,236, 14
947,236,236, 14
948,236,236, 14
949,236,236, 14
950,236,236, 14
951,236,236, 14
952,236,236, 14
953,236,236, 14
954,236,236, 14
955,235,235, 15
956,235,235, 15
957,235,235, 15
958,235,235, 15
959,235,235, 15
960,235,235, 15
961,235,235, 15
962,235,235, 15
963,235,235, 15
964,235,235, 15
965,235,235, 15
966,235,235, 15
967,235,235, 15
968,235,235, 15
969,235,235, 15
970,235,235, 15
971,235,235, 15
972,235,235, 15
973,235,235, 15
974,235,235, 15
975,235,235, 15
976,235,235, 15
977,235,235, 15
978,235,235, 15
979,234,234, 16
980,234,234, 16
981,234,234, 16
982,234,234, 16
983,234,234, 16
984,234,234, 16
985,234,234, 16
986,234,234, 16
987,234,234, 16
988,234,234, 16
989,234,234, 16
990,234,234, 16
991,234,234, 16
992,234,234, 16
993,234,234, 16
994,234,234, 16
995,234,234, 16
996,234,234, 16
997,234,234, 16
998,234,234, 16
999,234,234, 16
1000,234,234, 16
1001,234,234, 16
1002,234,234, 16
1003,234,234, 16
1004,234,234, 16
1005,234,234, 16
1006,234,234, 16
1007,234,234, 16
1008,234,234, 16
1009,234,234, 16
1010,234,234, 16
1011,234,234, 16
1012,234,234, 16
1013,234,234, 16
1014,234,234, 16
1015,234,234, 16
1016,234,234, 16
1017,234,234, 16
1018,234,234, 16
1019,234,234, 16
1020,234,234, 16
1021,234,234, 16
1022,234,234, 16
1023,234,234, 16
1024,234,234, 16
1025,234,234, 16
1026,234,234, 16
1027,234,234, 16
1028,234,234, 16
1029,234,234, 16
1030,234,234, 16
1031,234,234, 16
1032,234,234, 16
1033,234,234, 16
1034,234,234, 16
1035,234,234, 16
1036,234,234, 16
1037,234,234, 16
1038,234,234, 16
1039,234,234, 16
1040,234,234, 16
1041,234,234, 16
1042,234,234, 16
1043,234,234, 16
1044,234,234, 16
1045,234,234, 16
1046,234,234, 16
1047,234,234, 16
1048,234,234, 16
1049,234,234, 16
1050,234,234, 16
1051,234,234, 16
1052,234,234, 16
1053,234,234, 16
1054,234,234, 16
1055,234,234, 16
1056,234,234, 16
1057,234,234, 16
1058,234,234, 16
1059,234,234, 16
1060,234,234, 16
1061,234,234, 16
1062,234,234, 16
1063,234,234, 16
1064,234,234, 16
1065,234,234, 16
1066,234,234, 16
1067,234,234, 16
1068,234,234, 16
1069,234,234, 16
1070,234,234, 16
1071,234,234, 16
1072,234,234, 16
1073,234,234, 16
1074,234,234, 16
1075,234,234, 16
1076,234,234, 16
1077,234,234, 16
1078,234,234, 16
1079,234,234, 16
1080,234,234, 16
1081,234,234, 16
1082,234,234, 16
1083,234,234, 16
1084,234,234, 16
1085,234,234, 16
1086,234,234, 16
1087,234,234, 16
1088,234,234, 16
1089,234,234, 16
1090,234,234, 16
1091,234,234, 16
1092,234,234, 16
1093,234,234, 16
1094,234,234, 16
1095,234,234, 16
1096,234,234, 16
1097,234,234, 16
1098,234,234, 16
1099,234,234, 16
1100,234,234, 16
1101,234,234, 16
1102,234,234, 16
1103,234,234, 16
1104,234,234, 16
1105,234,234, 16
1106,234,234, 16
1107,234,234, 16
1108,234,234, 16
1109,234,234, 16
1110,234,234, 16
1111,234,234, 16
1112,234,234, 16
1113,234,234, 16
1114,234,234, 16
1115,234,234, 16
1116,234,234, 16
1117,234,234, 16
1118,234,234, 16
1119,234,234, 16
1120,234,234, 16
1121,234,234, 16
1122,234,234, 16
1123,234,234, 16
1124,234,234, 16
1125,234,234, 16
1126,234,234, 16
1127,234,234, 16
1128,234,234, 16
1129,234,234, 16
1130,234,234, 16
1131,234,234, 16
1132,234,234, 16
1133,234,234, 16
1134,234,234, 16
1135,234,234, 16
1136,234,234, 16
1137,234,234, 16
1138,234,234, 16
1139,234,234, 16
1140,234,234, 16
1141,234,234, 16
1142,234,234, 16
1143,234,234, 16
1144,234,234, 16
1145,234,234, 16
1146,234,234, 16
1147,234,234, 16
1148,234,234, 16
1149,234,234, 16
1150,234,234, 16
1151,234,234, 16
1152,234,234, 16
1153,234,234, 16
1154,234,234, 16
1155,234,234, 16
1156,234,234, 16
1157,234,234, 16
1158,234,234, 16
1159,234,234, 16
1160,234,234, 16
1161,234,234, 16
1162,234,234, 16
1163,234,234, 16
1164,234,234, 16
1165,234,234, 16
1166,234,234, 16
1167,234,234, 16
1168,234,234, 16
1169,234,234, 16
1170,234,234, 16
1171,234,234, 16
1172,234,234, 16
1173,234,234, 16
1174,234,234, 16
1175,234,234, 16
1176,234,234, 16
1177,234,234, 16
1178,234,234, 16
1179,234,234, 16
1180,234,234, 16
1181,234,234, 16
1182,234,234, 16
1183,234,234, 16
1184,234,234, 16
1185,233,233, 17
1186,233,233, 17
1187,233,233, 17
1188,233,233, 17
1189,233,233, 17
1190,233,233, 17
1191,233,233, 17
1192,233,233, 17
1193,233,233, 17
1194,233,233, 17
1195,233,233, 17
1196,233,233, 17
1197,233,233, 17
1198,233,233, 17
1199,233,233, 17
1200,233,233, 17
1201,233,233, 17
1202,233,233, 17
1203,233,233, 17
1204,233,233, 17
1205,233,233, 17
1206,233,233, 17
1207,233,233, 17
1208,233,233, 17
1209,233,233, 17
1210,233,233, 17
1211,233,233, 17
1212,233,233, 17
1213,233,233, 17
1214,233,233, 17
1215,233,233, 17
1216,233,233, 17
1217,233,233, 17
1218,233,233, 17
1219,233,233, 17
1220,233,233, 17
1221,233,233, 17
1222,233,233, 17
1223,233,233, 17
1224,233,233, 17
1225,233,233, 17
1226,233,233, 17
1227,233,233, 17
1228,233,233, 17
1229,233,233, 17
1230,233,233, 17
1231,233,233, 17
1232,233,233, 17
1233,233,233, 17
1234,233,233, 17
1235,233,233, 17
1236,233,233, 17
1237,233,233, 17
1238,233,233, 17
1239,233,233, 17
1240,233,233, 17
1241,233,233, 17
1242,233,233, 17
1243,233,233, 17
1244,233,233, 17
1245,233,233, 17
1246,233,233, 17
1247,233,233, 17
1248,233,233, 17
1249,233,233, 17
1250,233,233, 17
1251,233,233, 17
1252,233,233, 17
1253,233,233, 17
1254,233,233, 17
1255,233,233, 17
1256,233,233, 17
1257,233,233, 17
1258,233,233, 17
1259,233,233, 17
1260,233,233, 17
1261,233,233, 17
1262,233,233, 17
1263,233,233, 17
1264,233,233, 17
1265,233,233, 17
1266,233,233, 17
1267,233,233, 17
1268,233,233, 17
1269,233,233, 17
1270,233,233, 17
1271,233,233, 17
1272,233,233, 17
1273,233,233, 17
1274,233,233, 17
1275,233,233, 17
1276,233,233, 17
1277,233,233, 17
1278,233,233, 17
1279,233,233, 17
1280,233,233, 17
1281,233,233, 17
1282,233,233, 17
1283,233,233, 17
1284,233,233, 17
1285,233,233, 17
1286,233,233, 17
1287,233,233, 17
1288,233,233, 17
1289,233,233, 17
1290,233,233, 17
1291,233,233, 17
1292,233,233, 17
1293,233,233, 17
1294,233,233, 17
1295,233,233, 17
1296,233,233, 17
1297,233,233, 17
1298,233,233, 17
1299,233,233, 17
1300,233,233, 17
1301,233,233, 17
1302,233,233, 17
1303,233,233, 17
1304,233,233, 17
1305,233,233, 17
1306,233,233, 17
1307,233,233, 17
1308,233,233, 17
1309,233,233, 17
1310,233,233, 17
1311,233,233, 17
1312,233,233, 17
1313,233,233, 17
1314,233,233, 17
1315,233,233, 17
1316,233,233, 17
1317,233,233, 17
1318,233,233, 17
1319,233,233, 17
1320,233,233, 17
1321,233,233, 17
1322,233,233, 17
1323,233,233, 17
1324,233,233, 17
1325,233,233, 17
1326,233,233, 17
1327,233,233, 17
1328,233,233, 17
1329,233,233, 17
1330,233,233, 17
1331,233,233, 17
1332,233,233, 17
1333,233,233, 17
1334,233,233, 17
1335,233,233, 17
1336,233,233, 17
1337,233,233, 17
1338,233,233, 17
1339,233,233, 17
1340,233,233, 17
1341,233,233, 17
1342,233,233, 17
1343,233,233, 17
1344,233,233, 17
1345,233,233, 17
1346,233,233, 17
1347,233,233, 17
1348,233,233, 17
1349,233,233, 17
1350,233,233, 17
1351,233,233, 17
1352,233,233, 17
1353,233,233, 17
1354,233,233, 17
1355,233,233, 17
1356,233,233, 17
1357,233,233, 17
1358,233,233, 17
1359,233,233, 17
1360,233,233, 17
1361,233,233, 17
1362,233,233, 17
1363,233,233, 17
1364,233,233, 17
1365,233,233, 17
1366,233,233, 17
1367,233,233, 17
1368,233,233, 17
1369,233,233, 17
1370,233,233, 17
1371,233,233, 17
1372,233,233, 17
1373,233,233, 17
1374,233,233, 17
1375,233,233, 17
1376,233,233, 17
1377,233,233, 17
1378,233,233, 17
1379,233,233, 17
1380,233,233, 17
1381,233,233, 17
1382,233,233, 17
1383,232,232, 18
1384,232,232, 18
1385,232,232, 18
1386,232,232, 18
1387,232,232, 18
1388,232,232, 18
1389,232,232, 18
1390,232,232, 18
1391,232,232, 18
1392,232,232, 18
1393,232,232, 18
1394,232,232, 18
1395,232,232, 18
1396,232,232, 18
1397,232,232, 18
1398,232,232, 18
1399,232,232, 18
1400,232,232, 18
1401,232,232, 18
1402,232,232, 18
1403,232,232, 18
1404,232,232, 18
1405,232,232, 18
1406,232,232, 18
1407,232,232, 18
1408,232,232, 18
1409,232,232, 18
1410,232,232, 18
1411,232,232, 18
1412,232,232, 18
1413,232,232, 18
1414,232,232, 18
1415,232,232, 18
1416,232,232, 18
1417,232,232, 18
1418,232,232, 18
1419,232,232, 18
1420,232,232, 18
1421,232,232, 18
1422,232,232, 18
1423,232,232, 18
1424,232,232, 18
1425,232,232, 18
1426,232,232, 18
1427,232,232, 18
1428,232,232, 18
1429,232,232, 18
1430,232,232, 18
1431,232,232, 18
1432,232,232, 18
1433,232,232, 18
1434,232,232, 18
1435,232,232, 18
1436,232,232, 18
1437,232,232, 18
1438,232,232, 18
1439,232,232, 18
1440,232,232, 18
1441,232,232, 18
1442,232,232, 18
1443,232,232, 18
1444,232,232, 18
1445,232,232, 18
1446,232,232, 18
1447,232,232, 18
1448,232,232, 18
1449,232,232, 18
1450,232,232, 18
1451,232,232, 18
1452,232,232, 18
1453,232,232, 18
1454,232,232, 18
1455,232,232, 18
1456,232,232, 18
1457,232,232, 18
1458,232,232, 18
1459,232,232, 18
1460,232,232, 18
1461,232,232, 18
1462,232,232, 18
1463,232,232, 18
1464,232,232, 18
1465,232,232, 18
1466,232,232, 18
1467,232,232, 18
1468,232,232, 18
1469,232,232, 18
1470,232,232, 18
1471,232,232, 18
1472,232,232, 18
1473,232,232, 18
1474,232,232, 18
1475,232,232, 18
1476,232,232, 18
1477,232,232, 18
1478,232,232, 18
1479,232,232, 18
1480,232,232, 18
1481,232,232, 18
1482,232,232, 18
1483,232,232, 18
1484,232,232, 18
1485,232,232, 18
1486,232,232, 18
1487,232,232, 18
1488,232,232, 18
1489,232,232, 18
1490,232,232, 18
1491,232,232, 18
1492,232,232, 18
1493,232,232, 18
1494,232,232, 18
1495,232,232, 18
1496,232,232, 18
1497,232,232, 18
1498,232,232, 18
1499,232,232, 18
