0,250,250, 0
1,250,250, 0
2,250,250, 0
3,250,250, 0
4,250,250, 0
5,250,250, 0
6,250,250, 0
7,250,250, 0
8,250,250, 0
9,250,250, 0
10,250,250, 0
11,250,250, 0
12,250,250, 0
13,250,250, 0
14,250,250, 0
15,250,250, 0
16,250,250, 0
17,250,250, 0
18,250,250, 0
19,250,250, 0
20,250,250, 0
21,250,250, 0
22,250,250, 0
23,250,250, 0
24,250,250, 0
25,250,250, 0
26,250,250, 0
27,250,250, 0
28,250,250, 0
29,250,250, 0
30,250,250, 0
31,250,250, 0
32,250,250, 0
33,250,250, 0
34,250,250, 0
35,250,250, 0
36,250,250, 0
37,250,250, 0
38,250,250, 0
39,250,250, 0
40,250,250, 0
41,250,250, 0
42,250,250, 0
43,250,250, 0
44,250,250, 0
45,250,250, 0
46,250,250, 0
47,250,250, 0
48,250,250, 0
49,250,250, 0
50,250,250, 0
51,250,250, 0
52,250,250, 0
53,250,250, 0
54,250,250, 0
55,250,250, 0
56,250,250, 0
57,250,250, 0
58,250,250, 0
59,250,250, 0
60,250,250, 0
61,250,250, 0
62,250,250, 0
63,250,250, 0
64,250,250, 0
65,250,250, 0
66,250,250, 0
67,250,250, 0
68,250,250, 0
69,250,250, 0
70,250,250, 0
71,250,250, 0
72,250,250, 0
73,250,250, 0
74,250,250, 0
75,250,250, 0
76,250,250, 0
77,250,250, 0
78,250,250, 0
79,249,249, 1
80,248,248, 2
81,248,248, 2
82,248,248, 2
83,248,248, 2
84,248,248, 2
85,248,248, 2
86,248,248, 2
87,248,248, 2
88,248,248, 2
89,248,248, 2
90,248,248, 2
91,248,248, 2
92,248,248, 2
93,248,248, 2
94,248,248, 2
95,248,248, 2
96,248,248, 2
97,246,246, 4
98,246,246, 4
99,246,246, 4
100,246,246, 4
101,246,246, 4
102,246,246, 4
103,246,246, 4
104,246,246, 4
105,246,246, 4
106,246,246, 4
107,246,246, 4
108,246,246, 4
109,246,246, 4
110,246,246, 4
111,246,246, 4
112,246,246, 4
113,246,246, 4
114,246,246, 4
115,245,245, 5
116,244,244, 6
117,243,243, 7
118,243,243, 7
119,243,243, 7
120,243,243, 7
121,243,243, 7
122,243,243, 7
123,243,243, 7
124,243,243, 7
125,243,243, 7
126,243,243, 7
127,243,243, 7
128,243,243, 7
129,243,243, 7
130,243,243, 7
131,243,243, 7
132,243,243, 7
133,243,243, 7
134,243,243, 7
135,243,243, 7
136,243,243, 7
137,243,243, 7
138,243,243, 7
139,242,242, 8
140,242,242, 8
141,242,242, 8
142,242,242, 8
143,241,241, 9
144,241,241, 9
145,241,241, 9
146,241,241, 9
147,241,241, 9
148,241,241, 9
149,241,241, 9
150,241,241, 9
151,241,241, 9
152,241,241, 9
153,241,241, 9
154,241,241, 9
155,241,241, 9
156,241,241, 9
157,241,241, 9
158,240,240, 10
159,240,240, 10
160,240,240, 10
161,240,240, 10
162,240,240, 10
163,240,240, 10
164,240,240, 10
165,240,240, 10
166,240,240, 10
167,240,240, 10
168,240,240, 10
169,240,240, 10
170,240,240, 10
171,240,240, 10
172,240,240, 10
173,240,240, 10
174,240,240, 10
175,240,240, 10
176,239,239, 11
177,239,239, 11
178,239,239, 11
179,237,237, 13
180,237,237, 13
181,237,237, 13
182,237,237, 13
183,237,237, 13
184,237,237, 13
185,237,237, 13
186,237,237, 13
187,237,237, 13
188,237,237, 13
189,237,237, 13
190,236,236, 14
191,236,236, 14
192,236,236, 14
193,236,236, 14
194,236,236, 14
195,236,236, 14
196,236,236, 14
197,236,236, 14
198,236,236, 14
199,236,236, 14
200,236,236, 14
201,236,236, 14
202,236,236, 14
203,236,236, 14
204,234,234, 16
205,234,234, 16
206,234,234, 16
207,234,234, 16
208,234,234, 16
209,234,234, 16
210,234,234, 16
211,234,234, 16
212,234,234, 16
213,234,234, 16
214,234,234, 16
215,234,234, 16
216,234,234, 16
217,234,234, 16
218,234,234, 16
219,234,234, 16
220,234,234, 16
221,234,234, 16
222,234,234, 16
223,234,234, 16
224,234,234, 16
225,234,234, 16
226,234,234, 16
227,234,234, 16
228,234,234, 16
229,233,233, 17
230,233,233, 17
231,233,233, 17
232,233,233, 17
233,233,233, 17
234,233,233, 17
235,233,233, 17
236,233,233, 17
237,233,233, 17
238,233,233, 17
239,233,233, 17
240,233,233, 17
241,233,233, 17
242,233,233, 17
243,233,233, 17
244,233,233, 17
245,233,233, 17
246,233,233, 17
247,233,233, 17
248,233,233, 17
249,233,233, 17
250,233,233, 17
251,233,233, 17
252,233,233, 17
253,233,233, 17
254,233,233, 17
255,233,233, 17
256,233,233, 17
257,233,233, 17
258,233,233, 17
259,233,233, 17
260,233,233, 17
261,233,233, 17
262,233,233, 17
263,233,233, 17
264,233,233, 17
265,233,233, 17
266,233,233, 17
267,233,233, 17
268,233,233, 17
269,233,233, 17
270,233,233, 17
271,233,233, 17
272,232,232, 18
273,231,231, 19
274,230,230, 20
275,230,230, 20
276,230,230, 20
277,230,230, 20
278,230,230, 20
279,230,230, 20
280,230,230, 20
281,230,230, 20
282,230,230, 20
283,230,230, 20
284,230,230, 20
285,230,230, 20
286,230,230, 20
287,230,230, 20
288,230,230, 20
289,230,230, 20
290,230,230, 20
291,230,230, 20
292,230,230, 20
293,230,230, 20
294,230,230, 20
295,230,230, 20
296,230,230, 20
297,230,230, 20
298,230,230, 20
299,230,230, 20
300,230,230, 20
301,230,230, 20
302,230,230, 20
303,230,230, 20
304,230,230, 20
305,230,230, 20
306,230,230, 20
307,230,230, 20
308,230,230, 20
309,230,230, 20
310,230,230, 20
311,230,230, 20
312,230,230, 20
313,230,230, 20
314,230,230, 20
315,230,230, 20
316,230,230, 20
317,230,230, 20
318,230,230, 20
319,230,230, 20
320,230,230, 20
321,230,230, 20
322,230,230, 20
323,230,230, 20
324,230,230, 20
325,229,229, 21
326,229,229, 21
327,229,229, 21
328,229,229, 21
329,229,229, 21
330,229,229, 21
331,227,227, 23
332,227,227, 23
333,227,227, 23
334,227,227, 23
335,227,227, 23
336,227,227, 23
337,227,227, 23
338,226,226, 24
339,225,225, 25
340,225,225, 25
341,225,225, 25
342,225,225, 25
343,225,225, 25
344,225,225, 25
345,225,225, 25
346,225,225, 25
347,225,225, 25
348,225,225, 25
349,224,224, 26
350,223,223, 27
351,223,223, 27
352,223,223, 27
353,223,223, 27
354,223,223, 27
355,222,222, 28
356,221,221, 29
357,221,221, 29
358,221,221, 29
359,220,220, 30
360,219,219, 31
361,219,219, 31
362,219,219, 31
363,219,219, 31
364,219,219, 31
365,219,219, 31
366,219,219, 31
367,219,219, 31
368,219,219, 31
369,219,219, 31
370,219,219, 31
371,219,219, 31
372,219,219, 31
373,219,219, 31
374,219,219, 31
375,219,219, 31
376,219,219, 31
377,219,219, 31
378,219,219, 31
379,219,219, 31
380,219,219, 31
381,219,219, 31
382,219,219, 31
383,219,219, 31
384,219,219, 31
385,219,219, 31
386,219,219, 31
387,218,218, 32
388,218,218, 32
389,218,218, 32
390,218,218, 32
391,218,218, 32
392,218,218, 32
393,218,218, 32
394,218,218, 32
395,218,218, 32
396,218,218, 32
397,218,218, 32
398,218,218, 32
399,218,218, 32
400,218,218, 32
401,218,218, 32
402,218,218, 32
403,218,218, 32
404,218,218, 32
405,218,218, 32
406,218,218, 32
407,218,218, 32
408,218,218, 32
409,218,218, 32
410,218,218, 32
411,218,218, 32
412,218,218, 32
413,218,218, 32
414,218,218, 32
415,218,218, 32
416,218,218, 32
417,218,218, 32
418,218,218, 32
419,218,218, 32
420,218,218, 32
421,218,218, 32
422,218,218, 32
423,218,218, 32
424,218,218, 32
425,218,218, 32
426,218,218, 32
427,218,218, 32
428,218,218, 32
429,218,218, 32
430,218,218, 32
431,218,218, 32
432,218,218, 32
433,218,218, 32
434,218,218, 32
435,218,218, 32
436,218,218, 32
437,218,218, 32
438,218,218, 32
439,218,218, 32
440,218,218, 32
441,218,218, 32
442,218,218, 32
443,218,218, 32
444,218,218, 32
445,218,218, 32
446,218,218, 32
447,218,218, 32
448,218,218, 32
449,218,218, 32
450,218,218, 32
451,218,218, 32
452,218,218, 32
453,218,218, 32
454,218,218, 32
455,218,218, 32
456,218,218, 32
457,218,218, 32
458,218,218, 32
459,218,218, 32
460,218,218, 32
461,218,218, 32
462,218,218, 32
463,218,218, 32
464,218,218, 32
465,218,218, 32
466,218,218, 32
467,218,218, 32
468,218,218, 32
469,218,218, 32
470,218,218, 32
471,218,218, 32
472,218,218, 32
473,218,218, 32
474,218,218, 32
475,218,218, 32
476,218,218, 32
477,218,218, 32
478,218,218, 32
479,218,218, 32
480,218,218, 32
481,218,218, 32
482,218,218, 32
483,218,218, 32
484,218,218, 32
485,218,218, 32
486,218,218, 32
487,218,218, 32
488,218,218, 32
489,218,218, 32
490,218,218, 32
491,216,216, 34
492,216,216, 34
493,215,215, 35
494,215,215, 35
495,215,215, 35
496,215,215, 35
497,215,215, 35
498,215,215, 35
499,215,215, 35
500,215,215, 35
501,215,215, 35
502,215,215, 35
503,215,215, 35
504,215,215, 35
505,215,215, 35
506,215,215, 35
507,215,215, 35
508,215,215, 35
509,215,215, 35
510,215,215, 35
511,215,215, 35
512,215,215, 35
513,215,215, 35
514,215,215, 35
515,215,215, 35
516,215,215, 35
517,215,215, 35
518,214,214, 36
519,214,214, 36
520,214,214, 36
521,214,214, 36
522,214,214, 36
523,214,214, 36
524,214,214, 36
525,214,214, 36
526,214,214, 36
527,214,214, 36
528,214,214, 36
529,214,214, 36
530,214,214, 36
531,214,214, 36
532,213,213, 37
533,213,213, 37
534,213,213, 37
535,213,213, 37
536,212,212, 38
537,212,212, 38
538,211,211, 39
539,211,211, 39
540,211,211, 39
541,211,211, 39
542,211,211, 39
543,211,211, 39
544,211,211, 39
545,211,211, 39
546,211,211, 39
547,211,211, 39
548,211,211, 39
549,211,211, 39
550,211,211, 39
551,211,211, 39
552,211,211, 39
553,211,211, 39
554,211,211, 39
555,211,211, 39
556,211,211, 39
557,211,211, 39
558,211,211, 39
559,211,211, 39
560,211,211, 39
561,211,211, 39
562,211,211, 39
563,211,211, 39
564,211,211, 39
565,211,211, 39
566,211,211, 39
567,211,211, 39
568,211,211, 39
569,211,211, 39
570,211,211, 39
571,211,211, 39
572,211,211, 39
573,210,210, 40
574,210,210, 40
575,210,210, 40
576,210,210, 40
577,210,210, 40
578,210,210, 40
579,210,210, 40
580,210,210, 40
581,210,210, 40
582,210,210, 40
583,210,210, 40
584,210,210, 40
585,209,209, 41
586,209,209, 41
587,209,209, 41
588,209,209, 41
589,209,209, 41
590,209,209, 41
591,209,209, 41
592,209,209, 41
593,209,209, 41
594,209,209, 41
595,209,209, 41
596,209,209, 41
597,209,209, 41
598,209,209, 41
599,209,209, 41
600,209,209, 41
601,209,209, 41
602,209,209, 41
603,209,209, 41
604,209,209, 41
605,209,209, 41
606,209,209, 41
607,209,209, 41
608,209,209, 41
609,209,209, 41
610,209,209, 41
611,209,209, 41
612,209,209, 41
613,209,209, 41
614,209,209, 41
615,209,209, 41
616,209,209, 41
617,209,209, 41
618,209,209, 41
619,209,209, 41
620,209,209, 41
621,209,209, 41
622,209,209, 41
623,209,209, 41
624,209,209, 41
625,209,209, 41
626,209,209, 41
627,209,209, 41
628,209,209, 41
629,209,209, 41
630,209,209, 41
631,209,209, 41
632,209,209, 41
633,209,209, 41
634,209,209, 41
635,209,209, 41
636,209,209, 41
637,209,209, 41
638,209,209, 41
639,209,209, 41
640,209,209, 41
641,209,209, 41
642,209,209, 41
643,209,209, 41
644,209,209, 41
645,209,209, 41
646,209,209, 41
647,209,209, 41
648,209,209, 41
649,209,209, 41
650,209,209, 41
651,209,209, 41
652,209,209, 41
653,209,209, 41
654,209,209, 41
655,209,209, 41
656,209,209, 41
657,209,209, 41
658,209,209, 41
659,209,209, 41
660,207,207, 43
661,207,207, 43
662,207,207, 43
663,207,207, 43
664,207,207, 43
665,207,207, 43
666,207,207, 43
667,207,207, 43
668,207,207, 43
669,207,207, 43
670,207,207, 43
671,207,207, 43
672,207,207, 43
673,207,207, 43
674,207,207, 43
675,207,207, 43
676,207,207, 43
677,207,207, 43
678,207,207, 43
679,207,207, 43
680,207,207, 43
681,207,207, 43
682,207,207, 43
683,207,207, 43
684,207,207, 43
685,207,207, 43
686,207,207, 43
687,207,207, 43
688,207,207, 43
689,207,207, 43
690,207,207, 43
691,207,207, 43
692,207,207, 43
693,207,207, 43
694,207,207, 43
695,207,207, 43
696,207,207, 43
697,206,206, 44
698,206,206, 44
699,206,206, 44
700,206,206, 44
701,206,206, 44
702,206,206, 44
703,206,206, 44
704,206,206, 44
705,206,206, 44
706,206,206, 44
707,206,206, 44
708,206,206, 44
709,206,206, 44
710,206,206, 44
711,206,206, 44
712,206,206, 44
713,206,206, 44
714,206,206, 44
715,206,206, 44
716,206,206, 44
717,206,206, 44
718,206,206, 44
719,206,206, 44
720,206,206, 44
721,206,206, 44
722,206,206, 44
723,206,206, 44
724,206,206, 44
725,206,206, 44
726,206,206, 44
727,206,206, 44
728,206,206, 44
729,206,206, 44
730,206,206, 44
731,206,206, 44
732,205,205, 45
733,205,205, 45
734,205,205, 45
735,205,205, 45
736,205,205, 45
737,205,205, 45
738,205,205, 45
739,205,205, 45
740,205,205, 45
741,205,205, 45
742,205,205, 45
743,205,205, 45
744,205,205, 45
745,205,205, 45
746,205,205, 45
747,205,205, 45
748,205,205, 45
749,205,205, 45
750,205,205, 45
751,205,205, 45
752,205,205, 45
753,204,204, 46
754,204,204, 46
755,204,204, 46
756,204,204, 46
757,204,204, 46
758,204,204, 46
759,204,204, 46
760,204,204, 46
761,204,204, 46
762,204,204, 46
763,204,204, 46
764,204,204, 46
765,202,202, 48
766,202,202, 48
767,201,201, 49
768,201,201, 49
769,201,201, 49
770,201,201, 49
771,201,201, 49
772,201,201, 49
773,201,201, 49
774,201,201, 49
775,201,201, 49
776,201,201, 49
777,201,201, 49
778,201,201, 49
779,201,201, 49
780,200,200, 50
781,200,200, 50
782,200,200, 50
783,200,200, 50
784,200,200, 50
785,200,200, 50
786,200,200, 50
787,200,200, 50
788,200,200, 50
789,200,200, 50
790,200,200, 50
791,200,200, 50
792,200,200, 50
793,200,200, 50
794,200,200, 50
795,200,200, 50
796,200,200, 50
797,200,200, 50
798,200,200, 50
799,200,200, 50
800,200,200, 50
801,200,200, 50
802,200,200, 50
803,200,200, 50
804,200,200, 50
805,200,200, 50
806,200,200, 50
807,200,200, 50
808,200,200, 50
809,200,200, 50
810,200,200, 50
811,200,200, 50
812,200,200, 50
813,200,200, 50
814,200,200, 50
815,200,200, 50
816,200,200, 50
817,200,200, 50
818,200,200, 50
819,200,200, 50
820,200,200, 50
821,200,200, 50
822,200,200, 50
823,200,200, 50
824,200,200, 50
825,200,200, 50
826,200,200, 50
827,200,200, 50
828,200,200, 50
829,199,199, 51
830,199,199, 51
831,199,199, 51
832,199,199, 51
833,199,199, 51
834,199,199, 51
835,199,199, 51
836,199,199, 51
837,199,199, 51
838,199,199, 51
839,199,199, 51
840,199,199, 51
841,199,199, 51
842,199,199, 51
843,199,199, 51
844,199,199, 51
845,199,199, 51
846,199,199, 51
847,199,199, 51
848,199,199, 51
849,199,199, 51
850,199,199, 51
851,199,199, 51
852,199,199, 51
853,199,199, 51
854,199,199, 51
855,199,199, 51
856,199,199, 51
857,199,199, 51
858,198,198, 52
859,198,198, 52
860,197,197, 53
861,197,197, 53
862,197,197, 53
863,197,197, 53
864,197,197, 53
865,197,197, 53
866,197,197, 53
867,197,197, 53
868,197,197, 53
869,197,197, 53
870,197,197, 53
871,197,197, 53
872,197,197, 53
873,197,197, 53
874,197,197, 53
875,195,195, 55
876,195,195, 55
877,195,195, 55
878,195,195, 55
879,195,195, 55
880,195,195, 55
881,195,195, 55
882,195,195, 55
883,195,195, 55
884,195,195, 55
885,195,195, 55
886,195,195, 55
887,195,195, 55
888,195,195, 55
889,195,195, 55
890,195,195, 55
891,195,195, 55
892,195,195, 55
893,195,195, 55
894,195,195, 55
895,195,195, 55
896,195,195, 55
897,195,195, 55
898,195,195, 55
899,195,195, 55
900,195,195, 55
901,195,195, 55
902,195,195, 55
903,195,195, 55
904,195,195, 55
905,195,195, 55
906,195,195, 55
907,195,195, 55
908,195,195, 55
909,195,195, 55
910,195,195, 55
911,195,195, 55
912,195,195, 55
913,195,195, 55
914,195,195, 55
915,195,195, 55
916,195,195, 55
917,195,195, 55
918,195,195, 55
919,195,195, 55
920,195,195, 55
921,195,195, 55
922,195,195, 55
923,195,195, 55
924,195,195, 55
925,195,195, 55
926,195,195, 55
927,195,195, 55
928,195,195, 55
929,195,195, 55
930,195,195, 55
931,195,195, 55
932,195,195, 55
933,195,195, 55
934,195,195, 55
935,195,195, 55
936,195,195, 55
937,195,195, 55
938,195,195, 55
939,195,195, 55
940,195,195, 55
941,195,195, 55
942,195,195, 55
943,195,195, 55
944,195,195, 55
945,195,195, 55
946,195,195, 55
947,195,195, 55
948,194,194, 56
949,194,194, 56
950,194,194, 56
951,194,194, 56
952,194,194, 56
953,194,194, 56
954,194,194, 56
955,194,194, 56
956,194,194, 56
957,194,194, 56
958,194,194, 56
959,194,194, 56
960,194,194, 56
961,194,194, 56
962,194,194, 56
963,194,194, 56
964,194,194, 56
965,194,194, 56
966,194,194, 56
967,194,194, 56
968,194,194, 56
969,194,194, 56
970,194,194, 56
971,194,194, 56
972,194,194, 56
973,194,194, 56
974,194,194, 56
975,194,194, 56
976,194,194, 56
977,194,194, 56
978,194,194, 56
979,194,194, 56
980,194,194, 56
981,194,194, 56
982,194,194, 56
983,194,194, 56
984,194,194, 56
985,194,194, 56
986,194,194, 56
987,193,193, 57
988,193,193, 57
989,193,193, 57
990,193,193, 57
991,193,193, 57
992,193,193, 57
993,193,193, 57
994,193,193, 57
995,193,193, 57
996,193,193, 57
997,193,193, 57
998,193,193, 57
999,193,193, 57
1000,193,193, 57
1001,193,193, 57
1002,192,192, 58
1003,192,192, 58
1004,192,192, 58
1005,192,192, 58
1006,192,192, 58
1007,192,192, 58
1008,192,192, 58
1009,192,192, 58
1010,192,192, 58
1011,192,192, 58
1012,192,192, 58
1013,191,191, 59
1014,191,191, 59
1015,191,191, 59
1016,191,191, 59
1017,191,191, 59
1018,191,191, 59
1019,191,191, 59
1020,191,191, 59
1021,191,191, 59
1022,191,191, 59
1023,191,191, 59
1024,191,191, 59
1025,191,191, 59
1026,191,191, 59
1027,191,191, 59
1028,191,191, 59
1029,191,191, 59
1030,191,191, 59
1031,191,191, 59
1032,191,191, 59
1033,191,191, 59
1034,191,191, 59
1035,191,191, 59
1036,191,191, 59
1037,191,191, 59
1038,191,191, 59
1039,190,190, 60
1040,190,190, 60
1041,190,190, 60
1042,190,190, 60
1043,190,190, 60
1044,190,190, 60
1045,190,190, 60
1046,189,189, 61
1047,189,189, 61
1048,189,189, 61
1049,189,189, 61
1050,189,189, 61
1051,189,189, 61
1052,189,189, 61
1053,189,189, 61
1054,189,189, 61
1055,189,189, 61
1056,189,189, 61
1057,189,189, 61
1058,189,189, 61
1059,189,189, 61
1060,189,189, 61
1061,189,189, 61
1062,189,189, 61
1063,189,189, 61
1064,189,189, 61
1065,189,189, 61
1066,189,189, 61
1067,189,189, 61
1068,189,189, 61
1069,189,189, 61
1070,189,189, 61
1071,189,189, 61
1072,189,189, 61
1073,189,189, 61
1074,189,189, 61
1075,189,189, 61
1076,189,189, 61
1077,189,189, 61
1078,189,189, 61
1079,189,189, 61
1080,189,189, 61
1081,189,189, 61
1082,189,189, 61
1083,189,189, 61
1084,189,189, 61
1085,189,189, 61
1086,189,189, 61
1087,189,189, 61
1088,189,189, 61
1089,189,189, 61
1090,189,189, 61
1091,189,189, 61
1092,189,189, 61
1093,189,189, 61
1094,189,189, 61
1095,189,189, 61
1096,189,189, 61
1097,188,188, 62
1098,188,188, 62
1099,188,188, 62
1100,188,188, 62
1101,188,188, 62
1102,186,186, 64
1103,186,186, 64
1104,186,186, 64
1105,186,186, 64
1106,186,186, 64
1107,186,186, 64
1108,186,186, 64
1109,186,186, 64
1110,186,186, 64
1111,186,186, 64
1112,186,186, 64
1113,186,186, 64
1114,186,186, 64
1115,186,186, 64
1116,186,186, 64
1117,186,186, 64
1118,186,186, 64
1119,186,186, 64
1120,186,186, 64
1121,186,186, 64
1122,186,186, 64
1123,186,186, 64
1124,186,186, 64
1125,186,186, 64
1126,186,186, 64
1127,186,186, 64
1128,186,186, 64
1129,186,186, 64
1130,186,186, 64
1131,186,186, 64
1132,186,186, 64
1133,186,186, 64
1134,186,186, 64
1135,186,186, 64
1136,186,186, 64
1137,186,186, 64
1138,186,186, 64
1139,186,186, 64
1140,186,186, 64
1141,186,186, 64
1142,186,186, 64
1143,186,186, 64
1144,186,186, 64
1145,186,186, 64
1146,186,186, 64
1147,186,186, 64
1148,186,186, 64
1149,186,186, 64
1150,186,186, 64
1151,186,186, 64
1152,186,186, 64
1153,186,186, 64
1154,186,186, 64
1155,186,186, 64
1156,186,186, 64
1157,186,186, 64
1158,186,186, 64
1159,186,186, 64
1160,186,186, 64
1161,186,186, 64
1162,186,186, 64
1163,186,186, 64
1164,186,186, 64
1165,186,186, 64
1166,186,186, 64
1167,186,186, 64
1168,186,186, 64
1169,186,186, 64
1170,186,186, 64
1171,186,186, 64
1172,186,186, 64
1173,186,186, 64
1174,186,186, 64
1175,186,186, 64
1176,186,186, 64
1177,186,186, 64
1178,186,186, 64
1179,186,186, 64
1180,186,186, 64
1181,186,186, 64
1182,186,186, 64
1183,186,186, 64
1184,186,186, 64
1185,186,186, 64
1186,186,186, 64
1187,186,186, 64
1188,186,186, 64
1189,186,186, 64
1190,186,186, 64
1191,186,186, 64
1192,186,186, 64
1193,186,186, 64
1194,186,186, 64
1195,186,186, 64
1196,186,186, 64
1197,186,186, 64
1198,186,186, 64
1199,186,186, 64
1200,186,186, 64
1201,186,186, 64
1202,186,186, 64
1203,186,186, 64
1204,186,186, 64
1205,186,186, 64
1206,186,186, 64
1207,186,186, 64
1208,186,186, 64
1209,185,185, 65
1210,185,185, 65
1211,185,185, 65
1212,185,185, 65
1213,185,185, 65
1214,185,185, 65
1215,185,185, 65
1216,185,185, 65
1217,185,185, 65
1218,185,185, 65
1219,185,185, 65
1220,185,185, 65
1221,185,185, 65
1222,185,185, 65
1223,185,185, 65
1224,185,185, 65
1225,185,185, 65
1226,185,185, 65
1227,185,185, 65
1228,185,185, 65
1229,185,185, 65
1230,185,185, 65
1231,185,185, 65
1232,185,185, 65
1233,185,185, 65
1234,184,184, 66
1235,184,184, 66
1236,184,184, 66
1237,184,184, 66
1238,184,184, 66
1239,184,184, 66
1240,184,184, 66
1241,184,184, 66
1242,184,184, 66
1243,184,184, 66
1244,184,184, 66
1245,184,184, 66
1246,183,183, 67
1247,183,183, 67
1248,183,183, 67
1249,183,183, 67
1250,183,183, 67
1251,183,183, 67
1252,183,183, 67
1253,183,183, 67
1254,183,183, 67
1255,183,183, 67
1256,183,183, 67
1257,183,183, 67
1258,183,183, 67
1259,183,183, 67
1260,183,183, 67
1261,183,183, 67
1262,183,183, 67
1263,183,183, 67
1264,183,183, 67
1265,183,183, 67
1266,183,183, 67
1267,183,183, 67
1268,183,183, 67
1269,183,183, 67
1270,183,183, 67
1271,183,183, 67
1272,183,183, 67
1273,183,183, 67
1274,183,183, 67
1275,183,183, 67
1276,183,183, 67
1277,183,183, 67
1278,183,183, 67
1279,183,183, 67
1280,183,183, 67
1281,183,183, 67
1282,183,183, 67
1283,183,183, 67
1284,183,183, 67
1285,183,183, 67
1286,183,183, 67
1287,183,183, 67
1288,183,183, 67
1289,183,183, 67
1290,183,183, 67
1291,183,183, 67
1292,183,183, 67
1293,183,183, 67
1294,183,183, 67
1295,183,183, 67
1296,183,183, 67
1297,183,183, 67
1298,183,183, 67
1299,183,183, 67
1300,183,183, 67
1301,183,183, 67
1302,183,183, 67
1303,183,183, 67
1304,183,183, 67
1305,183,183, 67
1306,183,183, 67
1307,183,183, 67
1308,183,183, 67
1309,183,183, 67
1310,183,183, 67
1311,183,183, 67
1312,183,183, 67
1313,183,183, 67
1314,183,183, 67
1315,183,183, 67
1316,183,183, 67
1317,183,183, 67
1318,183,183, 67
1319,183,183, 67
1320,183,183, 67
1321,183,183, 67
1322,183,183, 67
1323,183,183, 67
1324,183,183, 67
1325,183,183, 67
1326,183,183, 67
1327,183,183, 67
1328,183,183, 67
1329,183,183, 67
1330,183,183, 67
1331,183,183, 67
1332,183,183, 67
1333,183,183, 67
1334,183,183, 67
1335,183,183, 67
1336,183,183, 67
1337,183,183, 67
1338,183,183, 67
1339,183,183, 67
1340,183,183, 67
1341,183,183, 67
1342,183,183, 67
1343,183,183, 67
1344,183,183, 67
1345,183,183, 67
1346,183,183, 67
1347,183,183, 67
1348,183,183, 67
1349,183,183, 67
1350,183,183, 67
1351,183,183, 67
1352,183,183, 67
1353,183,183, 67
1354,183,183, 67
1355,183,183, 67
1356,183,183, 67
1357,183,183, 67
1358,183,183, 67
1359,183,183, 67
1360,183,183, 67
1361,182,182, 68
1362,182,182, 68
1363,182,182, 68
1364,182,182, 68
1365,182,182, 68
1366,182,182, 68
1367,182,182, 68
1368,182,182, 68
1369,182,182, 68
1370,182,182, 68
1371,182,182, 68
1372,182,182, 68
1373,182,182, 68
1374,182,182, 68
1375,182,182, 68
1376,182,182, 68
1377,182,182, 68
1378,182,182, 68
1379,182,182, 68
1380,182,182, 68
1381,182,182, 68
1382,182,182, 68
1383,182,182, 68
1384,182,182, 68
1385,182,182, 68
1386,182,182, 68
1387,182,182, 68
1388,182,182, 68
1389,182,182, 68
1390,182,182, 68
1391,182,182, 68
1392,182,182, 68
1393,182,182, 68
1394,182,182, 68
1395,182,182, 68
1396,181,181, 69
1397,181,181, 69
1398,181,181, 69
1399,181,181, 69
1400,181,181, 69
1401,181,181, 69
1402,181,181, 69
1403,181,181, 69
1404,181,181, 69
1405,181,181, 69
1406,181,181, 69
1407,181,181, 69
1408,181,181, 69
1409,181,181, 69
1410,181,181, 69
1411,181,181, 69
1412,181,181, 69
1413,181,181, 69
1414,181,181, 69
1415,181,181, 69
1416,181,181, 69
1417,181,181, 69
1418,181,181, 69
1419,181,181, 69
1420,181,181, 69
1421,181,181, 69
1422,181,181, 69
1423,181,181, 69
1424,181,181, 69
1425,181,181, 69
1426,181,181, 69
1427,181,181, 69
1428,181,181, 69
1429,181,181, 69
1430,180,180, 70
1431,180,180, 70
1432,180,180, 70
1433,180,180, 70
1434,180,180, 70
1435,180,180, 70
1436,180,180, 70
1437,180,180, 70
1438,180,180, 70
1439,180,180, 70
1440,180,180, 70
1441,180,180, 70
1442,180,180, 70
1443,180,180, 70
1444,180,180, 70
1445,180,180, 70
1446,180,180, 70
1447,180,180, 70
1448,180,180, 70
1449,180,180, 70
1450,180,180, 70
1451,180,180, 70
1452,180,180, 70
1453,180,180, 70
1454,180,180, 70
1455,180,180, 70
1456,180,180, 70
1457,180,180, 70
1458,180,180, 70
1459,180,180, 70
1460,180,180, 70
1461,180,180, 70
1462,180,180, 70
1463,180,180, 70
1464,180,180, 70
1465,180,180, 70
1466,180,180, 70
1467,180,180, 70
1468,180,180, 70
1469,180,180, 70
1470,180,180, 70
1471,180,180, 70
1472,180,180, 70
1473,180,180, 70
1474,180,180, 70
1475,180,180, 70
1476,180,180, 70
1477,180,180, 70
1478,180,180, 70
1479,180,180, 70
1480,180,180, 70
1481,180,180, 70
1482,180,180, 70
1483,180,180, 70
1484,180,180, 70
1485,180,180, 70
1486,180,180, 70
1487,180,180, 70
1488,180,180, 70
1489,180,180, 70
1490,180,180, 70
1491,180,180, 70
1492,180,180, 70
1493,180,180, 70
1494,180,180, 70
1495,180,180, 70
1496,180,180, 70
1497,180,180, 70
1498,180,180, 70
1499,180,180, 70
