0,249,249, 1
1,249,249, 1
2,249,249, 1
3,249,249, 1
4,249,249, 1
5,249,249, 1
6,249,249, 1
7,249,249, 1
8,249,249, 1
9,249,249, 1
10,249,249, 1
11,249,249, 1
12,249,249, 1
13,248,248, 2
14,248,248, 2
15,248,248, 2
16,248,248, 2
17,248,248, 2
18,248,248, 2
19,248,248, 2
20,248,248, 2
21,248,248, 2
22,248,248, 2
23,248,248, 2
24,248,248, 2
25,248,248, 2
26,248,248, 2
27,248,248, 2
28,247,247, 3
29,247,247, 3
30,247,247, 3
31,247,247, 3
32,247,247, 3
33,247,247, 3
34,247,247, 3
35,247,247, 3
36,247,247, 3
37,247,247, 3
38,247,247, 3
39,247,247, 3
40,247,247, 3
41,247,247, 3
42,247,247, 3
43,247,247, 3
44,247,247, 3
45,247,247, 3
46,247,247, 3
47,247,247, 3
48,247,247, 3
49,247,247, 3
50,247,247, 3
51,247,247, 3
52,247,247, 3
53,247,247, 3
54,247,247, 3
55,247,247, 3
56,247,247, 3
57,247,247, 3
58,247,247, 3
59,247,247, 3
60,247,247, 3
61,246,246, 4
62,246,246, 4
63,246,246, 4
64,246,246, 4
65,246,246, 4
66,246,246, 4
67,246,246, 4
68,247,247, 3
69,247,247, 3
70,247,247, 3
71,247,247, 3
72,247,247, 3
73,247,247, 3
74,247,247, 3
75,247,247, 3
76,247,247, 3
77,246,246, 4
78,246,246, 4
79,246,246, 4
80,246,246, 4
81,246,246, 4
82,246,246, 4
83,246,246, 4
84,246,246, 4
85,246,246, 4
86,246,246, 4
87,246,246, 4
88,246,246, 4
89,246,246, 4
90,246,246, 4
91,246,246, 4
92,246,246, 4
93,246,246, 4
94,246,246, 4
95,246,246, 4
96,246,246, 4
97,246,246, 4
98,245,245, 5
99,245,245, 5
100,245,245, 5
101,244,244, 6
102,244,244, 6
103,244,244, 6
104,244,244, 6
105,244,244, 6
106,244,244, 6
107,244,244, 6
108,244,244, 6
109,244,244, 6
110,244,244, 6
111,244,244, 6
112,244,244, 6
113,243,243, 7
114,243,243, 7
115,243,243, 7
116,243,243, 7
117,243,243, 7
118,243,243, 7
119,243,243, 7
120,243,243, 7
121,243,243, 7
122,242,242, 8
123,242,242, 8
124,242,242, 8
125,242,242, 8
126,242,242, 8
127,242,242, 8
128,240,240, 10
129,240,240, 10
130,240,240, 10
131,240,240, 10
132,240,240, 10
133,240,240, 10
134,240,240, 10
135,240,240, 10
136,240,240, 10
137,240,240, 10
138,240,240, 10
139,240,240, 10
140,240,240, 10
141,240,240, 10
142,239,239, 11
143,239,239, 11
144,239,239, 11
145,239,239, 11
146,239,239, 11
147,239,239, 11
148,239,239, 11
149,239,239, 11
150,239,239, 11
151,239,239, 11
152,239,239, 11
153,239,239, 11
154,239,239, 11
155,239,239, 11
156,239,239, 11
157,239,239, 11
158,239,239, 11
159,239,239, 11
160,239,239, 11
161,239,239, 11
162,238,238, 12
163,238,238, 12
164,238,238, 12
165,237,237, 13
166,237,237, 13
167,237,237, 13
168,237,237, 13
169,237,237, 13
170,237,237, 13
171,237,237, 13
172,237,237, 13
173,237,237, 13
174,237,237, 13
175,237,237, 13
176,237,237, 13
177,237,237, 13
178,237,237, 13
179,237,237, 13
180,237,237, 13
181,237,237, 13
182,237,237, 13
183,237,237, 13
184,237,237, 13
185,237,237, 13
186,237,237, 13
187,237,237, 13
188,237,237, 13
189,237,237, 13
190,237,237, 13
191,237,237, 13
192,237,237, 13
193,237,237, 13
194,237,237, 13
195,237,237, 13
196,237,237, 13
197,237,237, 13
198,237,237, 13
199,237,237, 13
200,237,237, 13
201,237,237, 13
202,237,237, 13
203,237,237, 13
204,237,237, 13
205,237,237, 13
206,237,237, 13
207,237,237, 13
208,237,237, 13
209,237,237, 13
210,237,237, 13
211,237,237, 13
212,237,237, 13
213,237,237, 13
214,237,237, 13
215,237,237, 13
216,237,237, 13
217,237,237, 13
218,237,237, 13
219,237,237, 13
220,237,237, 13
221,237,237, 13
222,237,237, 13
223,237,237, 13
224,237,237, 13
225,237,237, 13
226,237,237, 13
227,237,237, 13
228,237,237, 13
229,237,237, 13
230,237,237, 13
231,237,237, 13
232,237,237, 13
233,237,237, 13
234,237,237, 13
235,237,237, 13
236,237,237, 13
237,237,237, 13
238,237,237, 13
239,237,237, 13
240,237,237, 13
241,237,237, 13
242,237,237, 13
243,237,237, 13
244,237,237, 13
245,237,237, 13
246,237,237, 13
247,237,237, 13
248,237,237, 13
249,237,237, 13
250,237,237, 13
251,237,237, 13
252,237,237, 13
253,237,237, 13
254,237,237, 13
255,237,237, 13
256,237,237, 13
257,237,237, 13
258,237,237, 13
259,237,237, 13
260,237,237, 13
261,237,237, 13
262,237,237, 13
263,237,237, 13
264,237,237, 13
265,237,237, 13
266,237,237, 13
267,237,237, 13
268,237,237, 13
269,237,237, 13
270,237,237, 13
271,237,237, 13
272,237,237, 13
273,237,237, 13
274,237,237, 13
275,237,237, 13
276,237,237, 13
277,237,237, 13
278,237,237, 13
279,237,237, 13
280,237,237, 13
281,237,237, 13
282,237,237, 13
283,237,237, 13
284,237,237, 13
285,237,237, 13
286,237,237, 13
287,237,237, 13
288,237,237, 13
289,237,237, 13
290,237,237, 13
291,236,236, 14
292,236,236, 14
293,236,236, 14
294,236,236, 14
295,236,236, 14
296,236,236, 14
297,236,236, 14
298,236,236, 14
299,236,236, 14
300,236,236, 14
301,236,236, 14
302,236,236, 14
303,235,235, 15
304,235,235, 15
305,235,235, 15
306,235,235, 15
307,235,235, 15
308,235,235, 15
309,235,235, 15
310,235,235, 15
311,235,235, 15
312,235,235, 15
313,235,235, 15
314,235,235, 15
315,235,235, 15
316,235,235, 15
317,235,235, 15
318,235,235, 15
319,235,235, 15
320,235,235, 15
321,234,234, 16
322,234,234, 16
323,234,234, 16
324,234,234, 16
325,234,234, 16
326,234,234, 16
327,234,234, 16
328,234,234, 16
329,234,234, 16
330,234,234, 16
331,233,233, 17
332,233,233, 17
333,233,233, 17
334,233,233, 17
335,233,233, 17
336,232,232, 18
337,232,232, 18
338,232,232, 18
339,232,232, 18
340,232,232, 18
341,232,232, 18
342,232,232, 18
343,232,232, 18
344,232,232, 18
345,232,232, 18
346,232,232, 18
347,232,232, 18
348,232,232, 18
349,232,232, 18
350,232,232, 18
351,232,232, 18
352,232,232, 18
353,232,232, 18
354,232,232, 18
355,232,232, 18
356,232,232, 18
357,232,232, 18
358,232,232, 18
359,232,232, 18
360,232,232, 18
361,232,232, 18
362,232,232, 18
363,232,232, 18
364,232,232, 18
365,232,232, 18
366,231,231, 19
367,231,231, 19
368,231,231, 19
369,231,231, 19
370,231,231, 19
371,231,231, 19
372,231,231, 19
373,231,231, 19
374,231,231, 19
375,231,231, 19
376,231,231, 19
377,231,231, 19
378,231,231, 19
379,231,231, 19
380,231,231, 19
381,231,231, 19
382,231,231, 19
383,231,231, 19
384,231,231, 19
385,231,231, 19
386,231,231, 19
387,231,231, 19
388,231,231, 19
389,231,231, 19
390,231,231, 19
391,231,231, 19
392,231,231, 19
393,231,231, 19
394,231,231, 19
395,231,231, 19
396,231,231, 19
397,231,231, 19
398,231,231, 19
399,231,231, 19
400,231,231, 19
401,231,231, 19
402,231,231, 19
403,231,231, 19
404,231,231, 19
405,231,231, 19
406,231,231, 19
407,231,231, 19
408,231,231, 19
409,231,231, 19
410,231,231, 19
411,231,231, 19
412,231,231, 19
413,231,231, 19
414,231,231, 19
415,231,231, 19
416,231,231, 19
417,231,231, 19
418,231,231, 19
419,231,231, 19
420,231,231, 19
421,231,231, 19
422,231,231, 19
423,231,231, 19
424,231,231, 19
425,231,231, 19
426,231,231, 19
427,231,231, 19
428,231,231, 19
429,231,231, 19
430,231,231, 19
431,231,231, 19
432,231,231, 19
433,231,231, 19
434,231,231, 19
435,231,231, 19
436,231,231, 19
437,231,231, 19
438,231,231, 19
439,231,231, 19
440,231,231, 19
441,231,231, 19
442,231,231, 19
443,231,231, 19
444,231,231, 19
445,231,231, 19
446,231,231, 19
447,231,231, 19
448,230,230, 20
449,230,230, 20
450,230,230, 20
451,230,230, 20
452,230,230, 20
453,230,230, 20
454,230,230, 20
455,230,230, 20
456,230,230, 20
457,230,230, 20
458,230,230, 20
459,230,230, 20
460,230,230, 20
461,230,230, 20
462,230,230, 20
463,230,230, 20
464,230,230, 20
465,230,230, 20
466,230,230, 20
467,230,230, 20
468,230,230, 20
469,230,230, 20
470,230,230, 20
471,230,230, 20
472,230,230, 20
473,230,230, 20
474,230,230, 20
475,230,230, 20
476,230,230, 20
477,229,229, 21
478,229,229, 21
479,229,229, 21
480,229,229, 21
481,229,229, 21
482,229,229, 21
483,229,229, 21
484,229,229, 21
485,229,229, 21
486,229,229, 21
487,229,229, 21
488,229,229, 21
489,229,229, 21
490,229,229, 21
491,229,229, 21
492,229,229, 21
493,229,229, 21
494,229,229, 21
495,229,229, 21
496,229,229, 21
497,229,229, 21
498,229,229, 21
499,229,229, 21
500,229,229, 21
501,229,229, 21
502,229,229, 21
503,229,229, 21
504,229,229, 21
505,229,229, 21
506,229,229, 21
507,229,229, 21
508,229,229, 21
509,229,229, 21
510,229,229, 21
511,229,229, 21
512,229,229, 21
513,229,229, 21
514,229,229, 21
515,229,229, 21
516,229,229, 21
517,229,229, 21
518,229,229, 21
519,229,229, 21
520,229,229, 21
521,229,229, 21
522,229,229, 21
523,229,229, 21
524,229,229, 21
525,229,229, 21
526,229,229, 21
527,229,229, 21
528,229,229, 21
529,229,229, 21
530,229,229, 21
531,229,229, 21
532,229,229, 21
533,229,229, 21
534,229,229, 21
535,229,229, 21
536,229,229, 21
537,229,229, 21
538,229,229, 21
539,229,229, 21
540,229,229, 21
541,229,229, 21
542,229,229, 21
543,229,229, 21
544,229,229, 21
545,229,229, 21
546,229,229, 21
547,229,229, 21
548,229,229, 21
549,229,229, 21
550,229,229, 21
551,229,229, 21
552,229,229, 21
553,229,229, 21
554,229,229, 21
555,229,229, 21
556,229,229, 21
557,229,229, 21
558,229,229, 21
559,229,229, 21
560,229,229, 21
561,229,229, 21
562,229,229, 21
563,229,229, 21
564,229,229, 21
565,229,229, 21
566,229,229, 21
567,229,229, 21
568,229,229, 21
569,229,229, 21
570,229,229, 21
571,229,229, 21
572,229,229, 21
573,229,229, 21
574,229,229, 21
575,229,229, 21
576,229,229, 21
577,229,229, 21
578,229,229, 21
579,229,229, 21
580,229,229, 21
581,229,229, 21
582,229,229, 21
583,229,229, 21
584,229,229, 21
585,229,229, 21
586,229,229, 21
587,229,229, 21
588,229,229, 21
589,229,229, 21
590,229,229, 21
591,229,229, 21
592,229,229, 21
593,229,229, 21
594,229,229, 21
595,229,229, 21
596,229,229, 21
597,229,229, 21
598,229,229, 21
599,229,229, 21
600,229,229, 21
601,229,229, 21
602,229,229, 21
603,229,229, 21
604,229,229, 21
605,229,229, 21
606,229,229, 21
607,229,229, 21
608,229,229, 21
609,229,229, 21
610,229,229, 21
611,229,229, 21
612,229,229, 21
613,229,229, 21
614,229,229, 21
615,229,229, 21
616,229,229, 21
617,229,229, 21
618,229,229, 21
619,229,229, 21
620,229,229, 21
621,229,229, 21
622,229,229, 21
623,229,229, 21
624,229,229, 21
625,229,229, 21
626,229,229, 21
627,229,229, 21
628,229,229, 21
629,229,229, 21
630,229,229, 21
631,229,229, 21
632,229,229, 21
633,229,229, 21
634,229,229, 21
635,229,229, 21
636,229,229, 21
637,229,229, 21
638,229,229, 21
639,229,229, 21
640,229,229, 21
641,229,229, 21
642,229,229, 21
643,229,229, 21
644,229,229, 21
645,229,229, 21
646,229,229, 21
647,229,229, 21
648,229,229, 21
649,229,229, 21
650,229,229, 21
651,229,229, 21
652,229,229, 21
653,229,229, 21
654,229,229, 21
655,229,229, 21
656,229,229, 21
657,228,228, 22
658,228,228, 22
659,228,228, 22
660,228,228, 22
661,228,228, 22
662,228,228, 22
663,228,228, 22
664,228,228, 22
665,228,228, 22
666,228,228, 22
667,228,228, 22
668,228,228, 22
669,228,228, 22
670,228,228, 22
671,228,228, 22
672,228,228, 22
673,228,228, 22
674,228,228, 22
675,228,228, 22
676,228,228, 22
677,228,228, 22
678,228,228, 22
679,228,228, 22
680,228,228, 22
681,228,228, 22
682,228,228, 22
683,228,228, 22
684,228,228, 22
685,228,228, 22
686,228,228, 22
687,228,228, 22
688,228,228, 22
689,228,228, 22
690,228,228, 22
691,228,228, 22
692,228,228, 22
693,228,228, 22
694,227,227, 23
695,227,227, 23
696,227,227, 23
697,227,227, 23
698,227,227, 23
699,227,227, 23
700,227,227, 23
701,227,227, 23
702,227,227, 23
703,227,227, 23
704,227,227, 23
705,227,227, 23
706,227,227, 23
707,227,227, 23
708,227,227, 23
709,227,227, 23
710,227,227, 23
711,227,227, 23
712,227,227, 23
713,227,227, 23
714,227,227, 23
715,227,227, 23
716,227,227, 23
717,227,227, 23
718,227,227, 23
719,227,227, 23
720,227,227, 23
721,227,227, 23
722,227,227, 23
723,227,227, 23
724,227,227, 23
725,227,227, 23
726,227,227, 23
727,227,227, 23
728,227,227, 23
729,227,227, 23
730,227,227, 23
731,227,227, 23
732,227,227, 23
733,227,227, 23
734,227,227, 23
735,227,227, 23
736,227,227, 23
737,227,227, 23
738,227,227, 23
739,227,227, 23
740,227,227, 23
741,227,227, 23
742,227,227, 23
743,227,227, 23
744,227,227, 23
745,227,227, 23
746,227,227, 23
747,227,227, 23
748,227,227, 23
749,227,227, 23
750,227,227, 23
751,227,227, 23
752,227,227, 23
753,227,227, 23
754,227,227, 23
755,227,227, 23
756,227,227, 23
757,227,227, 23
758,227,227, 23
759,227,227, 23
760,227,227, 23
761,227,227, 23
762,227,227, 23
763,227,227, 23
764,227,227, 23
765,227,227, 23
766,227,227, 23
767,226,226, 24
768,226,226, 24
769,226,226, 24
770,226,226, 24
771,226,226, 24
772,226,226, 24
773,226,226, 24
774,226,226, 24
775,226,226, 24
776,226,226, 24
777,226,226, 24
778,226,226, 24
779,226,226, 24
780,226,226, 24
781,226,226, 24
782,226,226, 24
783,226,226, 24
784,226,226, 24
785,226,226, 24
786,226,226, 24
787,226,226, 24
788,226,226, 24
789,226,226, 24
790,226,226, 24
791,226,226, 24
792,226,226, 24
793,226,226, 24
794,226,226, 24
795,226,226, 24
796,226,226, 24
797,226,226, 24
798,226,226, 24
799,226,226, 24
800,226,226, 24
801,226,226, 24
802,226,226, 24
803,226,226, 24
804,226,226, 24
805,226,226, 24
806,226,226, 24
807,226,226, 24
808,226,226, 24
809,226,226, 24
810,226,226, 24
811,226,226, 24
812,226,226, 24
813,226,226, 24
814,226,226, 24
815,226,226, 24
816,226,226, 24
817,226,226, 24
818,226,226, 24
819,226,226, 24
820,226,226, 24
821,226,226, 24
822,226,226, 24
823,226,226, 24
824,226,226, 24
825,226,226, 24
826,226,226, 24
827,226,226, 24
828,226,226, 24
829,226,226, 24
830,226,226, 24
831,226,226, 24
832,226,226, 24
833,226,226, 24
834,226,226, 24
835,226,226, 24
836,226,226, 24
837,226,226, 24
838,226,226, 24
839,226,226, 24
840,226,226, 24
841,226,226, 24
842,226,226, 24
843,226,226, 24
844,226,226, 24
845,226,226, 24
846,226,226, 24
847,226,226, 24
848,226,226, 24
849,226,226, 24
850,226,226, 24
851,226,226, 24
852,226,226, 24
853,226,226, 24
854,226,226, 24
855,226,226, 24
856,226,226, 24
857,226,226, 24
858,226,226, 24
859,226,226, 24
860,226,226, 24
861,226,226, 24
862,226,226, 24
863,226,226, 24
864,226,226, 24
865,226,226, 24
866,226,226, 24
867,226,226, 24
868,226,226, 24
869,226,226, 24
870,226,226, 24
871,226,226, 24
872,226,226, 24
873,226,226, 24
874,226,226, 24
875,226,226, 24
876,226,226, 24
877,226,226, 24
878,226,226, 24
879,226,226, 24
880,226,226, 24
881,226,226, 24
882,226,226, 24
883,226,226, 24
884,226,226, 24
885,226,226, 24
886,226,226, 24
887,226,226, 24
888,226,226, 24
889,226,226, 24
890,226,226, 24
891,226,226, 24
892,226,226, 24
893,226,226, 24
894,226,226, 24
895,226,226, 24
896,226,226, 24
897,226,226, 24
898,226,226, 24
899,226,226, 24
900,226,226, 24
901,226,226, 24
902,226,226, 24
903,226,226, 24
904,226,226, 24
905,226,226, 24
906,226,226, 24
907,226,226, 24
908,226,226, 24
909,226,226, 24
910,226,226, 24
911,226,226, 24
912,226,226, 24
913,226,226, 24
914,226,226, 24
915,225,225, 25
916,225,225, 25
917,225,225, 25
918,225,225, 25
919,225,225, 25
920,225,225, 25
921,225,225, 25
922,225,225, 25
923,225,225, 25
924,225,225, 25
925,225,225, 25
926,225,225, 25
927,225,225, 25
928,225,225, 25
929,225,225, 25
930,225,225, 25
931,225,225, 25
932,225,225, 25
933,225,225, 25
934,225,225, 25
935,225,225, 25
936,225,225, 25
937,225,225, 25
938,225,225, 25
939,225,225, 25
940,225,225, 25
941,225,225, 25
942,225,225, 25
943,225,225, 25
944,225,225, 25
945,225,225, 25
946,225,225, 25
947,225,225, 25
948,225,225, 25
949,225,225, 25
950,225,225, 25
951,225,225, 25
952,225,225, 25
953,225,225, 25
954,225,225, 25
955,225,225, 25
956,225,225, 25
957,225,225, 25
958,225,225, 25
959,225,225, 25
960,225,225, 25
961,225,225, 25
962,225,225, 25
963,225,225, 25
964,225,225, 25
965,225,225, 25
966,225,225, 25
967,225,225, 25
968,225,225, 25
969,225,225, 25
970,225,225, 25
971,225,225, 25
972,225,225, 25
973,225,225, 25
974,225,225, 25
975,225,225, 25
976,225,225, 25
977,225,225, 25
978,225,225, 25
979,225,225, 25
980,225,225, 25
981,225,225, 25
982,225,225, 25
983,225,225, 25
984,225,225, 25
985,225,225, 25
986,225,225, 25
987,225,225, 25
988,225,225, 25
989,225,225, 25
990,225,225, 25
991,225,225, 25
992,225,225, 25
993,225,225, 25
994,225,225, 25
995,225,225, 25
996,225,225, 25
997,225,225, 25
998,225,225, 25
999,225,225, 25
1000,225,225, 25
1001,224,224, 26
1002,224,224, 26
1003,224,224, 26
1004,224,224, 26
1005,224,224, 26
1006,224,224, 26
1007,224,224, 26
1008,224,224, 26
1009,224,224, 26
1010,224,224, 26
1011,224,224, 26
1012,224,224, 26
1013,224,224, 26
1014,224,224, 26
1015,224,224, 26
1016,224,224, 26
1017,224,224, 26
1018,224,224, 26
1019,224,224, 26
1020,224,224, 26
1021,224,224, 26
1022,224,224, 26
1023,224,224, 26
1024,224,224, 26
1025,224,224, 26
1026,224,224, 26
1027,224,224, 26
1028,224,224, 26
1029,224,224, 26
1030,224,224, 26
1031,224,224, 26
1032,224,224, 26
1033,224,224, 26
1034,224,224, 26
1035,224,224, 26
1036,224,224, 26
1037,224,224, 26
1038,224,224, 26
1039,224,224, 26
1040,224,224, 26
1041,224,224, 26
1042,224,224, 26
1043,223,223, 27
1044,223,223, 27
1045,223,223, 27
1046,223,223, 27
1047,223,223, 27
1048,223,223, 27
1049,223,223, 27
1050,223,223, 27
1051,223,223, 27
1052,223,223, 27
1053,223,223, 27
1054,223,223, 27
1055,223,223, 27
1056,223,223, 27
1057,223,223, 27
1058,223,223, 27
1059,223,223, 27
1060,223,223, 27
1061,223,223, 27
1062,223,223, 27
1063,223,223, 27
1064,223,223, 27
1065,223,223, 27
1066,223,223, 27
1067,223,223, 27
1068,223,223, 27
1069,223,223, 27
1070,223,223, 27
1071,223,223, 27
1072,223,223, 27
1073,223,223, 27
1074,223,223, 27
1075,223,223, 27
1076,223,223, 27
1077,223,223, 27
1078,223,223, 27
1079,223,223, 27
1080,223,223, 27
1081,223,223, 27
1082,223,223, 27
1083,223,223, 27
1084,223,223, 27
1085,222,222, 28
1086,222,222, 28
1087,222,222, 28
1088,222,222, 28
1089,222,222, 28
1090,222,222, 28
1091,222,222, 28
1092,222,222, 28
1093,222,222, 28
1094,222,222, 28
1095,222,222, 28
1096,222,222, 28
1097,222,222, 28
1098,222,222, 28
1099,222,222, 28
1100,222,222, 28
1101,222,222, 28
1102,222,222, 28
1103,222,222, 28
1104,222,222, 28
1105,222,222, 28
1106,222,222, 28
1107,222,222, 28
1108,222,222, 28
1109,222,222, 28
1110,222,222, 28
1111,222,222, 28
1112,222,222, 28
1113,222,222, 28
1114,222,222, 28
1115,222,222, 28
1116,222,222, 28
1117,222,222, 28
1118,222,222, 28
1119,222,222, 28
1120,222,222, 28
1121,222,222, 28
1122,222,222, 28
1123,222,222, 28
1124,222,222, 28
1125,222,222, 28
1126,222,222, 28
1127,222,222, 28
1128,222,222, 28
1129,222,222, 28
1130,222,222, 28
1131,222,222, 28
1132,222,222, 28
1133,222,222, 28
1134,222,222, 28
1135,222,222, 28
1136,222,222, 28
1137,222,222, 28
1138,222,222, 28
1139,222,222, 28
1140,222,222, 28
1141,222,222, 28
1142,222,222, 28
1143,222,222, 28
1144,222,222, 28
1145,222,222, 28
1146,222,222, 28
1147,222,222, 28
1148,222,222, 28
1149,222,222, 28
1150,222,222, 28
1151,222,222, 28
1152,222,222, 28
1153,222,222, 28
1154,222,222, 28
1155,222,222, 28
1156,222,222, 28
1157,222,222, 28
1158,222,222, 28
1159,222,222, 28
1160,222,222, 28
1161,222,222, 28
1162,222,222, 28
1163,222,222, 28
1164,222,222, 28
1165,222,222, 28
1166,222,222, 28
1167,222,222, 28
1168,222,222, 28
1169,222,222, 28
1170,222,222, 28
1171,222,222, 28
1172,222,222, 28
1173,222,222, 28
1174,222,222, 28
1175,222,222, 28
1176,222,222, 28
1177,222,222, 28
1178,222,222, 28
1179,222,222, 28
1180,222,222, 28
1181,222,222, 28
1182,222,222, 28
1183,222,222, 28
1184,222,222, 28
1185,222,222, 28
1186,222,222, 28
1187,222,222, 28
1188,222,222, 28
1189,222,222, 28
1190,222,222, 28
1191,222,222, 28
1192,222,222, 28
1193,222,222, 28
1194,222,222, 28
1195,222,222, 28
1196,222,222, 28
1197,222,222, 28
1198,222,222, 28
1199,222,222, 28
1200,222,222, 28
1201,222,222, 28
1202,222,222, 28
1203,222,222, 28
1204,222,222, 28
1205,222,222, 28
1206,222,222, 28
1207,222,222, 28
1208,222,222, 28
1209,222,222, 28
1210,222,222, 28
1211,222,222, 28
1212,222,222, 28
1213,222,222, 28
1214,222,222, 28
1215,222,222, 28
1216,222,222, 28
1217,222,222, 28
1218,222,222, 28
1219,222,222, 28
1220,222,222, 28
1221,222,222, 28
1222,222,222, 28
1223,222,222, 28
1224,222,222, 28
1225,222,222, 28
1226,222,222, 28
1227,222,222, 28
1228,222,222, 28
1229,222,222, 28
1230,222,222, 28
1231,222,222, 28
1232,222,222, 28
1233,222,222, 28
1234,222,222, 28
1235,222,222, 28
1236,222,222, 28
1237,222,222, 28
1238,222,222, 28
1239,222,222, 28
1240,222,222, 28
1241,222,222, 28
1242,222,222, 28
1243,222,222, 28
1244,222,222, 28
1245,222,222, 28
1246,222,222, 28
1247,222,222, 28
1248,221,221, 29
1249,221,221, 29
1250,221,221, 29
1251,221,221, 29
1252,221,221, 29
1253,221,221, 29
1254,221,221, 29
1255,221,221, 29
1256,221,221, 29
1257,221,221, 29
1258,221,221, 29
1259,221,221, 29
1260,221,221, 29
1261,221,221, 29
1262,221,221, 29
1263,221,221, 29
1264,221,221, 29
1265,221,221, 29
1266,221,221, 29
1267,221,221, 29
1268,221,221, 29
1269,221,221, 29
1270,221,221, 29
1271,221,221, 29
1272,221,221, 29
1273,221,221, 29
1274,221,221, 29
1275,221,221, 29
1276,221,221, 29
1277,221,221, 29
1278,221,221, 29
1279,221,221, 29
1280,221,221, 29
1281,221,221, 29
1282,221,221, 29
1283,221,221, 29
1284,221,221, 29
1285,221,221, 29
1286,221,221, 29
1287,221,221, 29
1288,221,221, 29
1289,221,221, 29
1290,221,221, 29
1291,221,221, 29
1292,221,221, 29
1293,220,220, 30
1294,220,220, 30
1295,220,220, 30
1296,220,220, 30
1297,220,220, 30
1298,220,220, 30
1299,220,220, 30
1300,220,220, 30
1301,220,220, 30
1302,220,220, 30
1303,220,220, 30
1304,220,220, 30
1305,220,220, 30
1306,220,220, 30
1307,220,220, 30
1308,220,220, 30
1309,220,220, 30
1310,220,220, 30
1311,220,220, 30
1312,220,220, 30
1313,220,220, 30
1314,220,220, 30
1315,220,220, 30
1316,220,220, 30
1317,220,220, 30
1318,220,220, 30
1319,220,220, 30
1320,220,220, 30
1321,220,220, 30
1322,220,220, 30
1323,220,220, 30
1324,220,220, 30
1325,220,220, 30
1326,220,220, 30
1327,220,220, 30
1328,220,220, 30
1329,220,220, 30
1330,220,220, 30
1331,220,220, 30
1332,220,220, 30
1333,220,220, 30
1334,220,220, 30
1335,220,220, 30
1336,220,220, 30
1337,220,220, 30
1338,220,220, 30
1339,220,220, 30
1340,220,220, 30
1341,220,220, 30
1342,220,220, 30
1343,220,220, 30
1344,220,220, 30
1345,220,220, 30
1346,220,220, 30
1347,220,220, 30
1348,220,220, 30
1349,220,220, 30
1350,220,220, 30
1351,220,220, 30
1352,220,220, 30
1353,220,220, 30
1354,220,220, 30
1355,220,220, 30
1356,220,220, 30
1357,220,220, 30
1358,220,220, 30
1359,220,220, 30
1360,220,220, 30
1361,220,220, 30
1362,220,220, 30
1363,220,220, 30
1364,220,220, 30
1365,220,220, 30
1366,220,220, 30
1367,220,220, 30
1368,220,220, 30
1369,220,220, 30
1370,220,220, 30
1371,220,220, 30
1372,220,220, 30
1373,220,220, 30
1374,220,220, 30
1375,220,220, 30
1376,220,220, 30
1377,220,220, 30
1378,220,220, 30
1379,220,220, 30
1380,220,220, 30
1381,220,220, 30
1382,220,220, 30
1383,220,220, 30
1384,220,220, 30
1385,220,220, 30
1386,220,220, 30
1387,220,220, 30
1388,220,220, 30
1389,220,220, 30
1390,220,220, 30
1391,220,220, 30
1392,220,220, 30
1393,220,220, 30
1394,220,220, 30
1395,220,220, 30
1396,220,220, 30
1397,220,220, 30
1398,220,220, 30
1399,220,220, 30
1400,220,220, 30
1401,220,220, 30
1402,220,220, 30
1403,220,220, 30
1404,220,220, 30
1405,220,220, 30
1406,220,220, 30
1407,220,220, 30
1408,220,220, 30
1409,220,220, 30
1410,220,220, 30
1411,220,220, 30
1412,220,220, 30
1413,220,220, 30
1414,220,220, 30
1415,220,220, 30
1416,220,220, 30
1417,220,220, 30
1418,220,220, 30
1419,220,220, 30
1420,220,220, 30
1421,220,220, 30
1422,220,220, 30
1423,220,220, 30
1424,220,220, 30
1425,220,220, 30
1426,220,220, 30
1427,220,220, 30
1428,220,220, 30
1429,220,220, 30
1430,220,220, 30
1431,220,220, 30
1432,220,220, 30
1433,220,220, 30
1434,220,220, 30
1435,220,220, 30
1436,220,220, 30
1437,220,220, 30
1438,220,220, 30
1439,220,220, 30
1440,220,220, 30
1441,219,219, 31
1442,219,219, 31
1443,219,219, 31
1444,219,219, 31
1445,219,219, 31
1446,219,219, 31
1447,219,219, 31
1448,219,219, 31
1449,219,219, 31
1450,219,219, 31
1451,219,219, 31
1452,219,219, 31
1453,219,219, 31
1454,219,219, 31
1455,219,219, 31
1456,219,219, 31
1457,218,218, 32
1458,218,218, 32
1459,218,218, 32
1460,218,218, 32
1461,218,218, 32
1462,218,218, 32
1463,218,218, 32
1464,218,218, 32
1465,218,218, 32
1466,218,218, 32
1467,218,218, 32
1468,218,218, 32
1469,218,218, 32
1470,218,218, 32
1471,218,218, 32
1472,218,218, 32
1473,218,218, 32
1474,218,218, 32
1475,218,218, 32
1476,218,218, 32
1477,218,218, 32
1478,218,218, 32
1479,218,218, 32
1480,218,218, 32
1481,218,218, 32
1482,218,218, 32
1483,218,218, 32
1484,218,218, 32
1485,218,218, 32
1486,218,218, 32
1487,218,218, 32
1488,218,218, 32
1489,218,218, 32
1490,218,218, 32
1491,218,218, 32
1492,218,218, 32
1493,218,218, 32
1494,218,218, 32
1495,218,218, 32
1496,218,218, 32
1497,218,218, 32
1498,218,218, 32
1499,218,218, 32
