0,250,250, 0
1,250,250, 0
2,250,250, 0
3,250,250, 0
4,250,250, 0
5,250,250, 0
6,250,250, 0
7,250,250, 0
8,250,250, 0
9,250,250, 0
10,250,250, 0
11,250,250, 0
12,250,250, 0
13,250,250, 0
14,250,250, 0
15,250,250, 0
16,250,250, 0
17,250,250, 0
18,250,250, 0
19,250,250, 0
20,250,250, 0
21,250,250, 0
22,250,250, 0
23,250,250, 0
24,250,250, 0
25,250,250, 0
26,250,250, 0
27,250,250, 0
28,250,250, 0
29,250,250, 0
30,250,250, 0
31,250,250, 0
32,250,250, 0
33,250,250, 0
34,250,250, 0
35,250,250, 0
36,250,250, 0
37,250,250, 0
38,250,250, 0
39,250,250, 0
40,250,250, 0
41,250,250, 0
42,250,250, 0
43,250,250, 0
44,250,250, 0
45,250,250, 0
46,250,250, 0
47,250,250, 0
48,250,250, 0
49,250,250, 0
50,250,250, 0
51,250,250, 0
52,250,250, 0
53,250,250, 0
54,250,250, 0
55,250,250, 0
56,250,250, 0
57,250,250, 0
58,250,250, 0
59,250,250, 0
60,250,250, 0
61,250,250, 0
62,250,250, 0
63,250,250, 0
64,250,250, 0
65,250,250, 0
66,250,250, 0
67,250,250, 0
68,250,250, 0
69,250,250, 0
70,250,250, 0
71,249,249, 1
72,249,249, 1
73,249,249, 1
74,249,249, 1
75,249,249, 1
76,249,249, 1
77,249,249, 1
78,249,249, 1
79,249,249, 1
80,249,249, 1
81,249,249, 1
82,249,249, 1
83,249,249, 1
84,249,249, 1
85,248,248, 2
86,248,248, 2
87,248,248, 2
88,248,248, 2
89,248,248, 2
90,248,248, 2
91,248,248, 2
92,248,248, 2
93,248,248, 2
94,247,247, 3
95,247,247, 3
96,247,247, 3
97,247,247, 3
98,247,247, 3
99,247,247, 3
100,247,247, 3
101,247,247, 3
102,247,247, 3
103,247,247, 3
104,246,246, 4
105,246,246, 4
106,246,246, 4
107,246,246, 4
108,246,246, 4
109,246,246, 4
110,246,246, 4
111,246,246, 4
112,246,246, 4
113,246,246, 4
114,246,246, 4
115,246,246, 4
116,246,246, 4
117,246,246, 4
118,246,246, 4
119,246,246, 4
120,245,245, 5
121,245,245, 5
122,245,245, 5
123,245,245, 5
124,245,245, 5
125,245,245, 5
126,245,245, 5
127,245,245, 5
128,245,245, 5
129,245,245, 5
130,245,245, 5
131,245,245, 5
132,245,245, 5
133,245,245, 5
134,245,245, 5
135,245,245, 5
136,245,245, 5
137,245,245, 5
138,245,245, 5
139,245,245, 5
140,245,245, 5
141,245,245, 5
142,245,245, 5
143,245,245, 5
144,245,245, 5
145,245,245, 5
146,245,245, 5
147,245,245, 5
148,245,245, 5
149,245,245, 5
150,245,245, 5
151,245,245, 5
152,245,245, 5
153,245,245, 5
154,245,245, 5
155,245,245, 5
156,245,245, 5
157,245,245, 5
158,245,245, 5
159,245,245, 5
160,245,245, 5
161,245,245, 5
162,245,245, 5
163,245,245, 5
164,245,245, 5
165,245,245, 5
166,245,245, 5
167,245,245, 5
168,245,245, 5
169,245,245, 5
170,245,245, 5
171,245,245, 5
172,245,245, 5
173,245,245, 5
174,245,245, 5
175,245,245, 5
176,245,245, 5
177,245,245, 5
178,245,245, 5
179,245,245, 5
180,245,245, 5
181,245,245, 5
182,245,245, 5
183,245,245, 5
184,245,245, 5
185,245,245, 5
186,245,245, 5
187,245,245, 5
188,245,245, 5
189,245,245, 5
190,245,245, 5
191,245,245, 5
192,245,245, 5
193,245,245, 5
194,245,245, 5
195,245,245, 5
196,245,245, 5
197,245,245, 5
198,245,245, 5
199,245,245, 5
200,245,245, 5
201,245,245, 5
202,245,245, 5
203,245,245, 5
204,245,245, 5
205,245,245, 5
206,245,245, 5
207,245,245, 5
208,245,245, 5
209,245,245, 5
210,245,245, 5
211,245,245, 5
212,245,245, 5
213,245,245, 5
214,245,245, 5
215,245,245, 5
216,245,245, 5
217,245,245, 5
218,245,245, 5
219,245,245, 5
220,245,245, 5
221,245,245, 5
222,245,245, 5
223,245,245, 5
224,245,245, 5
225,245,245, 5
226,245,245, 5
227,245,245, 5
228,245,245, 5
229,245,245, 5
230,245,245, 5
231,245,245, 5
232,245,245, 5
233,245,245, 5
234,245,245, 5
235,245,245, 5
236,245,245, 5
237,245,245, 5
238,245,245, 5
239,245,245, 5
240,245,245, 5
241,245,245, 5
242,245,245, 5
243,245,245, 5
244,245,245, 5
245,245,245, 5
246,245,245, 5
247,245,245, 5
248,245,245, 5
249,245,245, 5
250,245,245, 5
251,245,245, 5
252,245,245, 5
253,245,245, 5
254,245,245, 5
255,245,245, 5
256,245,245, 5
257,245,245, 5
258,245,245, 5
259,245,245, 5
260,245,245, 5
261,245,245, 5
262,245,245, 5
263,245,245, 5
264,245,245, 5
265,245,245, 5
266,245,245, 5
267,245,245, 5
268,245,245, 5
269,245,245, 5
270,245,245, 5
271,245,245, 5
272,245,245, 5
273,245,245, 5
274,245,245, 5
275,245,245, 5
276,245,245, 5
277,245,245, 5
278,245,245, 5
279,245,245, 5
280,245,245, 5
281,245,245, 5
282,245,245, 5
283,245,245, 5
284,245,245, 5
285,245,245, 5
286,245,245, 5
287,245,245, 5
288,245,245, 5
289,245,245, 5
290,245,245, 5
291,245,245, 5
292,245,245, 5
293,245,245, 5
294,245,245, 5
295,245,245, 5
296,245,245, 5
297,245,245, 5
298,245,245, 5
299,245,245, 5
300,245,245, 5
301,245,245, 5
302,245,245, 5
303,245,245, 5
304,245,245, 5
305,245,245, 5
306,245,245, 5
307,245,245, 5
308,245,245, 5
309,245,245, 5
310,245,245, 5
311,245,245, 5
312,245,245, 5
313,245,245, 5
314,245,245, 5
315,245,245, 5
316,245,245, 5
317,245,245, 5
318,245,245, 5
319,245,245, 5
320,245,245, 5
321,245,245, 5
322,245,245, 5
323,245,245, 5
324,245,245, 5
325,244,244, 6
326,244,244, 6
327,244,244, 6
328,244,244, 6
329,244,244, 6
330,244,244, 6
331,244,244, 6
332,244,244, 6
333,244,244, 6
334,244,244, 6
335,244,244, 6
336,244,244, 6
337,244,244, 6
338,244,244, 6
339,244,244, 6
340,244,244, 6
341,244,244, 6
342,244,244, 6
343,244,244, 6
344,244,244, 6
345,244,244, 6
346,244,244, 6
347,244,244, 6
348,244,244, 6
349,244,244, 6
350,244,244, 6
351,244,244, 6
352,244,244, 6
353,244,244, 6
354,244,244, 6
355,244,244, 6
356,244,244, 6
357,244,244, 6
358,244,244, 6
359,244,244, 6
360,244,244, 6
361,244,244, 6
362,244,244, 6
363,244,244, 6
364,244,244, 6
365,244,244, 6
366,244,244, 6
367,244,244, 6
368,244,244, 6
369,244,244, 6
370,244,244, 6
371,244,244, 6
372,244,244, 6
373,244,244, 6
374,244,244, 6
375,244,244, 6
376,244,244, 6
377,244,244, 6
378,244,244, 6
379,244,244, 6
380,244,244, 6
381,244,244, 6
382,244,244, 6
383,244,244, 6
384,244,244, 6
385,244,244, 6
386,244,244, 6
387,244,244, 6
388,244,244, 6
389,244,244, 6
390,244,244, 6
391,244,244, 6
392,244,244, 6
393,244,244, 6
394,244,244, 6
395,244,244, 6
396,244,244, 6
397,244,244, 6
398,244,244, 6
399,244,244, 6
400,244,244, 6
401,244,244, 6
402,244,244, 6
403,244,244, 6
404,244,244, 6
405,244,244, 6
406,244,244, 6
407,244,244, 6
408,244,244, 6
409,244,244, 6
410,244,244, 6
411,244,244, 6
412,244,244, 6
413,244,244, 6
414,244,244, 6
415,244,244, 6
416,244,244, 6
417,244,244, 6
418,244,244, 6
419,244,244, 6
420,244,244, 6
421,244,244, 6
422,244,244, 6
423,244,244, 6
424,244,244, 6
425,244,244, 6
426,244,244, 6
427,244,244, 6
428,244,244, 6
429,244,244, 6
430,244,244, 6
431,244,244, 6
432,244,244, 6
433,244,244, 6
434,244,244, 6
435,244,244, 6
436,244,244, 6
437,244,244, 6
438,244,244, 6
439,244,244, 6
440,244,244, 6
441,244,244, 6
442,244,244, 6
443,244,244, 6
444,244,244, 6
445,244,244, 6
446,244,244, 6
447,244,244, 6
448,244,244, 6
449,244,244, 6
450,244,244, 6
451,244,244, 6
452,244,244, 6
453,244,244, 6
454,244,244, 6
455,244,244, 6
456,244,244, 6
457,244,244, 6
458,244,244, 6
459,244,244, 6
460,244,244, 6
461,244,244, 6
462,244,244, 6
463,244,244, 6
464,244,244, 6
465,244,244, 6
466,244,244, 6
467,244,244, 6
468,244,244, 6
469,244,244, 6
470,244,244, 6
471,244,244, 6
472,244,244, 6
473,244,244, 6
474,244,244, 6
475,244,244, 6
476,244,244, 6
477,244,244, 6
478,244,244, 6
479,244,244, 6
480,244,244, 6
481,244,244, 6
482,244,244, 6
483,244,244, 6
484,244,244, 6
485,244,244, 6
486,244,244, 6
487,244,244, 6
488,244,244, 6
489,244,244, 6
490,244,244, 6
491,244,244, 6
492,244,244, 6
493,244,244, 6
494,244,244, 6
495,244,244, 6
496,244,244, 6
497,244,244, 6
498,244,244, 6
499,244,244, 6
500,244,244, 6
501,244,244, 6
502,244,244, 6
503,244,244, 6
504,244,244, 6
505,244,244, 6
506,244,244, 6
507,244,244, 6
508,244,244, 6
509,244,244, 6
510,244,244, 6
511,244,244, 6
512,244,244, 6
513,244,244, 6
514,244,244, 6
515,244,244, 6
516,244,244, 6
517,244,244, 6
518,244,244, 6
519,244,244, 6
520,244,244, 6
521,244,244, 6
522,244,244, 6
523,244,244, 6
524,244,244, 6
525,244,244, 6
526,244,244, 6
527,244,244, 6
528,244,244, 6
529,244,244, 6
530,244,244, 6
531,244,244, 6
532,244,244, 6
533,244,244, 6
534,244,244, 6
535,244,244, 6
536,244,244, 6
537,244,244, 6
538,244,244, 6
539,244,244, 6
540,244,244, 6
541,244,244, 6
542,244,244, 6
543,244,244, 6
544,244,244, 6
545,244,244, 6
546,244,244, 6
547,243,243, 7
548,243,243, 7
549,243,243, 7
550,243,243, 7
551,243,243, 7
552,243,243, 7
553,243,243, 7
554,243,243, 7
555,243,243, 7
556,243,243, 7
557,243,243, 7
558,243,243, 7
559,243,243, 7
560,243,243, 7
561,243,243, 7
562,243,243, 7
563,243,243, 7
564,243,243, 7
565,243,243, 7
566,243,243, 7
567,243,243, 7
568,243,243, 7
569,243,243, 7
570,243,243, 7
571,243,243, 7
572,243,243, 7
573,243,243, 7
574,243,243, 7
575,243,243, 7
576,243,243, 7
577,243,243, 7
578,243,243, 7
579,243,243, 7
580,243,243, 7
581,243,243, 7
582,243,243, 7
583,243,243, 7
584,243,243, 7
585,243,243, 7
586,243,243, 7
587,243,243, 7
588,243,243, 7
589,243,243, 7
590,243,243, 7
591,243,243, 7
592,243,243, 7
593,243,243, 7
594,243,243, 7
595,243,243, 7
596,243,243, 7
597,243,243, 7
598,243,243, 7
599,243,243, 7
600,243,243, 7
601,243,243, 7
602,243,243, 7
603,243,243, 7
604,243,243, 7
605,243,243, 7
606,243,243, 7
607,243,243, 7
608,243,243, 7
609,243,243, 7
610,243,243, 7
611,243,243, 7
612,243,243, 7
613,243,243, 7
614,243,243, 7
615,243,243, 7
616,243,243, 7
617,243,243, 7
618,243,243, 7
619,243,243, 7
620,243,243, 7
621,243,243, 7
622,243,243, 7
623,243,243, 7
624,243,243, 7
625,243,243, 7
626,243,243, 7
627,243,243, 7
628,243,243, 7
629,243,243, 7
630,243,243, 7
631,243,243, 7
632,243,243, 7
633,243,243, 7
634,243,243, 7
635,243,243, 7
636,243,243, 7
637,243,243, 7
638,243,243, 7
639,243,243, 7
640,243,243, 7
641,243,243, 7
642,243,243, 7
643,243,243, 7
644,243,243, 7
645,243,243, 7
646,243,243, 7
647,243,243, 7
648,243,243, 7
649,243,243, 7
650,243,243, 7
651,243,243, 7
652,243,243, 7
653,243,243, 7
654,243,243, 7
655,243,243, 7
656,243,243, 7
657,243,243, 7
658,243,243, 7
659,243,243, 7
660,243,243, 7
661,243,243, 7
662,243,243, 7
663,243,243, 7
664,243,243, 7
665,243,243, 7
666,243,243, 7
667,243,243, 7
668,243,243, 7
669,243,243, 7
670,243,243, 7
671,243,243, 7
672,243,243, 7
673,243,243, 7
674,243,243, 7
675,243,243, 7
676,243,243, 7
677,243,243, 7
678,243,243, 7
679,243,243, 7
680,243,243, 7
681,243,243, 7
682,243,243, 7
683,243,243, 7
684,243,243, 7
685,243,243, 7
686,243,243, 7
687,243,243, 7
688,243,243, 7
689,243,243, 7
690,243,243, 7
691,243,243, 7
692,243,243, 7
693,243,243, 7
694,243,243, 7
695,243,243, 7
696,242,242, 8
697,242,242, 8
698,242,242, 8
699,242,242, 8
700,242,242, 8
701,242,242, 8
702,242,242, 8
703,242,242, 8
704,242,242, 8
705,242,242, 8
706,242,242, 8
707,242,242, 8
708,242,242, 8
709,242,242, 8
710,242,242, 8
711,242,242, 8
712,242,242, 8
713,242,242, 8
714,242,242, 8
715,242,242, 8
716,242,242, 8
717,242,242, 8
718,242,242, 8
719,242,242, 8
720,242,242, 8
721,242,242, 8
722,242,242, 8
723,242,242, 8
724,242,242, 8
725,242,242, 8
726,242,242, 8
727,242,242, 8
728,242,242, 8
729,242,242, 8
730,242,242, 8
731,242,242, 8
732,242,242, 8
733,242,242, 8
734,242,242, 8
735,242,242, 8
736,242,242, 8
737,242,242, 8
738,242,242, 8
739,242,242, 8
740,242,242, 8
741,242,242, 8
742,242,242, 8
743,242,242, 8
744,242,242, 8
745,242,242, 8
746,242,242, 8
747,242,242, 8
748,242,242, 8
749,242,242, 8
750,242,242, 8
751,242,242, 8
752,242,242, 8
753,242,242, 8
754,242,242, 8
755,242,242, 8
756,242,242, 8
757,242,242, 8
758,242,242, 8
759,242,242, 8
760,242,242, 8
761,242,242, 8
762,242,242, 8
763,242,242, 8
764,242,242, 8
765,242,242, 8
766,242,242, 8
767,242,242, 8
768,242,242, 8
769,242,242, 8
770,242,242, 8
771,242,242, 8
772,242,242, 8
773,242,242, 8
774,242,242, 8
775,242,242, 8
776,242,242, 8
777,242,242, 8
778,242,242, 8
779,242,242, 8
780,242,242, 8
781,242,242, 8
782,242,242, 8
783,242,242, 8
784,242,242, 8
785,242,242, 8
786,242,242, 8
787,242,242, 8
788,242,242, 8
789,242,242, 8
790,242,242, 8
791,242,242, 8
792,241,241, 9
793,241,241, 9
794,241,241, 9
795,241,241, 9
796,241,241, 9
797,241,241, 9
798,241,241, 9
799,241,241, 9
800,241,241, 9
801,241,241, 9
802,241,241, 9
803,241,241, 9
804,241,241, 9
805,241,241, 9
806,241,241, 9
807,241,241, 9
808,241,241, 9
809,241,241, 9
810,241,241, 9
811,241,241, 9
812,241,241, 9
813,241,241, 9
814,241,241, 9
815,241,241, 9
816,241,241, 9
817,241,241, 9
818,241,241, 9
819,241,241, 9
820,241,241, 9
821,241,241, 9
822,241,241, 9
823,241,241, 9
824,241,241, 9
825,241,241, 9
826,241,241, 9
827,241,241, 9
828,241,241, 9
829,241,241, 9
830,241,241, 9
831,241,241, 9
832,241,241, 9
833,241,241, 9
834,241,241, 9
835,241,241, 9
836,241,241, 9
837,241,241, 9
838,241,241, 9
839,241,241, 9
840,241,241, 9
841,241,241, 9
842,241,241, 9
843,241,241, 9
844,241,241, 9
845,241,241, 9
846,241,241, 9
847,241,241, 9
848,241,241, 9
849,241,241, 9
850,241,241, 9
851,241,241, 9
852,241,241, 9
853,241,241, 9
854,241,241, 9
855,241,241, 9
856,241,241, 9
857,241,241, 9
858,241,241, 9
859,241,241, 9
860,241,241, 9
861,241,241, 9
862,241,241, 9
863,241,241, 9
864,241,241, 9
865,241,241, 9
866,241,241, 9
867,241,241, 9
868,241,241, 9
869,241,241, 9
870,241,241, 9
871,241,241, 9
872,241,241, 9
873,241,241, 9
874,241,241, 9
875,241,241, 9
876,241,241, 9
877,241,241, 9
878,241,241, 9
879,241,241, 9
880,241,241, 9
881,241,241, 9
882,241,241, 9
883,241,241, 9
884,241,241, 9
885,241,241, 9
886,241,241, 9
887,241,241, 9
888,241,241, 9
889,241,241, 9
890,241,241, 9
891,241,241, 9
892,241,241, 9
893,241,241, 9
894,241,241, 9
895,241,241, 9
896,241,241, 9
897,241,241, 9
898,241,241, 9
899,241,241, 9
900,241,241, 9
901,241,241, 9
902,241,241, 9
903,241,241, 9
904,241,241, 9
905,241,241, 9
906,241,241, 9
907,241,241, 9
908,241,241, 9
909,241,241, 9
910,241,241, 9
911,241,241, 9
912,241,241, 9
913,241,241, 9
914,241,241, 9
915,241,241, 9
916,241,241, 9
917,241,241, 9
918,241,241, 9
919,241,241, 9
920,241,241, 9
921,241,241, 9
922,241,241, 9
923,241,241, 9
924,241,241, 9
925,241,241, 9
926,241,241, 9
927,241,241, 9
928,241,241, 9
929,241,241, 9
930,241,241, 9
931,241,241, 9
932,241,241, 9
933,241,241, 9
934,241,241, 9
935,241,241, 9
936,241,241, 9
937,241,241, 9
938,241,241, 9
939,241,241, 9
940,241,241, 9
941,241,241, 9
942,241,241, 9
943,241,241, 9
944,241,241, 9
945,241,241, 9
946,241,241, 9
947,241,241, 9
948,241,241, 9
949,241,241, 9
950,241,241, 9
951,241,241, 9
952,241,241, 9
953,241,241, 9
954,241,241, 9
955,241,241, 9
956,241,241, 9
957,241,241, 9
958,241,241, 9
959,241,241, 9
960,241,241, 9
961,240,240, 10
962,240,240, 10
963,240,240, 10
964,240,240, 10
965,240,240, 10
966,240,240, 10
967,240,240, 10
968,240,240, 10
969,240,240, 10
970,240,240, 10
971,240,240, 10
972,240,240, 10
973,240,240, 10
974,240,240, 10
975,240,240, 10
976,240,240, 10
977,240,240, 10
978,240,240, 10
979,240,240, 10
980,240,240, 10
981,240,240, 10
982,240,240, 10
983,240,240, 10
984,240,240, 10
985,240,240, 10
986,240,240, 10
987,240,240, 10
988,240,240, 10
989,240,240, 10
990,240,240, 10
991,240,240, 10
992,240,240, 10
993,240,240, 10
994,240,240, 10
995,240,240, 10
996,240,240, 10
997,240,240, 10
998,240,240, 10
999,240,240, 10
1000,240,240, 10
1001,240,240, 10
1002,240,240, 10
1003,240,240, 10
1004,240,240, 10
1005,240,240, 10
1006,240,240, 10
1007,240,240, 10
1008,240,240, 10
1009,240,240, 10
1010,240,240, 10
1011,240,240, 10
1012,240,240, 10
1013,240,240, 10
1014,240,240, 10
1015,240,240, 10
1016,240,240, 10
1017,240,240, 10
1018,240,240, 10
1019,240,240, 10
1020,240,240, 10
1021,240,240, 10
1022,240,240, 10
1023,240,240, 10
1024,240,240, 10
1025,240,240, 10
1026,240,240, 10
1027,240,240, 10
1028,240,240, 10
1029,240,240, 10
1030,240,240, 10
1031,240,240, 10
1032,240,240, 10
1033,240,240, 10
1034,240,240, 10
1035,240,240, 10
1036,240,240, 10
1037,240,240, 10
1038,240,240, 10
1039,240,240, 10
1040,240,240, 10
1041,240,240, 10
1042,240,240, 10
1043,240,240, 10
1044,240,240, 10
1045,240,240, 10
1046,240,240, 10
1047,240,240, 10
1048,240,240, 10
1049,240,240, 10
1050,240,240, 10
1051,240,240, 10
1052,240,240, 10
1053,240,240, 10
1054,240,240, 10
1055,240,240, 10
1056,240,240, 10
1057,240,240, 10
1058,240,240, 10
1059,240,240, 10
1060,240,240, 10
1061,240,240, 10
1062,240,240, 10
1063,240,240, 10
1064,240,240, 10
1065,240,240, 10
1066,240,240, 10
1067,240,240, 10
1068,240,240, 10
1069,240,240, 10
1070,240,240, 10
1071,240,240, 10
1072,240,240, 10
1073,240,240, 10
1074,240,240, 10
1075,240,240, 10
1076,240,240, 10
1077,240,240, 10
1078,240,240, 10
1079,240,240, 10
1080,240,240, 10
1081,240,240, 10
1082,240,240, 10
1083,240,240, 10
1084,240,240, 10
1085,240,240, 10
1086,240,240, 10
1087,240,240, 10
1088,240,240, 10
1089,240,240, 10
1090,240,240, 10
1091,240,240, 10
1092,240,240, 10
1093,240,240, 10
1094,240,240, 10
1095,240,240, 10
1096,240,240, 10
1097,240,240, 10
1098,240,240, 10
1099,240,240, 10
1100,240,240, 10
1101,240,240, 10
1102,240,240, 10
1103,240,240, 10
1104,240,240, 10
1105,240,240, 10
1106,240,240, 10
1107,240,240, 10
1108,240,240, 10
1109,240,240, 10
1110,240,240, 10
1111,240,240, 10
1112,240,240, 10
1113,240,240, 10
1114,240,240, 10
1115,240,240, 10
1116,240,240, 10
1117,240,240, 10
1118,240,240, 10
1119,240,240, 10
1120,240,240, 10
1121,240,240, 10
1122,240,240, 10
1123,240,240, 10
1124,240,240, 10
1125,240,240, 10
1126,240,240, 10
1127,240,240, 10
1128,240,240, 10
1129,240,240, 10
1130,240,240, 10
1131,240,240, 10
1132,240,240, 10
1133,240,240, 10
1134,240,240, 10
1135,240,240, 10
1136,240,240, 10
1137,240,240, 10
1138,240,240, 10
1139,240,240, 10
1140,240,240, 10
1141,240,240, 10
1142,240,240, 10
1143,240,240, 10
1144,240,240, 10
1145,240,240, 10
1146,240,240, 10
1147,240,240, 10
1148,240,240, 10
1149,240,240, 10
1150,240,240, 10
1151,240,240, 10
1152,240,240, 10
1153,240,240, 10
1154,240,240, 10
1155,240,240, 10
1156,240,240, 10
1157,240,240, 10
1158,240,240, 10
1159,240,240, 10
1160,240,240, 10
1161,240,240, 10
1162,240,240, 10
1163,240,240, 10
1164,240,240, 10
1165,240,240, 10
1166,240,240, 10
1167,240,240, 10
1168,240,240, 10
1169,240,240, 10
1170,240,240, 10
1171,240,240, 10
1172,240,240, 10
1173,240,240, 10
1174,240,240, 10
1175,240,240, 10
1176,240,240, 10
1177,240,240, 10
1178,240,240, 10
1179,240,240, 10
1180,240,240, 10
1181,240,240, 10
1182,240,240, 10
1183,240,240, 10
1184,240,240, 10
1185,240,240, 10
1186,240,240, 10
1187,240,240, 10
1188,240,240, 10
1189,240,240, 10
1190,240,240, 10
1191,240,240, 10
1192,240,240, 10
1193,240,240, 10
1194,240,240, 10
1195,240,240, 10
1196,240,240, 10
1197,240,240, 10
1198,240,240, 10
1199,240,240, 10
1200,240,240, 10
1201,240,240, 10
1202,240,240, 10
1203,240,240, 10
1204,240,240, 10
1205,240,240, 10
1206,240,240, 10
1207,240,240, 10
1208,240,240, 10
1209,240,240, 10
1210,240,240, 10
1211,240,240, 10
1212,240,240, 10
1213,240,240, 10
1214,240,240, 10
1215,240,240, 10
1216,240,240, 10
1217,240,240, 10
1218,240,240, 10
1219,240,240, 10
1220,240,240, 10
1221,240,240, 10
1222,240,240, 10
1223,240,240, 10
1224,240,240, 10
1225,240,240, 10
1226,240,240, 10
1227,240,240, 10
1228,240,240, 10
1229,240,240, 10
1230,240,240, 10
1231,240,240, 10
1232,240,240, 10
1233,240,240, 10
1234,240,240, 10
1235,240,240, 10
1236,240,240, 10
1237,240,240, 10
1238,240,240, 10
1239,240,240, 10
1240,240,240, 10
1241,240,240, 10
1242,240,240, 10
1243,240,240, 10
1244,240,240, 10
1245,240,240, 10
1246,240,240, 10
1247,240,240, 10
1248,240,240, 10
1249,240,240, 10
1250,240,240, 10
1251,240,240, 10
1252,240,240, 10
1253,240,240, 10
1254,240,240, 10
1255,240,240, 10
1256,240,240, 10
1257,240,240, 10
1258,240,240, 10
1259,240,240, 10
1260,240,240, 10
1261,240,240, 10
1262,240,240, 10
1263,240,240, 10
1264,240,240, 10
1265,240,240, 10
1266,240,240, 10
1267,240,240, 10
1268,240,240, 10
1269,240,240, 10
1270,240,240, 10
1271,240,240, 10
1272,240,240, 10
1273,240,240, 10
1274,240,240, 10
1275,240,240, 10
1276,240,240, 10
1277,240,240, 10
1278,240,240, 10
1279,240,240, 10
1280,240,240, 10
1281,240,240, 10
1282,240,240, 10
1283,240,240, 10
1284,240,240, 10
1285,240,240, 10
1286,240,240, 10
1287,240,240, 10
1288,240,240, 10
1289,240,240, 10
1290,240,240, 10
1291,240,240, 10
1292,240,240, 10
1293,240,240, 10
1294,240,240, 10
1295,240,240, 10
1296,240,240, 10
1297,240,240, 10
1298,240,240, 10
1299,240,240, 10
1300,240,240, 10
1301,240,240, 10
1302,240,240, 10
1303,240,240, 10
1304,240,240, 10
1305,240,240, 10
1306,240,240, 10
1307,240,240, 10
1308,240,240, 10
1309,240,240, 10
1310,240,240, 10
1311,240,240, 10
1312,240,240, 10
1313,240,240, 10
1314,240,240, 10
1315,240,240, 10
1316,240,240, 10
1317,240,240, 10
1318,240,240, 10
1319,240,240, 10
1320,240,240, 10
1321,240,240, 10
1322,240,240, 10
1323,240,240, 10
1324,240,240, 10
1325,240,240, 10
1326,240,240, 10
1327,240,240, 10
1328,240,240, 10
1329,240,240, 10
1330,240,240, 10
1331,240,240, 10
1332,240,240, 10
1333,240,240, 10
1334,240,240, 10
1335,240,240, 10
1336,240,240, 10
1337,240,240, 10
1338,240,240, 10
1339,240,240, 10
1340,240,240, 10
1341,240,240, 10
1342,240,240, 10
1343,240,240, 10
1344,240,240, 10
1345,240,240, 10
1346,240,240, 10
1347,240,240, 10
1348,240,240, 10
1349,240,240, 10
1350,240,240, 10
1351,240,240, 10
1352,240,240, 10
1353,240,240, 10
1354,240,240, 10
1355,240,240, 10
1356,240,240, 10
1357,240,240, 10
1358,240,240, 10
1359,240,240, 10
1360,240,240, 10
1361,240,240, 10
1362,240,240, 10
1363,240,240, 10
1364,240,240, 10
1365,240,240, 10
1366,240,240, 10
1367,240,240, 10
1368,240,240, 10
1369,240,240, 10
1370,240,240, 10
1371,240,240, 10
1372,240,240, 10
1373,240,240, 10
1374,240,240, 10
1375,240,240, 10
1376,240,240, 10
1377,240,240, 10
1378,240,240, 10
1379,240,240, 10
1380,240,240, 10
1381,240,240, 10
1382,240,240, 10
1383,240,240, 10
1384,240,240, 10
1385,240,240, 10
1386,240,240, 10
1387,240,240, 10
1388,240,240, 10
1389,240,240, 10
1390,240,240, 10
1391,240,240, 10
1392,240,240, 10
1393,240,240, 10
1394,240,240, 10
1395,240,240, 10
1396,240,240, 10
1397,240,240, 10
1398,240,240, 10
1399,240,240, 10
1400,240,240, 10
1401,240,240, 10
1402,240,240, 10
1403,240,240, 10
1404,240,240, 10
1405,240,240, 10
1406,240,240, 10
1407,240,240, 10
1408,240,240, 10
1409,240,240, 10
1410,240,240, 10
1411,240,240, 10
1412,240,240, 10
1413,240,240, 10
1414,240,240, 10
1415,240,240, 10
1416,240,240, 10
1417,240,240, 10
1418,240,240, 10
1419,240,240, 10
1420,240,240, 10
1421,240,240, 10
1422,240,240, 10
1423,240,240, 10
1424,240,240, 10
1425,240,240, 10
1426,240,240, 10
1427,240,240, 10
1428,240,240, 10
1429,240,240, 10
1430,240,240, 10
1431,240,240, 10
1432,240,240, 10
1433,240,240, 10
1434,240,240, 10
1435,240,240, 10
1436,240,240, 10
1437,240,240, 10
1438,240,240, 10
1439,240,240, 10
1440,240,240, 10
1441,240,240, 10
1442,240,240, 10
1443,240,240, 10
1444,240,240, 10
1445,240,240, 10
1446,240,240, 10
1447,240,240, 10
1448,240,240, 10
1449,240,240, 10
1450,240,240, 10
1451,240,240, 10
1452,240,240, 10
1453,240,240, 10
1454,240,240, 10
1455,240,240, 10
1456,240,240, 10
1457,240,240, 10
1458,240,240, 10
1459,240,240, 10
1460,240,240, 10
1461,240,240, 10
1462,240,240, 10
1463,240,240, 10
1464,240,240, 10
1465,240,240, 10
1466,240,240, 10
1467,240,240, 10
1468,240,240, 10
1469,240,240, 10
1470,240,240, 10
1471,240,240, 10
1472,240,240, 10
1473,240,240, 10
1474,240,240, 10
1475,240,240, 10
1476,240,240, 10
1477,240,240, 10
1478,240,240, 10
1479,240,240, 10
1480,240,240, 10
1481,240,240, 10
1482,240,240, 10
1483,240,240, 10
1484,240,240, 10
1485,240,240, 10
1486,240,240, 10
1487,240,240, 10
1488,240,240, 10
1489,240,240, 10
1490,240,240, 10
1491,240,240, 10
1492,240,240, 10
1493,240,240, 10
1494,240,240, 10
1495,240,240, 10
1496,240,240, 10
1497,240,240, 10
1498,240,240, 10
1499,240,240, 10
