0,249,249, 1
1,248,248, 2
2,248,248, 2
3,248,248, 2
4,247,247, 3
5,247,247, 3
6,247,247, 3
7,247,247, 3
8,247,247, 3
9,247,247, 3
10,247,247, 3
11,247,247, 3
12,247,247, 3
13,247,247, 3
14,247,247, 3
15,247,247, 3
16,247,247, 3
17,247,247, 3
18,247,247, 3
19,246,246, 4
20,246,246, 4
21,246,246, 4
22,246,246, 4
23,246,246, 4
24,246,246, 4
25,246,246, 4
26,246,246, 4
27,246,246, 4
28,246,246, 4
29,246,246, 4
30,246,246, 4
31,246,246, 4
32,246,246, 4
33,246,246, 4
34,246,246, 4
35,246,246, 4
36,246,246, 4
37,245,245, 5
38,244,244, 6
39,244,244, 6
40,244,244, 6
41,244,244, 6
42,244,244, 6
43,244,244, 6
44,244,244, 6
45,244,244, 6
46,244,244, 6
47,244,244, 6
48,244,244, 6
49,244,244, 6
50,243,243, 7
51,243,243, 7
52,243,243, 7
53,243,243, 7
54,243,243, 7
55,243,243, 7
56,243,243, 7
57,243,243, 7
58,243,243, 7
59,243,243, 7
60,243,243, 7
61,243,243, 7
62,243,243, 7
63,243,243, 7
64,243,243, 7
65,243,243, 7
66,243,243, 7
67,243,243, 7
68,243,243, 7
69,243,243, 7
70,243,243, 7
71,243,243, 7
72,243,243, 7
73,243,243, 7
74,243,243, 7
75,243,243, 7
76,243,243, 7
77,243,243, 7
78,243,243, 7
79,243,243, 7
80,243,243, 7
81,243,243, 7
82,243,243, 7
83,243,243, 7
84,243,243, 7
85,243,243, 7
86,243,243, 7
87,243,243, 7
88,243,243, 7
89,243,243, 7
90,243,243, 7
91,243,243, 7
92,243,243, 7
93,243,243, 7
94,243,243, 7
95,243,243, 7
96,243,243, 7
97,243,243, 7
98,243,243, 7
99,243,243, 7
100,243,243, 7
101,243,243, 7
102,243,243, 7
103,243,243, 7
104,243,243, 7
105,243,243, 7
106,243,243, 7
107,243,243, 7
108,243,243, 7
109,243,243, 7
110,243,243, 7
111,243,243, 7
112,243,243, 7
113,243,243, 7
114,243,243, 7
115,243,243, 7
116,243,243, 7
117,241,241, 9
118,241,241, 9
119,241,241, 9
120,241,241, 9
121,241,241, 9
122,241,241, 9
123,241,241, 9
124,241,241, 9
125,239,239, 11
126,237,237, 13
127,237,237, 13
128,237,237, 13
129,237,237, 13
130,237,237, 13
131,237,237, 13
132,237,237, 13
133,237,237, 13
134,237,237, 13
135,237,237, 13
136,236,236, 14
137,236,236, 14
138,235,235, 15
139,235,235, 15
140,235,235, 15
141,235,235, 15
142,235,235, 15
143,235,235, 15
144,235,235, 15
145,235,235, 15
146,235,235, 15
147,235,235, 15
148,235,235, 15
149,235,235, 15
150,235,235, 15
151,235,235, 15
152,235,235, 15
153,235,235, 15
154,235,235, 15
155,235,235, 15
156,235,235, 15
157,235,235, 15
158,235,235, 15
159,234,234, 16
160,234,234, 16
161,233,233, 17
162,233,233, 17
163,233,233, 17
164,233,233, 17
165,233,233, 17
166,233,233, 17
167,233,233, 17
168,233,233, 17
169,233,233, 17
170,233,233, 17
171,233,233, 17
172,233,233, 17
173,233,233, 17
174,233,233, 17
175,233,233, 17
176,233,233, 17
177,232,232, 18
178,231,231, 19
179,231,231, 19
180,231,231, 19
181,231,231, 19
182,231,231, 19
183,231,231, 19
184,231,231, 19
185,231,231, 19
186,231,231, 19
187,231,231, 19
188,231,231, 19
189,231,231, 19
190,231,231, 19
191,230,230, 20
192,229,229, 21
193,229,229, 21
194,229,229, 21
195,229,229, 21
196,229,229, 21
197,229,229, 21
198,229,229, 21
199,229,229, 21
200,229,229, 21
201,229,229, 21
202,229,229, 21
203,229,229, 21
204,229,229, 21
205,228,228, 22
206,228,228, 22
207,226,226, 24
208,226,226, 24
209,226,226, 24
210,226,226, 24
211,226,226, 24
212,226,226, 24
213,226,226, 24
214,226,226, 24
215,226,226, 24
216,226,226, 24
217,226,226, 24
218,226,226, 24
219,225,225, 25
220,225,225, 25
221,225,225, 25
222,225,225, 25
223,225,225, 25
224,225,225, 25
225,225,225, 25
226,225,225, 25
227,225,225, 25
228,225,225, 25
229,225,225, 25
230,225,225, 25
231,224,224, 26
232,223,223, 27
233,223,223, 27
234,223,223, 27
235,223,223, 27
236,223,223, 27
237,223,223, 27
238,223,223, 27
239,223,223, 27
240,223,223, 27
241,223,223, 27
242,223,223, 27
243,223,223, 27
244,223,223, 27
245,223,223, 27
246,223,223, 27
247,223,223, 27
248,223,223, 27
249,223,223, 27
250,223,223, 27
251,223,223, 27
252,223,223, 27
253,223,223, 27
254,223,223, 27
255,223,223, 27
256,223,223, 27
257,223,223, 27
258,223,223, 27
259,223,223, 27
260,223,223, 27
261,223,223, 27
262,223,223, 27
263,223,223, 27
264,223,223, 27
265,223,223, 27
266,223,223, 27
267,223,223, 27
268,223,223, 27
269,223,223, 27
270,223,223, 27
271,223,223, 27
272,223,223, 27
273,223,223, 27
274,222,222, 28
275,222,222, 28
276,222,222, 28
277,222,222, 28
278,222,222, 28
279,222,222, 28
280,222,222, 28
281,222,222, 28
282,222,222, 28
283,222,222, 28
284,220,220, 30
285,220,220, 30
286,219,219, 31
287,219,219, 31
288,219,219, 31
289,219,219, 31
290,219,219, 31
291,219,219, 31
292,219,219, 31
293,219,219, 31
294,219,219, 31
295,219,219, 31
296,219,219, 31
297,219,219, 31
298,219,219, 31
299,219,219, 31
300,219,219, 31
301,218,218, 32
302,217,217, 33
303,217,217, 33
304,216,216, 34
305,215,215, 35
306,215,215, 35
307,215,215, 35
308,215,215, 35
309,215,215, 35
310,215,215, 35
311,215,215, 35
312,215,215, 35
313,215,215, 35
314,215,215, 35
315,215,215, 35
316,215,215, 35
317,215,215, 35
318,214,214, 36
319,214,214, 36
320,214,214, 36
321,214,214, 36
322,214,214, 36
323,214,214, 36
324,214,214, 36
325,214,214, 36
326,214,214, 36
327,214,214, 36
328,214,214, 36
329,214,214, 36
330,214,214, 36
331,214,214, 36
332,214,214, 36
333,214,214, 36
334,214,214, 36
335,214,214, 36
336,214,214, 36
337,214,214, 36
338,214,214, 36
339,214,214, 36
340,214,214, 36
341,214,214, 36
342,214,214, 36
343,213,213, 37
344,213,213, 37
345,213,213, 37
346,213,213, 37
347,213,213, 37
348,213,213, 37
349,213,213, 37
350,213,213, 37
351,213,213, 37
352,213,213, 37
353,213,213, 37
354,213,213, 37
355,213,213, 37
356,213,213, 37
357,213,213, 37
358,213,213, 37
359,213,213, 37
360,213,213, 37
361,213,213, 37
362,211,211, 39
363,211,211, 39
364,211,211, 39
365,211,211, 39
366,211,211, 39
367,211,211, 39
368,211,211, 39
369,211,211, 39
370,211,211, 39
371,211,211, 39
372,211,211, 39
373,211,211, 39
374,211,211, 39
375,211,211, 39
376,211,211, 39
377,211,211, 39
378,211,211, 39
379,211,211, 39
380,211,211, 39
381,211,211, 39
382,211,211, 39
383,211,211, 39
384,211,211, 39
385,211,211, 39
386,211,211, 39
387,211,211, 39
388,211,211, 39
389,211,211, 39
390,211,211, 39
391,211,211, 39
392,211,211, 39
393,210,210, 40
394,210,210, 40
395,209,209, 41
396,209,209, 41
397,209,209, 41
398,209,209, 41
399,209,209, 41
400,208,208, 42
401,208,208, 42
402,208,208, 42
403,208,208, 42
404,208,208, 42
405,208,208, 42
406,208,208, 42
407,208,208, 42
408,208,208, 42
409,208,208, 42
410,208,208, 42
411,208,208, 42
412,208,208, 42
413,208,208, 42
414,208,208, 42
415,208,208, 42
416,208,208, 42
417,208,208, 42
418,208,208, 42
419,208,208, 42
420,208,208, 42
421,208,208, 42
422,208,208, 42
423,208,208, 42
424,208,208, 42
425,208,208, 42
426,208,208, 42
427,208,208, 42
428,208,208, 42
429,208,208, 42
430,208,208, 42
431,208,208, 42
432,208,208, 42
433,208,208, 42
434,208,208, 42
435,208,208, 42
436,208,208, 42
437,208,208, 42
438,208,208, 42
439,208,208, 42
440,208,208, 42
441,208,208, 42
442,208,208, 42
443,208,208, 42
444,208,208, 42
445,208,208, 42
446,208,208, 42
447,208,208, 42
448,208,208, 42
449,208,208, 42
450,207,207, 43
451,207,207, 43
452,207,207, 43
453,207,207, 43
454,206,206, 44
455,206,206, 44
456,206,206, 44
457,206,206, 44
458,206,206, 44
459,206,206, 44
460,206,206, 44
461,206,206, 44
462,206,206, 44
463,206,206, 44
464,206,206, 44
465,206,206, 44
466,206,206, 44
467,206,206, 44
468,206,206, 44
469,206,206, 44
470,206,206, 44
471,206,206, 44
472,206,206, 44
473,206,206, 44
474,206,206, 44
475,206,206, 44
476,206,206, 44
477,206,206, 44
478,206,206, 44
479,206,206, 44
480,206,206, 44
481,206,206, 44
482,206,206, 44
483,206,206, 44
484,206,206, 44
485,206,206, 44
486,206,206, 44
487,206,206, 44
488,206,206, 44
489,206,206, 44
490,206,206, 44
491,206,206, 44
492,206,206, 44
493,206,206, 44
494,206,206, 44
495,206,206, 44
496,206,206, 44
497,206,206, 44
498,206,206, 44
499,206,206, 44
500,206,206, 44
501,206,206, 44
502,206,206, 44
503,206,206, 44
504,205,205, 45
505,205,205, 45
506,205,205, 45
507,205,205, 45
508,205,205, 45
509,205,205, 45
510,205,205, 45
511,205,205, 45
512,205,205, 45
513,205,205, 45
514,205,205, 45
515,205,205, 45
516,205,205, 45
517,205,205, 45
518,205,205, 45
519,205,205, 45
520,205,205, 45
521,205,205, 45
522,205,205, 45
523,205,205, 45
524,205,205, 45
525,205,205, 45
526,205,205, 45
527,204,204, 46
528,204,204, 46
529,204,204, 46
530,204,204, 46
531,204,204, 46
532,204,204, 46
533,204,204, 46
534,204,204, 46
535,204,204, 46
536,204,204, 46
537,204,204, 46
538,204,204, 46
539,204,204, 46
540,204,204, 46
541,204,204, 46
542,204,204, 46
543,204,204, 46
544,204,204, 46
545,204,204, 46
546,204,204, 46
547,204,204, 46
548,203,203, 47
549,203,203, 47
550,203,203, 47
551,203,203, 47
552,203,203, 47
553,203,203, 47
554,203,203, 47
555,203,203, 47
556,203,203, 47
557,203,203, 47
558,203,203, 47
559,203,203, 47
560,203,203, 47
561,203,203, 47
562,203,203, 47
563,203,203, 47
564,203,203, 47
565,203,203, 47
566,203,203, 47
567,203,203, 47
568,203,203, 47
569,203,203, 47
570,203,203, 47
571,203,203, 47
572,203,203, 47
573,203,203, 47
574,203,203, 47
575,203,203, 47
576,203,203, 47
577,203,203, 47
578,203,203, 47
579,203,203, 47
580,203,203, 47
581,203,203, 47
582,203,203, 47
583,203,203, 47
584,203,203, 47
585,203,203, 47
586,203,203, 47
587,203,203, 47
588,203,203, 47
589,203,203, 47
590,203,203, 47
591,203,203, 47
592,203,203, 47
593,203,203, 47
594,203,203, 47
595,203,203, 47
596,203,203, 47
597,203,203, 47
598,203,203, 47
599,203,203, 47
600,203,203, 47
601,203,203, 47
602,203,203, 47
603,203,203, 47
604,203,203, 47
605,203,203, 47
606,203,203, 47
607,203,203, 47
608,203,203, 47
609,203,203, 47
610,203,203, 47
611,203,203, 47
612,201,201, 49
613,201,201, 49
614,201,201, 49
615,201,201, 49
616,201,201, 49
617,201,201, 49
618,201,201, 49
619,201,201, 49
620,201,201, 49
621,201,201, 49
622,201,201, 49
623,201,201, 49
624,201,201, 49
625,201,201, 49
626,201,201, 49
627,201,201, 49
628,201,201, 49
629,201,201, 49
630,201,201, 49
631,201,201, 49
632,201,201, 49
633,201,201, 49
634,201,201, 49
635,201,201, 49
636,201,201, 49
637,201,201, 49
638,201,201, 49
639,201,201, 49
640,201,201, 49
641,201,201, 49
642,201,201, 49
643,201,201, 49
644,201,201, 49
645,201,201, 49
646,201,201, 49
647,201,201, 49
648,201,201, 49
649,201,201, 49
650,201,201, 49
651,201,201, 49
652,201,201, 49
653,201,201, 49
654,201,201, 49
655,201,201, 49
656,201,201, 49
657,201,201, 49
658,201,201, 49
659,201,201, 49
660,201,201, 49
661,201,201, 49
662,200,200, 50
663,199,199, 51
664,199,199, 51
665,199,199, 51
666,198,198, 52
667,198,198, 52
668,198,198, 52
669,198,198, 52
670,198,198, 52
671,198,198, 52
672,198,198, 52
673,198,198, 52
674,198,198, 52
675,198,198, 52
676,198,198, 52
677,198,198, 52
678,198,198, 52
679,198,198, 52
680,198,198, 52
681,198,198, 52
682,198,198, 52
683,198,198, 52
684,198,198, 52
685,198,198, 52
686,198,198, 52
687,198,198, 52
688,198,198, 52
689,198,198, 52
690,198,198, 52
691,198,198, 52
692,198,198, 52
693,198,198, 52
694,198,198, 52
695,198,198, 52
696,198,198, 52
697,198,198, 52
698,198,198, 52
699,198,198, 52
700,198,198, 52
701,197,197, 53
702,196,196, 54
703,196,196, 54
704,196,196, 54
705,196,196, 54
706,196,196, 54
707,196,196, 54
708,196,196, 54
709,196,196, 54
710,196,196, 54
711,195,195, 55
712,194,194, 56
713,194,194, 56
714,194,194, 56
715,194,194, 56
716,194,194, 56
717,194,194, 56
718,194,194, 56
719,194,194, 56
720,194,194, 56
721,194,194, 56
722,194,194, 56
723,194,194, 56
724,194,194, 56
725,194,194, 56
726,194,194, 56
727,194,194, 56
728,194,194, 56
729,194,194, 56
730,194,194, 56
731,194,194, 56
732,194,194, 56
733,194,194, 56
734,194,194, 56
735,194,194, 56
736,194,194, 56
737,194,194, 56
738,194,194, 56
739,194,194, 56
740,194,194, 56
741,194,194, 56
742,194,194, 56
743,194,194, 56
744,194,194, 56
745,193,193, 57
746,193,193, 57
747,193,193, 57
748,193,193, 57
749,193,193, 57
750,193,193, 57
751,193,193, 57
752,193,193, 57
753,192,192, 58
754,192,192, 58
755,192,192, 58
756,192,192, 58
757,192,192, 58
758,192,192, 58
759,192,192, 58
760,192,192, 58
761,192,192, 58
762,192,192, 58
763,192,192, 58
764,192,192, 58
765,192,192, 58
766,192,192, 58
767,192,192, 58
768,192,192, 58
769,192,192, 58
770,192,192, 58
771,192,192, 58
772,192,192, 58
773,192,192, 58
774,192,192, 58
775,192,192, 58
776,192,192, 58
777,192,192, 58
778,192,192, 58
779,192,192, 58
780,192,192, 58
781,192,192, 58
782,192,192, 58
783,192,192, 58
784,192,192, 58
785,192,192, 58
786,192,192, 58
787,192,192, 58
788,192,192, 58
789,192,192, 58
790,192,192, 58
791,192,192, 58
792,192,192, 58
793,192,192, 58
794,192,192, 58
795,192,192, 58
796,192,192, 58
797,192,192, 58
798,192,192, 58
799,192,192, 58
800,192,192, 58
801,192,192, 58
802,192,192, 58
803,192,192, 58
804,192,192, 58
805,192,192, 58
806,192,192, 58
807,192,192, 58
808,192,192, 58
809,192,192, 58
810,192,192, 58
811,192,192, 58
812,192,192, 58
813,192,192, 58
814,192,192, 58
815,192,192, 58
816,192,192, 58
817,192,192, 58
818,192,192, 58
819,192,192, 58
820,192,192, 58
821,192,192, 58
822,192,192, 58
823,192,192, 58
824,192,192, 58
825,192,192, 58
826,192,192, 58
827,192,192, 58
828,192,192, 58
829,192,192, 58
830,192,192, 58
831,192,192, 58
832,192,192, 58
833,192,192, 58
834,192,192, 58
835,192,192, 58
836,192,192, 58
837,192,192, 58
838,192,192, 58
839,192,192, 58
840,192,192, 58
841,192,192, 58
842,192,192, 58
843,192,192, 58
844,192,192, 58
845,192,192, 58
846,192,192, 58
847,192,192, 58
848,192,192, 58
849,192,192, 58
850,192,192, 58
851,192,192, 58
852,192,192, 58
853,192,192, 58
854,192,192, 58
855,192,192, 58
856,192,192, 58
857,192,192, 58
858,192,192, 58
859,192,192, 58
860,192,192, 58
861,192,192, 58
862,192,192, 58
863,192,192, 58
864,192,192, 58
865,192,192, 58
866,192,192, 58
867,192,192, 58
868,192,192, 58
869,192,192, 58
870,192,192, 58
871,192,192, 58
872,192,192, 58
873,192,192, 58
874,192,192, 58
875,192,192, 58
876,192,192, 58
877,192,192, 58
878,192,192, 58
879,192,192, 58
880,192,192, 58
881,192,192, 58
882,192,192, 58
883,192,192, 58
884,192,192, 58
885,192,192, 58
886,192,192, 58
887,192,192, 58
888,191,191, 59
889,191,191, 59
890,191,191, 59
891,191,191, 59
892,191,191, 59
893,191,191, 59
894,191,191, 59
895,191,191, 59
896,191,191, 59
897,191,191, 59
898,191,191, 59
899,191,191, 59
900,191,191, 59
901,191,191, 59
902,191,191, 59
903,191,191, 59
904,191,191, 59
905,191,191, 59
906,191,191, 59
907,191,191, 59
908,191,191, 59
909,191,191, 59
910,191,191, 59
911,191,191, 59
912,191,191, 59
913,191,191, 59
914,191,191, 59
915,191,191, 59
916,191,191, 59
917,191,191, 59
918,191,191, 59
919,191,191, 59
920,191,191, 59
921,191,191, 59
922,191,191, 59
923,191,191, 59
924,191,191, 59
925,191,191, 59
926,191,191, 59
927,191,191, 59
928,191,191, 59
929,191,191, 59
930,191,191, 59
931,191,191, 59
932,191,191, 59
933,191,191, 59
934,191,191, 59
935,191,191, 59
936,191,191, 59
937,191,191, 59
938,191,191, 59
939,191,191, 59
940,191,191, 59
941,191,191, 59
942,191,191, 59
943,191,191, 59
944,191,191, 59
945,191,191, 59
946,191,191, 59
947,191,191, 59
948,191,191, 59
949,191,191, 59
950,191,191, 59
951,191,191, 59
952,191,191, 59
953,191,191, 59
954,191,191, 59
955,191,191, 59
956,191,191, 59
957,191,191, 59
958,191,191, 59
959,191,191, 59
960,191,191, 59
961,191,191, 59
962,191,191, 59
963,191,191, 59
964,191,191, 59
965,191,191, 59
966,191,191, 59
967,191,191, 59
968,191,191, 59
969,191,191, 59
970,191,191, 59
971,191,191, 59
972,191,191, 59
973,191,191, 59
974,191,191, 59
975,191,191, 59
976,191,191, 59
977,191,191, 59
978,191,191, 59
979,191,191, 59
980,191,191, 59
981,191,191, 59
982,191,191, 59
983,191,191, 59
984,191,191, 59
985,191,191, 59
986,191,191, 59
987,191,191, 59
988,191,191, 59
989,191,191, 59
990,191,191, 59
991,191,191, 59
992,191,191, 59
993,191,191, 59
994,191,191, 59
995,191,191, 59
996,191,191, 59
997,191,191, 59
998,191,191, 59
999,191,191, 59
1000,191,191, 59
1001,191,191, 59
1002,191,191, 59
1003,191,191, 59
1004,191,191, 59
1005,191,191, 59
1006,191,191, 59
1007,191,191, 59
1008,191,191, 59
1009,191,191, 59
1010,191,191, 59
1011,191,191, 59
1012,191,191, 59
1013,191,191, 59
1014,190,190, 60
1015,190,190, 60
1016,188,188, 62
1017,188,188, 62
1018,188,188, 62
1019,188,188, 62
1020,188,188, 62
1021,188,188, 62
1022,188,188, 62
1023,188,188, 62
1024,188,188, 62
1025,188,188, 62
1026,188,188, 62
1027,188,188, 62
1028,188,188, 62
1029,188,188, 62
1030,188,188, 62
1031,188,188, 62
1032,188,188, 62
1033,188,188, 62
1034,188,188, 62
1035,188,188, 62
1036,188,188, 62
1037,188,188, 62
1038,188,188, 62
1039,188,188, 62
1040,188,188, 62
1041,188,188, 62
1042,188,188, 62
1043,188,188, 62
1044,188,188, 62
1045,188,188, 62
1046,188,188, 62
1047,188,188, 62
1048,188,188, 62
1049,188,188, 62
1050,188,188, 62
1051,188,188, 62
1052,188,188, 62
1053,188,188, 62
1054,188,188, 62
1055,188,188, 62
1056,188,188, 62
1057,188,188, 62
1058,188,188, 62
1059,188,188, 62
1060,188,188, 62
1061,188,188, 62
1062,188,188, 62
1063,188,188, 62
1064,188,188, 62
1065,188,188, 62
1066,188,188, 62
1067,188,188, 62
1068,188,188, 62
1069,188,188, 62
1070,188,188, 62
1071,188,188, 62
1072,188,188, 62
1073,188,188, 62
1074,188,188, 62
1075,188,188, 62
1076,188,188, 62
1077,188,188, 62
1078,188,188, 62
1079,188,188, 62
1080,188,188, 62
1081,188,188, 62
1082,188,188, 62
1083,188,188, 62
1084,188,188, 62
1085,188,188, 62
1086,188,188, 62
1087,188,188, 62
1088,188,188, 62
1089,188,188, 62
1090,188,188, 62
1091,188,188, 62
1092,188,188, 62
1093,188,188, 62
1094,188,188, 62
1095,188,188, 62
1096,188,188, 62
1097,188,188, 62
1098,188,188, 62
1099,188,188, 62
1100,188,188, 62
1101,188,188, 62
1102,188,188, 62
1103,188,188, 62
1104,188,188, 62
1105,188,188, 62
1106,188,188, 62
1107,188,188, 62
1108,188,188, 62
1109,188,188, 62
1110,188,188, 62
1111,188,188, 62
1112,188,188, 62
1113,188,188, 62
1114,188,188, 62
1115,188,188, 62
1116,188,188, 62
1117,188,188, 62
1118,188,188, 62
1119,188,188, 62
1120,188,188, 62
1121,188,188, 62
1122,188,188, 62
1123,188,188, 62
1124,188,188, 62
1125,188,188, 62
1126,188,188, 62
1127,188,188, 62
1128,188,188, 62
1129,188,188, 62
1130,188,188, 62
1131,188,188, 62
1132,188,188, 62
1133,188,188, 62
1134,188,188, 62
1135,188,188, 62
1136,188,188, 62
1137,188,188, 62
1138,188,188, 62
1139,188,188, 62
1140,188,188, 62
1141,188,188, 62
1142,188,188, 62
1143,188,188, 62
1144,188,188, 62
1145,188,188, 62
1146,188,188, 62
1147,188,188, 62
1148,188,188, 62
1149,188,188, 62
1150,188,188, 62
1151,188,188, 62
1152,188,188, 62
1153,188,188, 62
1154,188,188, 62
1155,188,188, 62
1156,188,188, 62
1157,188,188, 62
1158,188,188, 62
1159,188,188, 62
1160,188,188, 62
1161,188,188, 62
1162,188,188, 62
1163,188,188, 62
1164,188,188, 62
1165,188,188, 62
1166,188,188, 62
1167,188,188, 62
1168,188,188, 62
1169,188,188, 62
1170,188,188, 62
1171,188,188, 62
1172,188,188, 62
1173,188,188, 62
1174,188,188, 62
1175,188,188, 62
1176,188,188, 62
1177,188,188, 62
1178,188,188, 62
1179,188,188, 62
1180,188,188, 62
1181,188,188, 62
1182,188,188, 62
1183,188,188, 62
1184,188,188, 62
1185,188,188, 62
1186,188,188, 62
1187,188,188, 62
1188,188,188, 62
1189,188,188, 62
1190,188,188, 62
1191,188,188, 62
1192,188,188, 62
1193,188,188, 62
1194,188,188, 62
1195,188,188, 62
1196,188,188, 62
1197,188,188, 62
1198,188,188, 62
1199,188,188, 62
1200,188,188, 62
1201,188,188, 62
1202,188,188, 62
1203,188,188, 62
1204,188,188, 62
1205,188,188, 62
1206,188,188, 62
1207,188,188, 62
1208,188,188, 62
1209,188,188, 62
1210,188,188, 62
1211,188,188, 62
1212,188,188, 62
1213,188,188, 62
1214,188,188, 62
1215,188,188, 62
1216,188,188, 62
1217,188,188, 62
1218,188,188, 62
1219,188,188, 62
1220,188,188, 62
1221,188,188, 62
1222,188,188, 62
1223,188,188, 62
1224,188,188, 62
1225,188,188, 62
1226,188,188, 62
1227,188,188, 62
1228,188,188, 62
1229,188,188, 62
1230,188,188, 62
1231,188,188, 62
1232,188,188, 62
1233,188,188, 62
1234,188,188, 62
1235,188,188, 62
1236,188,188, 62
1237,188,188, 62
1238,188,188, 62
1239,188,188, 62
1240,188,188, 62
1241,188,188, 62
1242,188,188, 62
1243,188,188, 62
1244,188,188, 62
1245,188,188, 62
1246,188,188, 62
1247,188,188, 62
1248,188,188, 62
1249,188,188, 62
1250,188,188, 62
1251,188,188, 62
1252,188,188, 62
1253,188,188, 62
1254,188,188, 62
1255,188,188, 62
1256,188,188, 62
1257,188,188, 62
1258,188,188, 62
1259,188,188, 62
1260,188,188, 62
1261,188,188, 62
1262,188,188, 62
1263,188,188, 62
1264,188,188, 62
1265,188,188, 62
1266,188,188, 62
1267,188,188, 62
1268,188,188, 62
1269,188,188, 62
1270,188,188, 62
1271,188,188, 62
1272,188,188, 62
1273,188,188, 62
1274,188,188, 62
1275,188,188, 62
1276,188,188, 62
1277,188,188, 62
1278,188,188, 62
1279,188,188, 62
1280,188,188, 62
1281,188,188, 62
1282,188,188, 62
1283,188,188, 62
1284,188,188, 62
1285,188,188, 62
1286,188,188, 62
1287,188,188, 62
1288,188,188, 62
1289,188,188, 62
1290,188,188, 62
1291,188,188, 62
1292,188,188, 62
1293,188,188, 62
1294,188,188, 62
1295,188,188, 62
1296,188,188, 62
1297,188,188, 62
1298,188,188, 62
1299,188,188, 62
1300,188,188, 62
1301,188,188, 62
1302,188,188, 62
1303,188,188, 62
1304,188,188, 62
1305,188,188, 62
1306,188,188, 62
1307,188,188, 62
1308,188,188, 62
1309,188,188, 62
1310,188,188, 62
1311,188,188, 62
1312,188,188, 62
1313,188,188, 62
1314,188,188, 62
1315,188,188, 62
1316,188,188, 62
1317,188,188, 62
1318,188,188, 62
1319,188,188, 62
1320,188,188, 62
1321,188,188, 62
1322,188,188, 62
1323,188,188, 62
1324,188,188, 62
1325,188,188, 62
1326,188,188, 62
1327,188,188, 62
1328,188,188, 62
1329,188,188, 62
1330,188,188, 62
1331,188,188, 62
1332,188,188, 62
1333,188,188, 62
1334,188,188, 62
1335,188,188, 62
1336,188,188, 62
1337,188,188, 62
1338,188,188, 62
1339,188,188, 62
1340,188,188, 62
1341,188,188, 62
1342,188,188, 62
1343,188,188, 62
1344,188,188, 62
1345,188,188, 62
1346,188,188, 62
1347,188,188, 62
1348,188,188, 62
1349,188,188, 62
1350,188,188, 62
1351,188,188, 62
1352,188,188, 62
1353,188,188, 62
1354,188,188, 62
1355,188,188, 62
1356,188,188, 62
1357,188,188, 62
1358,188,188, 62
1359,188,188, 62
1360,188,188, 62
1361,188,188, 62
1362,188,188, 62
1363,188,188, 62
1364,188,188, 62
1365,188,188, 62
1366,188,188, 62
1367,188,188, 62
1368,188,188, 62
1369,188,188, 62
1370,188,188, 62
1371,188,188, 62
1372,188,188, 62
1373,188,188, 62
1374,188,188, 62
1375,188,188, 62
1376,188,188, 62
1377,188,188, 62
1378,188,188, 62
1379,188,188, 62
1380,188,188, 62
1381,188,188, 62
1382,188,188, 62
1383,188,188, 62
1384,188,188, 62
1385,188,188, 62
1386,188,188, 62
1387,188,188, 62
1388,188,188, 62
1389,188,188, 62
1390,188,188, 62
1391,188,188, 62
1392,188,188, 62
1393,188,188, 62
1394,188,188, 62
1395,188,188, 62
1396,188,188, 62
1397,188,188, 62
1398,188,188, 62
1399,188,188, 62
1400,188,188, 62
1401,188,188, 62
1402,188,188, 62
1403,188,188, 62
1404,188,188, 62
1405,188,188, 62
1406,188,188, 62
1407,188,188, 62
1408,188,188, 62
1409,188,188, 62
1410,188,188, 62
1411,188,188, 62
1412,188,188, 62
1413,188,188, 62
1414,188,188, 62
1415,188,188, 62
1416,188,188, 62
1417,188,188, 62
1418,188,188, 62
1419,188,188, 62
1420,188,188, 62
1421,188,188, 62
1422,188,188, 62
1423,188,188, 62
1424,188,188, 62
1425,188,188, 62
1426,188,188, 62
1427,188,188, 62
1428,188,188, 62
1429,188,188, 62
1430,188,188, 62
1431,188,188, 62
1432,188,188, 62
1433,188,188, 62
1434,188,188, 62
1435,188,188, 62
1436,188,188, 62
1437,188,188, 62
1438,188,188, 62
1439,188,188, 62
1440,188,188, 62
1441,188,188, 62
1442,188,188, 62
1443,188,188, 62
1444,188,188, 62
1445,188,188, 62
1446,188,188, 62
1447,188,188, 62
1448,188,188, 62
1449,188,188, 62
1450,188,188, 62
1451,188,188, 62
1452,188,188, 62
1453,188,188, 62
1454,188,188, 62
1455,188,188, 62
1456,188,188, 62
1457,188,188, 62
1458,188,188, 62
1459,188,188, 62
1460,188,188, 62
1461,188,188, 62
1462,188,188, 62
1463,187,187, 63
1464,187,187, 63
1465,187,187, 63
1466,187,187, 63
1467,187,187, 63
1468,187,187, 63
1469,187,187, 63
1470,187,187, 63
1471,187,187, 63
1472,187,187, 63
1473,187,187, 63
1474,187,187, 63
1475,187,187, 63
1476,187,187, 63
1477,187,187, 63
1478,187,187, 63
1479,187,187, 63
1480,187,187, 63
1481,187,187, 63
1482,187,187, 63
1483,186,186, 64
1484,186,186, 64
1485,186,186, 64
1486,186,186, 64
1487,186,186, 64
1488,186,186, 64
1489,186,186, 64
1490,186,186, 64
1491,186,186, 64
1492,186,186, 64
1493,186,186, 64
1494,186,186, 64
1495,186,186, 64
1496,186,186, 64
1497,185,185, 65
1498,185,185, 65
1499,185,185, 65
