0,250,250, 0
1,248,248, 2
2,248,248, 2
3,248,248, 2
4,248,248, 2
5,248,248, 2
6,248,248, 2
7,247,247, 3
8,247,247, 3
9,247,247, 3
10,247,247, 3
11,247,247, 3
12,247,247, 3
13,247,247, 3
14,247,247, 3
15,247,247, 3
16,247,247, 3
17,247,247, 3
18,247,247, 3
19,247,247, 3
20,247,247, 3
21,247,247, 3
22,247,247, 3
23,247,247, 3
24,247,247, 3
25,247,247, 3
26,247,247, 3
27,247,247, 3
28,247,247, 3
29,247,247, 3
30,246,246, 4
31,245,245, 5
32,245,245, 5
33,245,245, 5
34,245,245, 5
35,245,245, 5
36,245,245, 5
37,245,245, 5
38,245,245, 5
39,245,245, 5
40,245,245, 5
41,245,245, 5
42,245,245, 5
43,245,245, 5
44,245,245, 5
45,245,245, 5
46,245,245, 5
47,245,245, 5
48,245,245, 5
49,245,245, 5
50,245,245, 5
51,245,245, 5
52,245,245, 5
53,245,245, 5
54,245,245, 5
55,245,245, 5
56,245,245, 5
57,245,245, 5
58,245,245, 5
59,245,245, 5
60,245,245, 5
61,245,245, 5
62,245,245, 5
63,245,245, 5
64,245,245, 5
65,245,245, 5
66,245,245, 5
67,245,245, 5
68,245,245, 5
69,245,245, 5
70,245,245, 5
71,245,245, 5
72,245,245, 5
73,245,245, 5
74,245,245, 5
75,245,245, 5
76,245,245, 5
77,244,244, 6
78,244,244, 6
79,244,244, 6
80,244,244, 6
81,244,244, 6
82,244,244, 6
83,244,244, 6
84,244,244, 6
85,244,244, 6
86,244,244, 6
87,244,244, 6
88,244,244, 6
89,244,244, 6
90,244,244, 6
91,244,244, 6
92,244,244, 6
93,244,244, 6
94,244,244, 6
95,244,244, 6
96,244,244, 6
97,244,244, 6
98,244,244, 6
99,244,244, 6
100,244,244, 6
101,244,244, 6
102,244,244, 6
103,244,244, 6
104,244,244, 6
105,244,244, 6
106,244,244, 6
107,244,244, 6
108,244,244, 6
109,244,244, 6
110,243,243, 7
111,243,243, 7
112,243,243, 7
113,243,243, 7
114,243,243, 7
115,243,243, 7
116,243,243, 7
117,243,243, 7
118,243,243, 7
119,243,243, 7
120,243,243, 7
121,243,243, 7
122,243,243, 7
123,243,243, 7
124,242,242, 8
125,242,242, 8
126,242,242, 8
127,242,242, 8
128,242,242, 8
129,242,242, 8
130,242,242, 8
131,242,242, 8
132,240,240, 10
133,240,240, 10
134,240,240, 10
135,240,240, 10
136,240,240, 10
137,240,240, 10
138,240,240, 10
139,240,240, 10
140,240,240, 10
141,240,240, 10
142,240,240, 10
143,240,240, 10
144,240,240, 10
145,240,240, 10
146,240,240, 10
147,240,240, 10
148,240,240, 10
149,240,240, 10
150,240,240, 10
151,240,240, 10
152,240,240, 10
153,238,238, 12
154,238,238, 12
155,238,238, 12
156,238,238, 12
157,238,238, 12
158,238,238, 12
159,238,238, 12
160,238,238, 12
161,238,238, 12
162,238,238, 12
163,238,238, 12
164,238,238, 12
165,238,238, 12
166,238,238, 12
167,238,238, 12
168,238,238, 12
169,238,238, 12
170,238,238, 12
171,238,238, 12
172,238,238, 12
173,238,238, 12
174,238,238, 12
175,238,238, 12
176,238,238, 12
177,238,238, 12
178,238,238, 12
179,238,238, 12
180,238,238, 12
181,238,238, 12
182,238,238, 12
183,238,238, 12
184,238,238, 12
185,238,238, 12
186,238,238, 12
187,238,238, 12
188,238,238, 12
189,238,238, 12
190,238,238, 12
191,238,238, 12
192,238,238, 12
193,238,238, 12
194,238,238, 12
195,238,238, 12
196,238,238, 12
197,238,238, 12
198,238,238, 12
199,238,238, 12
200,238,238, 12
201,238,238, 12
202,238,238, 12
203,238,238, 12
204,238,238, 12
205,238,238, 12
206,238,238, 12
207,236,236, 14
208,236,236, 14
209,236,236, 14
210,236,236, 14
211,236,236, 14
212,236,236, 14
213,236,236, 14
214,236,236, 14
215,236,236, 14
216,236,236, 14
217,236,236, 14
218,236,236, 14
219,236,236, 14
220,236,236, 14
221,235,235, 15
222,235,235, 15
223,235,235, 15
224,235,235, 15
225,235,235, 15
226,235,235, 15
227,235,235, 15
228,235,235, 15
229,235,235, 15
230,235,235, 15
231,235,235, 15
232,235,235, 15
233,235,235, 15
234,235,235, 15
235,235,235, 15
236,235,235, 15
237,235,235, 15
238,235,235, 15
239,235,235, 15
240,235,235, 15
241,235,235, 15
242,235,235, 15
243,235,235, 15
244,235,235, 15
245,235,235, 15
246,235,235, 15
247,235,235, 15
248,235,235, 15
249,235,235, 15
250,235,235, 15
251,235,235, 15
252,235,235, 15
253,235,235, 15
254,235,235, 15
255,235,235, 15
256,235,235, 15
257,235,235, 15
258,235,235, 15
259,235,235, 15
260,235,235, 15
261,235,235, 15
262,235,235, 15
263,235,235, 15
264,235,235, 15
265,235,235, 15
266,235,235, 15
267,235,235, 15
268,235,235, 15
269,235,235, 15
270,235,235, 15
271,235,235, 15
272,235,235, 15
273,235,235, 15
274,235,235, 15
275,235,235, 15
276,235,235, 15
277,235,235, 15
278,235,235, 15
279,235,235, 15
280,235,235, 15
281,235,235, 15
282,235,235, 15
283,235,235, 15
284,235,235, 15
285,235,235, 15
286,235,235, 15
287,235,235, 15
288,235,235, 15
289,235,235, 15
290,234,234, 16
291,234,234, 16
292,234,234, 16
293,234,234, 16
294,234,234, 16
295,234,234, 16
296,234,234, 16
297,234,234, 16
298,234,234, 16
299,234,234, 16
300,234,234, 16
301,234,234, 16
302,233,233, 17
303,233,233, 17
304,233,233, 17
305,233,233, 17
306,233,233, 17
307,233,233, 17
308,233,233, 17
309,233,233, 17
310,233,233, 17
311,233,233, 17
312,233,233, 17
313,233,233, 17
314,233,233, 17
315,233,233, 17
316,233,233, 17
317,233,233, 17
318,233,233, 17
319,233,233, 17
320,233,233, 17
321,233,233, 17
322,233,233, 17
323,233,233, 17
324,233,233, 17
325,233,233, 17
326,233,233, 17
327,233,233, 17
328,233,233, 17
329,233,233, 17
330,233,233, 17
331,233,233, 17
332,233,233, 17
333,233,233, 17
334,233,233, 17
335,233,233, 17
336,233,233, 17
337,233,233, 17
338,233,233, 17
339,233,233, 17
340,233,233, 17
341,233,233, 17
342,233,233, 17
343,233,233, 17
344,233,233, 17
345,233,233, 17
346,233,233, 17
347,233,233, 17
348,233,233, 17
349,233,233, 17
350,233,233, 17
351,233,233, 17
352,233,233, 17
353,233,233, 17
354,233,233, 17
355,233,233, 17
356,233,233, 17
357,233,233, 17
358,233,233, 17
359,233,233, 17
360,233,233, 17
361,233,233, 17
362,233,233, 17
363,233,233, 17
364,233,233, 17
365,233,233, 17
366,232,232, 18
367,232,232, 18
368,231,231, 19
369,231,231, 19
370,231,231, 19
371,231,231, 19
372,231,231, 19
373,231,231, 19
374,231,231, 19
375,231,231, 19
376,231,231, 19
377,231,231, 19
378,231,231, 19
379,231,231, 19
380,231,231, 19
381,231,231, 19
382,231,231, 19
383,231,231, 19
384,231,231, 19
385,231,231, 19
386,231,231, 19
387,231,231, 19
388,231,231, 19
389,231,231, 19
390,231,231, 19
391,231,231, 19
392,231,231, 19
393,231,231, 19
394,231,231, 19
395,231,231, 19
396,231,231, 19
397,231,231, 19
398,231,231, 19
399,231,231, 19
400,231,231, 19
401,231,231, 19
402,231,231, 19
403,231,231, 19
404,231,231, 19
405,231,231, 19
406,231,231, 19
407,231,231, 19
408,231,231, 19
409,231,231, 19
410,231,231, 19
411,231,231, 19
412,231,231, 19
413,231,231, 19
414,231,231, 19
415,231,231, 19
416,231,231, 19
417,231,231, 19
418,231,231, 19
419,231,231, 19
420,231,231, 19
421,231,231, 19
422,231,231, 19
423,231,231, 19
424,231,231, 19
425,231,231, 19
426,231,231, 19
427,231,231, 19
428,231,231, 19
429,231,231, 19
430,231,231, 19
431,231,231, 19
432,231,231, 19
433,231,231, 19
434,231,231, 19
435,231,231, 19
436,231,231, 19
437,231,231, 19
438,231,231, 19
439,231,231, 19
440,231,231, 19
441,231,231, 19
442,231,231, 19
443,231,231, 19
444,231,231, 19
445,231,231, 19
446,231,231, 19
447,231,231, 19
448,231,231, 19
449,231,231, 19
450,231,231, 19
451,231,231, 19
452,231,231, 19
453,231,231, 19
454,231,231, 19
455,231,231, 19
456,231,231, 19
457,231,231, 19
458,231,231, 19
459,231,231, 19
460,231,231, 19
461,231,231, 19
462,231,231, 19
463,231,231, 19
464,231,231, 19
465,231,231, 19
466,231,231, 19
467,231,231, 19
468,231,231, 19
469,231,231, 19
470,231,231, 19
471,231,231, 19
472,231,231, 19
473,231,231, 19
474,231,231, 19
475,231,231, 19
476,231,231, 19
477,231,231, 19
478,231,231, 19
479,231,231, 19
480,231,231, 19
481,231,231, 19
482,231,231, 19
483,231,231, 19
484,231,231, 19
485,231,231, 19
486,231,231, 19
487,231,231, 19
488,231,231, 19
489,231,231, 19
490,231,231, 19
491,231,231, 19
492,231,231, 19
493,231,231, 19
494,231,231, 19
495,231,231, 19
496,231,231, 19
497,231,231, 19
498,231,231, 19
499,231,231, 19
500,231,231, 19
501,231,231, 19
502,231,231, 19
503,231,231, 19
504,231,231, 19
505,231,231, 19
506,231,231, 19
507,231,231, 19
508,231,231, 19
509,231,231, 19
510,231,231, 19
511,231,231, 19
512,231,231, 19
513,231,231, 19
514,231,231, 19
515,231,231, 19
516,231,231, 19
517,231,231, 19
518,231,231, 19
519,231,231, 19
520,231,231, 19
521,231,231, 19
522,231,231, 19
523,231,231, 19
524,231,231, 19
525,231,231, 19
526,231,231, 19
527,231,231, 19
528,231,231, 19
529,231,231, 19
530,231,231, 19
531,231,231, 19
532,231,231, 19
533,231,231, 19
534,231,231, 19
535,231,231, 19
536,231,231, 19
537,231,231, 19
538,231,231, 19
539,231,231, 19
540,231,231, 19
541,231,231, 19
542,231,231, 19
543,231,231, 19
544,231,231, 19
545,231,231, 19
546,231,231, 19
547,231,231, 19
548,231,231, 19
549,231,231, 19
550,231,231, 19
551,231,231, 19
552,231,231, 19
553,231,231, 19
554,231,231, 19
555,229,229, 21
556,229,229, 21
557,229,229, 21
558,229,229, 21
559,229,229, 21
560,229,229, 21
561,229,229, 21
562,227,227, 23
563,227,227, 23
564,227,227, 23
565,227,227, 23
566,227,227, 23
567,227,227, 23
568,227,227, 23
569,227,227, 23
570,227,227, 23
571,227,227, 23
572,227,227, 23
573,227,227, 23
574,227,227, 23
575,227,227, 23
576,227,227, 23
577,227,227, 23
578,227,227, 23
579,227,227, 23
580,227,227, 23
581,227,227, 23
582,227,227, 23
583,227,227, 23
584,227,227, 23
585,227,227, 23
586,227,227, 23
587,227,227, 23
588,227,227, 23
589,227,227, 23
590,227,227, 23
591,227,227, 23
592,227,227, 23
593,227,227, 23
594,227,227, 23
595,227,227, 23
596,227,227, 23
597,227,227, 23
598,227,227, 23
599,227,227, 23
600,227,227, 23
601,227,227, 23
602,227,227, 23
603,227,227, 23
604,227,227, 23
605,227,227, 23
606,227,227, 23
607,227,227, 23
608,227,227, 23
609,227,227, 23
610,227,227, 23
611,227,227, 23
612,227,227, 23
613,227,227, 23
614,227,227, 23
615,227,227, 23
616,227,227, 23
617,227,227, 23
618,227,227, 23
619,227,227, 23
620,227,227, 23
621,227,227, 23
622,227,227, 23
623,227,227, 23
624,227,227, 23
625,227,227, 23
626,227,227, 23
627,227,227, 23
628,227,227, 23
629,227,227, 23
630,227,227, 23
631,227,227, 23
632,227,227, 23
633,227,227, 23
634,227,227, 23
635,227,227, 23
636,227,227, 23
637,227,227, 23
638,227,227, 23
639,227,227, 23
640,227,227, 23
641,227,227, 23
642,227,227, 23
643,227,227, 23
644,227,227, 23
645,227,227, 23
646,227,227, 23
647,227,227, 23
648,227,227, 23
649,227,227, 23
650,227,227, 23
651,227,227, 23
652,227,227, 23
653,227,227, 23
654,227,227, 23
655,227,227, 23
656,227,227, 23
657,227,227, 23
658,227,227, 23
659,227,227, 23
660,227,227, 23
661,227,227, 23
662,227,227, 23
663,227,227, 23
664,227,227, 23
665,227,227, 23
666,227,227, 23
667,227,227, 23
668,227,227, 23
669,227,227, 23
670,227,227, 23
671,227,227, 23
672,227,227, 23
673,227,227, 23
674,227,227, 23
675,227,227, 23
676,227,227, 23
677,227,227, 23
678,227,227, 23
679,227,227, 23
680,227,227, 23
681,227,227, 23
682,227,227, 23
683,227,227, 23
684,227,227, 23
685,227,227, 23
686,227,227, 23
687,227,227, 23
688,227,227, 23
689,227,227, 23
690,227,227, 23
691,227,227, 23
692,227,227, 23
693,227,227, 23
694,227,227, 23
695,227,227, 23
696,227,227, 23
697,227,227, 23
698,227,227, 23
699,226,226, 24
700,226,226, 24
701,226,226, 24
702,226,226, 24
703,226,226, 24
704,226,226, 24
705,226,226, 24
706,226,226, 24
707,226,226, 24
708,226,226, 24
709,226,226, 24
710,226,226, 24
711,226,226, 24
712,226,226, 24
713,226,226, 24
714,226,226, 24
715,226,226, 24
716,226,226, 24
717,226,226, 24
718,226,226, 24
719,226,226, 24
720,226,226, 24
721,226,226, 24
722,226,226, 24
723,226,226, 24
724,226,226, 24
725,226,226, 24
726,226,226, 24
727,226,226, 24
728,226,226, 24
729,226,226, 24
730,226,226, 24
731,226,226, 24
732,226,226, 24
733,226,226, 24
734,226,226, 24
735,226,226, 24
736,226,226, 24
737,226,226, 24
738,226,226, 24
739,226,226, 24
740,226,226, 24
741,226,226, 24
742,226,226, 24
743,226,226, 24
744,226,226, 24
745,226,226, 24
746,226,226, 24
747,226,226, 24
748,226,226, 24
749,226,226, 24
750,226,226, 24
751,226,226, 24
752,226,226, 24
753,226,226, 24
754,226,226, 24
755,226,226, 24
756,226,226, 24
757,226,226, 24
758,226,226, 24
759,226,226, 24
760,226,226, 24
761,226,226, 24
762,226,226, 24
763,226,226, 24
764,226,226, 24
765,226,226, 24
766,226,226, 24
767,226,226, 24
768,226,226, 24
769,226,226, 24
770,226,226, 24
771,226,226, 24
772,226,226, 24
773,226,226, 24
774,226,226, 24
775,226,226, 24
776,226,226, 24
777,226,226, 24
778,226,226, 24
779,226,226, 24
780,226,226, 24
781,226,226, 24
782,226,226, 24
783,226,226, 24
784,226,226, 24
785,226,226, 24
786,226,226, 24
787,226,226, 24
788,226,226, 24
789,226,226, 24
790,226,226, 24
791,226,226, 24
792,226,226, 24
793,226,226, 24
794,226,226, 24
795,226,226, 24
796,226,226, 24
797,226,226, 24
798,226,226, 24
799,226,226, 24
800,226,226, 24
801,226,226, 24
802,226,226, 24
803,226,226, 24
804,226,226, 24
805,226,226, 24
806,226,226, 24
807,226,226, 24
808,226,226, 24
809,226,226, 24
810,226,226, 24
811,226,226, 24
812,226,226, 24
813,226,226, 24
814,226,226, 24
815,226,226, 24
816,226,226, 24
817,226,226, 24
818,226,226, 24
819,226,226, 24
820,226,226, 24
821,226,226, 24
822,226,226, 24
823,224,224, 26
824,224,224, 26
825,224,224, 26
826,224,224, 26
827,224,224, 26
828,224,224, 26
829,224,224, 26
830,224,224, 26
831,224,224, 26
832,224,224, 26
833,224,224, 26
834,224,224, 26
835,224,224, 26
836,224,224, 26
837,224,224, 26
838,224,224, 26
839,224,224, 26
840,224,224, 26
841,224,224, 26
842,224,224, 26
843,224,224, 26
844,224,224, 26
845,224,224, 26
846,224,224, 26
847,224,224, 26
848,224,224, 26
849,224,224, 26
850,224,224, 26
851,224,224, 26
852,224,224, 26
853,224,224, 26
854,224,224, 26
855,224,224, 26
856,224,224, 26
857,224,224, 26
858,224,224, 26
859,224,224, 26
860,224,224, 26
861,224,224, 26
862,222,222, 28
863,222,222, 28
864,222,222, 28
865,222,222, 28
866,222,222, 28
867,222,222, 28
868,222,222, 28
869,222,222, 28
870,222,222, 28
871,222,222, 28
872,222,222, 28
873,222,222, 28
874,222,222, 28
875,222,222, 28
876,222,222, 28
877,222,222, 28
878,222,222, 28
879,222,222, 28
880,222,222, 28
881,222,222, 28
882,222,222, 28
883,222,222, 28
884,222,222, 28
885,222,222, 28
886,222,222, 28
887,222,222, 28
888,222,222, 28
889,222,222, 28
890,222,222, 28
891,222,222, 28
892,222,222, 28
893,222,222, 28
894,222,222, 28
895,222,222, 28
896,222,222, 28
897,222,222, 28
898,222,222, 28
899,222,222, 28
900,222,222, 28
901,222,222, 28
902,222,222, 28
903,222,222, 28
904,222,222, 28
905,222,222, 28
906,222,222, 28
907,222,222, 28
908,222,222, 28
909,222,222, 28
910,222,222, 28
911,222,222, 28
912,222,222, 28
913,222,222, 28
914,222,222, 28
915,222,222, 28
916,222,222, 28
917,222,222, 28
918,222,222, 28
919,222,222, 28
920,222,222, 28
921,222,222, 28
922,222,222, 28
923,222,222, 28
924,222,222, 28
925,222,222, 28
926,222,222, 28
927,222,222, 28
928,222,222, 28
929,222,222, 28
930,222,222, 28
931,222,222, 28
932,222,222, 28
933,222,222, 28
934,222,222, 28
935,222,222, 28
936,222,222, 28
937,222,222, 28
938,222,222, 28
939,222,222, 28
940,222,222, 28
941,222,222, 28
942,222,222, 28
943,222,222, 28
944,222,222, 28
945,222,222, 28
946,222,222, 28
947,222,222, 28
948,222,222, 28
949,222,222, 28
950,222,222, 28
951,222,222, 28
952,222,222, 28
953,222,222, 28
954,222,222, 28
955,222,222, 28
956,222,222, 28
957,222,222, 28
958,222,222, 28
959,222,222, 28
960,222,222, 28
961,222,222, 28
962,222,222, 28
963,222,222, 28
964,222,222, 28
965,222,222, 28
966,222,222, 28
967,222,222, 28
968,222,222, 28
969,222,222, 28
970,222,222, 28
971,222,222, 28
972,222,222, 28
973,222,222, 28
974,222,222, 28
975,222,222, 28
976,222,222, 28
977,222,222, 28
978,222,222, 28
979,222,222, 28
980,222,222, 28
981,222,222, 28
982,222,222, 28
983,222,222, 28
984,222,222, 28
985,222,222, 28
986,222,222, 28
987,222,222, 28
988,222,222, 28
989,222,222, 28
990,222,222, 28
991,222,222, 28
992,222,222, 28
993,222,222, 28
994,222,222, 28
995,222,222, 28
996,222,222, 28
997,222,222, 28
998,222,222, 28
999,222,222, 28
1000,222,222, 28
1001,222,222, 28
1002,222,222, 28
1003,222,222, 28
1004,222,222, 28
1005,222,222, 28
1006,222,222, 28
1007,222,222, 28
1008,222,222, 28
1009,222,222, 28
1010,222,222, 28
1011,222,222, 28
1012,222,222, 28
1013,222,222, 28
1014,222,222, 28
1015,222,222, 28
1016,222,222, 28
1017,222,222, 28
1018,222,222, 28
1019,222,222, 28
1020,222,222, 28
1021,222,222, 28
1022,222,222, 28
1023,222,222, 28
1024,222,222, 28
1025,221,221, 29
1026,221,221, 29
1027,221,221, 29
1028,221,221, 29
1029,221,221, 29
1030,221,221, 29
1031,221,221, 29
1032,221,221, 29
1033,221,221, 29
1034,221,221, 29
1035,221,221, 29
1036,221,221, 29
1037,221,221, 29
1038,221,221, 29
1039,221,221, 29
1040,221,221, 29
1041,221,221, 29
1042,221,221, 29
1043,221,221, 29
1044,221,221, 29
1045,221,221, 29
1046,221,221, 29
1047,221,221, 29
1048,221,221, 29
1049,221,221, 29
1050,221,221, 29
1051,221,221, 29
1052,221,221, 29
1053,221,221, 29
1054,221,221, 29
1055,221,221, 29
1056,221,221, 29
1057,221,221, 29
1058,221,221, 29
1059,221,221, 29
1060,221,221, 29
1061,221,221, 29
1062,221,221, 29
1063,221,221, 29
1064,221,221, 29
1065,221,221, 29
1066,221,221, 29
1067,221,221, 29
1068,221,221, 29
1069,221,221, 29
1070,220,220, 30
1071,220,220, 30
1072,220,220, 30
1073,220,220, 30
1074,220,220, 30
1075,220,220, 30
1076,219,219, 31
1077,219,219, 31
1078,219,219, 31
1079,219,219, 31
1080,219,219, 31
1081,219,219, 31
1082,219,219, 31
1083,219,219, 31
1084,219,219, 31
1085,219,219, 31
1086,219,219, 31
1087,219,219, 31
1088,219,219, 31
1089,219,219, 31
1090,219,219, 31
1091,219,219, 31
1092,219,219, 31
1093,219,219, 31
1094,219,219, 31
1095,219,219, 31
1096,219,219, 31
1097,219,219, 31
1098,219,219, 31
1099,219,219, 31
1100,219,219, 31
1101,219,219, 31
1102,219,219, 31
1103,219,219, 31
1104,219,219, 31
1105,219,219, 31
1106,219,219, 31
1107,219,219, 31
1108,219,219, 31
1109,219,219, 31
1110,219,219, 31
1111,219,219, 31
1112,219,219, 31
1113,219,219, 31
1114,219,219, 31
1115,219,219, 31
1116,219,219, 31
1117,219,219, 31
1118,219,219, 31
1119,219,219, 31
1120,219,219, 31
1121,219,219, 31
1122,219,219, 31
1123,219,219, 31
1124,219,219, 31
1125,219,219, 31
1126,219,219, 31
1127,219,219, 31
1128,219,219, 31
1129,219,219, 31
1130,219,219, 31
1131,219,219, 31
1132,219,219, 31
1133,219,219, 31
1134,219,219, 31
1135,219,219, 31
1136,219,219, 31
1137,219,219, 31
1138,219,219, 31
1139,219,219, 31
1140,219,219, 31
1141,219,219, 31
1142,219,219, 31
1143,219,219, 31
1144,219,219, 31
1145,219,219, 31
1146,219,219, 31
1147,219,219, 31
1148,219,219, 31
1149,219,219, 31
1150,219,219, 31
1151,219,219, 31
1152,219,219, 31
1153,219,219, 31
1154,219,219, 31
1155,219,219, 31
1156,219,219, 31
1157,219,219, 31
1158,219,219, 31
1159,219,219, 31
1160,219,219, 31
1161,219,219, 31
1162,219,219, 31
1163,219,219, 31
1164,219,219, 31
1165,219,219, 31
1166,219,219, 31
1167,219,219, 31
1168,219,219, 31
1169,219,219, 31
1170,219,219, 31
1171,219,219, 31
1172,219,219, 31
1173,219,219, 31
1174,219,219, 31
1175,219,219, 31
1176,219,219, 31
1177,219,219, 31
1178,218,218, 32
1179,218,218, 32
1180,218,218, 32
1181,218,218, 32
1182,218,218, 32
1183,218,218, 32
1184,218,218, 32
1185,218,218, 32
1186,218,218, 32
1187,218,218, 32
1188,218,218, 32
1189,218,218, 32
1190,218,218, 32
1191,218,218, 32
1192,218,218, 32
1193,218,218, 32
1194,218,218, 32
1195,218,218, 32
1196,218,218, 32
1197,218,218, 32
1198,216,216, 34
1199,216,216, 34
1200,216,216, 34
1201,216,216, 34
1202,216,216, 34
1203,216,216, 34
1204,216,216, 34
1205,216,216, 34
1206,215,215, 35
1207,215,215, 35
1208,214,214, 36
1209,214,214, 36
1210,214,214, 36
1211,214,214, 36
1212,214,214, 36
1213,214,214, 36
1214,214,214, 36
1215,214,214, 36
1216,214,214, 36
1217,214,214, 36
1218,214,214, 36
1219,214,214, 36
1220,214,214, 36
1221,214,214, 36
1222,214,214, 36
1223,214,214, 36
1224,214,214, 36
1225,214,214, 36
1226,214,214, 36
1227,214,214, 36
1228,214,214, 36
1229,214,214, 36
1230,214,214, 36
1231,214,214, 36
1232,214,214, 36
1233,214,214, 36
1234,214,214, 36
1235,214,214, 36
1236,214,214, 36
1237,214,214, 36
1238,214,214, 36
1239,213,213, 37
1240,213,213, 37
1241,213,213, 37
1242,213,213, 37
1243,213,213, 37
1244,213,213, 37
1245,213,213, 37
1246,213,213, 37
1247,213,213, 37
1248,213,213, 37
1249,212,212, 38
1250,211,211, 39
1251,211,211, 39
1252,211,211, 39
1253,211,211, 39
1254,211,211, 39
1255,211,211, 39
1256,211,211, 39
1257,211,211, 39
1258,211,211, 39
1259,211,211, 39
1260,211,211, 39
1261,211,211, 39
1262,211,211, 39
1263,211,211, 39
1264,211,211, 39
1265,211,211, 39
1266,211,211, 39
1267,211,211, 39
1268,211,211, 39
1269,211,211, 39
1270,211,211, 39
1271,211,211, 39
1272,211,211, 39
1273,211,211, 39
1274,211,211, 39
1275,211,211, 39
1276,211,211, 39
1277,211,211, 39
1278,211,211, 39
1279,211,211, 39
1280,211,211, 39
1281,211,211, 39
1282,211,211, 39
1283,211,211, 39
1284,211,211, 39
1285,211,211, 39
1286,211,211, 39
1287,211,211, 39
1288,211,211, 39
1289,211,211, 39
1290,211,211, 39
1291,211,211, 39
1292,211,211, 39
1293,211,211, 39
1294,211,211, 39
1295,211,211, 39
1296,211,211, 39
1297,211,211, 39
1298,211,211, 39
1299,211,211, 39
1300,211,211, 39
1301,211,211, 39
1302,211,211, 39
1303,211,211, 39
1304,211,211, 39
1305,211,211, 39
1306,211,211, 39
1307,211,211, 39
1308,211,211, 39
1309,211,211, 39
1310,211,211, 39
1311,211,211, 39
1312,211,211, 39
1313,211,211, 39
1314,211,211, 39
1315,211,211, 39
1316,211,211, 39
1317,211,211, 39
1318,211,211, 39
1319,211,211, 39
1320,211,211, 39
1321,211,211, 39
1322,211,211, 39
1323,211,211, 39
1324,211,211, 39
1325,211,211, 39
1326,211,211, 39
1327,211,211, 39
1328,211,211, 39
1329,211,211, 39
1330,211,211, 39
1331,211,211, 39
1332,211,211, 39
1333,211,211, 39
1334,211,211, 39
1335,211,211, 39
1336,211,211, 39
1337,211,211, 39
1338,211,211, 39
1339,211,211, 39
1340,211,211, 39
1341,211,211, 39
1342,211,211, 39
1343,211,211, 39
1344,211,211, 39
1345,211,211, 39
1346,211,211, 39
1347,211,211, 39
1348,211,211, 39
1349,211,211, 39
1350,211,211, 39
1351,211,211, 39
1352,211,211, 39
1353,211,211, 39
1354,211,211, 39
1355,211,211, 39
1356,210,210, 40
1357,210,210, 40
1358,210,210, 40
1359,210,210, 40
1360,210,210, 40
1361,210,210, 40
1362,210,210, 40
1363,210,210, 40
1364,210,210, 40
1365,210,210, 40
1366,210,210, 40
1367,210,210, 40
1368,210,210, 40
1369,210,210, 40
1370,210,210, 40
1371,210,210, 40
1372,210,210, 40
1373,210,210, 40
1374,210,210, 40
1375,210,210, 40
1376,210,210, 40
1377,210,210, 40
1378,210,210, 40
1379,210,210, 40
1380,210,210, 40
1381,210,210, 40
1382,210,210, 40
1383,210,210, 40
1384,210,210, 40
1385,210,210, 40
1386,210,210, 40
1387,210,210, 40
1388,210,210, 40
1389,210,210, 40
1390,210,210, 40
1391,210,210, 40
1392,210,210, 40
1393,210,210, 40
1394,210,210, 40
1395,210,210, 40
1396,210,210, 40
1397,210,210, 40
1398,210,210, 40
1399,210,210, 40
1400,210,210, 40
1401,210,210, 40
1402,210,210, 40
1403,210,210, 40
1404,210,210, 40
1405,210,210, 40
1406,210,210, 40
1407,210,210, 40
1408,210,210, 40
1409,210,210, 40
1410,210,210, 40
1411,210,210, 40
1412,210,210, 40
1413,210,210, 40
1414,210,210, 40
1415,210,210, 40
1416,210,210, 40
1417,210,210, 40
1418,210,210, 40
1419,210,210, 40
1420,210,210, 40
1421,210,210, 40
1422,210,210, 40
1423,210,210, 40
1424,210,210, 40
1425,210,210, 40
1426,210,210, 40
1427,210,210, 40
1428,210,210, 40
1429,210,210, 40
1430,210,210, 40
1431,210,210, 40
1432,210,210, 40
1433,210,210, 40
1434,210,210, 40
1435,210,210, 40
1436,210,210, 40
1437,210,210, 40
1438,210,210, 40
1439,210,210, 40
1440,210,210, 40
1441,210,210, 40
1442,210,210, 40
1443,210,210, 40
1444,210,210, 40
1445,210,210, 40
1446,209,209, 41
1447,209,209, 41
1448,209,209, 41
1449,209,209, 41
1450,209,209, 41
1451,209,209, 41
1452,209,209, 41
1453,209,209, 41
1454,209,209, 41
1455,209,209, 41
1456,209,209, 41
1457,209,209, 41
1458,208,208, 42
1459,208,208, 42
1460,208,208, 42
1461,208,208, 42
1462,208,208, 42
1463,208,208, 42
1464,208,208, 42
1465,208,208, 42
1466,208,208, 42
1467,208,208, 42
1468,208,208, 42
1469,208,208, 42
1470,208,208, 42
1471,208,208, 42
1472,208,208, 42
1473,208,208, 42
1474,208,208, 42
1475,208,208, 42
1476,208,208, 42
1477,208,208, 42
1478,208,208, 42
1479,208,208, 42
1480,208,208, 42
1481,208,208, 42
1482,208,208, 42
1483,208,208, 42
1484,208,208, 42
1485,208,208, 42
1486,208,208, 42
1487,208,208, 42
1488,208,208, 42
1489,208,208, 42
1490,208,208, 42
1491,208,208, 42
1492,208,208, 42
1493,208,208, 42
1494,208,208, 42
1495,208,208, 42
1496,208,208, 42
1497,208,208, 42
1498,208,208, 42
1499,208,208, 42
