0,250,250, 0
1,250,250, 0
2,250,250, 0
3,250,250, 0
4,250,250, 0
5,250,250, 0
6,250,250, 0
7,250,250, 0
8,250,250, 0
9,250,250, 0
10,250,250, 0
11,250,250, 0
12,250,250, 0
13,250,250, 0
14,250,250, 0
15,250,250, 0
16,250,250, 0
17,250,250, 0
18,250,250, 0
19,250,250, 0
20,250,250, 0
21,250,250, 0
22,250,250, 0
23,250,250, 0
24,250,250, 0
25,250,250, 0
26,250,250, 0
27,250,250, 0
28,250,250, 0
29,250,250, 0
30,250,250, 0
31,250,250, 0
32,250,250, 0
33,249,249, 1
34,249,249, 1
35,249,249, 1
36,249,249, 1
37,249,249, 1
38,249,249, 1
39,249,249, 1
40,249,249, 1
41,249,249, 1
42,249,249, 1
43,249,249, 1
44,249,249, 1
45,249,249, 1
46,249,249, 1
47,249,249, 1
48,249,249, 1
49,248,248, 2
50,248,248, 2
51,247,247, 3
52,247,247, 3
53,247,247, 3
54,247,247, 3
55,247,247, 3
56,247,247, 3
57,247,247, 3
58,247,247, 3
59,247,247, 3
60,247,247, 3
61,247,247, 3
62,247,247, 3
63,247,247, 3
64,247,247, 3
65,247,247, 3
66,247,247, 3
67,247,247, 3
68,247,247, 3
69,247,247, 3
70,246,246, 4
71,246,246, 4
72,246,246, 4
73,246,246, 4
74,246,246, 4
75,246,246, 4
76,246,246, 4
77,246,246, 4
78,246,246, 4
79,246,246, 4
80,246,246, 4
81,246,246, 4
82,246,246, 4
83,246,246, 4
84,246,246, 4
85,246,246, 4
86,246,246, 4
87,246,246, 4
88,246,246, 4
89,246,246, 4
90,246,246, 4
91,246,246, 4
92,246,246, 4
93,246,246, 4
94,246,246, 4
95,246,246, 4
96,246,246, 4
97,246,246, 4
98,246,246, 4
99,246,246, 4
100,246,246, 4
101,246,246, 4
102,246,246, 4
103,246,246, 4
104,246,246, 4
105,246,246, 4
106,245,245, 5
107,245,245, 5
108,245,245, 5
109,245,245, 5
110,245,245, 5
111,245,245, 5
112,245,245, 5
113,245,245, 5
114,245,245, 5
115,245,245, 5
116,245,245, 5
117,245,245, 5
118,245,245, 5
119,245,245, 5
120,245,245, 5
121,245,245, 5
122,245,245, 5
123,245,245, 5
124,245,245, 5
125,245,245, 5
126,245,245, 5
127,245,245, 5
128,245,245, 5
129,245,245, 5
130,245,245, 5
131,245,245, 5
132,245,245, 5
133,245,245, 5
134,245,245, 5
135,245,245, 5
136,245,245, 5
137,245,245, 5
138,245,245, 5
139,245,245, 5
140,245,245, 5
141,245,245, 5
142,245,245, 5
143,245,245, 5
144,245,245, 5
145,245,245, 5
146,245,245, 5
147,245,245, 5
148,245,245, 5
149,245,245, 5
150,245,245, 5
151,245,245, 5
152,245,245, 5
153,245,245, 5
154,245,245, 5
155,245,245, 5
156,245,245, 5
157,245,245, 5
158,245,245, 5
159,245,245, 5
160,245,245, 5
161,245,245, 5
162,245,245, 5
163,245,245, 5
164,245,245, 5
165,245,245, 5
166,245,245, 5
167,245,245, 5
168,245,245, 5
169,245,245, 5
170,245,245, 5
171,245,245, 5
172,245,245, 5
173,245,245, 5
174,245,245, 5
175,244,244, 6
176,244,244, 6
177,244,244, 6
178,244,244, 6
179,244,244, 6
180,244,244, 6
181,244,244, 6
182,244,244, 6
183,244,244, 6
184,244,244, 6
185,244,244, 6
186,244,244, 6
187,244,244, 6
188,244,244, 6
189,244,244, 6
190,244,244, 6
191,244,244, 6
192,244,244, 6
193,244,244, 6
194,244,244, 6
195,243,243, 7
196,243,243, 7
197,243,243, 7
198,243,243, 7
199,243,243, 7
200,243,243, 7
201,243,243, 7
202,243,243, 7
203,243,243, 7
204,243,243, 7
205,243,243, 7
206,243,243, 7
207,242,242, 8
208,242,242, 8
209,242,242, 8
210,242,242, 8
211,242,242, 8
212,242,242, 8
213,242,242, 8
214,242,242, 8
215,242,242, 8
216,242,242, 8
217,242,242, 8
218,242,242, 8
219,242,242, 8
220,242,242, 8
221,242,242, 8
222,242,242, 8
223,242,242, 8
224,242,242, 8
225,242,242, 8
226,242,242, 8
227,242,242, 8
228,242,242, 8
229,242,242, 8
230,242,242, 8
231,242,242, 8
232,242,242, 8
233,242,242, 8
234,242,242, 8
235,242,242, 8
236,242,242, 8
237,242,242, 8
238,242,242, 8
239,242,242, 8
240,242,242, 8
241,242,242, 8
242,242,242, 8
243,242,242, 8
244,242,242, 8
245,242,242, 8
246,242,242, 8
247,242,242, 8
248,242,242, 8
249,242,242, 8
250,242,242, 8
251,242,242, 8
252,242,242, 8
253,242,242, 8
254,241,241, 9
255,241,241, 9
256,241,241, 9
257,241,241, 9
258,241,241, 9
259,240,240, 10
260,240,240, 10
261,240,240, 10
262,240,240, 10
263,240,240, 10
264,240,240, 10
265,240,240, 10
266,240,240, 10
267,240,240, 10
268,239,239, 11
269,239,239, 11
270,239,239, 11
271,239,239, 11
272,239,239, 11
273,239,239, 11
274,239,239, 11
275,239,239, 11
276,239,239, 11
277,239,239, 11
278,239,239, 11
279,239,239, 11
280,238,238, 12
281,238,238, 12
282,238,238, 12
283,238,238, 12
284,238,238, 12
285,238,238, 12
286,238,238, 12
287,238,238, 12
288,238,238, 12
289,238,238, 12
290,238,238, 12
291,238,238, 12
292,238,238, 12
293,238,238, 12
294,238,238, 12
295,238,238, 12
296,238,238, 12
297,238,238, 12
298,238,238, 12
299,238,238, 12
300,238,238, 12
301,238,238, 12
302,238,238, 12
303,238,238, 12
304,238,238, 12
305,238,238, 12
306,238,238, 12
307,238,238, 12
308,238,238, 12
309,238,238, 12
310,238,238, 12
311,238,238, 12
312,238,238, 12
313,238,238, 12
314,238,238, 12
315,238,238, 12
316,238,238, 12
317,238,238, 12
318,238,238, 12
319,238,238, 12
320,238,238, 12
321,238,238, 12
322,238,238, 12
323,238,238, 12
324,238,238, 12
325,238,238, 12
326,238,238, 12
327,238,238, 12
328,238,238, 12
329,238,238, 12
330,238,238, 12
331,238,238, 12
332,238,238, 12
333,238,238, 12
334,238,238, 12
335,238,238, 12
336,238,238, 12
337,238,238, 12
338,238,238, 12
339,238,238, 12
340,238,238, 12
341,238,238, 12
342,238,238, 12
343,238,238, 12
344,238,238, 12
345,238,238, 12
346,238,238, 12
347,238,238, 12
348,238,238, 12
349,238,238, 12
350,238,238, 12
351,238,238, 12
352,238,238, 12
353,238,238, 12
354,238,238, 12
355,238,238, 12
356,238,238, 12
357,238,238, 12
358,238,238, 12
359,238,238, 12
360,238,238, 12
361,238,238, 12
362,238,238, 12
363,238,238, 12
364,238,238, 12
365,238,238, 12
366,238,238, 12
367,238,238, 12
368,238,238, 12
369,238,238, 12
370,238,238, 12
371,238,238, 12
372,238,238, 12
373,238,238, 12
374,238,238, 12
375,238,238, 12
376,238,238, 12
377,238,238, 12
378,238,238, 12
379,238,238, 12
380,238,238, 12
381,238,238, 12
382,238,238, 12
383,238,238, 12
384,238,238, 12
385,238,238, 12
386,238,238, 12
387,238,238, 12
388,238,238, 12
389,238,238, 12
390,238,238, 12
391,238,238, 12
392,238,238, 12
393,238,238, 12
394,238,238, 12
395,238,238, 12
396,238,238, 12
397,238,238, 12
398,238,238, 12
399,238,238, 12
400,238,238, 12
401,238,238, 12
402,238,238, 12
403,238,238, 12
404,238,238, 12
405,238,238, 12
406,238,238, 12
407,238,238, 12
408,238,238, 12
409,238,238, 12
410,238,238, 12
411,238,238, 12
412,238,238, 12
413,238,238, 12
414,238,238, 12
415,238,238, 12
416,238,238, 12
417,238,238, 12
418,238,238, 12
419,238,238, 12
420,238,238, 12
421,238,238, 12
422,238,238, 12
423,238,238, 12
424,238,238, 12
425,238,238, 12
426,238,238, 12
427,238,238, 12
428,238,238, 12
429,238,238, 12
430,238,238, 12
431,238,238, 12
432,237,237, 13
433,237,237, 13
434,237,237, 13
435,237,237, 13
436,237,237, 13
437,237,237, 13
438,237,237, 13
439,237,237, 13
440,237,237, 13
441,237,237, 13
442,237,237, 13
443,237,237, 13
444,237,237, 13
445,237,237, 13
446,237,237, 13
447,237,237, 13
448,237,237, 13
449,237,237, 13
450,237,237, 13
451,237,237, 13
452,237,237, 13
453,237,237, 13
454,237,237, 13
455,237,237, 13
456,237,237, 13
457,237,237, 13
458,237,237, 13
459,237,237, 13
460,237,237, 13
461,237,237, 13
462,237,237, 13
463,237,237, 13
464,237,237, 13
465,237,237, 13
466,237,237, 13
467,237,237, 13
468,237,237, 13
469,237,237, 13
470,237,237, 13
471,237,237, 13
472,237,237, 13
473,237,237, 13
474,237,237, 13
475,237,237, 13
476,237,237, 13
477,237,237, 13
478,237,237, 13
479,237,237, 13
480,237,237, 13
481,237,237, 13
482,237,237, 13
483,237,237, 13
484,237,237, 13
485,237,237, 13
486,237,237, 13
487,237,237, 13
488,237,237, 13
489,237,237, 13
490,237,237, 13
491,237,237, 13
492,237,237, 13
493,237,237, 13
494,237,237, 13
495,237,237, 13
496,236,236, 14
497,236,236, 14
498,236,236, 14
499,236,236, 14
500,235,235, 15
501,235,235, 15
502,235,235, 15
503,235,235, 15
504,235,235, 15
505,235,235, 15
506,235,235, 15
507,235,235, 15
508,235,235, 15
509,235,235, 15
510,235,235, 15
511,235,235, 15
512,235,235, 15
513,235,235, 15
514,235,235, 15
515,235,235, 15
516,235,235, 15
517,235,235, 15
518,235,235, 15
519,235,235, 15
520,235,235, 15
521,235,235, 15
522,235,235, 15
523,235,235, 15
524,235,235, 15
525,235,235, 15
526,235,235, 15
527,235,235, 15
528,235,235, 15
529,235,235, 15
530,235,235, 15
531,235,235, 15
532,235,235, 15
533,235,235, 15
534,235,235, 15
535,235,235, 15
536,235,235, 15
537,235,235, 15
538,235,235, 15
539,235,235, 15
540,235,235, 15
541,235,235, 15
542,235,235, 15
543,235,235, 15
544,235,235, 15
545,235,235, 15
546,235,235, 15
547,235,235, 15
548,235,235, 15
549,235,235, 15
550,235,235, 15
551,234,234, 16
552,234,234, 16
553,234,234, 16
554,234,234, 16
555,234,234, 16
556,234,234, 16
557,234,234, 16
558,234,234, 16
559,234,234, 16
560,234,234, 16
561,234,234, 16
562,234,234, 16
563,234,234, 16
564,234,234, 16
565,234,234, 16
566,234,234, 16
567,234,234, 16
568,234,234, 16
569,234,234, 16
570,234,234, 16
571,234,234, 16
572,234,234, 16
573,234,234, 16
574,234,234, 16
575,234,234, 16
576,234,234, 16
577,234,234, 16
578,234,234, 16
579,234,234, 16
580,234,234, 16
581,234,234, 16
582,234,234, 16
583,234,234, 16
584,234,234, 16
585,234,234, 16
586,234,234, 16
587,234,234, 16
588,234,234, 16
589,234,234, 16
590,234,234, 16
591,234,234, 16
592,234,234, 16
593,234,234, 16
594,234,234, 16
595,234,234, 16
596,234,234, 16
597,234,234, 16
598,234,234, 16
599,234,234, 16
600,234,234, 16
601,234,234, 16
602,234,234, 16
603,234,234, 16
604,234,234, 16
605,234,234, 16
606,234,234, 16
607,234,234, 16
608,234,234, 16
609,234,234, 16
610,234,234, 16
611,234,234, 16
612,234,234, 16
613,234,234, 16
614,234,234, 16
615,234,234, 16
616,234,234, 16
617,234,234, 16
618,234,234, 16
619,234,234, 16
620,234,234, 16
621,233,233, 17
622,233,233, 17
623,233,233, 17
624,233,233, 17
625,233,233, 17
626,233,233, 17
627,233,233, 17
628,233,233, 17
629,233,233, 17
630,233,233, 17
631,233,233, 17
632,233,233, 17
633,233,233, 17
634,233,233, 17
635,233,233, 17
636,233,233, 17
637,233,233, 17
638,233,233, 17
639,233,233, 17
640,233,233, 17
641,233,233, 17
642,233,233, 17
643,232,232, 18
644,232,232, 18
645,232,232, 18
646,232,232, 18
647,232,232, 18
648,232,232, 18
649,232,232, 18
650,232,232, 18
651,232,232, 18
652,232,232, 18
653,232,232, 18
654,232,232, 18
655,232,232, 18
656,232,232, 18
657,232,232, 18
658,232,232, 18
659,232,232, 18
660,232,232, 18
661,232,232, 18
662,232,232, 18
663,232,232, 18
664,232,232, 18
665,232,232, 18
666,232,232, 18
667,232,232, 18
668,232,232, 18
669,232,232, 18
670,232,232, 18
671,232,232, 18
672,232,232, 18
673,232,232, 18
674,232,232, 18
675,232,232, 18
676,231,231, 19
677,231,231, 19
678,231,231, 19
679,231,231, 19
680,231,231, 19
681,231,231, 19
682,231,231, 19
683,231,231, 19
684,231,231, 19
685,230,230, 20
686,230,230, 20
687,230,230, 20
688,230,230, 20
689,230,230, 20
690,230,230, 20
691,230,230, 20
692,230,230, 20
693,230,230, 20
694,230,230, 20
695,230,230, 20
696,230,230, 20
697,230,230, 20
698,230,230, 20
699,230,230, 20
700,230,230, 20
701,230,230, 20
702,230,230, 20
703,230,230, 20
704,230,230, 20
705,230,230, 20
706,230,230, 20
707,230,230, 20
708,230,230, 20
709,230,230, 20
710,230,230, 20
711,230,230, 20
712,230,230, 20
713,230,230, 20
714,230,230, 20
715,230,230, 20
716,230,230, 20
717,230,230, 20
718,230,230, 20
719,230,230, 20
720,230,230, 20
721,230,230, 20
722,230,230, 20
723,230,230, 20
724,230,230, 20
725,230,230, 20
726,230,230, 20
727,230,230, 20
728,230,230, 20
729,230,230, 20
730,230,230, 20
731,230,230, 20
732,230,230, 20
733,230,230, 20
734,230,230, 20
735,230,230, 20
736,230,230, 20
737,230,230, 20
738,230,230, 20
739,230,230, 20
740,230,230, 20
741,230,230, 20
742,230,230, 20
743,230,230, 20
744,230,230, 20
745,230,230, 20
746,230,230, 20
747,230,230, 20
748,230,230, 20
749,230,230, 20
750,230,230, 20
751,230,230, 20
752,230,230, 20
753,230,230, 20
754,230,230, 20
755,230,230, 20
756,230,230, 20
757,230,230, 20
758,230,230, 20
759,230,230, 20
760,230,230, 20
761,230,230, 20
762,230,230, 20
763,230,230, 20
764,230,230, 20
765,230,230, 20
766,230,230, 20
767,230,230, 20
768,230,230, 20
769,230,230, 20
770,230,230, 20
771,230,230, 20
772,230,230, 20
773,230,230, 20
774,230,230, 20
775,230,230, 20
776,230,230, 20
777,230,230, 20
778,230,230, 20
779,230,230, 20
780,230,230, 20
781,230,230, 20
782,230,230, 20
783,230,230, 20
784,230,230, 20
785,230,230, 20
786,230,230, 20
787,230,230, 20
788,230,230, 20
789,230,230, 20
790,230,230, 20
791,230,230, 20
792,230,230, 20
793,230,230, 20
794,230,230, 20
795,230,230, 20
796,230,230, 20
797,230,230, 20
798,230,230, 20
799,230,230, 20
800,230,230, 20
801,230,230, 20
802,230,230, 20
803,230,230, 20
804,230,230, 20
805,230,230, 20
806,230,230, 20
807,230,230, 20
808,230,230, 20
809,230,230, 20
810,230,230, 20
811,230,230, 20
812,230,230, 20
813,230,230, 20
814,230,230, 20
815,230,230, 20
816,230,230, 20
817,230,230, 20
818,230,230, 20
819,230,230, 20
820,230,230, 20
821,230,230, 20
822,230,230, 20
823,230,230, 20
824,230,230, 20
825,230,230, 20
826,230,230, 20
827,230,230, 20
828,230,230, 20
829,230,230, 20
830,229,229, 21
831,229,229, 21
832,229,229, 21
833,229,229, 21
834,229,229, 21
835,229,229, 21
836,229,229, 21
837,229,229, 21
838,229,229, 21
839,229,229, 21
840,229,229, 21
841,229,229, 21
842,229,229, 21
843,229,229, 21
844,229,229, 21
845,229,229, 21
846,229,229, 21
847,229,229, 21
848,229,229, 21
849,229,229, 21
850,229,229, 21
851,229,229, 21
852,229,229, 21
853,229,229, 21
854,229,229, 21
855,229,229, 21
856,229,229, 21
857,229,229, 21
858,229,229, 21
859,229,229, 21
860,229,229, 21
861,229,229, 21
862,229,229, 21
863,229,229, 21
864,229,229, 21
865,229,229, 21
866,229,229, 21
867,229,229, 21
868,229,229, 21
869,229,229, 21
870,229,229, 21
871,229,229, 21
872,229,229, 21
873,229,229, 21
874,229,229, 21
875,229,229, 21
876,229,229, 21
877,229,229, 21
878,229,229, 21
879,229,229, 21
880,229,229, 21
881,229,229, 21
882,229,229, 21
883,229,229, 21
884,229,229, 21
885,229,229, 21
886,229,229, 21
887,229,229, 21
888,229,229, 21
889,229,229, 21
890,229,229, 21
891,229,229, 21
892,229,229, 21
893,228,228, 22
894,228,228, 22
895,228,228, 22
896,228,228, 22
897,228,228, 22
898,228,228, 22
899,228,228, 22
900,228,228, 22
901,228,228, 22
902,228,228, 22
903,228,228, 22
904,228,228, 22
905,228,228, 22
906,228,228, 22
907,228,228, 22
908,228,228, 22
909,228,228, 22
910,228,228, 22
911,228,228, 22
912,228,228, 22
913,228,228, 22
914,228,228, 22
915,228,228, 22
916,228,228, 22
917,228,228, 22
918,228,228, 22
919,228,228, 22
920,228,228, 22
921,228,228, 22
922,228,228, 22
923,228,228, 22
924,228,228, 22
925,228,228, 22
926,228,228, 22
927,228,228, 22
928,228,228, 22
929,228,228, 22
930,228,228, 22
931,228,228, 22
932,228,228, 22
933,228,228, 22
934,228,228, 22
935,228,228, 22
936,228,228, 22
937,228,228, 22
938,228,228, 22
939,228,228, 22
940,228,228, 22
941,228,228, 22
942,228,228, 22
943,228,228, 22
944,228,228, 22
945,228,228, 22
946,228,228, 22
947,228,228, 22
948,228,228, 22
949,228,228, 22
950,228,228, 22
951,228,228, 22
952,228,228, 22
953,228,228, 22
954,228,228, 22
955,228,228, 22
956,228,228, 22
957,228,228, 22
958,228,228, 22
959,228,228, 22
960,228,228, 22
961,228,228, 22
962,228,228, 22
963,228,228, 22
964,228,228, 22
965,228,228, 22
966,228,228, 22
967,228,228, 22
968,228,228, 22
969,228,228, 22
970,228,228, 22
971,228,228, 22
972,228,228, 22
973,228,228, 22
974,228,228, 22
975,228,228, 22
976,228,228, 22
977,228,228, 22
978,228,228, 22
979,228,228, 22
980,228,228, 22
981,228,228, 22
982,228,228, 22
983,228,228, 22
984,228,228, 22
985,228,228, 22
986,227,227, 23
987,227,227, 23
988,227,227, 23
989,227,227, 23
990,227,227, 23
991,227,227, 23
992,227,227, 23
993,227,227, 23
994,227,227, 23
995,227,227, 23
996,227,227, 23
997,227,227, 23
998,227,227, 23
999,227,227, 23
1000,227,227, 23
1001,227,227, 23
1002,227,227, 23
1003,227,227, 23
1004,227,227, 23
1005,227,227, 23
1006,227,227, 23
1007,227,227, 23
1008,227,227, 23
1009,227,227, 23
1010,227,227, 23
1011,227,227, 23
1012,227,227, 23
1013,227,227, 23
1014,227,227, 23
1015,227,227, 23
1016,227,227, 23
1017,227,227, 23
1018,227,227, 23
1019,227,227, 23
1020,227,227, 23
1021,227,227, 23
1022,227,227, 23
1023,227,227, 23
1024,227,227, 23
1025,227,227, 23
1026,227,227, 23
1027,227,227, 23
1028,227,227, 23
1029,227,227, 23
1030,227,227, 23
1031,227,227, 23
1032,227,227, 23
1033,227,227, 23
1034,227,227, 23
1035,227,227, 23
1036,227,227, 23
1037,227,227, 23
1038,227,227, 23
1039,227,227, 23
1040,227,227, 23
1041,227,227, 23
1042,227,227, 23
1043,227,227, 23
1044,227,227, 23
1045,227,227, 23
1046,227,227, 23
1047,227,227, 23
1048,227,227, 23
1049,227,227, 23
1050,227,227, 23
1051,227,227, 23
1052,227,227, 23
1053,227,227, 23
1054,227,227, 23
1055,227,227, 23
1056,227,227, 23
1057,227,227, 23
1058,227,227, 23
1059,227,227, 23
1060,227,227, 23
1061,227,227, 23
1062,227,227, 23
1063,227,227, 23
1064,227,227, 23
1065,227,227, 23
1066,227,227, 23
1067,227,227, 23
1068,227,227, 23
1069,227,227, 23
1070,227,227, 23
1071,227,227, 23
1072,227,227, 23
1073,227,227, 23
1074,227,227, 23
1075,227,227, 23
1076,227,227, 23
1077,227,227, 23
1078,227,227, 23
1079,227,227, 23
1080,227,227, 23
1081,227,227, 23
1082,227,227, 23
1083,227,227, 23
1084,227,227, 23
1085,227,227, 23
1086,227,227, 23
1087,227,227, 23
1088,227,227, 23
1089,227,227, 23
1090,227,227, 23
1091,227,227, 23
1092,227,227, 23
1093,227,227, 23
1094,227,227, 23
1095,227,227, 23
1096,227,227, 23
1097,227,227, 23
1098,227,227, 23
1099,227,227, 23
1100,227,227, 23
1101,227,227, 23
1102,227,227, 23
1103,227,227, 23
1104,227,227, 23
1105,227,227, 23
1106,227,227, 23
1107,227,227, 23
1108,227,227, 23
1109,227,227, 23
1110,227,227, 23
1111,227,227, 23
1112,227,227, 23
1113,227,227, 23
1114,227,227, 23
1115,227,227, 23
1116,227,227, 23
1117,227,227, 23
1118,227,227, 23
1119,227,227, 23
1120,227,227, 23
1121,227,227, 23
1122,227,227, 23
1123,227,227, 23
1124,227,227, 23
1125,227,227, 23
1126,227,227, 23
1127,227,227, 23
1128,227,227, 23
1129,227,227, 23
1130,227,227, 23
1131,227,227, 23
1132,227,227, 23
1133,227,227, 23
1134,227,227, 23
1135,227,227, 23
1136,227,227, 23
1137,227,227, 23
1138,227,227, 23
1139,227,227, 23
1140,227,227, 23
1141,227,227, 23
1142,227,227, 23
1143,227,227, 23
1144,227,227, 23
1145,227,227, 23
1146,227,227, 23
1147,227,227, 23
1148,227,227, 23
1149,227,227, 23
1150,227,227, 23
1151,227,227, 23
1152,227,227, 23
1153,227,227, 23
1154,227,227, 23
1155,227,227, 23
1156,227,227, 23
1157,227,227, 23
1158,227,227, 23
1159,227,227, 23
1160,227,227, 23
1161,227,227, 23
1162,227,227, 23
1163,227,227, 23
1164,227,227, 23
1165,227,227, 23
1166,227,227, 23
1167,227,227, 23
1168,227,227, 23
1169,227,227, 23
1170,227,227, 23
1171,227,227, 23
1172,227,227, 23
1173,227,227, 23
1174,227,227, 23
1175,227,227, 23
1176,227,227, 23
1177,227,227, 23
1178,227,227, 23
1179,227,227, 23
1180,227,227, 23
1181,227,227, 23
1182,227,227, 23
1183,227,227, 23
1184,227,227, 23
1185,227,227, 23
1186,227,227, 23
1187,227,227, 23
1188,227,227, 23
1189,227,227, 23
1190,227,227, 23
1191,227,227, 23
1192,227,227, 23
1193,227,227, 23
1194,227,227, 23
1195,227,227, 23
1196,227,227, 23
1197,227,227, 23
1198,227,227, 23
1199,227,227, 23
1200,227,227, 23
1201,227,227, 23
1202,227,227, 23
1203,227,227, 23
1204,227,227, 23
1205,227,227, 23
1206,227,227, 23
1207,227,227, 23
1208,227,227, 23
1209,227,227, 23
1210,227,227, 23
1211,227,227, 23
1212,227,227, 23
1213,227,227, 23
1214,227,227, 23
1215,227,227, 23
1216,227,227, 23
1217,227,227, 23
1218,227,227, 23
1219,227,227, 23
1220,227,227, 23
1221,227,227, 23
1222,227,227, 23
1223,227,227, 23
1224,227,227, 23
1225,227,227, 23
1226,227,227, 23
1227,227,227, 23
1228,227,227, 23
1229,227,227, 23
1230,227,227, 23
1231,227,227, 23
1232,227,227, 23
1233,227,227, 23
1234,227,227, 23
1235,227,227, 23
1236,227,227, 23
1237,227,227, 23
1238,227,227, 23
1239,227,227, 23
1240,227,227, 23
1241,227,227, 23
1242,227,227, 23
1243,227,227, 23
1244,227,227, 23
1245,227,227, 23
1246,227,227, 23
1247,227,227, 23
1248,227,227, 23
1249,227,227, 23
1250,227,227, 23
1251,227,227, 23
1252,227,227, 23
1253,227,227, 23
1254,227,227, 23
1255,227,227, 23
1256,227,227, 23
1257,227,227, 23
1258,227,227, 23
1259,227,227, 23
1260,227,227, 23
1261,227,227, 23
1262,227,227, 23
1263,227,227, 23
1264,227,227, 23
1265,227,227, 23
1266,227,227, 23
1267,227,227, 23
1268,227,227, 23
1269,227,227, 23
1270,227,227, 23
1271,227,227, 23
1272,227,227, 23
1273,227,227, 23
1274,227,227, 23
1275,227,227, 23
1276,227,227, 23
1277,227,227, 23
1278,227,227, 23
1279,227,227, 23
1280,227,227, 23
1281,227,227, 23
1282,227,227, 23
1283,227,227, 23
1284,227,227, 23
1285,227,227, 23
1286,227,227, 23
1287,227,227, 23
1288,227,227, 23
1289,227,227, 23
1290,227,227, 23
1291,227,227, 23
1292,227,227, 23
1293,227,227, 23
1294,227,227, 23
1295,227,227, 23
1296,227,227, 23
1297,227,227, 23
1298,227,227, 23
1299,227,227, 23
1300,227,227, 23
1301,227,227, 23
1302,227,227, 23
1303,227,227, 23
1304,227,227, 23
1305,227,227, 23
1306,227,227, 23
1307,227,227, 23
1308,227,227, 23
1309,227,227, 23
1310,227,227, 23
1311,227,227, 23
1312,227,227, 23
1313,227,227, 23
1314,227,227, 23
1315,227,227, 23
1316,227,227, 23
1317,227,227, 23
1318,227,227, 23
1319,227,227, 23
1320,227,227, 23
1321,227,227, 23
1322,227,227, 23
1323,227,227, 23
1324,227,227, 23
1325,227,227, 23
1326,227,227, 23
1327,227,227, 23
1328,227,227, 23
1329,227,227, 23
1330,227,227, 23
1331,227,227, 23
1332,227,227, 23
1333,227,227, 23
1334,227,227, 23
1335,227,227, 23
1336,227,227, 23
1337,227,227, 23
1338,227,227, 23
1339,227,227, 23
1340,227,227, 23
1341,227,227, 23
1342,227,227, 23
1343,227,227, 23
1344,227,227, 23
1345,227,227, 23
1346,227,227, 23
1347,227,227, 23
1348,227,227, 23
1349,227,227, 23
1350,227,227, 23
1351,227,227, 23
1352,227,227, 23
1353,227,227, 23
1354,227,227, 23
1355,227,227, 23
1356,227,227, 23
1357,227,227, 23
1358,227,227, 23
1359,227,227, 23
1360,227,227, 23
1361,227,227, 23
1362,227,227, 23
1363,227,227, 23
1364,227,227, 23
1365,227,227, 23
1366,227,227, 23
1367,227,227, 23
1368,227,227, 23
1369,227,227, 23
1370,227,227, 23
1371,227,227, 23
1372,227,227, 23
1373,227,227, 23
1374,227,227, 23
1375,227,227, 23
1376,227,227, 23
1377,227,227, 23
1378,227,227, 23
1379,227,227, 23
1380,227,227, 23
1381,227,227, 23
1382,227,227, 23
1383,227,227, 23
1384,227,227, 23
1385,227,227, 23
1386,227,227, 23
1387,227,227, 23
1388,227,227, 23
1389,227,227, 23
1390,227,227, 23
1391,227,227, 23
1392,227,227, 23
1393,226,226, 24
1394,226,226, 24
1395,226,226, 24
1396,226,226, 24
1397,226,226, 24
1398,226,226, 24
1399,226,226, 24
1400,226,226, 24
1401,226,226, 24
1402,226,226, 24
1403,226,226, 24
1404,226,226, 24
1405,226,226, 24
1406,226,226, 24
1407,226,226, 24
1408,226,226, 24
1409,226,226, 24
1410,226,226, 24
1411,226,226, 24
1412,226,226, 24
1413,226,226, 24
1414,226,226, 24
1415,226,226, 24
1416,226,226, 24
1417,226,226, 24
1418,226,226, 24
1419,226,226, 24
1420,226,226, 24
1421,226,226, 24
1422,226,226, 24
1423,226,226, 24
1424,226,226, 24
1425,226,226, 24
1426,226,226, 24
1427,226,226, 24
1428,226,226, 24
1429,226,226, 24
1430,226,226, 24
1431,226,226, 24
1432,226,226, 24
1433,226,226, 24
1434,226,226, 24
1435,226,226, 24
1436,226,226, 24
1437,226,226, 24
1438,226,226, 24
1439,226,226, 24
1440,226,226, 24
1441,226,226, 24
1442,226,226, 24
1443,226,226, 24
1444,226,226, 24
1445,226,226, 24
1446,226,226, 24
1447,226,226, 24
1448,226,226, 24
1449,226,226, 24
1450,226,226, 24
1451,226,226, 24
1452,226,226, 24
1453,226,226, 24
1454,226,226, 24
1455,226,226, 24
1456,226,226, 24
1457,226,226, 24
1458,226,226, 24
1459,226,226, 24
1460,226,226, 24
1461,226,226, 24
1462,226,226, 24
1463,226,226, 24
1464,226,226, 24
1465,226,226, 24
1466,226,226, 24
1467,226,226, 24
1468,226,226, 24
1469,226,226, 24
1470,226,226, 24
1471,226,226, 24
1472,226,226, 24
1473,226,226, 24
1474,226,226, 24
1475,226,226, 24
1476,226,226, 24
1477,226,226, 24
1478,226,226, 24
1479,226,226, 24
1480,226,226, 24
1481,226,226, 24
1482,226,226, 24
1483,226,226, 24
1484,226,226, 24
1485,226,226, 24
1486,226,226, 24
1487,226,226, 24
1488,226,226, 24
1489,226,226, 24
1490,225,225, 25
1491,225,225, 25
1492,225,225, 25
1493,225,225, 25
1494,225,225, 25
1495,225,225, 25
1496,225,225, 25
1497,225,225, 25
1498,225,225, 25
1499,225,225, 25
