0,250,250, 0
1,250,250, 0
2,250,250, 0
3,249,249, 1
4,249,249, 1
5,249,249, 1
6,248,248, 2
7,248,248, 2
8,248,248, 2
9,248,248, 2
10,248,248, 2
11,248,248, 2
12,248,248, 2
13,248,248, 2
14,248,248, 2
15,248,248, 2
16,248,248, 2
17,248,248, 2
18,248,248, 2
19,248,248, 2
20,248,248, 2
21,247,247, 3
22,246,246, 4
23,246,246, 4
24,246,246, 4
25,246,246, 4
26,246,246, 4
27,246,246, 4
28,245,245, 5
29,245,245, 5
30,245,245, 5
31,245,245, 5
32,245,245, 5
33,245,245, 5
34,245,245, 5
35,245,245, 5
36,245,245, 5
37,245,245, 5
38,244,244, 6
39,244,244, 6
40,244,244, 6
41,244,244, 6
42,244,244, 6
43,244,244, 6
44,244,244, 6
45,244,244, 6
46,244,244, 6
47,244,244, 6
48,244,244, 6
49,244,244, 6
50,244,244, 6
51,244,244, 6
52,244,244, 6
53,244,244, 6
54,244,244, 6
55,244,244, 6
56,244,244, 6
57,244,244, 6
58,244,244, 6
59,243,243, 7
60,243,243, 7
61,243,243, 7
62,243,243, 7
63,243,243, 7
64,242,242, 8
65,242,242, 8
66,242,242, 8
67,242,242, 8
68,242,242, 8
69,242,242, 8
70,242,242, 8
71,242,242, 8
72,242,242, 8
73,242,242, 8
74,242,242, 8
75,242,242, 8
76,242,242, 8
77,242,242, 8
78,242,242, 8
79,242,242, 8
80,242,242, 8
81,242,242, 8
82,242,242, 8
83,242,242, 8
84,242,242, 8
85,242,242, 8
86,242,242, 8
87,242,242, 8
88,242,242, 8
89,242,242, 8
90,242,242, 8
91,242,242, 8
92,242,242, 8
93,242,242, 8
94,242,242, 8
95,242,242, 8
96,242,242, 8
97,242,242, 8
98,242,242, 8
99,242,242, 8
100,242,242, 8
101,242,242, 8
102,242,242, 8
103,242,242, 8
104,242,242, 8
105,242,242, 8
106,242,242, 8
107,242,242, 8
108,242,242, 8
109,242,242, 8
110,242,242, 8
111,242,242, 8
112,242,242, 8
113,242,242, 8
114,242,242, 8
115,242,242, 8
116,242,242, 8
117,242,242, 8
118,242,242, 8
119,242,242, 8
120,242,242, 8
121,242,242, 8
122,242,242, 8
123,242,242, 8
124,242,242, 8
125,242,242, 8
126,242,242, 8
127,242,242, 8
128,242,242, 8
129,242,242, 8
130,242,242, 8
131,242,242, 8
132,242,242, 8
133,242,242, 8
134,242,242, 8
135,242,242, 8
136,242,242, 8
137,242,242, 8
138,242,242, 8
139,242,242, 8
140,242,242, 8
141,242,242, 8
142,242,242, 8
143,242,242, 8
144,242,242, 8
145,242,242, 8
146,241,241, 9
147,241,241, 9
148,241,241, 9
149,241,241, 9
150,241,241, 9
151,241,241, 9
152,241,241, 9
153,241,241, 9
154,241,241, 9
155,241,241, 9
156,241,241, 9
157,241,241, 9
158,241,241, 9
159,241,241, 9
160,241,241, 9
161,241,241, 9
162,241,241, 9
163,241,241, 9
164,241,241, 9
165,241,241, 9
166,241,241, 9
167,241,241, 9
168,241,241, 9
169,241,241, 9
170,241,241, 9
171,241,241, 9
172,241,241, 9
173,241,241, 9
174,241,241, 9
175,241,241, 9
176,241,241, 9
177,241,241, 9
178,241,241, 9
179,241,241, 9
180,241,241, 9
181,241,241, 9
182,241,241, 9
183,241,241, 9
184,241,241, 9
185,241,241, 9
186,241,241, 9
187,241,241, 9
188,241,241, 9
189,241,241, 9
190,241,241, 9
191,241,241, 9
192,241,241, 9
193,241,241, 9
194,241,241, 9
195,241,241, 9
196,241,241, 9
197,241,241, 9
198,241,241, 9
199,241,241, 9
200,241,241, 9
201,241,241, 9
202,241,241, 9
203,241,241, 9
204,241,241, 9
205,241,241, 9
206,241,241, 9
207,241,241, 9
208,241,241, 9
209,241,241, 9
210,241,241, 9
211,241,241, 9
212,241,241, 9
213,241,241, 9
214,241,241, 9
215,241,241, 9
216,241,241, 9
217,241,241, 9
218,241,241, 9
219,241,241, 9
220,241,241, 9
221,241,241, 9
222,241,241, 9
223,241,241, 9
224,241,241, 9
225,241,241, 9
226,241,241, 9
227,241,241, 9
228,241,241, 9
229,241,241, 9
230,241,241, 9
231,241,241, 9
232,240,240, 10
233,240,240, 10
234,240,240, 10
235,240,240, 10
236,240,240, 10
237,240,240, 10
238,240,240, 10
239,240,240, 10
240,240,240, 10
241,240,240, 10
242,240,240, 10
243,240,240, 10
244,240,240, 10
245,240,240, 10
246,240,240, 10
247,240,240, 10
248,240,240, 10
249,240,240, 10
250,240,240, 10
251,240,240, 10
252,240,240, 10
253,240,240, 10
254,240,240, 10
255,240,240, 10
256,240,240, 10
257,240,240, 10
258,240,240, 10
259,240,240, 10
260,240,240, 10
261,240,240, 10
262,240,240, 10
263,240,240, 10
264,240,240, 10
265,240,240, 10
266,240,240, 10
267,240,240, 10
268,240,240, 10
269,240,240, 10
270,240,240, 10
271,240,240, 10
272,240,240, 10
273,240,240, 10
274,240,240, 10
275,240,240, 10
276,240,240, 10
277,240,240, 10
278,240,240, 10
279,240,240, 10
280,240,240, 10
281,240,240, 10
282,240,240, 10
283,240,240, 10
284,240,240, 10
285,240,240, 10
286,240,240, 10
287,240,240, 10
288,240,240, 10
289,240,240, 10
290,240,240, 10
291,240,240, 10
292,240,240, 10
293,240,240, 10
294,240,240, 10
295,240,240, 10
296,240,240, 10
297,240,240, 10
298,240,240, 10
299,240,240, 10
300,240,240, 10
301,240,240, 10
302,240,240, 10
303,240,240, 10
304,240,240, 10
305,240,240, 10
306,240,240, 10
307,240,240, 10
308,240,240, 10
309,240,240, 10
310,240,240, 10
311,240,240, 10
312,240,240, 10
313,240,240, 10
314,240,240, 10
315,240,240, 10
316,240,240, 10
317,240,240, 10
318,240,240, 10
319,240,240, 10
320,240,240, 10
321,240,240, 10
322,240,240, 10
323,240,240, 10
324,240,240, 10
325,240,240, 10
326,240,240, 10
327,240,240, 10
328,240,240, 10
329,240,240, 10
330,240,240, 10
331,240,240, 10
332,240,240, 10
333,240,240, 10
334,240,240, 10
335,240,240, 10
336,240,240, 10
337,240,240, 10
338,240,240, 10
339,240,240, 10
340,240,240, 10
341,240,240, 10
342,240,240, 10
343,240,240, 10
344,240,240, 10
345,240,240, 10
346,239,239, 11
347,239,239, 11
348,239,239, 11
349,239,239, 11
350,239,239, 11
351,239,239, 11
352,239,239, 11
353,239,239, 11
354,239,239, 11
355,239,239, 11
356,239,239, 11
357,239,239, 11
358,239,239, 11
359,239,239, 11
360,239,239, 11
361,239,239, 11
362,239,239, 11
363,239,239, 11
364,239,239, 11
365,239,239, 11
366,239,239, 11
367,239,239, 11
368,239,239, 11
369,239,239, 11
370,239,239, 11
371,239,239, 11
372,239,239, 11
373,239,239, 11
374,239,239, 11
375,239,239, 11
376,239,239, 11
377,239,239, 11
378,239,239, 11
379,239,239, 11
380,239,239, 11
381,239,239, 11
382,239,239, 11
383,239,239, 11
384,239,239, 11
385,239,239, 11
386,239,239, 11
387,239,239, 11
388,239,239, 11
389,239,239, 11
390,239,239, 11
391,239,239, 11
392,239,239, 11
393,239,239, 11
394,239,239, 11
395,239,239, 11
396,239,239, 11
397,239,239, 11
398,239,239, 11
399,239,239, 11
400,239,239, 11
401,239,239, 11
402,239,239, 11
403,239,239, 11
404,239,239, 11
405,239,239, 11
406,239,239, 11
407,239,239, 11
408,239,239, 11
409,239,239, 11
410,239,239, 11
411,239,239, 11
412,239,239, 11
413,239,239, 11
414,239,239, 11
415,239,239, 11
416,239,239, 11
417,239,239, 11
418,239,239, 11
419,239,239, 11
420,239,239, 11
421,239,239, 11
422,239,239, 11
423,239,239, 11
424,239,239, 11
425,239,239, 11
426,239,239, 11
427,239,239, 11
428,239,239, 11
429,239,239, 11
430,239,239, 11
431,239,239, 11
432,239,239, 11
433,239,239, 11
434,239,239, 11
435,239,239, 11
436,239,239, 11
437,239,239, 11
438,239,239, 11
439,239,239, 11
440,239,239, 11
441,239,239, 11
442,239,239, 11
443,239,239, 11
444,239,239, 11
445,239,239, 11
446,239,239, 11
447,239,239, 11
448,239,239, 11
449,239,239, 11
450,239,239, 11
451,239,239, 11
452,239,239, 11
453,239,239, 11
454,239,239, 11
455,239,239, 11
456,239,239, 11
457,239,239, 11
458,239,239, 11
459,239,239, 11
460,239,239, 11
461,239,239, 11
462,239,239, 11
463,239,239, 11
464,239,239, 11
465,238,238, 12
466,238,238, 12
467,238,238, 12
468,238,238, 12
469,238,238, 12
470,238,238, 12
471,238,238, 12
472,238,238, 12
473,238,238, 12
474,238,238, 12
475,238,238, 12
476,238,238, 12
477,238,238, 12
478,238,238, 12
479,238,238, 12
480,237,237, 13
481,237,237, 13
482,237,237, 13
483,237,237, 13
484,237,237, 13
485,237,237, 13
486,237,237, 13
487,237,237, 13
488,237,237, 13
489,237,237, 13
490,237,237, 13
491,237,237, 13
492,237,237, 13
493,237,237, 13
494,237,237, 13
495,237,237, 13
496,237,237, 13
497,237,237, 13
498,237,237, 13
499,237,237, 13
500,237,237, 13
501,237,237, 13
502,237,237, 13
503,237,237, 13
504,237,237, 13
505,237,237, 13
506,237,237, 13
507,237,237, 13
508,237,237, 13
509,237,237, 13
510,237,237, 13
511,237,237, 13
512,237,237, 13
513,237,237, 13
514,237,237, 13
515,237,237, 13
516,237,237, 13
517,237,237, 13
518,237,237, 13
519,237,237, 13
520,237,237, 13
521,237,237, 13
522,237,237, 13
523,237,237, 13
524,237,237, 13
525,237,237, 13
526,237,237, 13
527,237,237, 13
528,237,237, 13
529,237,237, 13
530,237,237, 13
531,237,237, 13
532,237,237, 13
533,237,237, 13
534,237,237, 13
535,237,237, 13
536,237,237, 13
537,237,237, 13
538,237,237, 13
539,237,237, 13
540,237,237, 13
541,237,237, 13
542,237,237, 13
543,237,237, 13
544,237,237, 13
545,237,237, 13
546,237,237, 13
547,237,237, 13
548,237,237, 13
549,237,237, 13
550,237,237, 13
551,237,237, 13
552,237,237, 13
553,237,237, 13
554,237,237, 13
555,237,237, 13
556,237,237, 13
557,237,237, 13
558,237,237, 13
559,237,237, 13
560,237,237, 13
561,237,237, 13
562,237,237, 13
563,237,237, 13
564,237,237, 13
565,237,237, 13
566,237,237, 13
567,237,237, 13
568,237,237, 13
569,237,237, 13
570,237,237, 13
571,237,237, 13
572,237,237, 13
573,237,237, 13
574,237,237, 13
575,237,237, 13
576,237,237, 13
577,237,237, 13
578,237,237, 13
579,237,237, 13
580,237,237, 13
581,237,237, 13
582,237,237, 13
583,237,237, 13
584,237,237, 13
585,237,237, 13
586,237,237, 13
587,237,237, 13
588,237,237, 13
589,237,237, 13
590,237,237, 13
591,237,237, 13
592,237,237, 13
593,237,237, 13
594,237,237, 13
595,237,237, 13
596,237,237, 13
597,237,237, 13
598,237,237, 13
599,237,237, 13
600,237,237, 13
601,237,237, 13
602,237,237, 13
603,237,237, 13
604,237,237, 13
605,237,237, 13
606,237,237, 13
607,237,237, 13
608,237,237, 13
609,236,236, 14
610,236,236, 14
611,236,236, 14
612,236,236, 14
613,236,236, 14
614,236,236, 14
615,236,236, 14
616,236,236, 14
617,236,236, 14
618,236,236, 14
619,236,236, 14
620,236,236, 14
621,236,236, 14
622,236,236, 14
623,236,236, 14
624,236,236, 14
625,236,236, 14
626,236,236, 14
627,236,236, 14
628,236,236, 14
629,236,236, 14
630,236,236, 14
631,236,236, 14
632,236,236, 14
633,236,236, 14
634,236,236, 14
635,236,236, 14
636,236,236, 14
637,236,236, 14
638,236,236, 14
639,236,236, 14
640,236,236, 14
641,236,236, 14
642,236,236, 14
643,236,236, 14
644,236,236, 14
645,236,236, 14
646,236,236, 14
647,236,236, 14
648,236,236, 14
649,236,236, 14
650,236,236, 14
651,236,236, 14
652,236,236, 14
653,236,236, 14
654,236,236, 14
655,236,236, 14
656,236,236, 14
657,236,236, 14
658,236,236, 14
659,236,236, 14
660,236,236, 14
661,236,236, 14
662,236,236, 14
663,236,236, 14
664,236,236, 14
665,236,236, 14
666,236,236, 14
667,236,236, 14
668,236,236, 14
669,236,236, 14
670,236,236, 14
671,236,236, 14
672,236,236, 14
673,236,236, 14
674,236,236, 14
675,236,236, 14
676,236,236, 14
677,236,236, 14
678,236,236, 14
679,236,236, 14
680,236,236, 14
681,236,236, 14
682,236,236, 14
683,236,236, 14
684,236,236, 14
685,236,236, 14
686,236,236, 14
687,236,236, 14
688,236,236, 14
689,236,236, 14
690,236,236, 14
691,236,236, 14
692,236,236, 14
693,236,236, 14
694,236,236, 14
695,236,236, 14
696,236,236, 14
697,236,236, 14
698,236,236, 14
699,236,236, 14
700,236,236, 14
701,236,236, 14
702,236,236, 14
703,236,236, 14
704,236,236, 14
705,236,236, 14
706,236,236, 14
707,236,236, 14
708,236,236, 14
709,236,236, 14
710,236,236, 14
711,236,236, 14
712,236,236, 14
713,236,236, 14
714,236,236, 14
715,236,236, 14
716,236,236, 14
717,236,236, 14
718,236,236, 14
719,236,236, 14
720,236,236, 14
721,236,236, 14
722,236,236, 14
723,236,236, 14
724,236,236, 14
725,236,236, 14
726,236,236, 14
727,236,236, 14
728,236,236, 14
729,236,236, 14
730,236,236, 14
731,236,236, 14
732,236,236, 14
733,236,236, 14
734,236,236, 14
735,236,236, 14
736,236,236, 14
737,236,236, 14
738,236,236, 14
739,236,236, 14
740,236,236, 14
741,236,236, 14
742,236,236, 14
743,236,236, 14
744,236,236, 14
745,236,236, 14
746,236,236, 14
747,236,236, 14
748,236,236, 14
749,236,236, 14
750,236,236, 14
751,236,236, 14
752,236,236, 14
753,236,236, 14
754,236,236, 14
755,236,236, 14
756,236,236, 14
757,236,236, 14
758,236,236, 14
759,236,236, 14
760,236,236, 14
761,236,236, 14
762,236,236, 14
763,236,236, 14
764,236,236, 14
765,236,236, 14
766,236,236, 14
767,236,236, 14
768,236,236, 14
769,236,236, 14
770,236,236, 14
771,236,236, 14
772,236,236, 14
773,236,236, 14
774,236,236, 14
775,236,236, 14
776,236,236, 14
777,236,236, 14
778,236,236, 14
779,236,236, 14
780,236,236, 14
781,236,236, 14
782,236,236, 14
783,236,236, 14
784,236,236, 14
785,236,236, 14
786,236,236, 14
787,236,236, 14
788,236,236, 14
789,236,236, 14
790,236,236, 14
791,236,236, 14
792,236,236, 14
793,236,236, 14
794,236,236, 14
795,236,236, 14
796,236,236, 14
797,236,236, 14
798,236,236, 14
799,236,236, 14
800,236,236, 14
801,236,236, 14
802,236,236, 14
803,236,236, 14
804,236,236, 14
805,236,236, 14
806,236,236, 14
807,236,236, 14
808,236,236, 14
809,236,236, 14
810,236,236, 14
811,236,236, 14
812,236,236, 14
813,236,236, 14
814,236,236, 14
815,236,236, 14
816,236,236, 14
817,236,236, 14
818,236,236, 14
819,236,236, 14
820,236,236, 14
821,236,236, 14
822,236,236, 14
823,236,236, 14
824,236,236, 14
825,236,236, 14
826,236,236, 14
827,236,236, 14
828,236,236, 14
829,236,236, 14
830,236,236, 14
831,236,236, 14
832,236,236, 14
833,236,236, 14
834,236,236, 14
835,236,236, 14
836,236,236, 14
837,236,236, 14
838,236,236, 14
839,236,236, 14
840,235,235, 15
841,235,235, 15
842,235,235, 15
843,235,235, 15
844,235,235, 15
845,235,235, 15
846,235,235, 15
847,235,235, 15
848,235,235, 15
849,235,235, 15
850,235,235, 15
851,235,235, 15
852,235,235, 15
853,235,235, 15
854,235,235, 15
855,235,235, 15
856,235,235, 15
857,235,235, 15
858,235,235, 15
859,235,235, 15
860,235,235, 15
861,235,235, 15
862,235,235, 15
863,235,235, 15
864,235,235, 15
865,235,235, 15
866,235,235, 15
867,235,235, 15
868,235,235, 15
869,235,235, 15
870,235,235, 15
871,235,235, 15
872,235,235, 15
873,235,235, 15
874,235,235, 15
875,235,235, 15
876,235,235, 15
877,235,235, 15
878,235,235, 15
879,235,235, 15
880,235,235, 15
881,235,235, 15
882,235,235, 15
883,235,235, 15
884,235,235, 15
885,235,235, 15
886,235,235, 15
887,235,235, 15
888,235,235, 15
889,235,235, 15
890,235,235, 15
891,235,235, 15
892,235,235, 15
893,235,235, 15
894,235,235, 15
895,235,235, 15
896,235,235, 15
897,235,235, 15
898,235,235, 15
899,235,235, 15
900,235,235, 15
901,235,235, 15
902,235,235, 15
903,235,235, 15
904,235,235, 15
905,235,235, 15
906,235,235, 15
907,235,235, 15
908,235,235, 15
909,235,235, 15
910,235,235, 15
911,235,235, 15
912,235,235, 15
913,235,235, 15
914,235,235, 15
915,235,235, 15
916,235,235, 15
917,235,235, 15
918,235,235, 15
919,235,235, 15
920,235,235, 15
921,235,235, 15
922,235,235, 15
923,235,235, 15
924,235,235, 15
925,235,235, 15
926,235,235, 15
927,235,235, 15
928,235,235, 15
929,235,235, 15
930,235,235, 15
931,235,235, 15
932,235,235, 15
933,235,235, 15
934,235,235, 15
935,235,235, 15
936,235,235, 15
937,235,235, 15
938,235,235, 15
939,235,235, 15
940,235,235, 15
941,235,235, 15
942,235,235, 15
943,235,235, 15
944,235,235, 15
945,235,235, 15
946,235,235, 15
947,235,235, 15
948,235,235, 15
949,235,235, 15
950,235,235, 15
951,235,235, 15
952,235,235, 15
953,235,235, 15
954,235,235, 15
955,235,235, 15
956,235,235, 15
957,235,235, 15
958,235,235, 15
959,235,235, 15
960,235,235, 15
961,235,235, 15
962,235,235, 15
963,235,235, 15
964,235,235, 15
965,235,235, 15
966,235,235, 15
967,235,235, 15
968,235,235, 15
969,235,235, 15
970,235,235, 15
971,235,235, 15
972,235,235, 15
973,235,235, 15
974,235,235, 15
975,235,235, 15
976,235,235, 15
977,235,235, 15
978,235,235, 15
979,235,235, 15
980,235,235, 15
981,235,235, 15
982,235,235, 15
983,235,235, 15
984,235,235, 15
985,235,235, 15
986,235,235, 15
987,235,235, 15
988,235,235, 15
989,235,235, 15
990,235,235, 15
991,235,235, 15
992,235,235, 15
993,235,235, 15
994,235,235, 15
995,235,235, 15
996,235,235, 15
997,235,235, 15
998,235,235, 15
999,235,235, 15
1000,235,235, 15
1001,235,235, 15
1002,235,235, 15
1003,235,235, 15
1004,235,235, 15
1005,235,235, 15
1006,235,235, 15
1007,235,235, 15
1008,235,235, 15
1009,235,235, 15
1010,235,235, 15
1011,235,235, 15
1012,235,235, 15
1013,235,235, 15
1014,235,235, 15
1015,235,235, 15
1016,235,235, 15
1017,235,235, 15
1018,235,235, 15
1019,235,235, 15
1020,235,235, 15
1021,235,235, 15
1022,235,235, 15
1023,235,235, 15
1024,235,235, 15
1025,235,235, 15
1026,235,235, 15
1027,235,235, 15
1028,235,235, 15
1029,235,235, 15
1030,235,235, 15
1031,235,235, 15
1032,235,235, 15
1033,235,235, 15
1034,235,235, 15
1035,235,235, 15
1036,235,235, 15
1037,235,235, 15
1038,235,235, 15
1039,235,235, 15
1040,235,235, 15
1041,235,235, 15
1042,235,235, 15
1043,235,235, 15
1044,235,235, 15
1045,235,235, 15
1046,235,235, 15
1047,235,235, 15
1048,235,235, 15
1049,235,235, 15
1050,235,235, 15
1051,235,235, 15
1052,235,235, 15
1053,235,235, 15
1054,235,235, 15
1055,235,235, 15
1056,235,235, 15
1057,235,235, 15
1058,235,235, 15
1059,235,235, 15
1060,235,235, 15
1061,235,235, 15
1062,235,235, 15
1063,235,235, 15
1064,235,235, 15
1065,235,235, 15
1066,235,235, 15
1067,235,235, 15
1068,235,235, 15
1069,235,235, 15
1070,235,235, 15
1071,235,235, 15
1072,235,235, 15
1073,235,235, 15
1074,235,235, 15
1075,235,235, 15
1076,235,235, 15
1077,235,235, 15
1078,235,235, 15
1079,235,235, 15
1080,235,235, 15
1081,235,235, 15
1082,235,235, 15
1083,235,235, 15
1084,235,235, 15
1085,235,235, 15
1086,235,235, 15
1087,235,235, 15
1088,235,235, 15
1089,235,235, 15
1090,235,235, 15
1091,235,235, 15
1092,235,235, 15
1093,235,235, 15
1094,235,235, 15
1095,235,235, 15
1096,235,235, 15
1097,235,235, 15
1098,235,235, 15
1099,235,235, 15
1100,235,235, 15
1101,235,235, 15
1102,235,235, 15
1103,235,235, 15
1104,235,235, 15
1105,235,235, 15
1106,235,235, 15
1107,235,235, 15
1108,235,235, 15
1109,235,235, 15
1110,235,235, 15
1111,235,235, 15
1112,235,235, 15
1113,235,235, 15
1114,235,235, 15
1115,235,235, 15
1116,235,235, 15
1117,235,235, 15
1118,235,235, 15
1119,235,235, 15
1120,235,235, 15
1121,235,235, 15
1122,235,235, 15
1123,235,235, 15
1124,235,235, 15
1125,235,235, 15
1126,235,235, 15
1127,235,235, 15
1128,235,235, 15
1129,235,235, 15
1130,235,235, 15
1131,235,235, 15
1132,235,235, 15
1133,235,235, 15
1134,235,235, 15
1135,235,235, 15
1136,235,235, 15
1137,235,235, 15
1138,235,235, 15
1139,235,235, 15
1140,235,235, 15
1141,235,235, 15
1142,235,235, 15
1143,235,235, 15
1144,235,235, 15
1145,235,235, 15
1146,235,235, 15
1147,235,235, 15
1148,235,235, 15
1149,235,235, 15
1150,235,235, 15
1151,235,235, 15
1152,235,235, 15
1153,235,235, 15
1154,235,235, 15
1155,235,235, 15
1156,235,235, 15
1157,235,235, 15
1158,235,235, 15
1159,235,235, 15
1160,235,235, 15
1161,235,235, 15
1162,235,235, 15
1163,235,235, 15
1164,235,235, 15
1165,235,235, 15
1166,235,235, 15
1167,235,235, 15
1168,235,235, 15
1169,235,235, 15
1170,235,235, 15
1171,235,235, 15
1172,235,235, 15
1173,235,235, 15
1174,235,235, 15
1175,235,235, 15
1176,235,235, 15
1177,235,235, 15
1178,235,235, 15
1179,235,235, 15
1180,235,235, 15
1181,235,235, 15
1182,235,235, 15
1183,235,235, 15
1184,235,235, 15
1185,235,235, 15
1186,235,235, 15
1187,235,235, 15
1188,235,235, 15
1189,235,235, 15
1190,235,235, 15
1191,235,235, 15
1192,235,235, 15
1193,235,235, 15
1194,235,235, 15
1195,235,235, 15
1196,235,235, 15
1197,235,235, 15
1198,235,235, 15
1199,235,235, 15
1200,235,235, 15
1201,235,235, 15
1202,235,235, 15
1203,235,235, 15
1204,235,235, 15
1205,235,235, 15
1206,235,235, 15
1207,235,235, 15
1208,235,235, 15
1209,235,235, 15
1210,235,235, 15
1211,235,235, 15
1212,235,235, 15
1213,235,235, 15
1214,235,235, 15
1215,235,235, 15
1216,235,235, 15
1217,235,235, 15
1218,235,235, 15
1219,235,235, 15
1220,235,235, 15
1221,235,235, 15
1222,235,235, 15
1223,235,235, 15
1224,235,235, 15
1225,235,235, 15
1226,235,235, 15
1227,235,235, 15
1228,235,235, 15
1229,235,235, 15
1230,235,235, 15
1231,235,235, 15
1232,235,235, 15
1233,235,235, 15
1234,235,235, 15
1235,235,235, 15
1236,235,235, 15
1237,235,235, 15
1238,235,235, 15
1239,235,235, 15
1240,235,235, 15
1241,235,235, 15
1242,235,235, 15
1243,235,235, 15
1244,235,235, 15
1245,235,235, 15
1246,235,235, 15
1247,235,235, 15
1248,235,235, 15
1249,235,235, 15
1250,235,235, 15
1251,235,235, 15
1252,235,235, 15
1253,235,235, 15
1254,235,235, 15
1255,235,235, 15
1256,235,235, 15
1257,235,235, 15
1258,235,235, 15
1259,235,235, 15
1260,235,235, 15
1261,235,235, 15
1262,235,235, 15
1263,235,235, 15
1264,235,235, 15
1265,235,235, 15
1266,235,235, 15
1267,235,235, 15
1268,235,235, 15
1269,235,235, 15
1270,235,235, 15
1271,235,235, 15
1272,235,235, 15
1273,235,235, 15
1274,235,235, 15
1275,235,235, 15
1276,235,235, 15
1277,235,235, 15
1278,235,235, 15
1279,235,235, 15
1280,235,235, 15
1281,235,235, 15
1282,235,235, 15
1283,235,235, 15
1284,235,235, 15
1285,235,235, 15
1286,235,235, 15
1287,235,235, 15
1288,235,235, 15
1289,235,235, 15
1290,235,235, 15
1291,235,235, 15
1292,235,235, 15
1293,235,235, 15
1294,235,235, 15
1295,235,235, 15
1296,235,235, 15
1297,235,235, 15
1298,235,235, 15
1299,235,235, 15
1300,235,235, 15
1301,235,235, 15
1302,235,235, 15
1303,235,235, 15
1304,235,235, 15
1305,235,235, 15
1306,235,235, 15
1307,235,235, 15
1308,235,235, 15
1309,235,235, 15
1310,235,235, 15
1311,235,235, 15
1312,235,235, 15
1313,235,235, 15
1314,235,235, 15
1315,235,235, 15
1316,235,235, 15
1317,235,235, 15
1318,235,235, 15
1319,235,235, 15
1320,235,235, 15
1321,235,235, 15
1322,235,235, 15
1323,235,235, 15
1324,235,235, 15
1325,235,235, 15
1326,235,235, 15
1327,235,235, 15
1328,235,235, 15
1329,235,235, 15
1330,235,235, 15
1331,235,235, 15
1332,235,235, 15
1333,235,235, 15
1334,235,235, 15
1335,235,235, 15
1336,235,235, 15
1337,235,235, 15
1338,235,235, 15
1339,235,235, 15
1340,235,235, 15
1341,235,235, 15
1342,235,235, 15
1343,235,235, 15
1344,235,235, 15
1345,235,235, 15
1346,235,235, 15
1347,235,235, 15
1348,235,235, 15
1349,235,235, 15
1350,235,235, 15
1351,235,235, 15
1352,235,235, 15
1353,235,235, 15
1354,235,235, 15
1355,235,235, 15
1356,235,235, 15
1357,235,235, 15
1358,235,235, 15
1359,235,235, 15
1360,235,235, 15
1361,235,235, 15
1362,235,235, 15
1363,235,235, 15
1364,235,235, 15
1365,235,235, 15
1366,235,235, 15
1367,235,235, 15
1368,235,235, 15
1369,235,235, 15
1370,235,235, 15
1371,235,235, 15
1372,235,235, 15
1373,235,235, 15
1374,235,235, 15
1375,235,235, 15
1376,235,235, 15
1377,235,235, 15
1378,235,235, 15
1379,235,235, 15
1380,235,235, 15
1381,235,235, 15
1382,235,235, 15
1383,235,235, 15
1384,235,235, 15
1385,235,235, 15
1386,235,235, 15
1387,235,235, 15
1388,235,235, 15
1389,235,235, 15
1390,235,235, 15
1391,235,235, 15
1392,235,235, 15
1393,235,235, 15
1394,235,235, 15
1395,235,235, 15
1396,235,235, 15
1397,235,235, 15
1398,235,235, 15
1399,235,235, 15
1400,235,235, 15
1401,235,235, 15
1402,235,235, 15
1403,235,235, 15
1404,235,235, 15
1405,235,235, 15
1406,235,235, 15
1407,235,235, 15
1408,235,235, 15
1409,235,235, 15
1410,235,235, 15
1411,235,235, 15
1412,235,235, 15
1413,235,235, 15
1414,235,235, 15
1415,235,235, 15
1416,235,235, 15
1417,235,235, 15
1418,235,235, 15
1419,235,235, 15
1420,235,235, 15
1421,235,235, 15
1422,235,235, 15
1423,235,235, 15
1424,235,235, 15
1425,235,235, 15
1426,235,235, 15
1427,235,235, 15
1428,235,235, 15
1429,235,235, 15
1430,235,235, 15
1431,235,235, 15
1432,235,235, 15
1433,235,235, 15
1434,235,235, 15
1435,235,235, 15
1436,235,235, 15
1437,235,235, 15
1438,235,235, 15
1439,235,235, 15
1440,235,235, 15
1441,235,235, 15
1442,235,235, 15
1443,235,235, 15
1444,235,235, 15
1445,235,235, 15
1446,235,235, 15
1447,235,235, 15
1448,235,235, 15
1449,235,235, 15
1450,235,235, 15
1451,235,235, 15
1452,235,235, 15
1453,235,235, 15
1454,235,235, 15
1455,235,235, 15
1456,235,235, 15
1457,235,235, 15
1458,235,235, 15
1459,235,235, 15
1460,235,235, 15
1461,235,235, 15
1462,235,235, 15
1463,235,235, 15
1464,235,235, 15
1465,235,235, 15
1466,235,235, 15
1467,235,235, 15
1468,235,235, 15
1469,235,235, 15
1470,235,235, 15
1471,235,235, 15
1472,235,235, 15
1473,235,235, 15
1474,235,235, 15
1475,235,235, 15
1476,235,235, 15
1477,235,235, 15
1478,235,235, 15
1479,235,235, 15
1480,235,235, 15
1481,235,235, 15
1482,235,235, 15
1483,235,235, 15
1484,235,235, 15
1485,235,235, 15
1486,235,235, 15
1487,235,235, 15
1488,235,235, 15
1489,235,235, 15
1490,235,235, 15
1491,235,235, 15
1492,235,235, 15
1493,235,235, 15
1494,235,235, 15
1495,235,235, 15
1496,235,235, 15
1497,235,235, 15
1498,235,235, 15
1499,235,235, 15
