0,250,250, 0
1,249,249, 1
2,249,249, 1
3,248,248, 2
4,248,248, 2
5,248,248, 2
6,248,248, 2
7,248,248, 2
8,248,248, 2
9,248,248, 2
10,248,248, 2
11,248,248, 2
12,248,248, 2
13,248,248, 2
14,248,248, 2
15,248,248, 2
16,248,248, 2
17,248,248, 2
18,248,248, 2
19,248,248, 2
20,248,248, 2
21,248,248, 2
22,248,248, 2
23,248,248, 2
24,248,248, 2
25,248,248, 2
26,248,248, 2
27,248,248, 2
28,248,248, 2
29,248,248, 2
30,248,248, 2
31,248,248, 2
32,248,248, 2
33,248,248, 2
34,248,248, 2
35,248,248, 2
36,247,247, 3
37,246,246, 4
38,245,245, 5
39,245,245, 5
40,245,245, 5
41,245,245, 5
42,245,245, 5
43,245,245, 5
44,245,245, 5
45,245,245, 5
46,245,245, 5
47,245,245, 5
48,245,245, 5
49,244,244, 6
50,244,244, 6
51,244,244, 6
52,244,244, 6
53,244,244, 6
54,244,244, 6
55,244,244, 6
56,244,244, 6
57,244,244, 6
58,244,244, 6
59,244,244, 6
60,244,244, 6
61,244,244, 6
62,244,244, 6
63,244,244, 6
64,244,244, 6
65,244,244, 6
66,244,244, 6
67,244,244, 6
68,244,244, 6
69,244,244, 6
70,244,244, 6
71,244,244, 6
72,244,244, 6
73,244,244, 6
74,244,244, 6
75,244,244, 6
76,244,244, 6
77,244,244, 6
78,244,244, 6
79,244,244, 6
80,243,243, 7
81,243,243, 7
82,243,243, 7
83,243,243, 7
84,243,243, 7
85,243,243, 7
86,243,243, 7
87,243,243, 7
88,243,243, 7
89,243,243, 7
90,243,243, 7
91,243,243, 7
92,243,243, 7
93,243,243, 7
94,242,242, 8
95,242,242, 8
96,242,242, 8
97,242,242, 8
98,242,242, 8
99,242,242, 8
100,242,242, 8
101,242,242, 8
102,242,242, 8
103,242,242, 8
104,242,242, 8
105,242,242, 8
106,242,242, 8
107,242,242, 8
108,242,242, 8
109,242,242, 8
110,242,242, 8
111,242,242, 8
112,242,242, 8
113,242,242, 8
114,242,242, 8
115,242,242, 8
116,242,242, 8
117,242,242, 8
118,242,242, 8
119,242,242, 8
120,242,242, 8
121,242,242, 8
122,242,242, 8
123,242,242, 8
124,242,242, 8
125,242,242, 8
126,242,242, 8
127,241,241, 9
128,241,241, 9
129,241,241, 9
130,241,241, 9
131,241,241, 9
132,241,241, 9
133,241,241, 9
134,241,241, 9
135,241,241, 9
136,241,241, 9
137,241,241, 9
138,241,241, 9
139,241,241, 9
140,241,241, 9
141,241,241, 9
142,241,241, 9
143,241,241, 9
144,241,241, 9
145,241,241, 9
146,241,241, 9
147,241,241, 9
148,241,241, 9
149,240,240, 10
150,240,240, 10
151,240,240, 10
152,240,240, 10
153,240,240, 10
154,240,240, 10
155,240,240, 10
156,240,240, 10
157,240,240, 10
158,240,240, 10
159,240,240, 10
160,240,240, 10
161,240,240, 10
162,240,240, 10
163,240,240, 10
164,240,240, 10
165,240,240, 10
166,240,240, 10
167,240,240, 10
168,240,240, 10
169,240,240, 10
170,240,240, 10
171,240,240, 10
172,240,240, 10
173,240,240, 10
174,240,240, 10
175,240,240, 10
176,240,240, 10
177,240,240, 10
178,240,240, 10
179,240,240, 10
180,240,240, 10
181,240,240, 10
182,240,240, 10
183,240,240, 10
184,240,240, 10
185,240,240, 10
186,240,240, 10
187,240,240, 10
188,240,240, 10
189,240,240, 10
190,240,240, 10
191,240,240, 10
192,239,239, 11
193,239,239, 11
194,239,239, 11
195,239,239, 11
196,239,239, 11
197,239,239, 11
198,239,239, 11
199,239,239, 11
200,239,239, 11
201,239,239, 11
202,239,239, 11
203,239,239, 11
204,239,239, 11
205,238,238, 12
206,238,238, 12
207,238,238, 12
208,238,238, 12
209,238,238, 12
210,238,238, 12
211,238,238, 12
212,238,238, 12
213,238,238, 12
214,238,238, 12
215,238,238, 12
216,238,238, 12
217,238,238, 12
218,238,238, 12
219,238,238, 12
220,238,238, 12
221,238,238, 12
222,238,238, 12
223,238,238, 12
224,238,238, 12
225,238,238, 12
226,238,238, 12
227,238,238, 12
228,238,238, 12
229,238,238, 12
230,238,238, 12
231,238,238, 12
232,238,238, 12
233,238,238, 12
234,238,238, 12
235,238,238, 12
236,238,238, 12
237,238,238, 12
238,238,238, 12
239,238,238, 12
240,238,238, 12
241,238,238, 12
242,238,238, 12
243,238,238, 12
244,238,238, 12
245,238,238, 12
246,238,238, 12
247,238,238, 12
248,238,238, 12
249,238,238, 12
250,238,238, 12
251,238,238, 12
252,238,238, 12
253,238,238, 12
254,238,238, 12
255,238,238, 12
256,238,238, 12
257,238,238, 12
258,238,238, 12
259,238,238, 12
260,238,238, 12
261,238,238, 12
262,238,238, 12
263,238,238, 12
264,238,238, 12
265,238,238, 12
266,238,238, 12
267,238,238, 12
268,238,238, 12
269,238,238, 12
270,238,238, 12
271,238,238, 12
272,238,238, 12
273,238,238, 12
274,238,238, 12
275,238,238, 12
276,238,238, 12
277,238,238, 12
278,238,238, 12
279,238,238, 12
280,238,238, 12
281,238,238, 12
282,238,238, 12
283,238,238, 12
284,238,238, 12
285,238,238, 12
286,238,238, 12
287,238,238, 12
288,238,238, 12
289,238,238, 12
290,238,238, 12
291,238,238, 12
292,238,238, 12
293,238,238, 12
294,238,238, 12
295,238,238, 12
296,238,238, 12
297,238,238, 12
298,238,238, 12
299,238,238, 12
300,238,238, 12
301,238,238, 12
302,238,238, 12
303,238,238, 12
304,238,238, 12
305,238,238, 12
306,238,238, 12
307,238,238, 12
308,238,238, 12
309,238,238, 12
310,238,238, 12
311,238,238, 12
312,238,238, 12
313,238,238, 12
314,238,238, 12
315,238,238, 12
316,238,238, 12
317,238,238, 12
318,238,238, 12
319,238,238, 12
320,238,238, 12
321,238,238, 12
322,238,238, 12
323,238,238, 12
324,238,238, 12
325,238,238, 12
326,238,238, 12
327,238,238, 12
328,238,238, 12
329,238,238, 12
330,238,238, 12
331,238,238, 12
332,238,238, 12
333,238,238, 12
334,237,237, 13
335,237,237, 13
336,237,237, 13
337,237,237, 13
338,237,237, 13
339,237,237, 13
340,237,237, 13
341,237,237, 13
342,237,237, 13
343,237,237, 13
344,237,237, 13
345,237,237, 13
346,237,237, 13
347,237,237, 13
348,237,237, 13
349,237,237, 13
350,236,236, 14
351,236,236, 14
352,236,236, 14
353,236,236, 14
354,236,236, 14
355,236,236, 14
356,236,236, 14
357,236,236, 14
358,236,236, 14
359,236,236, 14
360,236,236, 14
361,236,236, 14
362,236,236, 14
363,236,236, 14
364,236,236, 14
365,236,236, 14
366,236,236, 14
367,236,236, 14
368,235,235, 15
369,235,235, 15
370,235,235, 15
371,235,235, 15
372,235,235, 15
373,235,235, 15
374,235,235, 15
375,235,235, 15
376,235,235, 15
377,235,235, 15
378,235,235, 15
379,235,235, 15
380,235,235, 15
381,235,235, 15
382,235,235, 15
383,235,235, 15
384,235,235, 15
385,235,235, 15
386,235,235, 15
387,235,235, 15
388,235,235, 15
389,235,235, 15
390,235,235, 15
391,235,235, 15
392,235,235, 15
393,235,235, 15
394,235,235, 15
395,235,235, 15
396,235,235, 15
397,235,235, 15
398,235,235, 15
399,235,235, 15
400,235,235, 15
401,235,235, 15
402,235,235, 15
403,235,235, 15
404,235,235, 15
405,235,235, 15
406,235,235, 15
407,235,235, 15
408,235,235, 15
409,235,235, 15
410,235,235, 15
411,234,234, 16
412,234,234, 16
413,234,234, 16
414,234,234, 16
415,234,234, 16
416,234,234, 16
417,234,234, 16
418,234,234, 16
419,234,234, 16
420,234,234, 16
421,234,234, 16
422,234,234, 16
423,234,234, 16
424,234,234, 16
425,234,234, 16
426,234,234, 16
427,234,234, 16
428,234,234, 16
429,234,234, 16
430,234,234, 16
431,234,234, 16
432,234,234, 16
433,234,234, 16
434,234,234, 16
435,234,234, 16
436,234,234, 16
437,234,234, 16
438,234,234, 16
439,234,234, 16
440,234,234, 16
441,234,234, 16
442,234,234, 16
443,234,234, 16
444,234,234, 16
445,234,234, 16
446,234,234, 16
447,234,234, 16
448,234,234, 16
449,234,234, 16
450,234,234, 16
451,234,234, 16
452,234,234, 16
453,234,234, 16
454,234,234, 16
455,234,234, 16
456,234,234, 16
457,234,234, 16
458,234,234, 16
459,234,234, 16
460,234,234, 16
461,234,234, 16
462,234,234, 16
463,234,234, 16
464,234,234, 16
465,234,234, 16
466,234,234, 16
467,234,234, 16
468,234,234, 16
469,234,234, 16
470,234,234, 16
471,234,234, 16
472,234,234, 16
473,234,234, 16
474,234,234, 16
475,234,234, 16
476,234,234, 16
477,234,234, 16
478,234,234, 16
479,234,234, 16
480,234,234, 16
481,234,234, 16
482,234,234, 16
483,234,234, 16
484,234,234, 16
485,234,234, 16
486,234,234, 16
487,234,234, 16
488,234,234, 16
489,234,234, 16
490,234,234, 16
491,234,234, 16
492,234,234, 16
493,234,234, 16
494,234,234, 16
495,234,234, 16
496,234,234, 16
497,234,234, 16
498,234,234, 16
499,234,234, 16
500,234,234, 16
501,234,234, 16
502,234,234, 16
503,234,234, 16
504,234,234, 16
505,234,234, 16
506,234,234, 16
507,234,234, 16
508,234,234, 16
509,234,234, 16
510,234,234, 16
511,234,234, 16
512,234,234, 16
513,234,234, 16
514,234,234, 16
515,234,234, 16
516,234,234, 16
517,234,234, 16
518,234,234, 16
519,234,234, 16
520,234,234, 16
521,234,234, 16
522,234,234, 16
523,234,234, 16
524,234,234, 16
525,234,234, 16
526,234,234, 16
527,234,234, 16
528,234,234, 16
529,234,234, 16
530,234,234, 16
531,234,234, 16
532,234,234, 16
533,234,234, 16
534,234,234, 16
535,234,234, 16
536,234,234, 16
537,234,234, 16
538,234,234, 16
539,234,234, 16
540,234,234, 16
541,234,234, 16
542,234,234, 16
543,234,234, 16
544,234,234, 16
545,234,234, 16
546,234,234, 16
547,234,234, 16
548,234,234, 16
549,234,234, 16
550,234,234, 16
551,234,234, 16
552,234,234, 16
553,234,234, 16
554,234,234, 16
555,234,234, 16
556,234,234, 16
557,234,234, 16
558,234,234, 16
559,234,234, 16
560,234,234, 16
561,234,234, 16
562,234,234, 16
563,233,233, 17
564,233,233, 17
565,233,233, 17
566,233,233, 17
567,233,233, 17
568,233,233, 17
569,233,233, 17
570,233,233, 17
571,233,233, 17
572,233,233, 17
573,233,233, 17
574,233,233, 17
575,233,233, 17
576,233,233, 17
577,233,233, 17
578,233,233, 17
579,233,233, 17
580,233,233, 17
581,233,233, 17
582,233,233, 17
583,233,233, 17
584,233,233, 17
585,233,233, 17
586,233,233, 17
587,233,233, 17
588,233,233, 17
589,233,233, 17
590,233,233, 17
591,233,233, 17
592,233,233, 17
593,233,233, 17
594,233,233, 17
595,233,233, 17
596,233,233, 17
597,233,233, 17
598,233,233, 17
599,233,233, 17
600,233,233, 17
601,233,233, 17
602,232,232, 18
603,232,232, 18
604,232,232, 18
605,232,232, 18
606,232,232, 18
607,232,232, 18
608,232,232, 18
609,232,232, 18
610,232,232, 18
611,232,232, 18
612,232,232, 18
613,232,232, 18
614,232,232, 18
615,232,232, 18
616,232,232, 18
617,232,232, 18
618,232,232, 18
619,231,231, 19
620,231,231, 19
621,231,231, 19
622,231,231, 19
623,231,231, 19
624,231,231, 19
625,231,231, 19
626,231,231, 19
627,231,231, 19
628,231,231, 19
629,231,231, 19
630,231,231, 19
631,231,231, 19
632,231,231, 19
633,231,231, 19
634,231,231, 19
635,231,231, 19
636,230,230, 20
637,230,230, 20
638,230,230, 20
639,230,230, 20
640,230,230, 20
641,230,230, 20
642,230,230, 20
643,230,230, 20
644,230,230, 20
645,230,230, 20
646,230,230, 20
647,230,230, 20
648,230,230, 20
649,230,230, 20
650,230,230, 20
651,230,230, 20
652,230,230, 20
653,230,230, 20
654,230,230, 20
655,230,230, 20
656,230,230, 20
657,230,230, 20
658,230,230, 20
659,230,230, 20
660,230,230, 20
661,230,230, 20
662,230,230, 20
663,230,230, 20
664,230,230, 20
665,230,230, 20
666,230,230, 20
667,230,230, 20
668,230,230, 20
669,230,230, 20
670,230,230, 20
671,230,230, 20
672,230,230, 20
673,230,230, 20
674,230,230, 20
675,230,230, 20
676,230,230, 20
677,230,230, 20
678,230,230, 20
679,230,230, 20
680,230,230, 20
681,230,230, 20
682,230,230, 20
683,230,230, 20
684,230,230, 20
685,230,230, 20
686,230,230, 20
687,230,230, 20
688,230,230, 20
689,230,230, 20
690,230,230, 20
691,230,230, 20
692,230,230, 20
693,230,230, 20
694,230,230, 20
695,230,230, 20
696,230,230, 20
697,230,230, 20
698,230,230, 20
699,230,230, 20
700,230,230, 20
701,230,230, 20
702,230,230, 20
703,230,230, 20
704,230,230, 20
705,230,230, 20
706,230,230, 20
707,230,230, 20
708,230,230, 20
709,230,230, 20
710,230,230, 20
711,230,230, 20
712,230,230, 20
713,230,230, 20
714,230,230, 20
715,229,229, 21
716,229,229, 21
717,229,229, 21
718,229,229, 21
719,229,229, 21
720,229,229, 21
721,229,229, 21
722,229,229, 21
723,229,229, 21
724,229,229, 21
725,229,229, 21
726,229,229, 21
727,229,229, 21
728,229,229, 21
729,229,229, 21
730,229,229, 21
731,229,229, 21
732,229,229, 21
733,229,229, 21
734,229,229, 21
735,229,229, 21
736,229,229, 21
737,229,229, 21
738,229,229, 21
739,229,229, 21
740,229,229, 21
741,229,229, 21
742,229,229, 21
743,228,228, 22
744,228,228, 22
745,228,228, 22
746,228,228, 22
747,228,228, 22
748,228,228, 22
749,228,228, 22
750,228,228, 22
751,228,228, 22
752,228,228, 22
753,228,228, 22
754,228,228, 22
755,228,228, 22
756,228,228, 22
757,228,228, 22
758,228,228, 22
759,228,228, 22
760,228,228, 22
761,228,228, 22
762,228,228, 22
763,228,228, 22
764,228,228, 22
765,228,228, 22
766,228,228, 22
767,228,228, 22
768,228,228, 22
769,228,228, 22
770,228,228, 22
771,228,228, 22
772,228,228, 22
773,228,228, 22
774,228,228, 22
775,228,228, 22
776,228,228, 22
777,228,228, 22
778,228,228, 22
779,228,228, 22
780,228,228, 22
781,228,228, 22
782,228,228, 22
783,228,228, 22
784,228,228, 22
785,228,228, 22
786,228,228, 22
787,228,228, 22
788,228,228, 22
789,228,228, 22
790,228,228, 22
791,228,228, 22
792,228,228, 22
793,228,228, 22
794,228,228, 22
795,228,228, 22
796,228,228, 22
797,228,228, 22
798,228,228, 22
799,228,228, 22
800,228,228, 22
801,228,228, 22
802,228,228, 22
803,228,228, 22
804,228,228, 22
805,228,228, 22
806,228,228, 22
807,228,228, 22
808,228,228, 22
809,228,228, 22
810,228,228, 22
811,228,228, 22
812,228,228, 22
813,228,228, 22
814,228,228, 22
815,228,228, 22
816,228,228, 22
817,228,228, 22
818,227,227, 23
819,227,227, 23
820,226,226, 24
821,226,226, 24
822,226,226, 24
823,226,226, 24
824,226,226, 24
825,226,226, 24
826,226,226, 24
827,226,226, 24
828,226,226, 24
829,226,226, 24
830,226,226, 24
831,226,226, 24
832,226,226, 24
833,226,226, 24
834,226,226, 24
835,226,226, 24
836,226,226, 24
837,226,226, 24
838,226,226, 24
839,226,226, 24
840,226,226, 24
841,226,226, 24
842,226,226, 24
843,226,226, 24
844,226,226, 24
845,226,226, 24
846,226,226, 24
847,226,226, 24
848,226,226, 24
849,226,226, 24
850,226,226, 24
851,226,226, 24
852,226,226, 24
853,226,226, 24
854,226,226, 24
855,226,226, 24
856,226,226, 24
857,226,226, 24
858,226,226, 24
859,226,226, 24
860,226,226, 24
861,226,226, 24
862,226,226, 24
863,226,226, 24
864,226,226, 24
865,225,225, 25
866,225,225, 25
867,225,225, 25
868,225,225, 25
869,225,225, 25
870,225,225, 25
871,225,225, 25
872,225,225, 25
873,225,225, 25
874,225,225, 25
875,225,225, 25
876,225,225, 25
877,225,225, 25
878,225,225, 25
879,225,225, 25
880,225,225, 25
881,225,225, 25
882,225,225, 25
883,225,225, 25
884,225,225, 25
885,225,225, 25
886,225,225, 25
887,225,225, 25
888,225,225, 25
889,225,225, 25
890,225,225, 25
891,225,225, 25
892,225,225, 25
893,225,225, 25
894,225,225, 25
895,225,225, 25
896,225,225, 25
897,225,225, 25
898,225,225, 25
899,225,225, 25
900,225,225, 25
901,225,225, 25
902,225,225, 25
903,225,225, 25
904,225,225, 25
905,225,225, 25
906,225,225, 25
907,225,225, 25
908,225,225, 25
909,225,225, 25
910,225,225, 25
911,225,225, 25
912,225,225, 25
913,225,225, 25
914,225,225, 25
915,225,225, 25
916,225,225, 25
917,225,225, 25
918,225,225, 25
919,225,225, 25
920,225,225, 25
921,225,225, 25
922,225,225, 25
923,225,225, 25
924,225,225, 25
925,225,225, 25
926,225,225, 25
927,225,225, 25
928,225,225, 25
929,225,225, 25
930,225,225, 25
931,225,225, 25
932,225,225, 25
933,225,225, 25
934,225,225, 25
935,225,225, 25
936,225,225, 25
937,225,225, 25
938,225,225, 25
939,225,225, 25
940,225,225, 25
941,225,225, 25
942,225,225, 25
943,225,225, 25
944,225,225, 25
945,225,225, 25
946,225,225, 25
947,225,225, 25
948,225,225, 25
949,225,225, 25
950,225,225, 25
951,225,225, 25
952,225,225, 25
953,225,225, 25
954,225,225, 25
955,225,225, 25
956,225,225, 25
957,225,225, 25
958,225,225, 25
959,225,225, 25
960,225,225, 25
961,225,225, 25
962,225,225, 25
963,225,225, 25
964,225,225, 25
965,225,225, 25
966,225,225, 25
967,225,225, 25
968,225,225, 25
969,225,225, 25
970,225,225, 25
971,225,225, 25
972,225,225, 25
973,225,225, 25
974,225,225, 25
975,225,225, 25
976,225,225, 25
977,225,225, 25
978,225,225, 25
979,225,225, 25
980,225,225, 25
981,225,225, 25
982,225,225, 25
983,225,225, 25
984,225,225, 25
985,225,225, 25
986,224,224, 26
987,224,224, 26
988,224,224, 26
989,224,224, 26
990,224,224, 26
991,224,224, 26
992,224,224, 26
993,224,224, 26
994,224,224, 26
995,224,224, 26
996,224,224, 26
997,224,224, 26
998,224,224, 26
999,224,224, 26
1000,224,224, 26
1001,224,224, 26
1002,224,224, 26
1003,224,224, 26
1004,224,224, 26
1005,224,224, 26
1006,224,224, 26
1007,224,224, 26
1008,224,224, 26
1009,224,224, 26
1010,224,224, 26
1011,224,224, 26
1012,224,224, 26
1013,224,224, 26
1014,224,224, 26
1015,224,224, 26
1016,224,224, 26
1017,224,224, 26
1018,224,224, 26
1019,224,224, 26
1020,223,223, 27
1021,223,223, 27
1022,223,223, 27
1023,223,223, 27
1024,223,223, 27
1025,223,223, 27
1026,223,223, 27
1027,223,223, 27
1028,223,223, 27
1029,223,223, 27
1030,223,223, 27
1031,223,223, 27
1032,223,223, 27
1033,223,223, 27
1034,223,223, 27
1035,223,223, 27
1036,223,223, 27
1037,223,223, 27
1038,223,223, 27
1039,223,223, 27
1040,223,223, 27
1041,223,223, 27
1042,223,223, 27
1043,223,223, 27
1044,223,223, 27
1045,223,223, 27
1046,223,223, 27
1047,223,223, 27
1048,223,223, 27
1049,223,223, 27
1050,223,223, 27
1051,223,223, 27
1052,223,223, 27
1053,223,223, 27
1054,223,223, 27
1055,223,223, 27
1056,223,223, 27
1057,223,223, 27
1058,223,223, 27
1059,223,223, 27
1060,223,223, 27
1061,223,223, 27
1062,223,223, 27
1063,223,223, 27
1064,223,223, 27
1065,223,223, 27
1066,223,223, 27
1067,223,223, 27
1068,223,223, 27
1069,223,223, 27
1070,223,223, 27
1071,223,223, 27
1072,223,223, 27
1073,223,223, 27
1074,223,223, 27
1075,223,223, 27
1076,223,223, 27
1077,223,223, 27
1078,223,223, 27
1079,223,223, 27
1080,223,223, 27
1081,223,223, 27
1082,223,223, 27
1083,223,223, 27
1084,223,223, 27
1085,223,223, 27
1086,223,223, 27
1087,223,223, 27
1088,223,223, 27
1089,223,223, 27
1090,223,223, 27
1091,223,223, 27
1092,223,223, 27
1093,223,223, 27
1094,223,223, 27
1095,223,223, 27
1096,223,223, 27
1097,223,223, 27
1098,222,222, 28
1099,222,222, 28
1100,222,222, 28
1101,222,222, 28
1102,222,222, 28
1103,222,222, 28
1104,222,222, 28
1105,222,222, 28
1106,222,222, 28
1107,222,222, 28
1108,221,221, 29
1109,221,221, 29
1110,221,221, 29
1111,221,221, 29
1112,221,221, 29
1113,221,221, 29
1114,221,221, 29
1115,221,221, 29
1116,221,221, 29
1117,221,221, 29
1118,221,221, 29
1119,221,221, 29
1120,221,221, 29
1121,221,221, 29
1122,221,221, 29
1123,221,221, 29
1124,221,221, 29
1125,221,221, 29
1126,221,221, 29
1127,221,221, 29
1128,221,221, 29
1129,221,221, 29
1130,221,221, 29
1131,221,221, 29
1132,221,221, 29
1133,221,221, 29
1134,221,221, 29
1135,221,221, 29
1136,221,221, 29
1137,221,221, 29
1138,221,221, 29
1139,221,221, 29
1140,221,221, 29
1141,221,221, 29
1142,221,221, 29
1143,221,221, 29
1144,221,221, 29
1145,221,221, 29
1146,221,221, 29
1147,221,221, 29
1148,221,221, 29
1149,221,221, 29
1150,221,221, 29
1151,221,221, 29
1152,221,221, 29
1153,221,221, 29
1154,221,221, 29
1155,221,221, 29
1156,221,221, 29
1157,221,221, 29
1158,221,221, 29
1159,221,221, 29
1160,221,221, 29
1161,221,221, 29
1162,221,221, 29
1163,221,221, 29
1164,221,221, 29
1165,221,221, 29
1166,221,221, 29
1167,221,221, 29
1168,221,221, 29
1169,221,221, 29
1170,221,221, 29
1171,221,221, 29
1172,221,221, 29
1173,221,221, 29
1174,221,221, 29
1175,221,221, 29
1176,221,221, 29
1177,221,221, 29
1178,221,221, 29
1179,221,221, 29
1180,220,220, 30
1181,220,220, 30
1182,220,220, 30
1183,220,220, 30
1184,220,220, 30
1185,220,220, 30
1186,220,220, 30
1187,220,220, 30
1188,220,220, 30
1189,220,220, 30
1190,220,220, 30
1191,220,220, 30
1192,220,220, 30
1193,220,220, 30
1194,220,220, 30
1195,220,220, 30
1196,220,220, 30
1197,219,219, 31
1198,219,219, 31
1199,219,219, 31
1200,219,219, 31
1201,219,219, 31
1202,219,219, 31
1203,219,219, 31
1204,219,219, 31
1205,219,219, 31
1206,219,219, 31
1207,219,219, 31
1208,219,219, 31
1209,219,219, 31
1210,219,219, 31
1211,219,219, 31
1212,219,219, 31
1213,219,219, 31
1214,219,219, 31
1215,219,219, 31
1216,219,219, 31
1217,219,219, 31
1218,219,219, 31
1219,219,219, 31
1220,219,219, 31
1221,219,219, 31
1222,219,219, 31
1223,219,219, 31
1224,219,219, 31
1225,219,219, 31
1226,219,219, 31
1227,219,219, 31
1228,219,219, 31
1229,219,219, 31
1230,219,219, 31
1231,219,219, 31
1232,219,219, 31
1233,219,219, 31
1234,219,219, 31
1235,219,219, 31
1236,219,219, 31
1237,219,219, 31
1238,219,219, 31
1239,219,219, 31
1240,219,219, 31
1241,219,219, 31
1242,219,219, 31
1243,219,219, 31
1244,219,219, 31
1245,219,219, 31
1246,219,219, 31
1247,219,219, 31
1248,219,219, 31
1249,219,219, 31
1250,219,219, 31
1251,219,219, 31
1252,219,219, 31
1253,219,219, 31
1254,219,219, 31
1255,219,219, 31
1256,219,219, 31
1257,219,219, 31
1258,219,219, 31
1259,219,219, 31
1260,219,219, 31
1261,219,219, 31
1262,219,219, 31
1263,219,219, 31
1264,219,219, 31
1265,219,219, 31
1266,219,219, 31
1267,219,219, 31
1268,219,219, 31
1269,219,219, 31
1270,219,219, 31
1271,219,219, 31
1272,219,219, 31
1273,219,219, 31
1274,219,219, 31
1275,219,219, 31
1276,219,219, 31
1277,219,219, 31
1278,219,219, 31
1279,219,219, 31
1280,219,219, 31
1281,219,219, 31
1282,219,219, 31
1283,219,219, 31
1284,219,219, 31
1285,219,219, 31
1286,219,219, 31
1287,219,219, 31
1288,219,219, 31
1289,219,219, 31
1290,219,219, 31
1291,219,219, 31
1292,219,219, 31
1293,219,219, 31
1294,219,219, 31
1295,219,219, 31
1296,219,219, 31
1297,219,219, 31
1298,219,219, 31
1299,219,219, 31
1300,219,219, 31
1301,219,219, 31
1302,219,219, 31
1303,219,219, 31
1304,219,219, 31
1305,219,219, 31
1306,219,219, 31
1307,219,219, 31
1308,219,219, 31
1309,219,219, 31
1310,219,219, 31
1311,219,219, 31
1312,219,219, 31
1313,219,219, 31
1314,219,219, 31
1315,219,219, 31
1316,219,219, 31
1317,219,219, 31
1318,219,219, 31
1319,219,219, 31
1320,219,219, 31
1321,219,219, 31
1322,219,219, 31
1323,219,219, 31
1324,219,219, 31
1325,219,219, 31
1326,219,219, 31
1327,219,219, 31
1328,219,219, 31
1329,219,219, 31
1330,219,219, 31
1331,219,219, 31
1332,219,219, 31
1333,219,219, 31
1334,219,219, 31
1335,219,219, 31
1336,219,219, 31
1337,219,219, 31
1338,219,219, 31
1339,219,219, 31
1340,219,219, 31
1341,219,219, 31
1342,219,219, 31
1343,219,219, 31
1344,219,219, 31
1345,219,219, 31
1346,219,219, 31
1347,219,219, 31
1348,219,219, 31
1349,219,219, 31
1350,219,219, 31
1351,219,219, 31
1352,219,219, 31
1353,219,219, 31
1354,219,219, 31
1355,219,219, 31
1356,219,219, 31
1357,219,219, 31
1358,219,219, 31
1359,219,219, 31
1360,219,219, 31
1361,219,219, 31
1362,219,219, 31
1363,219,219, 31
1364,219,219, 31
1365,219,219, 31
1366,219,219, 31
1367,219,219, 31
1368,219,219, 31
1369,219,219, 31
1370,219,219, 31
1371,219,219, 31
1372,219,219, 31
1373,219,219, 31
1374,219,219, 31
1375,219,219, 31
1376,219,219, 31
1377,219,219, 31
1378,219,219, 31
1379,219,219, 31
1380,219,219, 31
1381,219,219, 31
1382,219,219, 31
1383,219,219, 31
1384,219,219, 31
1385,219,219, 31
1386,219,219, 31
1387,219,219, 31
1388,219,219, 31
1389,219,219, 31
1390,219,219, 31
1391,219,219, 31
1392,219,219, 31
1393,219,219, 31
1394,219,219, 31
1395,219,219, 31
1396,219,219, 31
1397,219,219, 31
1398,219,219, 31
1399,219,219, 31
1400,219,219, 31
1401,219,219, 31
1402,219,219, 31
1403,219,219, 31
1404,219,219, 31
1405,219,219, 31
1406,219,219, 31
1407,219,219, 31
1408,219,219, 31
1409,219,219, 31
1410,219,219, 31
1411,219,219, 31
1412,219,219, 31
1413,219,219, 31
1414,219,219, 31
1415,219,219, 31
1416,219,219, 31
1417,219,219, 31
1418,219,219, 31
1419,219,219, 31
1420,219,219, 31
1421,219,219, 31
1422,219,219, 31
1423,219,219, 31
1424,219,219, 31
1425,219,219, 31
1426,219,219, 31
1427,219,219, 31
1428,219,219, 31
1429,219,219, 31
1430,219,219, 31
1431,219,219, 31
1432,219,219, 31
1433,219,219, 31
1434,219,219, 31
1435,219,219, 31
1436,219,219, 31
1437,219,219, 31
1438,219,219, 31
1439,219,219, 31
1440,219,219, 31
1441,219,219, 31
1442,219,219, 31
1443,219,219, 31
1444,219,219, 31
1445,219,219, 31
1446,219,219, 31
1447,219,219, 31
1448,219,219, 31
1449,219,219, 31
1450,219,219, 31
1451,219,219, 31
1452,219,219, 31
1453,219,219, 31
1454,219,219, 31
1455,219,219, 31
1456,219,219, 31
1457,219,219, 31
1458,219,219, 31
1459,219,219, 31
1460,219,219, 31
1461,219,219, 31
1462,219,219, 31
1463,219,219, 31
1464,219,219, 31
1465,219,219, 31
1466,219,219, 31
1467,219,219, 31
1468,219,219, 31
1469,219,219, 31
1470,219,219, 31
1471,219,219, 31
1472,219,219, 31
1473,219,219, 31
1474,219,219, 31
1475,219,219, 31
1476,219,219, 31
1477,219,219, 31
1478,219,219, 31
1479,219,219, 31
1480,219,219, 31
1481,219,219, 31
1482,219,219, 31
1483,219,219, 31
1484,219,219, 31
1485,219,219, 31
1486,219,219, 31
1487,219,219, 31
1488,219,219, 31
1489,219,219, 31
1490,219,219, 31
1491,219,219, 31
1492,219,219, 31
1493,219,219, 31
1494,219,219, 31
1495,219,219, 31
1496,219,219, 31
1497,219,219, 31
1498,219,219, 31
1499,219,219, 31
