0,250,250, 0
1,250,250, 0
2,249,249, 1
3,249,249, 1
4,248,248, 2
5,248,248, 2
6,248,248, 2
7,247,247, 3
8,247,247, 3
9,247,247, 3
10,247,247, 3
11,247,247, 3
12,246,246, 4
13,246,246, 4
14,246,246, 4
15,246,246, 4
16,246,246, 4
17,246,246, 4
18,246,246, 4
19,246,246, 4
20,246,246, 4
21,246,246, 4
22,246,246, 4
23,246,246, 4
24,245,245, 5
25,245,245, 5
26,245,245, 5
27,244,244, 6
28,243,243, 7
29,243,243, 7
30,243,243, 7
31,243,243, 7
32,243,243, 7
33,243,243, 7
34,243,243, 7
35,243,243, 7
36,243,243, 7
37,243,243, 7
38,243,243, 7
39,243,243, 7
40,243,243, 7
41,243,243, 7
42,243,243, 7
43,243,243, 7
44,243,243, 7
45,243,243, 7
46,243,243, 7
47,243,243, 7
48,243,243, 7
49,243,243, 7
50,243,243, 7
51,243,243, 7
52,243,243, 7
53,243,243, 7
54,243,243, 7
55,243,243, 7
56,242,242, 8
57,242,242, 8
58,242,242, 8
59,241,241, 9
60,241,241, 9
61,241,241, 9
62,241,241, 9
63,241,241, 9
64,241,241, 9
65,241,241, 9
66,241,241, 9
67,241,241, 9
68,241,241, 9
69,240,240, 10
70,240,240, 10
71,240,240, 10
72,240,240, 10
73,240,240, 10
74,240,240, 10
75,240,240, 10
76,240,240, 10
77,240,240, 10
78,240,240, 10
79,240,240, 10
80,240,240, 10
81,240,240, 10
82,240,240, 10
83,240,240, 10
84,240,240, 10
85,240,240, 10
86,240,240, 10
87,240,240, 10
88,240,240, 10
89,240,240, 10
90,240,240, 10
91,240,240, 10
92,240,240, 10
93,240,240, 10
94,240,240, 10
95,239,239, 11
96,239,239, 11
97,239,239, 11
98,239,239, 11
99,239,239, 11
100,239,239, 11
101,239,239, 11
102,239,239, 11
103,239,239, 11
104,239,239, 11
105,239,239, 11
106,239,239, 11
107,239,239, 11
108,239,239, 11
109,239,239, 11
110,239,239, 11
111,239,239, 11
112,239,239, 11
113,239,239, 11
114,238,238, 12
115,238,238, 12
116,238,238, 12
117,238,238, 12
118,238,238, 12
119,238,238, 12
120,238,238, 12
121,238,238, 12
122,238,238, 12
123,238,238, 12
124,238,238, 12
125,238,238, 12
126,238,238, 12
127,238,238, 12
128,238,238, 12
129,238,238, 12
130,238,238, 12
131,238,238, 12
132,238,238, 12
133,238,238, 12
134,238,238, 12
135,238,238, 12
136,238,238, 12
137,238,238, 12
138,238,238, 12
139,238,238, 12
140,238,238, 12
141,238,238, 12
142,238,238, 12
143,238,238, 12
144,237,237, 13
145,237,237, 13
146,237,237, 13
147,237,237, 13
148,237,237, 13
149,237,237, 13
150,237,237, 13
151,237,237, 13
152,237,237, 13
153,237,237, 13
154,237,237, 13
155,237,237, 13
156,237,237, 13
157,237,237, 13
158,237,237, 13
159,237,237, 13
160,236,236, 14
161,236,236, 14
162,236,236, 14
163,236,236, 14
164,236,236, 14
165,236,236, 14
166,236,236, 14
167,236,236, 14
168,236,236, 14
169,236,236, 14
170,236,236, 14
171,236,236, 14
172,236,236, 14
173,236,236, 14
174,236,236, 14
175,236,236, 14
176,236,236, 14
177,236,236, 14
178,236,236, 14
179,236,236, 14
180,236,236, 14
181,236,236, 14
182,236,236, 14
183,236,236, 14
184,236,236, 14
185,236,236, 14
186,236,236, 14
187,236,236, 14
188,236,236, 14
189,235,235, 15
190,235,235, 15
191,235,235, 15
192,235,235, 15
193,235,235, 15
194,235,235, 15
195,235,235, 15
196,236,236, 14
197,236,236, 14
198,235,235, 15
199,235,235, 15
200,235,235, 15
201,235,235, 15
202,235,235, 15
203,235,235, 15
204,235,235, 15
205,235,235, 15
206,235,235, 15
207,235,235, 15
208,235,235, 15
209,235,235, 15
210,235,235, 15
211,235,235, 15
212,235,235, 15
213,235,235, 15
214,235,235, 15
215,235,235, 15
216,235,235, 15
217,235,235, 15
218,235,235, 15
219,235,235, 15
220,235,235, 15
221,235,235, 15
222,235,235, 15
223,235,235, 15
224,235,235, 15
225,235,235, 15
226,235,235, 15
227,235,235, 15
228,235,235, 15
229,235,235, 15
230,235,235, 15
231,234,234, 16
232,234,234, 16
233,234,234, 16
234,234,234, 16
235,234,234, 16
236,234,234, 16
237,234,234, 16
238,234,234, 16
239,234,234, 16
240,234,234, 16
241,234,234, 16
242,233,233, 17
243,233,233, 17
244,233,233, 17
245,233,233, 17
246,233,233, 17
247,233,233, 17
248,233,233, 17
249,233,233, 17
250,233,233, 17
251,233,233, 17
252,233,233, 17
253,233,233, 17
254,233,233, 17
255,233,233, 17
256,233,233, 17
257,233,233, 17
258,233,233, 17
259,232,232, 18
260,232,232, 18
261,232,232, 18
262,232,232, 18
263,232,232, 18
264,232,232, 18
265,232,232, 18
266,232,232, 18
267,232,232, 18
268,232,232, 18
269,232,232, 18
270,232,232, 18
271,232,232, 18
272,232,232, 18
273,232,232, 18
274,232,232, 18
275,232,232, 18
276,232,232, 18
277,232,232, 18
278,232,232, 18
279,232,232, 18
280,232,232, 18
281,232,232, 18
282,232,232, 18
283,231,231, 19
284,231,231, 19
285,231,231, 19
286,230,230, 20
287,230,230, 20
288,230,230, 20
289,230,230, 20
290,230,230, 20
291,230,230, 20
292,230,230, 20
293,230,230, 20
294,230,230, 20
295,230,230, 20
296,230,230, 20
297,230,230, 20
298,230,230, 20
299,230,230, 20
300,230,230, 20
301,230,230, 20
302,230,230, 20
303,230,230, 20
304,230,230, 20
305,230,230, 20
306,230,230, 20
307,230,230, 20
308,229,229, 21
309,229,229, 21
310,229,229, 21
311,229,229, 21
312,229,229, 21
313,229,229, 21
314,229,229, 21
315,229,229, 21
316,229,229, 21
317,229,229, 21
318,229,229, 21
319,229,229, 21
320,229,229, 21
321,229,229, 21
322,229,229, 21
323,229,229, 21
324,229,229, 21
325,229,229, 21
326,229,229, 21
327,229,229, 21
328,229,229, 21
329,229,229, 21
330,229,229, 21
331,229,229, 21
332,229,229, 21
333,229,229, 21
334,229,229, 21
335,229,229, 21
336,229,229, 21
337,229,229, 21
338,229,229, 21
339,229,229, 21
340,229,229, 21
341,229,229, 21
342,229,229, 21
343,229,229, 21
344,229,229, 21
345,229,229, 21
346,229,229, 21
347,229,229, 21
348,229,229, 21
349,229,229, 21
350,229,229, 21
351,229,229, 21
352,229,229, 21
353,229,229, 21
354,229,229, 21
355,229,229, 21
356,229,229, 21
357,229,229, 21
358,229,229, 21
359,229,229, 21
360,229,229, 21
361,229,229, 21
362,229,229, 21
363,229,229, 21
364,229,229, 21
365,229,229, 21
366,229,229, 21
367,229,229, 21
368,229,229, 21
369,229,229, 21
370,229,229, 21
371,229,229, 21
372,229,229, 21
373,229,229, 21
374,229,229, 21
375,229,229, 21
376,229,229, 21
377,229,229, 21
378,229,229, 21
379,229,229, 21
380,229,229, 21
381,229,229, 21
382,229,229, 21
383,229,229, 21
384,229,229, 21
385,229,229, 21
386,229,229, 21
387,229,229, 21
388,229,229, 21
389,229,229, 21
390,229,229, 21
391,229,229, 21
392,229,229, 21
393,229,229, 21
394,228,228, 22
395,228,228, 22
396,228,228, 22
397,228,228, 22
398,228,228, 22
399,228,228, 22
400,228,228, 22
401,228,228, 22
402,228,228, 22
403,228,228, 22
404,228,228, 22
405,228,228, 22
406,228,228, 22
407,228,228, 22
408,228,228, 22
409,228,228, 22
410,228,228, 22
411,228,228, 22
412,228,228, 22
413,228,228, 22
414,228,228, 22
415,228,228, 22
416,228,228, 22
417,228,228, 22
418,227,227, 23
419,227,227, 23
420,227,227, 23
421,227,227, 23
422,227,227, 23
423,227,227, 23
424,227,227, 23
425,227,227, 23
426,227,227, 23
427,227,227, 23
428,227,227, 23
429,227,227, 23
430,227,227, 23
431,227,227, 23
432,227,227, 23
433,227,227, 23
434,227,227, 23
435,227,227, 23
436,227,227, 23
437,227,227, 23
438,227,227, 23
439,227,227, 23
440,227,227, 23
441,227,227, 23
442,227,227, 23
443,227,227, 23
444,227,227, 23
445,227,227, 23
446,227,227, 23
447,227,227, 23
448,227,227, 23
449,227,227, 23
450,227,227, 23
451,227,227, 23
452,227,227, 23
453,227,227, 23
454,227,227, 23
455,227,227, 23
456,227,227, 23
457,227,227, 23
458,227,227, 23
459,227,227, 23
460,227,227, 23
461,227,227, 23
462,227,227, 23
463,227,227, 23
464,227,227, 23
465,227,227, 23
466,227,227, 23
467,227,227, 23
468,227,227, 23
469,227,227, 23
470,227,227, 23
471,227,227, 23
472,227,227, 23
473,227,227, 23
474,227,227, 23
475,227,227, 23
476,227,227, 23
477,227,227, 23
478,227,227, 23
479,227,227, 23
480,227,227, 23
481,227,227, 23
482,227,227, 23
483,227,227, 23
484,227,227, 23
485,227,227, 23
486,227,227, 23
487,227,227, 23
488,227,227, 23
489,227,227, 23
490,227,227, 23
491,227,227, 23
492,227,227, 23
493,227,227, 23
494,227,227, 23
495,227,227, 23
496,227,227, 23
497,227,227, 23
498,227,227, 23
499,227,227, 23
500,227,227, 23
501,227,227, 23
502,227,227, 23
503,227,227, 23
504,227,227, 23
505,227,227, 23
506,227,227, 23
507,227,227, 23
508,227,227, 23
509,227,227, 23
510,227,227, 23
511,227,227, 23
512,227,227, 23
513,227,227, 23
514,227,227, 23
515,227,227, 23
516,227,227, 23
517,227,227, 23
518,227,227, 23
519,227,227, 23
520,227,227, 23
521,227,227, 23
522,227,227, 23
523,227,227, 23
524,227,227, 23
525,227,227, 23
526,227,227, 23
527,227,227, 23
528,227,227, 23
529,227,227, 23
530,227,227, 23
531,227,227, 23
532,227,227, 23
533,227,227, 23
534,226,226, 24
535,226,226, 24
536,226,226, 24
537,226,226, 24
538,226,226, 24
539,226,226, 24
540,226,226, 24
541,226,226, 24
542,226,226, 24
543,226,226, 24
544,226,226, 24
545,226,226, 24
546,226,226, 24
547,226,226, 24
548,226,226, 24
549,226,226, 24
550,226,226, 24
551,226,226, 24
552,226,226, 24
553,226,226, 24
554,226,226, 24
555,226,226, 24
556,226,226, 24
557,226,226, 24
558,226,226, 24
559,226,226, 24
560,226,226, 24
561,225,225, 25
562,225,225, 25
563,225,225, 25
564,225,225, 25
565,225,225, 25
566,225,225, 25
567,225,225, 25
568,225,225, 25
569,225,225, 25
570,225,225, 25
571,225,225, 25
572,225,225, 25
573,225,225, 25
574,225,225, 25
575,225,225, 25
576,225,225, 25
577,225,225, 25
578,225,225, 25
579,225,225, 25
580,225,225, 25
581,225,225, 25
582,225,225, 25
583,225,225, 25
584,225,225, 25
585,225,225, 25
586,225,225, 25
587,225,225, 25
588,225,225, 25
589,225,225, 25
590,225,225, 25
591,225,225, 25
592,225,225, 25
593,225,225, 25
594,225,225, 25
595,225,225, 25
596,225,225, 25
597,225,225, 25
598,225,225, 25
599,225,225, 25
600,225,225, 25
601,225,225, 25
602,225,225, 25
603,225,225, 25
604,225,225, 25
605,225,225, 25
606,225,225, 25
607,225,225, 25
608,225,225, 25
609,225,225, 25
610,225,225, 25
611,225,225, 25
612,225,225, 25
613,225,225, 25
614,225,225, 25
615,225,225, 25
616,225,225, 25
617,225,225, 25
618,225,225, 25
619,225,225, 25
620,225,225, 25
621,225,225, 25
622,225,225, 25
623,225,225, 25
624,225,225, 25
625,225,225, 25
626,225,225, 25
627,225,225, 25
628,225,225, 25
629,225,225, 25
630,225,225, 25
631,225,225, 25
632,225,225, 25
633,225,225, 25
634,225,225, 25
635,225,225, 25
636,225,225, 25
637,225,225, 25
638,225,225, 25
639,225,225, 25
640,225,225, 25
641,225,225, 25
642,225,225, 25
643,225,225, 25
644,225,225, 25
645,225,225, 25
646,225,225, 25
647,225,225, 25
648,225,225, 25
649,225,225, 25
650,225,225, 25
651,225,225, 25
652,225,225, 25
653,225,225, 25
654,225,225, 25
655,225,225, 25
656,225,225, 25
657,225,225, 25
658,225,225, 25
659,225,225, 25
660,225,225, 25
661,225,225, 25
662,225,225, 25
663,225,225, 25
664,225,225, 25
665,225,225, 25
666,225,225, 25
667,225,225, 25
668,225,225, 25
669,225,225, 25
670,225,225, 25
671,225,225, 25
672,225,225, 25
673,225,225, 25
674,225,225, 25
675,225,225, 25
676,225,225, 25
677,225,225, 25
678,225,225, 25
679,225,225, 25
680,225,225, 25
681,225,225, 25
682,225,225, 25
683,225,225, 25
684,225,225, 25
685,225,225, 25
686,225,225, 25
687,225,225, 25
688,225,225, 25
689,225,225, 25
690,225,225, 25
691,225,225, 25
692,225,225, 25
693,225,225, 25
694,225,225, 25
695,225,225, 25
696,225,225, 25
697,225,225, 25
698,225,225, 25
699,225,225, 25
700,225,225, 25
701,225,225, 25
702,225,225, 25
703,225,225, 25
704,225,225, 25
705,225,225, 25
706,225,225, 25
707,225,225, 25
708,225,225, 25
709,225,225, 25
710,225,225, 25
711,225,225, 25
712,225,225, 25
713,225,225, 25
714,225,225, 25
715,225,225, 25
716,225,225, 25
717,225,225, 25
718,225,225, 25
719,225,225, 25
720,225,225, 25
721,225,225, 25
722,225,225, 25
723,225,225, 25
724,225,225, 25
725,225,225, 25
726,225,225, 25
727,225,225, 25
728,225,225, 25
729,225,225, 25
730,225,225, 25
731,225,225, 25
732,225,225, 25
733,225,225, 25
734,225,225, 25
735,225,225, 25
736,225,225, 25
737,225,225, 25
738,225,225, 25
739,225,225, 25
740,225,225, 25
741,225,225, 25
742,225,225, 25
743,225,225, 25
744,225,225, 25
745,225,225, 25
746,225,225, 25
747,225,225, 25
748,225,225, 25
749,225,225, 25
750,225,225, 25
751,225,225, 25
752,225,225, 25
753,225,225, 25
754,225,225, 25
755,225,225, 25
756,225,225, 25
757,225,225, 25
758,225,225, 25
759,225,225, 25
760,225,225, 25
761,225,225, 25
762,225,225, 25
763,225,225, 25
764,225,225, 25
765,225,225, 25
766,225,225, 25
767,225,225, 25
768,225,225, 25
769,225,225, 25
770,225,225, 25
771,225,225, 25
772,225,225, 25
773,225,225, 25
774,225,225, 25
775,225,225, 25
776,225,225, 25
777,225,225, 25
778,225,225, 25
779,225,225, 25
780,225,225, 25
781,225,225, 25
782,225,225, 25
783,225,225, 25
784,225,225, 25
785,225,225, 25
786,225,225, 25
787,225,225, 25
788,225,225, 25
789,225,225, 25
790,225,225, 25
791,225,225, 25
792,225,225, 25
793,225,225, 25
794,225,225, 25
795,225,225, 25
796,224,224, 26
797,224,224, 26
798,224,224, 26
799,224,224, 26
800,224,224, 26
801,224,224, 26
802,224,224, 26
803,224,224, 26
804,224,224, 26
805,224,224, 26
806,224,224, 26
807,224,224, 26
808,224,224, 26
809,224,224, 26
810,224,224, 26
811,224,224, 26
812,224,224, 26
813,224,224, 26
814,224,224, 26
815,224,224, 26
816,224,224, 26
817,224,224, 26
818,224,224, 26
819,224,224, 26
820,224,224, 26
821,224,224, 26
822,224,224, 26
823,224,224, 26
824,224,224, 26
825,224,224, 26
826,224,224, 26
827,224,224, 26
828,224,224, 26
829,224,224, 26
830,224,224, 26
831,224,224, 26
832,224,224, 26
833,224,224, 26
834,224,224, 26
835,224,224, 26
836,224,224, 26
837,224,224, 26
838,224,224, 26
839,224,224, 26
840,224,224, 26
841,224,224, 26
842,224,224, 26
843,224,224, 26
844,224,224, 26
845,224,224, 26
846,224,224, 26
847,224,224, 26
848,224,224, 26
849,224,224, 26
850,224,224, 26
851,224,224, 26
852,224,224, 26
853,224,224, 26
854,224,224, 26
855,224,224, 26
856,224,224, 26
857,224,224, 26
858,224,224, 26
859,224,224, 26
860,224,224, 26
861,224,224, 26
862,224,224, 26
863,224,224, 26
864,224,224, 26
865,224,224, 26
866,224,224, 26
867,224,224, 26
868,224,224, 26
869,224,224, 26
870,224,224, 26
871,224,224, 26
872,224,224, 26
873,224,224, 26
874,224,224, 26
875,224,224, 26
876,224,224, 26
877,224,224, 26
878,224,224, 26
879,224,224, 26
880,224,224, 26
881,224,224, 26
882,224,224, 26
883,224,224, 26
884,224,224, 26
885,224,224, 26
886,224,224, 26
887,224,224, 26
888,224,224, 26
889,224,224, 26
890,224,224, 26
891,224,224, 26
892,224,224, 26
893,224,224, 26
894,224,224, 26
895,224,224, 26
896,224,224, 26
897,224,224, 26
898,224,224, 26
899,224,224, 26
900,224,224, 26
901,224,224, 26
902,224,224, 26
903,224,224, 26
904,224,224, 26
905,224,224, 26
906,224,224, 26
907,224,224, 26
908,224,224, 26
909,224,224, 26
910,224,224, 26
911,224,224, 26
912,224,224, 26
913,224,224, 26
914,224,224, 26
915,224,224, 26
916,224,224, 26
917,224,224, 26
918,224,224, 26
919,224,224, 26
920,224,224, 26
921,224,224, 26
922,224,224, 26
923,224,224, 26
924,224,224, 26
925,224,224, 26
926,224,224, 26
927,224,224, 26
928,224,224, 26
929,224,224, 26
930,224,224, 26
931,224,224, 26
932,224,224, 26
933,224,224, 26
934,224,224, 26
935,224,224, 26
936,224,224, 26
937,224,224, 26
938,224,224, 26
939,224,224, 26
940,224,224, 26
941,224,224, 26
942,224,224, 26
943,224,224, 26
944,224,224, 26
945,224,224, 26
946,224,224, 26
947,224,224, 26
948,224,224, 26
949,224,224, 26
950,224,224, 26
951,224,224, 26
952,224,224, 26
953,224,224, 26
954,224,224, 26
955,224,224, 26
956,224,224, 26
957,224,224, 26
958,224,224, 26
959,224,224, 26
960,224,224, 26
961,224,224, 26
962,224,224, 26
963,224,224, 26
964,224,224, 26
965,224,224, 26
966,224,224, 26
967,224,224, 26
968,224,224, 26
969,224,224, 26
970,224,224, 26
971,224,224, 26
972,224,224, 26
973,224,224, 26
974,224,224, 26
975,224,224, 26
976,224,224, 26
977,224,224, 26
978,224,224, 26
979,224,224, 26
980,224,224, 26
981,224,224, 26
982,224,224, 26
983,224,224, 26
984,224,224, 26
985,224,224, 26
986,224,224, 26
987,224,224, 26
988,224,224, 26
989,224,224, 26
990,224,224, 26
991,224,224, 26
992,224,224, 26
993,224,224, 26
994,224,224, 26
995,224,224, 26
996,224,224, 26
997,224,224, 26
998,224,224, 26
999,224,224, 26
1000,224,224, 26
1001,224,224, 26
1002,224,224, 26
1003,224,224, 26
1004,224,224, 26
1005,224,224, 26
1006,224,224, 26
1007,224,224, 26
1008,224,224, 26
1009,224,224, 26
1010,224,224, 26
1011,224,224, 26
1012,224,224, 26
1013,224,224, 26
1014,224,224, 26
1015,224,224, 26
1016,224,224, 26
1017,224,224, 26
1018,224,224, 26
1019,224,224, 26
1020,224,224, 26
1021,224,224, 26
1022,224,224, 26
1023,224,224, 26
1024,224,224, 26
1025,224,224, 26
1026,224,224, 26
1027,224,224, 26
1028,224,224, 26
1029,224,224, 26
1030,224,224, 26
1031,224,224, 26
1032,224,224, 26
1033,224,224, 26
1034,224,224, 26
1035,224,224, 26
1036,224,224, 26
1037,224,224, 26
1038,224,224, 26
1039,224,224, 26
1040,224,224, 26
1041,224,224, 26
1042,224,224, 26
1043,224,224, 26
1044,224,224, 26
1045,224,224, 26
1046,224,224, 26
1047,224,224, 26
1048,224,224, 26
1049,224,224, 26
1050,224,224, 26
1051,224,224, 26
1052,224,224, 26
1053,224,224, 26
1054,224,224, 26
1055,224,224, 26
1056,224,224, 26
1057,224,224, 26
1058,224,224, 26
1059,224,224, 26
1060,224,224, 26
1061,224,224, 26
1062,224,224, 26
1063,224,224, 26
1064,224,224, 26
1065,224,224, 26
1066,224,224, 26
1067,224,224, 26
1068,224,224, 26
1069,224,224, 26
1070,224,224, 26
1071,224,224, 26
1072,224,224, 26
1073,223,223, 27
1074,223,223, 27
1075,223,223, 27
1076,223,223, 27
1077,223,223, 27
1078,223,223, 27
1079,223,223, 27
1080,223,223, 27
1081,223,223, 27
1082,223,223, 27
1083,223,223, 27
1084,223,223, 27
1085,223,223, 27
1086,223,223, 27
1087,223,223, 27
1088,223,223, 27
1089,223,223, 27
1090,223,223, 27
1091,223,223, 27
1092,223,223, 27
1093,223,223, 27
1094,223,223, 27
1095,223,223, 27
1096,223,223, 27
1097,223,223, 27
1098,223,223, 27
1099,223,223, 27
1100,223,223, 27
1101,223,223, 27
1102,223,223, 27
1103,223,223, 27
1104,223,223, 27
1105,223,223, 27
1106,223,223, 27
1107,223,223, 27
1108,223,223, 27
1109,223,223, 27
1110,223,223, 27
1111,223,223, 27
1112,223,223, 27
1113,223,223, 27
1114,223,223, 27
1115,223,223, 27
1116,223,223, 27
1117,223,223, 27
1118,223,223, 27
1119,223,223, 27
1120,223,223, 27
1121,223,223, 27
1122,223,223, 27
1123,223,223, 27
1124,223,223, 27
1125,223,223, 27
1126,223,223, 27
1127,223,223, 27
1128,223,223, 27
1129,223,223, 27
1130,223,223, 27
1131,223,223, 27
1132,223,223, 27
1133,223,223, 27
1134,223,223, 27
1135,223,223, 27
1136,223,223, 27
1137,223,223, 27
1138,223,223, 27
1139,223,223, 27
1140,223,223, 27
1141,223,223, 27
1142,223,223, 27
1143,223,223, 27
1144,223,223, 27
1145,223,223, 27
1146,223,223, 27
1147,223,223, 27
1148,223,223, 27
1149,223,223, 27
1150,223,223, 27
1151,223,223, 27
1152,223,223, 27
1153,223,223, 27
1154,223,223, 27
1155,223,223, 27
1156,223,223, 27
1157,223,223, 27
1158,223,223, 27
1159,223,223, 27
1160,223,223, 27
1161,223,223, 27
1162,223,223, 27
1163,223,223, 27
1164,223,223, 27
1165,223,223, 27
1166,223,223, 27
1167,223,223, 27
1168,223,223, 27
1169,223,223, 27
1170,223,223, 27
1171,223,223, 27
1172,223,223, 27
1173,223,223, 27
1174,223,223, 27
1175,223,223, 27
1176,223,223, 27
1177,223,223, 27
1178,223,223, 27
1179,223,223, 27
1180,223,223, 27
1181,223,223, 27
1182,223,223, 27
1183,223,223, 27
1184,223,223, 27
1185,223,223, 27
1186,223,223, 27
1187,223,223, 27
1188,223,223, 27
1189,223,223, 27
1190,223,223, 27
1191,223,223, 27
1192,223,223, 27
1193,223,223, 27
1194,223,223, 27
1195,223,223, 27
1196,223,223, 27
1197,223,223, 27
1198,223,223, 27
1199,223,223, 27
1200,223,223, 27
1201,223,223, 27
1202,223,223, 27
1203,223,223, 27
1204,223,223, 27
1205,223,223, 27
1206,223,223, 27
1207,223,223, 27
1208,223,223, 27
1209,223,223, 27
1210,223,223, 27
1211,223,223, 27
1212,223,223, 27
1213,223,223, 27
1214,223,223, 27
1215,223,223, 27
1216,223,223, 27
1217,223,223, 27
1218,223,223, 27
1219,223,223, 27
1220,223,223, 27
1221,223,223, 27
1222,223,223, 27
1223,223,223, 27
1224,223,223, 27
1225,223,223, 27
1226,223,223, 27
1227,223,223, 27
1228,223,223, 27
1229,223,223, 27
1230,223,223, 27
1231,223,223, 27
1232,223,223, 27
1233,223,223, 27
1234,223,223, 27
1235,223,223, 27
1236,223,223, 27
1237,223,223, 27
1238,223,223, 27
1239,223,223, 27
1240,223,223, 27
1241,223,223, 27
1242,223,223, 27
1243,223,223, 27
1244,223,223, 27
1245,223,223, 27
1246,223,223, 27
1247,223,223, 27
1248,223,223, 27
1249,223,223, 27
1250,223,223, 27
1251,223,223, 27
1252,223,223, 27
1253,223,223, 27
1254,223,223, 27
1255,223,223, 27
1256,223,223, 27
1257,223,223, 27
1258,223,223, 27
1259,223,223, 27
1260,223,223, 27
1261,223,223, 27
1262,223,223, 27
1263,223,223, 27
1264,223,223, 27
1265,223,223, 27
1266,223,223, 27
1267,223,223, 27
1268,223,223, 27
1269,223,223, 27
1270,223,223, 27
1271,223,223, 27
1272,223,223, 27
1273,223,223, 27
1274,223,223, 27
1275,223,223, 27
1276,223,223, 27
1277,223,223, 27
1278,223,223, 27
1279,223,223, 27
1280,223,223, 27
1281,223,223, 27
1282,223,223, 27
1283,223,223, 27
1284,223,223, 27
1285,223,223, 27
1286,223,223, 27
1287,223,223, 27
1288,223,223, 27
1289,223,223, 27
1290,223,223, 27
1291,223,223, 27
1292,223,223, 27
1293,223,223, 27
1294,223,223, 27
1295,223,223, 27
1296,223,223, 27
1297,223,223, 27
1298,223,223, 27
1299,223,223, 27
1300,223,223, 27
1301,223,223, 27
1302,223,223, 27
1303,223,223, 27
1304,223,223, 27
1305,223,223, 27
1306,223,223, 27
1307,223,223, 27
1308,223,223, 27
1309,223,223, 27
1310,223,223, 27
1311,223,223, 27
1312,223,223, 27
1313,223,223, 27
1314,223,223, 27
1315,223,223, 27
1316,223,223, 27
1317,223,223, 27
1318,223,223, 27
1319,223,223, 27
1320,223,223, 27
1321,223,223, 27
1322,223,223, 27
1323,223,223, 27
1324,223,223, 27
1325,223,223, 27
1326,223,223, 27
1327,223,223, 27
1328,223,223, 27
1329,223,223, 27
1330,223,223, 27
1331,223,223, 27
1332,223,223, 27
1333,223,223, 27
1334,223,223, 27
1335,223,223, 27
1336,223,223, 27
1337,223,223, 27
1338,223,223, 27
1339,223,223, 27
1340,223,223, 27
1341,223,223, 27
1342,223,223, 27
1343,223,223, 27
1344,223,223, 27
1345,223,223, 27
1346,223,223, 27
1347,223,223, 27
1348,223,223, 27
1349,223,223, 27
1350,223,223, 27
1351,223,223, 27
1352,223,223, 27
1353,223,223, 27
1354,223,223, 27
1355,223,223, 27
1356,223,223, 27
1357,223,223, 27
1358,223,223, 27
1359,223,223, 27
1360,223,223, 27
1361,223,223, 27
1362,223,223, 27
1363,223,223, 27
1364,223,223, 27
1365,223,223, 27
1366,223,223, 27
1367,223,223, 27
1368,223,223, 27
1369,223,223, 27
1370,223,223, 27
1371,223,223, 27
1372,223,223, 27
1373,223,223, 27
1374,223,223, 27
1375,223,223, 27
1376,222,222, 28
1377,222,222, 28
1378,222,222, 28
1379,222,222, 28
1380,222,222, 28
1381,222,222, 28
1382,222,222, 28
1383,222,222, 28
1384,222,222, 28
1385,222,222, 28
1386,222,222, 28
1387,222,222, 28
1388,222,222, 28
1389,222,222, 28
1390,222,222, 28
1391,222,222, 28
1392,222,222, 28
1393,222,222, 28
1394,222,222, 28
1395,222,222, 28
1396,222,222, 28
1397,222,222, 28
1398,222,222, 28
1399,222,222, 28
1400,222,222, 28
1401,222,222, 28
1402,222,222, 28
1403,222,222, 28
1404,222,222, 28
1405,221,221, 29
1406,221,221, 29
1407,221,221, 29
1408,221,221, 29
1409,221,221, 29
1410,221,221, 29
1411,221,221, 29
1412,221,221, 29
1413,221,221, 29
1414,221,221, 29
1415,221,221, 29
1416,221,221, 29
1417,221,221, 29
1418,221,221, 29
1419,221,221, 29
1420,221,221, 29
1421,221,221, 29
1422,221,221, 29
1423,221,221, 29
1424,221,221, 29
1425,221,221, 29
1426,221,221, 29
1427,221,221, 29
1428,221,221, 29
1429,221,221, 29
1430,221,221, 29
1431,221,221, 29
1432,221,221, 29
1433,221,221, 29
1434,221,221, 29
1435,221,221, 29
1436,221,221, 29
1437,221,221, 29
1438,221,221, 29
1439,221,221, 29
1440,221,221, 29
1441,221,221, 29
1442,221,221, 29
1443,221,221, 29
1444,221,221, 29
1445,221,221, 29
1446,221,221, 29
1447,221,221, 29
1448,221,221, 29
1449,221,221, 29
1450,221,221, 29
1451,221,221, 29
1452,221,221, 29
1453,221,221, 29
1454,221,221, 29
1455,221,221, 29
1456,221,221, 29
1457,221,221, 29
1458,221,221, 29
1459,221,221, 29
1460,221,221, 29
1461,221,221, 29
1462,221,221, 29
1463,221,221, 29
1464,221,221, 29
1465,221,221, 29
1466,221,221, 29
1467,221,221, 29
1468,221,221, 29
1469,221,221, 29
1470,221,221, 29
1471,221,221, 29
1472,221,221, 29
1473,221,221, 29
1474,221,221, 29
1475,221,221, 29
1476,221,221, 29
1477,221,221, 29
1478,221,221, 29
1479,221,221, 29
1480,221,221, 29
1481,221,221, 29
1482,221,221, 29
1483,221,221, 29
1484,221,221, 29
1485,221,221, 29
1486,221,221, 29
1487,221,221, 29
1488,221,221, 29
1489,221,221, 29
1490,221,221, 29
1491,221,221, 29
1492,221,221, 29
1493,221,221, 29
1494,221,221, 29
1495,221,221, 29
1496,221,221, 29
1497,221,221, 29
1498,221,221, 29
1499,221,221, 29
