0,249,249, 1
1,248,248, 2
2,248,248, 2
3,248,248, 2
4,248,248, 2
5,248,248, 2
6,248,248, 2
7,248,248, 2
8,248,248, 2
9,248,248, 2
10,248,248, 2
11,248,248, 2
12,248,248, 2
13,248,248, 2
14,247,247, 3
15,247,247, 3
16,247,247, 3
17,247,247, 3
18,247,247, 3
19,247,247, 3
20,247,247, 3
21,247,247, 3
22,247,247, 3
23,247,247, 3
24,247,247, 3
25,247,247, 3
26,247,247, 3
27,247,247, 3
28,247,247, 3
29,247,247, 3
30,247,247, 3
31,247,247, 3
32,247,247, 3
33,247,247, 3
34,247,247, 3
35,247,247, 3
36,247,247, 3
37,247,247, 3
38,246,246, 4
39,246,246, 4
40,246,246, 4
41,246,246, 4
42,246,246, 4
43,246,246, 4
44,246,246, 4
45,246,246, 4
46,246,246, 4
47,246,246, 4
48,245,245, 5
49,245,245, 5
50,245,245, 5
51,245,245, 5
52,245,245, 5
53,245,245, 5
54,245,245, 5
55,245,245, 5
56,245,245, 5
57,245,245, 5
58,245,245, 5
59,245,245, 5
60,245,245, 5
61,245,245, 5
62,245,245, 5
63,245,245, 5
64,245,245, 5
65,245,245, 5
66,245,245, 5
67,245,245, 5
68,245,245, 5
69,245,245, 5
70,245,245, 5
71,245,245, 5
72,245,245, 5
73,245,245, 5
74,245,245, 5
75,245,245, 5
76,245,245, 5
77,245,245, 5
78,245,245, 5
79,245,245, 5
80,245,245, 5
81,245,245, 5
82,245,245, 5
83,245,245, 5
84,245,245, 5
85,245,245, 5
86,245,245, 5
87,245,245, 5
88,245,245, 5
89,245,245, 5
90,245,245, 5
91,244,244, 6
92,244,244, 6
93,244,244, 6
94,244,244, 6
95,244,244, 6
96,244,244, 6
97,244,244, 6
98,244,244, 6
99,244,244, 6
100,244,244, 6
101,244,244, 6
102,244,244, 6
103,243,243, 7
104,243,243, 7
105,243,243, 7
106,242,242, 8
107,241,241, 9
108,241,241, 9
109,241,241, 9
110,241,241, 9
111,241,241, 9
112,241,241, 9
113,241,241, 9
114,241,241, 9
115,241,241, 9
116,241,241, 9
117,241,241, 9
118,241,241, 9
119,241,241, 9
120,241,241, 9
121,241,241, 9
122,241,241, 9
123,241,241, 9
124,241,241, 9
125,241,241, 9
126,241,241, 9
127,241,241, 9
128,241,241, 9
129,241,241, 9
130,241,241, 9
131,241,241, 9
132,241,241, 9
133,241,241, 9
134,241,241, 9
135,241,241, 9
136,241,241, 9
137,241,241, 9
138,241,241, 9
139,241,241, 9
140,241,241, 9
141,241,241, 9
142,241,241, 9
143,241,241, 9
144,241,241, 9
145,241,241, 9
146,241,241, 9
147,241,241, 9
148,241,241, 9
149,241,241, 9
150,241,241, 9
151,241,241, 9
152,241,241, 9
153,241,241, 9
154,241,241, 9
155,241,241, 9
156,240,240, 10
157,240,240, 10
158,240,240, 10
159,240,240, 10
160,240,240, 10
161,240,240, 10
162,240,240, 10
163,240,240, 10
164,240,240, 10
165,240,240, 10
166,240,240, 10
167,240,240, 10
168,240,240, 10
169,240,240, 10
170,240,240, 10
171,240,240, 10
172,240,240, 10
173,240,240, 10
174,240,240, 10
175,239,239, 11
176,239,239, 11
177,239,239, 11
178,239,239, 11
179,239,239, 11
180,239,239, 11
181,239,239, 11
182,239,239, 11
183,239,239, 11
184,239,239, 11
185,239,239, 11
186,239,239, 11
187,239,239, 11
188,239,239, 11
189,239,239, 11
190,239,239, 11
191,239,239, 11
192,239,239, 11
193,239,239, 11
194,239,239, 11
195,239,239, 11
196,239,239, 11
197,239,239, 11
198,239,239, 11
199,239,239, 11
200,239,239, 11
201,239,239, 11
202,239,239, 11
203,239,239, 11
204,239,239, 11
205,239,239, 11
206,239,239, 11
207,239,239, 11
208,239,239, 11
209,239,239, 11
210,239,239, 11
211,238,238, 12
212,238,238, 12
213,238,238, 12
214,238,238, 12
215,238,238, 12
216,238,238, 12
217,238,238, 12
218,238,238, 12
219,238,238, 12
220,238,238, 12
221,238,238, 12
222,238,238, 12
223,238,238, 12
224,238,238, 12
225,238,238, 12
226,238,238, 12
227,238,238, 12
228,238,238, 12
229,238,238, 12
230,238,238, 12
231,237,237, 13
232,237,237, 13
233,237,237, 13
234,237,237, 13
235,237,237, 13
236,237,237, 13
237,237,237, 13
238,237,237, 13
239,237,237, 13
240,237,237, 13
241,237,237, 13
242,237,237, 13
243,237,237, 13
244,237,237, 13
245,237,237, 13
246,237,237, 13
247,237,237, 13
248,237,237, 13
249,237,237, 13
250,237,237, 13
251,237,237, 13
252,237,237, 13
253,237,237, 13
254,237,237, 13
255,237,237, 13
256,237,237, 13
257,237,237, 13
258,237,237, 13
259,237,237, 13
260,237,237, 13
261,237,237, 13
262,237,237, 13
263,237,237, 13
264,237,237, 13
265,237,237, 13
266,237,237, 13
267,237,237, 13
268,237,237, 13
269,237,237, 13
270,237,237, 13
271,237,237, 13
272,237,237, 13
273,237,237, 13
274,237,237, 13
275,237,237, 13
276,237,237, 13
277,237,237, 13
278,237,237, 13
279,237,237, 13
280,237,237, 13
281,237,237, 13
282,237,237, 13
283,237,237, 13
284,237,237, 13
285,237,237, 13
286,237,237, 13
287,237,237, 13
288,237,237, 13
289,237,237, 13
290,237,237, 13
291,237,237, 13
292,237,237, 13
293,237,237, 13
294,237,237, 13
295,237,237, 13
296,237,237, 13
297,237,237, 13
298,237,237, 13
299,237,237, 13
300,237,237, 13
301,237,237, 13
302,237,237, 13
303,237,237, 13
304,237,237, 13
305,237,237, 13
306,237,237, 13
307,237,237, 13
308,237,237, 13
309,237,237, 13
310,237,237, 13
311,237,237, 13
312,237,237, 13
313,237,237, 13
314,237,237, 13
315,237,237, 13
316,237,237, 13
317,237,237, 13
318,237,237, 13
319,237,237, 13
320,237,237, 13
321,237,237, 13
322,237,237, 13
323,237,237, 13
324,237,237, 13
325,237,237, 13
326,237,237, 13
327,237,237, 13
328,236,236, 14
329,236,236, 14
330,236,236, 14
331,236,236, 14
332,236,236, 14
333,236,236, 14
334,236,236, 14
335,236,236, 14
336,236,236, 14
337,236,236, 14
338,236,236, 14
339,236,236, 14
340,236,236, 14
341,236,236, 14
342,236,236, 14
343,236,236, 14
344,236,236, 14
345,236,236, 14
346,236,236, 14
347,236,236, 14
348,236,236, 14
349,236,236, 14
350,236,236, 14
351,236,236, 14
352,236,236, 14
353,236,236, 14
354,236,236, 14
355,236,236, 14
356,235,235, 15
357,235,235, 15
358,235,235, 15
359,235,235, 15
360,235,235, 15
361,235,235, 15
362,235,235, 15
363,235,235, 15
364,235,235, 15
365,235,235, 15
366,235,235, 15
367,235,235, 15
368,235,235, 15
369,235,235, 15
370,234,234, 16
371,234,234, 16
372,234,234, 16
373,234,234, 16
374,234,234, 16
375,234,234, 16
376,234,234, 16
377,234,234, 16
378,234,234, 16
379,234,234, 16
380,234,234, 16
381,234,234, 16
382,234,234, 16
383,234,234, 16
384,234,234, 16
385,234,234, 16
386,234,234, 16
387,234,234, 16
388,234,234, 16
389,234,234, 16
390,234,234, 16
391,234,234, 16
392,234,234, 16
393,234,234, 16
394,234,234, 16
395,234,234, 16
396,234,234, 16
397,234,234, 16
398,234,234, 16
399,234,234, 16
400,234,234, 16
401,234,234, 16
402,234,234, 16
403,234,234, 16
404,234,234, 16
405,234,234, 16
406,234,234, 16
407,234,234, 16
408,234,234, 16
409,234,234, 16
410,234,234, 16
411,234,234, 16
412,234,234, 16
413,234,234, 16
414,234,234, 16
415,234,234, 16
416,234,234, 16
417,234,234, 16
418,234,234, 16
419,234,234, 16
420,234,234, 16
421,234,234, 16
422,234,234, 16
423,234,234, 16
424,234,234, 16
425,234,234, 16
426,234,234, 16
427,234,234, 16
428,234,234, 16
429,234,234, 16
430,234,234, 16
431,234,234, 16
432,234,234, 16
433,234,234, 16
434,234,234, 16
435,234,234, 16
436,234,234, 16
437,234,234, 16
438,234,234, 16
439,234,234, 16
440,234,234, 16
441,234,234, 16
442,234,234, 16
443,234,234, 16
444,234,234, 16
445,234,234, 16
446,234,234, 16
447,234,234, 16
448,234,234, 16
449,234,234, 16
450,234,234, 16
451,234,234, 16
452,234,234, 16
453,234,234, 16
454,234,234, 16
455,234,234, 16
456,234,234, 16
457,234,234, 16
458,234,234, 16
459,234,234, 16
460,234,234, 16
461,234,234, 16
462,234,234, 16
463,234,234, 16
464,234,234, 16
465,234,234, 16
466,234,234, 16
467,234,234, 16
468,234,234, 16
469,234,234, 16
470,234,234, 16
471,234,234, 16
472,234,234, 16
473,234,234, 16
474,234,234, 16
475,234,234, 16
476,234,234, 16
477,234,234, 16
478,234,234, 16
479,234,234, 16
480,234,234, 16
481,234,234, 16
482,234,234, 16
483,233,233, 17
484,233,233, 17
485,233,233, 17
486,233,233, 17
487,233,233, 17
488,233,233, 17
489,233,233, 17
490,233,233, 17
491,233,233, 17
492,233,233, 17
493,233,233, 17
494,233,233, 17
495,233,233, 17
496,233,233, 17
497,233,233, 17
498,233,233, 17
499,233,233, 17
500,233,233, 17
501,233,233, 17
502,233,233, 17
503,233,233, 17
504,233,233, 17
505,233,233, 17
506,233,233, 17
507,233,233, 17
508,233,233, 17
509,233,233, 17
510,233,233, 17
511,233,233, 17
512,233,233, 17
513,233,233, 17
514,233,233, 17
515,233,233, 17
516,233,233, 17
517,233,233, 17
518,233,233, 17
519,233,233, 17
520,233,233, 17
521,233,233, 17
522,233,233, 17
523,233,233, 17
524,233,233, 17
525,233,233, 17
526,233,233, 17
527,233,233, 17
528,233,233, 17
529,233,233, 17
530,233,233, 17
531,233,233, 17
532,233,233, 17
533,233,233, 17
534,233,233, 17
535,233,233, 17
536,233,233, 17
537,233,233, 17
538,233,233, 17
539,233,233, 17
540,233,233, 17
541,233,233, 17
542,233,233, 17
543,233,233, 17
544,233,233, 17
545,233,233, 17
546,233,233, 17
547,233,233, 17
548,233,233, 17
549,233,233, 17
550,233,233, 17
551,233,233, 17
552,233,233, 17
553,233,233, 17
554,233,233, 17
555,233,233, 17
556,233,233, 17
557,233,233, 17
558,233,233, 17
559,233,233, 17
560,233,233, 17
561,233,233, 17
562,233,233, 17
563,233,233, 17
564,233,233, 17
565,233,233, 17
566,233,233, 17
567,233,233, 17
568,233,233, 17
569,233,233, 17
570,233,233, 17
571,233,233, 17
572,233,233, 17
573,233,233, 17
574,233,233, 17
575,233,233, 17
576,233,233, 17
577,233,233, 17
578,233,233, 17
579,233,233, 17
580,233,233, 17
581,233,233, 17
582,233,233, 17
583,233,233, 17
584,233,233, 17
585,233,233, 17
586,233,233, 17
587,233,233, 17
588,233,233, 17
589,233,233, 17
590,233,233, 17
591,233,233, 17
592,233,233, 17
593,233,233, 17
594,233,233, 17
595,233,233, 17
596,233,233, 17
597,232,232, 18
598,232,232, 18
599,232,232, 18
600,232,232, 18
601,232,232, 18
602,232,232, 18
603,232,232, 18
604,232,232, 18
605,232,232, 18
606,232,232, 18
607,232,232, 18
608,232,232, 18
609,232,232, 18
610,232,232, 18
611,232,232, 18
612,232,232, 18
613,232,232, 18
614,232,232, 18
615,232,232, 18
616,232,232, 18
617,232,232, 18
618,232,232, 18
619,232,232, 18
620,232,232, 18
621,232,232, 18
622,232,232, 18
623,232,232, 18
624,232,232, 18
625,232,232, 18
626,232,232, 18
627,232,232, 18
628,232,232, 18
629,232,232, 18
630,232,232, 18
631,232,232, 18
632,232,232, 18
633,232,232, 18
634,232,232, 18
635,232,232, 18
636,232,232, 18
637,232,232, 18
638,232,232, 18
639,232,232, 18
640,232,232, 18
641,232,232, 18
642,232,232, 18
643,232,232, 18
644,232,232, 18
645,232,232, 18
646,232,232, 18
647,232,232, 18
648,232,232, 18
649,232,232, 18
650,232,232, 18
651,232,232, 18
652,232,232, 18
653,232,232, 18
654,232,232, 18
655,232,232, 18
656,232,232, 18
657,232,232, 18
658,232,232, 18
659,232,232, 18
660,232,232, 18
661,232,232, 18
662,232,232, 18
663,232,232, 18
664,232,232, 18
665,231,231, 19
666,231,231, 19
667,231,231, 19
668,231,231, 19
669,231,231, 19
670,231,231, 19
671,231,231, 19
672,231,231, 19
673,231,231, 19
674,231,231, 19
675,231,231, 19
676,231,231, 19
677,231,231, 19
678,231,231, 19
679,231,231, 19
680,231,231, 19
681,231,231, 19
682,231,231, 19
683,231,231, 19
684,231,231, 19
685,231,231, 19
686,231,231, 19
687,231,231, 19
688,231,231, 19
689,231,231, 19
690,231,231, 19
691,231,231, 19
692,231,231, 19
693,231,231, 19
694,231,231, 19
695,231,231, 19
696,231,231, 19
697,231,231, 19
698,231,231, 19
699,231,231, 19
700,231,231, 19
701,231,231, 19
702,231,231, 19
703,231,231, 19
704,231,231, 19
705,231,231, 19
706,231,231, 19
707,231,231, 19
708,231,231, 19
709,231,231, 19
710,231,231, 19
711,231,231, 19
712,231,231, 19
713,231,231, 19
714,231,231, 19
715,231,231, 19
716,231,231, 19
717,231,231, 19
718,231,231, 19
719,231,231, 19
720,231,231, 19
721,231,231, 19
722,231,231, 19
723,231,231, 19
724,231,231, 19
725,231,231, 19
726,231,231, 19
727,231,231, 19
728,231,231, 19
729,231,231, 19
730,231,231, 19
731,231,231, 19
732,231,231, 19
733,231,231, 19
734,231,231, 19
735,231,231, 19
736,231,231, 19
737,231,231, 19
738,231,231, 19
739,231,231, 19
740,231,231, 19
741,231,231, 19
742,231,231, 19
743,231,231, 19
744,231,231, 19
745,231,231, 19
746,231,231, 19
747,231,231, 19
748,231,231, 19
749,231,231, 19
750,231,231, 19
751,231,231, 19
752,231,231, 19
753,231,231, 19
754,231,231, 19
755,231,231, 19
756,231,231, 19
757,231,231, 19
758,231,231, 19
759,231,231, 19
760,231,231, 19
761,231,231, 19
762,231,231, 19
763,231,231, 19
764,231,231, 19
765,231,231, 19
766,231,231, 19
767,231,231, 19
768,231,231, 19
769,231,231, 19
770,231,231, 19
771,231,231, 19
772,231,231, 19
773,231,231, 19
774,231,231, 19
775,231,231, 19
776,231,231, 19
777,231,231, 19
778,231,231, 19
779,231,231, 19
780,231,231, 19
781,231,231, 19
782,231,231, 19
783,231,231, 19
784,231,231, 19
785,231,231, 19
786,231,231, 19
787,231,231, 19
788,231,231, 19
789,231,231, 19
790,231,231, 19
791,231,231, 19
792,231,231, 19
793,231,231, 19
794,231,231, 19
795,231,231, 19
796,231,231, 19
797,231,231, 19
798,231,231, 19
799,231,231, 19
800,231,231, 19
801,231,231, 19
802,231,231, 19
803,231,231, 19
804,231,231, 19
805,231,231, 19
806,231,231, 19
807,231,231, 19
808,231,231, 19
809,231,231, 19
810,231,231, 19
811,231,231, 19
812,231,231, 19
813,231,231, 19
814,231,231, 19
815,231,231, 19
816,231,231, 19
817,231,231, 19
818,231,231, 19
819,231,231, 19
820,231,231, 19
821,231,231, 19
822,231,231, 19
823,231,231, 19
824,231,231, 19
825,231,231, 19
826,231,231, 19
827,231,231, 19
828,231,231, 19
829,231,231, 19
830,231,231, 19
831,231,231, 19
832,231,231, 19
833,231,231, 19
834,231,231, 19
835,231,231, 19
836,231,231, 19
837,231,231, 19
838,231,231, 19
839,231,231, 19
840,231,231, 19
841,231,231, 19
842,231,231, 19
843,230,230, 20
844,230,230, 20
845,230,230, 20
846,230,230, 20
847,230,230, 20
848,230,230, 20
849,230,230, 20
850,230,230, 20
851,230,230, 20
852,230,230, 20
853,230,230, 20
854,230,230, 20
855,230,230, 20
856,230,230, 20
857,230,230, 20
858,230,230, 20
859,230,230, 20
860,230,230, 20
861,230,230, 20
862,230,230, 20
863,230,230, 20
864,230,230, 20
865,230,230, 20
866,230,230, 20
867,230,230, 20
868,230,230, 20
869,230,230, 20
870,230,230, 20
871,230,230, 20
872,230,230, 20
873,230,230, 20
874,230,230, 20
875,230,230, 20
876,230,230, 20
877,230,230, 20
878,230,230, 20
879,230,230, 20
880,230,230, 20
881,230,230, 20
882,230,230, 20
883,230,230, 20
884,230,230, 20
885,230,230, 20
886,230,230, 20
887,230,230, 20
888,230,230, 20
889,230,230, 20
890,230,230, 20
891,230,230, 20
892,230,230, 20
893,230,230, 20
894,230,230, 20
895,230,230, 20
896,230,230, 20
897,230,230, 20
898,230,230, 20
899,230,230, 20
900,230,230, 20
901,230,230, 20
902,230,230, 20
903,230,230, 20
904,230,230, 20
905,230,230, 20
906,229,229, 21
907,229,229, 21
908,229,229, 21
909,229,229, 21
910,229,229, 21
911,229,229, 21
912,229,229, 21
913,229,229, 21
914,229,229, 21
915,229,229, 21
916,229,229, 21
917,229,229, 21
918,229,229, 21
919,229,229, 21
920,229,229, 21
921,229,229, 21
922,229,229, 21
923,229,229, 21
924,229,229, 21
925,229,229, 21
926,229,229, 21
927,229,229, 21
928,229,229, 21
929,229,229, 21
930,229,229, 21
931,229,229, 21
932,229,229, 21
933,229,229, 21
934,229,229, 21
935,229,229, 21
936,229,229, 21
937,229,229, 21
938,229,229, 21
939,229,229, 21
940,229,229, 21
941,229,229, 21
942,229,229, 21
943,229,229, 21
944,229,229, 21
945,229,229, 21
946,229,229, 21
947,229,229, 21
948,229,229, 21
949,229,229, 21
950,229,229, 21
951,229,229, 21
952,229,229, 21
953,229,229, 21
954,229,229, 21
955,229,229, 21
956,229,229, 21
957,229,229, 21
958,229,229, 21
959,229,229, 21
960,229,229, 21
961,229,229, 21
962,229,229, 21
963,229,229, 21
964,229,229, 21
965,229,229, 21
966,229,229, 21
967,229,229, 21
968,229,229, 21
969,229,229, 21
970,229,229, 21
971,229,229, 21
972,229,229, 21
973,229,229, 21
974,229,229, 21
975,229,229, 21
976,229,229, 21
977,229,229, 21
978,229,229, 21
979,229,229, 21
980,229,229, 21
981,229,229, 21
982,229,229, 21
983,229,229, 21
984,229,229, 21
985,229,229, 21
986,229,229, 21
987,229,229, 21
988,229,229, 21
989,229,229, 21
990,229,229, 21
991,229,229, 21
992,229,229, 21
993,229,229, 21
994,229,229, 21
995,229,229, 21
996,229,229, 21
997,229,229, 21
998,229,229, 21
999,229,229, 21
1000,229,229, 21
1001,229,229, 21
1002,229,229, 21
1003,229,229, 21
1004,229,229, 21
1005,229,229, 21
1006,229,229, 21
1007,229,229, 21
1008,229,229, 21
1009,229,229, 21
1010,229,229, 21
1011,229,229, 21
1012,229,229, 21
1013,229,229, 21
1014,229,229, 21
1015,229,229, 21
1016,229,229, 21
1017,229,229, 21
1018,229,229, 21
1019,229,229, 21
1020,229,229, 21
1021,229,229, 21
1022,229,229, 21
1023,229,229, 21
1024,229,229, 21
1025,229,229, 21
1026,229,229, 21
1027,229,229, 21
1028,229,229, 21
1029,229,229, 21
1030,229,229, 21
1031,229,229, 21
1032,229,229, 21
1033,229,229, 21
1034,229,229, 21
1035,229,229, 21
1036,229,229, 21
1037,229,229, 21
1038,229,229, 21
1039,229,229, 21
1040,229,229, 21
1041,229,229, 21
1042,229,229, 21
1043,229,229, 21
1044,229,229, 21
1045,229,229, 21
1046,229,229, 21
1047,229,229, 21
1048,229,229, 21
1049,229,229, 21
1050,229,229, 21
1051,229,229, 21
1052,229,229, 21
1053,229,229, 21
1054,229,229, 21
1055,229,229, 21
1056,229,229, 21
1057,229,229, 21
1058,229,229, 21
1059,229,229, 21
1060,229,229, 21
1061,229,229, 21
1062,229,229, 21
1063,229,229, 21
1064,229,229, 21
1065,229,229, 21
1066,229,229, 21
1067,229,229, 21
1068,229,229, 21
1069,229,229, 21
1070,229,229, 21
1071,229,229, 21
1072,229,229, 21
1073,229,229, 21
1074,229,229, 21
1075,229,229, 21
1076,229,229, 21
1077,229,229, 21
1078,229,229, 21
1079,229,229, 21
1080,229,229, 21
1081,229,229, 21
1082,229,229, 21
1083,229,229, 21
1084,229,229, 21
1085,229,229, 21
1086,229,229, 21
1087,229,229, 21
1088,229,229, 21
1089,229,229, 21
1090,229,229, 21
1091,229,229, 21
1092,229,229, 21
1093,229,229, 21
1094,229,229, 21
1095,229,229, 21
1096,229,229, 21
1097,229,229, 21
1098,229,229, 21
1099,229,229, 21
1100,229,229, 21
1101,229,229, 21
1102,229,229, 21
1103,229,229, 21
1104,229,229, 21
1105,229,229, 21
1106,229,229, 21
1107,229,229, 21
1108,229,229, 21
1109,229,229, 21
1110,229,229, 21
1111,229,229, 21
1112,229,229, 21
1113,229,229, 21
1114,229,229, 21
1115,229,229, 21
1116,229,229, 21
1117,229,229, 21
1118,229,229, 21
1119,229,229, 21
1120,229,229, 21
1121,229,229, 21
1122,229,229, 21
1123,229,229, 21
1124,229,229, 21
1125,229,229, 21
1126,229,229, 21
1127,229,229, 21
1128,229,229, 21
1129,229,229, 21
1130,229,229, 21
1131,229,229, 21
1132,229,229, 21
1133,229,229, 21
1134,229,229, 21
1135,229,229, 21
1136,229,229, 21
1137,229,229, 21
1138,229,229, 21
1139,229,229, 21
1140,229,229, 21
1141,229,229, 21
1142,229,229, 21
1143,229,229, 21
1144,229,229, 21
1145,229,229, 21
1146,229,229, 21
1147,229,229, 21
1148,229,229, 21
1149,229,229, 21
1150,229,229, 21
1151,229,229, 21
1152,229,229, 21
1153,229,229, 21
1154,229,229, 21
1155,229,229, 21
1156,229,229, 21
1157,229,229, 21
1158,229,229, 21
1159,229,229, 21
1160,229,229, 21
1161,229,229, 21
1162,229,229, 21
1163,229,229, 21
1164,229,229, 21
1165,229,229, 21
1166,229,229, 21
1167,229,229, 21
1168,229,229, 21
1169,229,229, 21
1170,229,229, 21
1171,229,229, 21
1172,229,229, 21
1173,229,229, 21
1174,229,229, 21
1175,229,229, 21
1176,229,229, 21
1177,229,229, 21
1178,229,229, 21
1179,229,229, 21
1180,229,229, 21
1181,229,229, 21
1182,229,229, 21
1183,229,229, 21
1184,229,229, 21
1185,229,229, 21
1186,229,229, 21
1187,229,229, 21
1188,229,229, 21
1189,229,229, 21
1190,229,229, 21
1191,229,229, 21
1192,229,229, 21
1193,229,229, 21
1194,229,229, 21
1195,229,229, 21
1196,229,229, 21
1197,229,229, 21
1198,229,229, 21
1199,229,229, 21
1200,229,229, 21
1201,229,229, 21
1202,229,229, 21
1203,229,229, 21
1204,229,229, 21
1205,229,229, 21
1206,229,229, 21
1207,229,229, 21
1208,229,229, 21
1209,229,229, 21
1210,229,229, 21
1211,229,229, 21
1212,229,229, 21
1213,229,229, 21
1214,229,229, 21
1215,229,229, 21
1216,229,229, 21
1217,229,229, 21
1218,229,229, 21
1219,229,229, 21
1220,229,229, 21
1221,229,229, 21
1222,229,229, 21
1223,229,229, 21
1224,229,229, 21
1225,229,229, 21
1226,229,229, 21
1227,229,229, 21
1228,229,229, 21
1229,229,229, 21
1230,229,229, 21
1231,229,229, 21
1232,229,229, 21
1233,229,229, 21
1234,229,229, 21
1235,229,229, 21
1236,229,229, 21
1237,229,229, 21
1238,229,229, 21
1239,229,229, 21
1240,229,229, 21
1241,229,229, 21
1242,229,229, 21
1243,229,229, 21
1244,229,229, 21
1245,229,229, 21
1246,229,229, 21
1247,229,229, 21
1248,229,229, 21
1249,229,229, 21
1250,229,229, 21
1251,229,229, 21
1252,229,229, 21
1253,229,229, 21
1254,229,229, 21
1255,229,229, 21
1256,229,229, 21
1257,229,229, 21
1258,229,229, 21
1259,229,229, 21
1260,229,229, 21
1261,229,229, 21
1262,229,229, 21
1263,229,229, 21
1264,229,229, 21
1265,229,229, 21
1266,229,229, 21
1267,229,229, 21
1268,229,229, 21
1269,229,229, 21
1270,229,229, 21
1271,229,229, 21
1272,229,229, 21
1273,229,229, 21
1274,229,229, 21
1275,229,229, 21
1276,229,229, 21
1277,229,229, 21
1278,229,229, 21
1279,229,229, 21
1280,229,229, 21
1281,229,229, 21
1282,229,229, 21
1283,229,229, 21
1284,229,229, 21
1285,229,229, 21
1286,229,229, 21
1287,229,229, 21
1288,229,229, 21
1289,229,229, 21
1290,229,229, 21
1291,229,229, 21
1292,229,229, 21
1293,229,229, 21
1294,229,229, 21
1295,229,229, 21
1296,229,229, 21
1297,229,229, 21
1298,229,229, 21
1299,229,229, 21
1300,229,229, 21
1301,229,229, 21
1302,229,229, 21
1303,229,229, 21
1304,229,229, 21
1305,229,229, 21
1306,229,229, 21
1307,229,229, 21
1308,229,229, 21
1309,229,229, 21
1310,229,229, 21
1311,229,229, 21
1312,229,229, 21
1313,229,229, 21
1314,229,229, 21
1315,229,229, 21
1316,229,229, 21
1317,229,229, 21
1318,229,229, 21
1319,229,229, 21
1320,229,229, 21
1321,229,229, 21
1322,229,229, 21
1323,229,229, 21
1324,229,229, 21
1325,229,229, 21
1326,229,229, 21
1327,229,229, 21
1328,229,229, 21
1329,229,229, 21
1330,229,229, 21
1331,229,229, 21
1332,229,229, 21
1333,229,229, 21
1334,229,229, 21
1335,229,229, 21
1336,229,229, 21
1337,229,229, 21
1338,229,229, 21
1339,229,229, 21
1340,229,229, 21
1341,229,229, 21
1342,229,229, 21
1343,229,229, 21
1344,229,229, 21
1345,229,229, 21
1346,229,229, 21
1347,229,229, 21
1348,229,229, 21
1349,229,229, 21
1350,229,229, 21
1351,229,229, 21
1352,229,229, 21
1353,229,229, 21
1354,229,229, 21
1355,229,229, 21
1356,229,229, 21
1357,229,229, 21
1358,229,229, 21
1359,229,229, 21
1360,229,229, 21
1361,229,229, 21
1362,229,229, 21
1363,229,229, 21
1364,229,229, 21
1365,229,229, 21
1366,229,229, 21
1367,229,229, 21
1368,229,229, 21
1369,229,229, 21
1370,229,229, 21
1371,229,229, 21
1372,229,229, 21
1373,229,229, 21
1374,229,229, 21
1375,229,229, 21
1376,229,229, 21
1377,229,229, 21
1378,229,229, 21
1379,229,229, 21
1380,229,229, 21
1381,229,229, 21
1382,229,229, 21
1383,229,229, 21
1384,229,229, 21
1385,229,229, 21
1386,229,229, 21
1387,229,229, 21
1388,229,229, 21
1389,229,229, 21
1390,229,229, 21
1391,229,229, 21
1392,229,229, 21
1393,229,229, 21
1394,229,229, 21
1395,229,229, 21
1396,229,229, 21
1397,229,229, 21
1398,229,229, 21
1399,229,229, 21
1400,229,229, 21
1401,229,229, 21
1402,229,229, 21
1403,229,229, 21
1404,229,229, 21
1405,229,229, 21
1406,229,229, 21
1407,229,229, 21
1408,229,229, 21
1409,229,229, 21
1410,229,229, 21
1411,229,229, 21
1412,229,229, 21
1413,229,229, 21
1414,229,229, 21
1415,229,229, 21
1416,229,229, 21
1417,229,229, 21
1418,229,229, 21
1419,229,229, 21
1420,229,229, 21
1421,229,229, 21
1422,229,229, 21
1423,229,229, 21
1424,229,229, 21
1425,229,229, 21
1426,229,229, 21
1427,229,229, 21
1428,229,229, 21
1429,229,229, 21
1430,229,229, 21
1431,229,229, 21
1432,229,229, 21
1433,229,229, 21
1434,229,229, 21
1435,229,229, 21
1436,229,229, 21
1437,229,229, 21
1438,229,229, 21
1439,229,229, 21
1440,229,229, 21
1441,229,229, 21
1442,229,229, 21
1443,229,229, 21
1444,229,229, 21
1445,229,229, 21
1446,229,229, 21
1447,229,229, 21
1448,229,229, 21
1449,229,229, 21
1450,229,229, 21
1451,229,229, 21
1452,229,229, 21
1453,229,229, 21
1454,229,229, 21
1455,229,229, 21
1456,229,229, 21
1457,229,229, 21
1458,229,229, 21
1459,229,229, 21
1460,229,229, 21
1461,229,229, 21
1462,229,229, 21
1463,229,229, 21
1464,229,229, 21
1465,229,229, 21
1466,229,229, 21
1467,229,229, 21
1468,229,229, 21
1469,229,229, 21
1470,229,229, 21
1471,229,229, 21
1472,229,229, 21
1473,229,229, 21
1474,229,229, 21
1475,229,229, 21
1476,229,229, 21
1477,229,229, 21
1478,229,229, 21
1479,229,229, 21
1480,229,229, 21
1481,229,229, 21
1482,229,229, 21
1483,229,229, 21
1484,229,229, 21
1485,229,229, 21
1486,229,229, 21
1487,229,229, 21
1488,229,229, 21
1489,229,229, 21
1490,229,229, 21
1491,229,229, 21
1492,229,229, 21
1493,229,229, 21
1494,229,229, 21
1495,229,229, 21
1496,229,229, 21
1497,229,229, 21
1498,229,229, 21
1499,229,229, 21
