0,250,250, 0
1,250,250, 0
2,250,250, 0
3,250,250, 0
4,250,250, 0
5,250,250, 0
6,250,250, 0
7,250,250, 0
8,250,250, 0
9,250,250, 0
10,250,250, 0
11,250,250, 0
12,250,250, 0
13,249,249, 1
14,249,249, 1
15,249,249, 1
16,248,248, 2
17,248,248, 2
18,248,248, 2
19,248,248, 2
20,248,248, 2
21,248,248, 2
22,248,248, 2
23,248,248, 2
24,248,248, 2
25,246,246, 4
26,246,246, 4
27,246,246, 4
28,246,246, 4
29,246,246, 4
30,246,246, 4
31,246,246, 4
32,246,246, 4
33,246,246, 4
34,246,246, 4
35,246,246, 4
36,246,246, 4
37,246,246, 4
38,246,246, 4
39,246,246, 4
40,246,246, 4
41,246,246, 4
42,246,246, 4
43,246,246, 4
44,246,246, 4
45,246,246, 4
46,246,246, 4
47,246,246, 4
48,246,246, 4
49,246,246, 4
50,246,246, 4
51,246,246, 4
52,246,246, 4
53,246,246, 4
54,246,246, 4
55,246,246, 4
56,245,245, 5
57,245,245, 5
58,245,245, 5
59,245,245, 5
60,245,245, 5
61,245,245, 5
62,245,245, 5
63,245,245, 5
64,245,245, 5
65,245,245, 5
66,245,245, 5
67,245,245, 5
68,245,245, 5
69,245,245, 5
70,245,245, 5
71,245,245, 5
72,245,245, 5
73,245,245, 5
74,245,245, 5
75,245,245, 5
76,245,245, 5
77,245,245, 5
78,245,245, 5
79,245,245, 5
80,245,245, 5
81,245,245, 5
82,245,245, 5
83,245,245, 5
84,245,245, 5
85,245,245, 5
86,245,245, 5
87,244,244, 6
88,243,243, 7
89,243,243, 7
90,243,243, 7
91,243,243, 7
92,243,243, 7
93,243,243, 7
94,243,243, 7
95,243,243, 7
96,243,243, 7
97,243,243, 7
98,243,243, 7
99,243,243, 7
100,243,243, 7
101,243,243, 7
102,243,243, 7
103,243,243, 7
104,243,243, 7
105,243,243, 7
106,243,243, 7
107,243,243, 7
108,242,242, 8
109,242,242, 8
110,242,242, 8
111,242,242, 8
112,242,242, 8
113,242,242, 8
114,242,242, 8
115,242,242, 8
116,242,242, 8
117,242,242, 8
118,241,241, 9
119,241,241, 9
120,241,241, 9
121,241,241, 9
122,241,241, 9
123,241,241, 9
124,241,241, 9
125,241,241, 9
126,241,241, 9
127,241,241, 9
128,241,241, 9
129,241,241, 9
130,241,241, 9
131,241,241, 9
132,241,241, 9
133,241,241, 9
134,241,241, 9
135,241,241, 9
136,241,241, 9
137,241,241, 9
138,241,241, 9
139,241,241, 9
140,241,241, 9
141,241,241, 9
142,241,241, 9
143,241,241, 9
144,241,241, 9
145,241,241, 9
146,241,241, 9
147,241,241, 9
148,241,241, 9
149,241,241, 9
150,241,241, 9
151,241,241, 9
152,241,241, 9
153,241,241, 9
154,241,241, 9
155,241,241, 9
156,241,241, 9
157,241,241, 9
158,241,241, 9
159,241,241, 9
160,241,241, 9
161,241,241, 9
162,241,241, 9
163,241,241, 9
164,241,241, 9
165,241,241, 9
166,241,241, 9
167,241,241, 9
168,241,241, 9
169,241,241, 9
170,241,241, 9
171,241,241, 9
172,241,241, 9
173,241,241, 9
174,241,241, 9
175,241,241, 9
176,241,241, 9
177,241,241, 9
178,241,241, 9
179,241,241, 9
180,241,241, 9
181,241,241, 9
182,241,241, 9
183,241,241, 9
184,241,241, 9
185,241,241, 9
186,241,241, 9
187,241,241, 9
188,241,241, 9
189,241,241, 9
190,241,241, 9
191,241,241, 9
192,241,241, 9
193,241,241, 9
194,241,241, 9
195,241,241, 9
196,241,241, 9
197,241,241, 9
198,241,241, 9
199,241,241, 9
200,241,241, 9
201,241,241, 9
202,241,241, 9
203,241,241, 9
204,241,241, 9
205,241,241, 9
206,241,241, 9
207,241,241, 9
208,241,241, 9
209,240,240, 10
210,240,240, 10
211,240,240, 10
212,240,240, 10
213,240,240, 10
214,240,240, 10
215,240,240, 10
216,240,240, 10
217,240,240, 10
218,240,240, 10
219,240,240, 10
220,240,240, 10
221,239,239, 11
222,239,239, 11
223,239,239, 11
224,239,239, 11
225,239,239, 11
226,239,239, 11
227,239,239, 11
228,239,239, 11
229,239,239, 11
230,239,239, 11
231,239,239, 11
232,238,238, 12
233,238,238, 12
234,238,238, 12
235,238,238, 12
236,238,238, 12
237,238,238, 12
238,238,238, 12
239,238,238, 12
240,238,238, 12
241,238,238, 12
242,238,238, 12
243,238,238, 12
244,238,238, 12
245,238,238, 12
246,238,238, 12
247,238,238, 12
248,238,238, 12
249,238,238, 12
250,238,238, 12
251,238,238, 12
252,238,238, 12
253,238,238, 12
254,238,238, 12
255,238,238, 12
256,238,238, 12
257,238,238, 12
258,238,238, 12
259,238,238, 12
260,238,238, 12
261,238,238, 12
262,238,238, 12
263,238,238, 12
264,238,238, 12
265,238,238, 12
266,238,238, 12
267,237,237, 13
268,237,237, 13
269,237,237, 13
270,237,237, 13
271,237,237, 13
272,237,237, 13
273,237,237, 13
274,237,237, 13
275,237,237, 13
276,237,237, 13
277,237,237, 13
278,237,237, 13
279,237,237, 13
280,237,237, 13
281,237,237, 13
282,237,237, 13
283,237,237, 13
284,237,237, 13
285,237,237, 13
286,237,237, 13
287,237,237, 13
288,237,237, 13
289,237,237, 13
290,237,237, 13
291,237,237, 13
292,237,237, 13
293,237,237, 13
294,237,237, 13
295,237,237, 13
296,237,237, 13
297,237,237, 13
298,237,237, 13
299,237,237, 13
300,237,237, 13
301,237,237, 13
302,237,237, 13
303,237,237, 13
304,237,237, 13
305,237,237, 13
306,237,237, 13
307,237,237, 13
308,237,237, 13
309,237,237, 13
310,237,237, 13
311,237,237, 13
312,237,237, 13
313,237,237, 13
314,237,237, 13
315,237,237, 13
316,237,237, 13
317,237,237, 13
318,237,237, 13
319,237,237, 13
320,237,237, 13
321,237,237, 13
322,237,237, 13
323,237,237, 13
324,237,237, 13
325,237,237, 13
326,237,237, 13
327,237,237, 13
328,237,237, 13
329,237,237, 13
330,237,237, 13
331,237,237, 13
332,237,237, 13
333,237,237, 13
334,237,237, 13
335,237,237, 13
336,237,237, 13
337,237,237, 13
338,237,237, 13
339,237,237, 13
340,237,237, 13
341,237,237, 13
342,237,237, 13
343,237,237, 13
344,237,237, 13
345,237,237, 13
346,237,237, 13
347,237,237, 13
348,237,237, 13
349,237,237, 13
350,237,237, 13
351,237,237, 13
352,237,237, 13
353,237,237, 13
354,237,237, 13
355,237,237, 13
356,237,237, 13
357,237,237, 13
358,237,237, 13
359,237,237, 13
360,237,237, 13
361,237,237, 13
362,237,237, 13
363,237,237, 13
364,237,237, 13
365,236,236, 14
366,236,236, 14
367,236,236, 14
368,236,236, 14
369,236,236, 14
370,236,236, 14
371,236,236, 14
372,236,236, 14
373,236,236, 14
374,236,236, 14
375,236,236, 14
376,236,236, 14
377,236,236, 14
378,236,236, 14
379,236,236, 14
380,236,236, 14
381,236,236, 14
382,236,236, 14
383,236,236, 14
384,236,236, 14
385,236,236, 14
386,236,236, 14
387,236,236, 14
388,236,236, 14
389,236,236, 14
390,236,236, 14
391,236,236, 14
392,236,236, 14
393,235,235, 15
394,235,235, 15
395,235,235, 15
396,235,235, 15
397,235,235, 15
398,235,235, 15
399,235,235, 15
400,235,235, 15
401,235,235, 15
402,235,235, 15
403,235,235, 15
404,235,235, 15
405,235,235, 15
406,235,235, 15
407,235,235, 15
408,235,235, 15
409,235,235, 15
410,235,235, 15
411,235,235, 15
412,235,235, 15
413,235,235, 15
414,235,235, 15
415,235,235, 15
416,235,235, 15
417,235,235, 15
418,235,235, 15
419,235,235, 15
420,235,235, 15
421,235,235, 15
422,235,235, 15
423,235,235, 15
424,235,235, 15
425,235,235, 15
426,235,235, 15
427,235,235, 15
428,235,235, 15
429,235,235, 15
430,235,235, 15
431,235,235, 15
432,235,235, 15
433,235,235, 15
434,235,235, 15
435,235,235, 15
436,235,235, 15
437,235,235, 15
438,235,235, 15
439,235,235, 15
440,235,235, 15
441,235,235, 15
442,235,235, 15
443,235,235, 15
444,235,235, 15
445,235,235, 15
446,235,235, 15
447,235,235, 15
448,235,235, 15
449,235,235, 15
450,235,235, 15
451,234,234, 16
452,234,234, 16
453,234,234, 16
454,234,234, 16
455,234,234, 16
456,234,234, 16
457,234,234, 16
458,234,234, 16
459,234,234, 16
460,234,234, 16
461,234,234, 16
462,234,234, 16
463,234,234, 16
464,234,234, 16
465,234,234, 16
466,234,234, 16
467,234,234, 16
468,234,234, 16
469,234,234, 16
470,234,234, 16
471,234,234, 16
472,234,234, 16
473,233,233, 17
474,233,233, 17
475,233,233, 17
476,233,233, 17
477,233,233, 17
478,233,233, 17
479,233,233, 17
480,233,233, 17
481,233,233, 17
482,233,233, 17
483,233,233, 17
484,233,233, 17
485,233,233, 17
486,233,233, 17
487,233,233, 17
488,233,233, 17
489,233,233, 17
490,233,233, 17
491,233,233, 17
492,233,233, 17
493,233,233, 17
494,233,233, 17
495,233,233, 17
496,233,233, 17
497,233,233, 17
498,233,233, 17
499,233,233, 17
500,233,233, 17
501,233,233, 17
502,233,233, 17
503,233,233, 17
504,233,233, 17
505,233,233, 17
506,233,233, 17
507,233,233, 17
508,233,233, 17
509,233,233, 17
510,233,233, 17
511,233,233, 17
512,233,233, 17
513,233,233, 17
514,233,233, 17
515,232,232, 18
516,232,232, 18
517,232,232, 18
518,232,232, 18
519,232,232, 18
520,232,232, 18
521,232,232, 18
522,232,232, 18
523,232,232, 18
524,232,232, 18
525,232,232, 18
526,232,232, 18
527,232,232, 18
528,232,232, 18
529,232,232, 18
530,232,232, 18
531,232,232, 18
532,232,232, 18
533,232,232, 18
534,232,232, 18
535,232,232, 18
536,232,232, 18
537,232,232, 18
538,232,232, 18
539,232,232, 18
540,232,232, 18
541,232,232, 18
542,232,232, 18
543,232,232, 18
544,232,232, 18
545,232,232, 18
546,232,232, 18
547,232,232, 18
548,232,232, 18
549,232,232, 18
550,232,232, 18
551,232,232, 18
552,232,232, 18
553,232,232, 18
554,232,232, 18
555,232,232, 18
556,232,232, 18
557,232,232, 18
558,232,232, 18
559,232,232, 18
560,232,232, 18
561,232,232, 18
562,232,232, 18
563,232,232, 18
564,232,232, 18
565,232,232, 18
566,232,232, 18
567,232,232, 18
568,232,232, 18
569,232,232, 18
570,232,232, 18
571,232,232, 18
572,232,232, 18
573,232,232, 18
574,232,232, 18
575,232,232, 18
576,232,232, 18
577,232,232, 18
578,232,232, 18
579,232,232, 18
580,232,232, 18
581,232,232, 18
582,232,232, 18
583,232,232, 18
584,232,232, 18
585,232,232, 18
586,232,232, 18
587,232,232, 18
588,232,232, 18
589,232,232, 18
590,232,232, 18
591,232,232, 18
592,232,232, 18
593,232,232, 18
594,232,232, 18
595,232,232, 18
596,232,232, 18
597,232,232, 18
598,232,232, 18
599,232,232, 18
600,232,232, 18
601,232,232, 18
602,232,232, 18
603,232,232, 18
604,232,232, 18
605,232,232, 18
606,232,232, 18
607,232,232, 18
608,232,232, 18
609,232,232, 18
610,232,232, 18
611,232,232, 18
612,232,232, 18
613,232,232, 18
614,232,232, 18
615,232,232, 18
616,232,232, 18
617,232,232, 18
618,232,232, 18
619,232,232, 18
620,232,232, 18
621,232,232, 18
622,232,232, 18
623,232,232, 18
624,232,232, 18
625,232,232, 18
626,232,232, 18
627,232,232, 18
628,232,232, 18
629,232,232, 18
630,232,232, 18
631,232,232, 18
632,232,232, 18
633,232,232, 18
634,232,232, 18
635,232,232, 18
636,232,232, 18
637,232,232, 18
638,232,232, 18
639,232,232, 18
640,232,232, 18
641,232,232, 18
642,232,232, 18
643,232,232, 18
644,232,232, 18
645,232,232, 18
646,232,232, 18
647,232,232, 18
648,232,232, 18
649,232,232, 18
650,232,232, 18
651,232,232, 18
652,232,232, 18
653,232,232, 18
654,232,232, 18
655,232,232, 18
656,232,232, 18
657,232,232, 18
658,232,232, 18
659,232,232, 18
660,232,232, 18
661,232,232, 18
662,232,232, 18
663,232,232, 18
664,232,232, 18
665,232,232, 18
666,232,232, 18
667,232,232, 18
668,232,232, 18
669,232,232, 18
670,232,232, 18
671,232,232, 18
672,232,232, 18
673,232,232, 18
674,232,232, 18
675,232,232, 18
676,232,232, 18
677,232,232, 18
678,232,232, 18
679,232,232, 18
680,232,232, 18
681,232,232, 18
682,232,232, 18
683,232,232, 18
684,232,232, 18
685,232,232, 18
686,232,232, 18
687,232,232, 18
688,232,232, 18
689,232,232, 18
690,232,232, 18
691,232,232, 18
692,232,232, 18
693,232,232, 18
694,232,232, 18
695,232,232, 18
696,232,232, 18
697,232,232, 18
698,232,232, 18
699,232,232, 18
700,232,232, 18
701,232,232, 18
702,232,232, 18
703,232,232, 18
704,232,232, 18
705,232,232, 18
706,232,232, 18
707,232,232, 18
708,232,232, 18
709,232,232, 18
710,232,232, 18
711,232,232, 18
712,232,232, 18
713,232,232, 18
714,232,232, 18
715,232,232, 18
716,232,232, 18
717,232,232, 18
718,232,232, 18
719,232,232, 18
720,232,232, 18
721,232,232, 18
722,232,232, 18
723,232,232, 18
724,232,232, 18
725,232,232, 18
726,232,232, 18
727,232,232, 18
728,232,232, 18
729,232,232, 18
730,232,232, 18
731,232,232, 18
732,232,232, 18
733,232,232, 18
734,232,232, 18
735,232,232, 18
736,232,232, 18
737,232,232, 18
738,232,232, 18
739,232,232, 18
740,232,232, 18
741,232,232, 18
742,232,232, 18
743,232,232, 18
744,232,232, 18
745,232,232, 18
746,232,232, 18
747,232,232, 18
748,232,232, 18
749,232,232, 18
750,232,232, 18
751,232,232, 18
752,232,232, 18
753,232,232, 18
754,232,232, 18
755,232,232, 18
756,232,232, 18
757,232,232, 18
758,232,232, 18
759,232,232, 18
760,232,232, 18
761,232,232, 18
762,232,232, 18
763,232,232, 18
764,232,232, 18
765,232,232, 18
766,232,232, 18
767,232,232, 18
768,232,232, 18
769,232,232, 18
770,232,232, 18
771,232,232, 18
772,232,232, 18
773,232,232, 18
774,232,232, 18
775,232,232, 18
776,232,232, 18
777,232,232, 18
778,232,232, 18
779,232,232, 18
780,232,232, 18
781,232,232, 18
782,232,232, 18
783,232,232, 18
784,232,232, 18
785,232,232, 18
786,232,232, 18
787,232,232, 18
788,232,232, 18
789,232,232, 18
790,232,232, 18
791,232,232, 18
792,232,232, 18
793,232,232, 18
794,232,232, 18
795,232,232, 18
796,232,232, 18
797,232,232, 18
798,232,232, 18
799,232,232, 18
800,232,232, 18
801,232,232, 18
802,232,232, 18
803,232,232, 18
804,232,232, 18
805,232,232, 18
806,232,232, 18
807,232,232, 18
808,232,232, 18
809,232,232, 18
810,232,232, 18
811,232,232, 18
812,232,232, 18
813,232,232, 18
814,232,232, 18
815,232,232, 18
816,232,232, 18
817,232,232, 18
818,232,232, 18
819,232,232, 18
820,232,232, 18
821,232,232, 18
822,232,232, 18
823,232,232, 18
824,232,232, 18
825,232,232, 18
826,232,232, 18
827,232,232, 18
828,232,232, 18
829,232,232, 18
830,232,232, 18
831,232,232, 18
832,232,232, 18
833,232,232, 18
834,232,232, 18
835,232,232, 18
836,232,232, 18
837,232,232, 18
838,232,232, 18
839,232,232, 18
840,232,232, 18
841,232,232, 18
842,232,232, 18
843,232,232, 18
844,232,232, 18
845,232,232, 18
846,232,232, 18
847,232,232, 18
848,232,232, 18
849,232,232, 18
850,232,232, 18
851,232,232, 18
852,232,232, 18
853,232,232, 18
854,232,232, 18
855,232,232, 18
856,232,232, 18
857,232,232, 18
858,232,232, 18
859,232,232, 18
860,232,232, 18
861,232,232, 18
862,232,232, 18
863,232,232, 18
864,232,232, 18
865,232,232, 18
866,232,232, 18
867,232,232, 18
868,232,232, 18
869,232,232, 18
870,232,232, 18
871,232,232, 18
872,232,232, 18
873,232,232, 18
874,232,232, 18
875,232,232, 18
876,232,232, 18
877,232,232, 18
878,232,232, 18
879,232,232, 18
880,232,232, 18
881,232,232, 18
882,232,232, 18
883,232,232, 18
884,232,232, 18
885,232,232, 18
886,232,232, 18
887,232,232, 18
888,232,232, 18
889,232,232, 18
890,232,232, 18
891,232,232, 18
892,232,232, 18
893,232,232, 18
894,232,232, 18
895,232,232, 18
896,232,232, 18
897,232,232, 18
898,232,232, 18
899,232,232, 18
900,232,232, 18
901,232,232, 18
902,232,232, 18
903,232,232, 18
904,232,232, 18
905,232,232, 18
906,232,232, 18
907,232,232, 18
908,232,232, 18
909,232,232, 18
910,232,232, 18
911,232,232, 18
912,232,232, 18
913,232,232, 18
914,232,232, 18
915,232,232, 18
916,232,232, 18
917,232,232, 18
918,232,232, 18
919,232,232, 18
920,232,232, 18
921,232,232, 18
922,232,232, 18
923,232,232, 18
924,232,232, 18
925,232,232, 18
926,232,232, 18
927,232,232, 18
928,232,232, 18
929,232,232, 18
930,232,232, 18
931,232,232, 18
932,232,232, 18
933,232,232, 18
934,232,232, 18
935,232,232, 18
936,232,232, 18
937,232,232, 18
938,232,232, 18
939,232,232, 18
940,232,232, 18
941,232,232, 18
942,232,232, 18
943,232,232, 18
944,232,232, 18
945,232,232, 18
946,232,232, 18
947,232,232, 18
948,232,232, 18
949,232,232, 18
950,232,232, 18
951,232,232, 18
952,232,232, 18
953,232,232, 18
954,232,232, 18
955,232,232, 18
956,232,232, 18
957,232,232, 18
958,232,232, 18
959,232,232, 18
960,232,232, 18
961,232,232, 18
962,232,232, 18
963,232,232, 18
964,232,232, 18
965,232,232, 18
966,232,232, 18
967,232,232, 18
968,232,232, 18
969,232,232, 18
970,232,232, 18
971,232,232, 18
972,232,232, 18
973,232,232, 18
974,232,232, 18
975,232,232, 18
976,232,232, 18
977,232,232, 18
978,232,232, 18
979,232,232, 18
980,232,232, 18
981,232,232, 18
982,232,232, 18
983,232,232, 18
984,232,232, 18
985,232,232, 18
986,232,232, 18
987,232,232, 18
988,232,232, 18
989,232,232, 18
990,232,232, 18
991,232,232, 18
992,232,232, 18
993,232,232, 18
994,232,232, 18
995,232,232, 18
996,232,232, 18
997,232,232, 18
998,232,232, 18
999,232,232, 18
1000,232,232, 18
1001,232,232, 18
1002,232,232, 18
1003,232,232, 18
1004,232,232, 18
1005,232,232, 18
1006,232,232, 18
1007,232,232, 18
1008,232,232, 18
1009,232,232, 18
1010,232,232, 18
1011,232,232, 18
1012,232,232, 18
1013,232,232, 18
1014,232,232, 18
1015,232,232, 18
1016,232,232, 18
1017,232,232, 18
1018,232,232, 18
1019,232,232, 18
1020,232,232, 18
1021,232,232, 18
1022,232,232, 18
1023,232,232, 18
1024,232,232, 18
1025,232,232, 18
1026,232,232, 18
1027,232,232, 18
1028,232,232, 18
1029,232,232, 18
1030,232,232, 18
1031,232,232, 18
1032,232,232, 18
1033,232,232, 18
1034,232,232, 18
1035,232,232, 18
1036,232,232, 18
1037,232,232, 18
1038,232,232, 18
1039,232,232, 18
1040,232,232, 18
1041,232,232, 18
1042,232,232, 18
1043,232,232, 18
1044,232,232, 18
1045,232,232, 18
1046,232,232, 18
1047,232,232, 18
1048,232,232, 18
1049,232,232, 18
1050,232,232, 18
1051,232,232, 18
1052,232,232, 18
1053,232,232, 18
1054,232,232, 18
1055,232,232, 18
1056,232,232, 18
1057,232,232, 18
1058,232,232, 18
1059,232,232, 18
1060,232,232, 18
1061,232,232, 18
1062,232,232, 18
1063,232,232, 18
1064,232,232, 18
1065,232,232, 18
1066,232,232, 18
1067,232,232, 18
1068,232,232, 18
1069,232,232, 18
1070,232,232, 18
1071,232,232, 18
1072,232,232, 18
1073,232,232, 18
1074,232,232, 18
1075,232,232, 18
1076,232,232, 18
1077,232,232, 18
1078,232,232, 18
1079,232,232, 18
1080,232,232, 18
1081,232,232, 18
1082,232,232, 18
1083,232,232, 18
1084,232,232, 18
1085,232,232, 18
1086,232,232, 18
1087,232,232, 18
1088,232,232, 18
1089,232,232, 18
1090,232,232, 18
1091,232,232, 18
1092,232,232, 18
1093,232,232, 18
1094,232,232, 18
1095,232,232, 18
1096,232,232, 18
1097,232,232, 18
1098,232,232, 18
1099,232,232, 18
1100,232,232, 18
1101,232,232, 18
1102,232,232, 18
1103,232,232, 18
1104,232,232, 18
1105,232,232, 18
1106,232,232, 18
1107,232,232, 18
1108,232,232, 18
1109,232,232, 18
1110,232,232, 18
1111,232,232, 18
1112,232,232, 18
1113,232,232, 18
1114,232,232, 18
1115,232,232, 18
1116,232,232, 18
1117,232,232, 18
1118,232,232, 18
1119,232,232, 18
1120,232,232, 18
1121,232,232, 18
1122,232,232, 18
1123,232,232, 18
1124,232,232, 18
1125,232,232, 18
1126,232,232, 18
1127,232,232, 18
1128,232,232, 18
1129,232,232, 18
1130,232,232, 18
1131,232,232, 18
1132,232,232, 18
1133,232,232, 18
1134,232,232, 18
1135,232,232, 18
1136,232,232, 18
1137,232,232, 18
1138,232,232, 18
1139,232,232, 18
1140,232,232, 18
1141,232,232, 18
1142,232,232, 18
1143,232,232, 18
1144,232,232, 18
1145,232,232, 18
1146,232,232, 18
1147,232,232, 18
1148,232,232, 18
1149,232,232, 18
1150,232,232, 18
1151,232,232, 18
1152,232,232, 18
1153,232,232, 18
1154,232,232, 18
1155,232,232, 18
1156,232,232, 18
1157,232,232, 18
1158,232,232, 18
1159,231,231, 19
1160,231,231, 19
1161,231,231, 19
1162,231,231, 19
1163,231,231, 19
1164,231,231, 19
1165,231,231, 19
1166,231,231, 19
1167,231,231, 19
1168,231,231, 19
1169,231,231, 19
1170,231,231, 19
1171,231,231, 19
1172,231,231, 19
1173,231,231, 19
1174,231,231, 19
1175,231,231, 19
1176,231,231, 19
1177,231,231, 19
1178,231,231, 19
1179,231,231, 19
1180,231,231, 19
1181,231,231, 19
1182,231,231, 19
1183,231,231, 19
1184,231,231, 19
1185,231,231, 19
1186,231,231, 19
1187,231,231, 19
1188,231,231, 19
1189,231,231, 19
1190,231,231, 19
1191,231,231, 19
1192,231,231, 19
1193,231,231, 19
1194,231,231, 19
1195,231,231, 19
1196,231,231, 19
1197,231,231, 19
1198,231,231, 19
1199,231,231, 19
1200,231,231, 19
1201,231,231, 19
1202,231,231, 19
1203,231,231, 19
1204,231,231, 19
1205,231,231, 19
1206,231,231, 19
1207,231,231, 19
1208,231,231, 19
1209,231,231, 19
1210,231,231, 19
1211,231,231, 19
1212,231,231, 19
1213,231,231, 19
1214,230,230, 20
1215,230,230, 20
1216,230,230, 20
1217,230,230, 20
1218,230,230, 20
1219,230,230, 20
1220,230,230, 20
1221,230,230, 20
1222,230,230, 20
1223,230,230, 20
1224,230,230, 20
1225,230,230, 20
1226,230,230, 20
1227,230,230, 20
1228,230,230, 20
1229,230,230, 20
1230,230,230, 20
1231,230,230, 20
1232,230,230, 20
1233,230,230, 20
1234,230,230, 20
1235,230,230, 20
1236,230,230, 20
1237,230,230, 20
1238,230,230, 20
1239,230,230, 20
1240,230,230, 20
1241,230,230, 20
1242,230,230, 20
1243,230,230, 20
1244,230,230, 20
1245,230,230, 20
1246,230,230, 20
1247,230,230, 20
1248,230,230, 20
1249,230,230, 20
1250,230,230, 20
1251,230,230, 20
1252,230,230, 20
1253,230,230, 20
1254,230,230, 20
1255,230,230, 20
1256,230,230, 20
1257,230,230, 20
1258,230,230, 20
1259,230,230, 20
1260,230,230, 20
1261,230,230, 20
1262,230,230, 20
1263,230,230, 20
1264,230,230, 20
1265,230,230, 20
1266,230,230, 20
1267,230,230, 20
1268,230,230, 20
1269,230,230, 20
1270,230,230, 20
1271,230,230, 20
1272,230,230, 20
1273,230,230, 20
1274,230,230, 20
1275,230,230, 20
1276,230,230, 20
1277,230,230, 20
1278,230,230, 20
1279,230,230, 20
1280,230,230, 20
1281,230,230, 20
1282,230,230, 20
1283,230,230, 20
1284,230,230, 20
1285,230,230, 20
1286,230,230, 20
1287,230,230, 20
1288,230,230, 20
1289,230,230, 20
1290,230,230, 20
1291,230,230, 20
1292,230,230, 20
1293,230,230, 20
1294,230,230, 20
1295,230,230, 20
1296,230,230, 20
1297,230,230, 20
1298,230,230, 20
1299,230,230, 20
1300,230,230, 20
1301,230,230, 20
1302,230,230, 20
1303,230,230, 20
1304,230,230, 20
1305,230,230, 20
1306,230,230, 20
1307,230,230, 20
1308,230,230, 20
1309,230,230, 20
1310,230,230, 20
1311,230,230, 20
1312,230,230, 20
1313,230,230, 20
1314,230,230, 20
1315,230,230, 20
1316,230,230, 20
1317,230,230, 20
1318,230,230, 20
1319,230,230, 20
1320,230,230, 20
1321,230,230, 20
1322,230,230, 20
1323,230,230, 20
1324,230,230, 20
1325,230,230, 20
1326,230,230, 20
1327,230,230, 20
1328,230,230, 20
1329,230,230, 20
1330,230,230, 20
1331,230,230, 20
1332,230,230, 20
1333,230,230, 20
1334,230,230, 20
1335,230,230, 20
1336,230,230, 20
1337,230,230, 20
1338,230,230, 20
1339,230,230, 20
1340,230,230, 20
1341,230,230, 20
1342,230,230, 20
1343,230,230, 20
1344,230,230, 20
1345,230,230, 20
1346,230,230, 20
1347,230,230, 20
1348,230,230, 20
1349,230,230, 20
1350,230,230, 20
1351,230,230, 20
1352,230,230, 20
1353,230,230, 20
1354,230,230, 20
1355,230,230, 20
1356,230,230, 20
1357,230,230, 20
1358,230,230, 20
1359,230,230, 20
1360,230,230, 20
1361,230,230, 20
1362,230,230, 20
1363,230,230, 20
1364,230,230, 20
1365,230,230, 20
1366,230,230, 20
1367,230,230, 20
1368,230,230, 20
1369,230,230, 20
1370,230,230, 20
1371,230,230, 20
1372,230,230, 20
1373,230,230, 20
1374,230,230, 20
1375,230,230, 20
1376,230,230, 20
1377,230,230, 20
1378,230,230, 20
1379,230,230, 20
1380,230,230, 20
1381,230,230, 20
1382,230,230, 20
1383,230,230, 20
1384,230,230, 20
1385,230,230, 20
1386,230,230, 20
1387,230,230, 20
1388,230,230, 20
1389,230,230, 20
1390,230,230, 20
1391,230,230, 20
1392,230,230, 20
1393,230,230, 20
1394,230,230, 20
1395,230,230, 20
1396,230,230, 20
1397,230,230, 20
1398,230,230, 20
1399,230,230, 20
1400,230,230, 20
1401,230,230, 20
1402,230,230, 20
1403,230,230, 20
1404,230,230, 20
1405,230,230, 20
1406,230,230, 20
1407,230,230, 20
1408,230,230, 20
1409,230,230, 20
1410,230,230, 20
1411,230,230, 20
1412,230,230, 20
1413,230,230, 20
1414,230,230, 20
1415,230,230, 20
1416,230,230, 20
1417,230,230, 20
1418,230,230, 20
1419,230,230, 20
1420,230,230, 20
1421,230,230, 20
1422,230,230, 20
1423,230,230, 20
1424,230,230, 20
1425,230,230, 20
1426,230,230, 20
1427,230,230, 20
1428,230,230, 20
1429,230,230, 20
1430,230,230, 20
1431,230,230, 20
1432,230,230, 20
1433,230,230, 20
1434,230,230, 20
1435,230,230, 20
1436,230,230, 20
1437,230,230, 20
1438,230,230, 20
1439,230,230, 20
1440,230,230, 20
1441,230,230, 20
1442,230,230, 20
1443,230,230, 20
1444,230,230, 20
1445,230,230, 20
1446,230,230, 20
1447,230,230, 20
1448,230,230, 20
1449,230,230, 20
1450,230,230, 20
1451,230,230, 20
1452,230,230, 20
1453,230,230, 20
1454,230,230, 20
1455,230,230, 20
1456,230,230, 20
1457,230,230, 20
1458,230,230, 20
1459,230,230, 20
1460,230,230, 20
1461,230,230, 20
1462,230,230, 20
1463,230,230, 20
1464,230,230, 20
1465,230,230, 20
1466,230,230, 20
1467,230,230, 20
1468,230,230, 20
1469,230,230, 20
1470,230,230, 20
1471,230,230, 20
1472,230,230, 20
1473,230,230, 20
1474,230,230, 20
1475,230,230, 20
1476,230,230, 20
1477,230,230, 20
1478,230,230, 20
1479,230,230, 20
1480,230,230, 20
1481,230,230, 20
1482,230,230, 20
1483,230,230, 20
1484,230,230, 20
1485,230,230, 20
1486,230,230, 20
1487,230,230, 20
1488,230,230, 20
1489,230,230, 20
1490,230,230, 20
1491,230,230, 20
1492,230,230, 20
1493,230,230, 20
1494,230,230, 20
1495,230,230, 20
1496,230,230, 20
1497,230,230, 20
1498,230,230, 20
1499,230,230, 20
