0,249,249, 1
1,249,249, 1
2,249,249, 1
3,249,249, 1
4,249,249, 1
5,249,249, 1
6,249,249, 1
7,249,249, 1
8,249,249, 1
9,248,248, 2
10,248,248, 2
11,248,248, 2
12,248,248, 2
13,248,248, 2
14,248,248, 2
15,248,248, 2
16,248,248, 2
17,247,247, 3
18,247,247, 3
19,247,247, 3
20,247,247, 3
21,247,247, 3
22,247,247, 3
23,247,247, 3
24,247,247, 3
25,247,247, 3
26,247,247, 3
27,246,246, 4
28,246,246, 4
29,246,246, 4
30,246,246, 4
31,246,246, 4
32,246,246, 4
33,246,246, 4
34,246,246, 4
35,246,246, 4
36,246,246, 4
37,246,246, 4
38,246,246, 4
39,246,246, 4
40,246,246, 4
41,246,246, 4
42,246,246, 4
43,246,246, 4
44,246,246, 4
45,246,246, 4
46,246,246, 4
47,246,246, 4
48,246,246, 4
49,246,246, 4
50,246,246, 4
51,246,246, 4
52,246,246, 4
53,246,246, 4
54,246,246, 4
55,246,246, 4
56,246,246, 4
57,246,246, 4
58,246,246, 4
59,246,246, 4
60,246,246, 4
61,246,246, 4
62,246,246, 4
63,246,246, 4
64,246,246, 4
65,246,246, 4
66,246,246, 4
67,246,246, 4
68,246,246, 4
69,246,246, 4
70,246,246, 4
71,246,246, 4
72,246,246, 4
73,246,246, 4
74,246,246, 4
75,246,246, 4
76,246,246, 4
77,246,246, 4
78,246,246, 4
79,246,246, 4
80,246,246, 4
81,246,246, 4
82,246,246, 4
83,246,246, 4
84,245,245, 5
85,245,245, 5
86,245,245, 5
87,245,245, 5
88,245,245, 5
89,245,245, 5
90,245,245, 5
91,245,245, 5
92,245,245, 5
93,245,245, 5
94,245,245, 5
95,245,245, 5
96,245,245, 5
97,245,245, 5
98,245,245, 5
99,245,245, 5
100,245,245, 5
101,245,245, 5
102,245,245, 5
103,245,245, 5
104,245,245, 5
105,245,245, 5
106,245,245, 5
107,245,245, 5
108,245,245, 5
109,245,245, 5
110,245,245, 5
111,245,245, 5
112,245,245, 5
113,245,245, 5
114,244,244, 6
115,244,244, 6
116,244,244, 6
117,244,244, 6
118,244,244, 6
119,244,244, 6
120,244,244, 6
121,244,244, 6
122,244,244, 6
123,244,244, 6
124,244,244, 6
125,244,244, 6
126,244,244, 6
127,244,244, 6
128,244,244, 6
129,244,244, 6
130,244,244, 6
131,244,244, 6
132,244,244, 6
133,244,244, 6
134,244,244, 6
135,244,244, 6
136,244,244, 6
137,244,244, 6
138,244,244, 6
139,244,244, 6
140,244,244, 6
141,243,243, 7
142,243,243, 7
143,243,243, 7
144,243,243, 7
145,242,242, 8
146,242,242, 8
147,242,242, 8
148,242,242, 8
149,242,242, 8
150,242,242, 8
151,242,242, 8
152,242,242, 8
153,242,242, 8
154,242,242, 8
155,242,242, 8
156,242,242, 8
157,242,242, 8
158,242,242, 8
159,242,242, 8
160,242,242, 8
161,242,242, 8
162,242,242, 8
163,242,242, 8
164,242,242, 8
165,242,242, 8
166,242,242, 8
167,242,242, 8
168,242,242, 8
169,242,242, 8
170,242,242, 8
171,242,242, 8
172,242,242, 8
173,242,242, 8
174,242,242, 8
175,242,242, 8
176,242,242, 8
177,242,242, 8
178,242,242, 8
179,242,242, 8
180,242,242, 8
181,242,242, 8
182,242,242, 8
183,242,242, 8
184,242,242, 8
185,242,242, 8
186,242,242, 8
187,241,241, 9
188,241,241, 9
189,241,241, 9
190,241,241, 9
191,241,241, 9
192,241,241, 9
193,241,241, 9
194,241,241, 9
195,241,241, 9
196,241,241, 9
197,241,241, 9
198,241,241, 9
199,241,241, 9
200,241,241, 9
201,241,241, 9
202,241,241, 9
203,241,241, 9
204,241,241, 9
205,241,241, 9
206,241,241, 9
207,241,241, 9
208,241,241, 9
209,241,241, 9
210,241,241, 9
211,241,241, 9
212,241,241, 9
213,241,241, 9
214,241,241, 9
215,241,241, 9
216,241,241, 9
217,241,241, 9
218,241,241, 9
219,241,241, 9
220,241,241, 9
221,241,241, 9
222,241,241, 9
223,241,241, 9
224,241,241, 9
225,241,241, 9
226,241,241, 9
227,241,241, 9
228,241,241, 9
229,241,241, 9
230,241,241, 9
231,241,241, 9
232,241,241, 9
233,241,241, 9
234,241,241, 9
235,241,241, 9
236,241,241, 9
237,241,241, 9
238,241,241, 9
239,241,241, 9
240,241,241, 9
241,241,241, 9
242,241,241, 9
243,241,241, 9
244,241,241, 9
245,241,241, 9
246,241,241, 9
247,241,241, 9
248,241,241, 9
249,241,241, 9
250,241,241, 9
251,241,241, 9
252,241,241, 9
253,241,241, 9
254,241,241, 9
255,241,241, 9
256,241,241, 9
257,241,241, 9
258,241,241, 9
259,241,241, 9
260,241,241, 9
261,241,241, 9
262,241,241, 9
263,241,241, 9
264,241,241, 9
265,241,241, 9
266,241,241, 9
267,241,241, 9
268,241,241, 9
269,241,241, 9
270,241,241, 9
271,241,241, 9
272,241,241, 9
273,241,241, 9
274,241,241, 9
275,241,241, 9
276,241,241, 9
277,241,241, 9
278,241,241, 9
279,241,241, 9
280,241,241, 9
281,241,241, 9
282,241,241, 9
283,241,241, 9
284,241,241, 9
285,241,241, 9
286,241,241, 9
287,241,241, 9
288,241,241, 9
289,241,241, 9
290,241,241, 9
291,241,241, 9
292,241,241, 9
293,241,241, 9
294,241,241, 9
295,241,241, 9
296,241,241, 9
297,241,241, 9
298,241,241, 9
299,241,241, 9
300,241,241, 9
301,241,241, 9
302,241,241, 9
303,241,241, 9
304,241,241, 9
305,241,241, 9
306,241,241, 9
307,241,241, 9
308,241,241, 9
309,241,241, 9
310,241,241, 9
311,241,241, 9
312,241,241, 9
313,241,241, 9
314,241,241, 9
315,241,241, 9
316,241,241, 9
317,241,241, 9
318,241,241, 9
319,240,240, 10
320,240,240, 10
321,240,240, 10
322,240,240, 10
323,240,240, 10
324,240,240, 10
325,239,239, 11
326,239,239, 11
327,239,239, 11
328,239,239, 11
329,239,239, 11
330,239,239, 11
331,239,239, 11
332,239,239, 11
333,239,239, 11
334,239,239, 11
335,239,239, 11
336,239,239, 11
337,239,239, 11
338,239,239, 11
339,239,239, 11
340,239,239, 11
341,239,239, 11
342,239,239, 11
343,239,239, 11
344,239,239, 11
345,239,239, 11
346,239,239, 11
347,239,239, 11
348,239,239, 11
349,239,239, 11
350,239,239, 11
351,239,239, 11
352,239,239, 11
353,239,239, 11
354,239,239, 11
355,238,238, 12
356,238,238, 12
357,238,238, 12
358,238,238, 12
359,238,238, 12
360,238,238, 12
361,238,238, 12
362,238,238, 12
363,238,238, 12
364,238,238, 12
365,238,238, 12
366,237,237, 13
367,237,237, 13
368,237,237, 13
369,237,237, 13
370,237,237, 13
371,237,237, 13
372,237,237, 13
373,237,237, 13
374,237,237, 13
375,237,237, 13
376,237,237, 13
377,237,237, 13
378,237,237, 13
379,237,237, 13
380,237,237, 13
381,237,237, 13
382,237,237, 13
383,237,237, 13
384,237,237, 13
385,237,237, 13
386,237,237, 13
387,237,237, 13
388,237,237, 13
389,237,237, 13
390,237,237, 13
391,237,237, 13
392,237,237, 13
393,237,237, 13
394,237,237, 13
395,237,237, 13
396,237,237, 13
397,237,237, 13
398,237,237, 13
399,237,237, 13
400,237,237, 13
401,237,237, 13
402,237,237, 13
403,237,237, 13
404,237,237, 13
405,237,237, 13
406,237,237, 13
407,237,237, 13
408,237,237, 13
409,237,237, 13
410,237,237, 13
411,237,237, 13
412,237,237, 13
413,237,237, 13
414,237,237, 13
415,237,237, 13
416,237,237, 13
417,237,237, 13
418,237,237, 13
419,237,237, 13
420,237,237, 13
421,237,237, 13
422,237,237, 13
423,237,237, 13
424,237,237, 13
425,237,237, 13
426,237,237, 13
427,237,237, 13
428,237,237, 13
429,237,237, 13
430,237,237, 13
431,237,237, 13
432,237,237, 13
433,237,237, 13
434,237,237, 13
435,237,237, 13
436,237,237, 13
437,237,237, 13
438,237,237, 13
439,237,237, 13
440,237,237, 13
441,237,237, 13
442,237,237, 13
443,237,237, 13
444,237,237, 13
445,237,237, 13
446,237,237, 13
447,237,237, 13
448,237,237, 13
449,237,237, 13
450,237,237, 13
451,237,237, 13
452,237,237, 13
453,237,237, 13
454,237,237, 13
455,237,237, 13
456,236,236, 14
457,236,236, 14
458,236,236, 14
459,236,236, 14
460,236,236, 14
461,236,236, 14
462,236,236, 14
463,236,236, 14
464,236,236, 14
465,236,236, 14
466,236,236, 14
467,236,236, 14
468,236,236, 14
469,236,236, 14
470,236,236, 14
471,236,236, 14
472,236,236, 14
473,236,236, 14
474,236,236, 14
475,236,236, 14
476,236,236, 14
477,235,235, 15
478,235,235, 15
479,235,235, 15
480,235,235, 15
481,235,235, 15
482,235,235, 15
483,235,235, 15
484,235,235, 15
485,235,235, 15
486,235,235, 15
487,235,235, 15
488,235,235, 15
489,235,235, 15
490,235,235, 15
491,235,235, 15
492,235,235, 15
493,235,235, 15
494,235,235, 15
495,235,235, 15
496,235,235, 15
497,235,235, 15
498,235,235, 15
499,235,235, 15
500,235,235, 15
501,235,235, 15
502,235,235, 15
503,235,235, 15
504,235,235, 15
505,235,235, 15
506,235,235, 15
507,235,235, 15
508,235,235, 15
509,235,235, 15
510,235,235, 15
511,235,235, 15
512,235,235, 15
513,235,235, 15
514,235,235, 15
515,235,235, 15
516,235,235, 15
517,235,235, 15
518,235,235, 15
519,235,235, 15
520,235,235, 15
521,235,235, 15
522,235,235, 15
523,235,235, 15
524,235,235, 15
525,235,235, 15
526,235,235, 15
527,235,235, 15
528,235,235, 15
529,235,235, 15
530,235,235, 15
531,235,235, 15
532,235,235, 15
533,235,235, 15
534,235,235, 15
535,235,235, 15
536,235,235, 15
537,235,235, 15
538,235,235, 15
539,235,235, 15
540,235,235, 15
541,235,235, 15
542,235,235, 15
543,235,235, 15
544,235,235, 15
545,235,235, 15
546,235,235, 15
547,235,235, 15
548,235,235, 15
549,235,235, 15
550,235,235, 15
551,235,235, 15
552,235,235, 15
553,235,235, 15
554,235,235, 15
555,235,235, 15
556,235,235, 15
557,235,235, 15
558,235,235, 15
559,235,235, 15
560,235,235, 15
561,235,235, 15
562,235,235, 15
563,235,235, 15
564,235,235, 15
565,235,235, 15
566,235,235, 15
567,235,235, 15
568,235,235, 15
569,235,235, 15
570,235,235, 15
571,235,235, 15
572,235,235, 15
573,235,235, 15
574,235,235, 15
575,235,235, 15
576,235,235, 15
577,235,235, 15
578,235,235, 15
579,235,235, 15
580,235,235, 15
581,235,235, 15
582,235,235, 15
583,235,235, 15
584,235,235, 15
585,235,235, 15
586,235,235, 15
587,235,235, 15
588,235,235, 15
589,235,235, 15
590,235,235, 15
591,235,235, 15
592,235,235, 15
593,235,235, 15
594,235,235, 15
595,235,235, 15
596,235,235, 15
597,235,235, 15
598,235,235, 15
599,235,235, 15
600,235,235, 15
601,235,235, 15
602,235,235, 15
603,235,235, 15
604,235,235, 15
605,235,235, 15
606,235,235, 15
607,235,235, 15
608,235,235, 15
609,235,235, 15
610,235,235, 15
611,235,235, 15
612,235,235, 15
613,235,235, 15
614,235,235, 15
615,235,235, 15
616,235,235, 15
617,235,235, 15
618,234,234, 16
619,234,234, 16
620,234,234, 16
621,234,234, 16
622,234,234, 16
623,234,234, 16
624,234,234, 16
625,234,234, 16
626,234,234, 16
627,234,234, 16
628,234,234, 16
629,234,234, 16
630,234,234, 16
631,234,234, 16
632,234,234, 16
633,234,234, 16
634,234,234, 16
635,234,234, 16
636,234,234, 16
637,234,234, 16
638,234,234, 16
639,234,234, 16
640,234,234, 16
641,234,234, 16
642,234,234, 16
643,234,234, 16
644,234,234, 16
645,234,234, 16
646,234,234, 16
647,234,234, 16
648,234,234, 16
649,234,234, 16
650,234,234, 16
651,234,234, 16
652,234,234, 16
653,234,234, 16
654,234,234, 16
655,234,234, 16
656,234,234, 16
657,234,234, 16
658,234,234, 16
659,234,234, 16
660,234,234, 16
661,234,234, 16
662,234,234, 16
663,234,234, 16
664,234,234, 16
665,234,234, 16
666,234,234, 16
667,234,234, 16
668,234,234, 16
669,234,234, 16
670,234,234, 16
671,234,234, 16
672,234,234, 16
673,234,234, 16
674,234,234, 16
675,234,234, 16
676,234,234, 16
677,234,234, 16
678,234,234, 16
679,234,234, 16
680,234,234, 16
681,234,234, 16
682,234,234, 16
683,234,234, 16
684,234,234, 16
685,234,234, 16
686,234,234, 16
687,234,234, 16
688,234,234, 16
689,234,234, 16
690,234,234, 16
691,234,234, 16
692,234,234, 16
693,234,234, 16
694,234,234, 16
695,234,234, 16
696,234,234, 16
697,234,234, 16
698,234,234, 16
699,234,234, 16
700,234,234, 16
701,234,234, 16
702,234,234, 16
703,234,234, 16
704,234,234, 16
705,234,234, 16
706,234,234, 16
707,234,234, 16
708,234,234, 16
709,234,234, 16
710,234,234, 16
711,234,234, 16
712,234,234, 16
713,234,234, 16
714,234,234, 16
715,234,234, 16
716,234,234, 16
717,234,234, 16
718,234,234, 16
719,234,234, 16
720,234,234, 16
721,234,234, 16
722,234,234, 16
723,234,234, 16
724,234,234, 16
725,234,234, 16
726,234,234, 16
727,234,234, 16
728,234,234, 16
729,234,234, 16
730,234,234, 16
731,234,234, 16
732,234,234, 16
733,234,234, 16
734,234,234, 16
735,234,234, 16
736,234,234, 16
737,234,234, 16
738,234,234, 16
739,234,234, 16
740,234,234, 16
741,234,234, 16
742,234,234, 16
743,234,234, 16
744,234,234, 16
745,234,234, 16
746,234,234, 16
747,234,234, 16
748,234,234, 16
749,234,234, 16
750,234,234, 16
751,234,234, 16
752,234,234, 16
753,234,234, 16
754,234,234, 16
755,234,234, 16
756,234,234, 16
757,234,234, 16
758,234,234, 16
759,234,234, 16
760,234,234, 16
761,234,234, 16
762,234,234, 16
763,234,234, 16
764,234,234, 16
765,234,234, 16
766,234,234, 16
767,234,234, 16
768,234,234, 16
769,234,234, 16
770,234,234, 16
771,234,234, 16
772,234,234, 16
773,234,234, 16
774,234,234, 16
775,234,234, 16
776,234,234, 16
777,234,234, 16
778,234,234, 16
779,234,234, 16
780,234,234, 16
781,234,234, 16
782,234,234, 16
783,234,234, 16
784,234,234, 16
785,234,234, 16
786,234,234, 16
787,234,234, 16
788,234,234, 16
789,234,234, 16
790,234,234, 16
791,234,234, 16
792,234,234, 16
793,234,234, 16
794,234,234, 16
795,234,234, 16
796,234,234, 16
797,234,234, 16
798,234,234, 16
799,234,234, 16
800,234,234, 16
801,234,234, 16
802,234,234, 16
803,234,234, 16
804,234,234, 16
805,234,234, 16
806,234,234, 16
807,234,234, 16
808,234,234, 16
809,234,234, 16
810,234,234, 16
811,234,234, 16
812,234,234, 16
813,234,234, 16
814,234,234, 16
815,234,234, 16
816,234,234, 16
817,234,234, 16
818,234,234, 16
819,234,234, 16
820,234,234, 16
821,234,234, 16
822,234,234, 16
823,234,234, 16
824,234,234, 16
825,234,234, 16
826,234,234, 16
827,234,234, 16
828,234,234, 16
829,234,234, 16
830,234,234, 16
831,234,234, 16
832,234,234, 16
833,234,234, 16
834,234,234, 16
835,234,234, 16
836,234,234, 16
837,234,234, 16
838,234,234, 16
839,234,234, 16
840,234,234, 16
841,234,234, 16
842,234,234, 16
843,234,234, 16
844,234,234, 16
845,234,234, 16
846,234,234, 16
847,234,234, 16
848,234,234, 16
849,234,234, 16
850,234,234, 16
851,234,234, 16
852,234,234, 16
853,234,234, 16
854,234,234, 16
855,234,234, 16
856,234,234, 16
857,234,234, 16
858,234,234, 16
859,234,234, 16
860,234,234, 16
861,234,234, 16
862,234,234, 16
863,234,234, 16
864,234,234, 16
865,234,234, 16
866,234,234, 16
867,234,234, 16
868,234,234, 16
869,234,234, 16
870,234,234, 16
871,234,234, 16
872,234,234, 16
873,234,234, 16
874,234,234, 16
875,234,234, 16
876,234,234, 16
877,234,234, 16
878,234,234, 16
879,234,234, 16
880,234,234, 16
881,234,234, 16
882,234,234, 16
883,234,234, 16
884,234,234, 16
885,234,234, 16
886,234,234, 16
887,234,234, 16
888,234,234, 16
889,234,234, 16
890,234,234, 16
891,234,234, 16
892,234,234, 16
893,234,234, 16
894,234,234, 16
895,234,234, 16
896,234,234, 16
897,234,234, 16
898,234,234, 16
899,234,234, 16
900,234,234, 16
901,234,234, 16
902,234,234, 16
903,234,234, 16
904,234,234, 16
905,234,234, 16
906,234,234, 16
907,234,234, 16
908,234,234, 16
909,234,234, 16
910,234,234, 16
911,234,234, 16
912,234,234, 16
913,234,234, 16
914,234,234, 16
915,234,234, 16
916,234,234, 16
917,234,234, 16
918,234,234, 16
919,234,234, 16
920,234,234, 16
921,234,234, 16
922,234,234, 16
923,234,234, 16
924,234,234, 16
925,234,234, 16
926,234,234, 16
927,234,234, 16
928,234,234, 16
929,234,234, 16
930,234,234, 16
931,234,234, 16
932,234,234, 16
933,234,234, 16
934,234,234, 16
935,234,234, 16
936,234,234, 16
937,234,234, 16
938,234,234, 16
939,234,234, 16
940,234,234, 16
941,234,234, 16
942,234,234, 16
943,234,234, 16
944,234,234, 16
945,234,234, 16
946,234,234, 16
947,234,234, 16
948,234,234, 16
949,234,234, 16
950,234,234, 16
951,234,234, 16
952,234,234, 16
953,234,234, 16
954,234,234, 16
955,234,234, 16
956,234,234, 16
957,234,234, 16
958,234,234, 16
959,234,234, 16
960,234,234, 16
961,234,234, 16
962,234,234, 16
963,234,234, 16
964,234,234, 16
965,234,234, 16
966,234,234, 16
967,234,234, 16
968,234,234, 16
969,234,234, 16
970,234,234, 16
971,234,234, 16
972,234,234, 16
973,234,234, 16
974,234,234, 16
975,234,234, 16
976,234,234, 16
977,234,234, 16
978,234,234, 16
979,234,234, 16
980,234,234, 16
981,234,234, 16
982,234,234, 16
983,234,234, 16
984,234,234, 16
985,234,234, 16
986,234,234, 16
987,234,234, 16
988,234,234, 16
989,234,234, 16
990,234,234, 16
991,234,234, 16
992,234,234, 16
993,234,234, 16
994,234,234, 16
995,234,234, 16
996,234,234, 16
997,234,234, 16
998,234,234, 16
999,234,234, 16
1000,234,234, 16
1001,234,234, 16
1002,234,234, 16
1003,234,234, 16
1004,234,234, 16
1005,234,234, 16
1006,233,233, 17
1007,233,233, 17
1008,233,233, 17
1009,233,233, 17
1010,233,233, 17
1011,233,233, 17
1012,233,233, 17
1013,233,233, 17
1014,233,233, 17
1015,233,233, 17
1016,233,233, 17
1017,233,233, 17
1018,233,233, 17
1019,233,233, 17
1020,233,233, 17
1021,233,233, 17
1022,233,233, 17
1023,233,233, 17
1024,233,233, 17
1025,233,233, 17
1026,233,233, 17
1027,233,233, 17
1028,233,233, 17
1029,233,233, 17
1030,233,233, 17
1031,233,233, 17
1032,233,233, 17
1033,233,233, 17
1034,233,233, 17
1035,233,233, 17
1036,233,233, 17
1037,233,233, 17
1038,233,233, 17
1039,233,233, 17
1040,233,233, 17
1041,233,233, 17
1042,233,233, 17
1043,233,233, 17
1044,233,233, 17
1045,233,233, 17
1046,233,233, 17
1047,233,233, 17
1048,233,233, 17
1049,233,233, 17
1050,233,233, 17
1051,233,233, 17
1052,233,233, 17
1053,233,233, 17
1054,233,233, 17
1055,233,233, 17
1056,233,233, 17
1057,233,233, 17
1058,233,233, 17
1059,233,233, 17
1060,233,233, 17
1061,233,233, 17
1062,233,233, 17
1063,233,233, 17
1064,233,233, 17
1065,233,233, 17
1066,233,233, 17
1067,233,233, 17
1068,233,233, 17
1069,233,233, 17
1070,233,233, 17
1071,233,233, 17
1072,233,233, 17
1073,233,233, 17
1074,233,233, 17
1075,233,233, 17
1076,233,233, 17
1077,233,233, 17
1078,233,233, 17
1079,233,233, 17
1080,233,233, 17
1081,233,233, 17
1082,233,233, 17
1083,233,233, 17
1084,233,233, 17
1085,233,233, 17
1086,233,233, 17
1087,233,233, 17
1088,233,233, 17
1089,233,233, 17
1090,233,233, 17
1091,233,233, 17
1092,233,233, 17
1093,233,233, 17
1094,233,233, 17
1095,233,233, 17
1096,233,233, 17
1097,233,233, 17
1098,233,233, 17
1099,233,233, 17
1100,233,233, 17
1101,233,233, 17
1102,233,233, 17
1103,233,233, 17
1104,233,233, 17
1105,233,233, 17
1106,233,233, 17
1107,233,233, 17
1108,233,233, 17
1109,233,233, 17
1110,233,233, 17
1111,233,233, 17
1112,233,233, 17
1113,233,233, 17
1114,233,233, 17
1115,233,233, 17
1116,233,233, 17
1117,233,233, 17
1118,233,233, 17
1119,233,233, 17
1120,233,233, 17
1121,233,233, 17
1122,233,233, 17
1123,233,233, 17
1124,233,233, 17
1125,233,233, 17
1126,233,233, 17
1127,233,233, 17
1128,233,233, 17
1129,233,233, 17
1130,233,233, 17
1131,233,233, 17
1132,233,233, 17
1133,233,233, 17
1134,233,233, 17
1135,233,233, 17
1136,233,233, 17
1137,233,233, 17
1138,233,233, 17
1139,233,233, 17
1140,233,233, 17
1141,233,233, 17
1142,233,233, 17
1143,233,233, 17
1144,233,233, 17
1145,233,233, 17
1146,233,233, 17
1147,233,233, 17
1148,233,233, 17
1149,233,233, 17
1150,233,233, 17
1151,233,233, 17
1152,233,233, 17
1153,233,233, 17
1154,233,233, 17
1155,233,233, 17
1156,233,233, 17
1157,233,233, 17
1158,233,233, 17
1159,233,233, 17
1160,233,233, 17
1161,233,233, 17
1162,233,233, 17
1163,233,233, 17
1164,233,233, 17
1165,233,233, 17
1166,233,233, 17
1167,233,233, 17
1168,233,233, 17
1169,233,233, 17
1170,233,233, 17
1171,233,233, 17
1172,233,233, 17
1173,233,233, 17
1174,233,233, 17
1175,233,233, 17
1176,233,233, 17
1177,233,233, 17
1178,233,233, 17
1179,233,233, 17
1180,233,233, 17
1181,233,233, 17
1182,233,233, 17
1183,233,233, 17
1184,233,233, 17
1185,233,233, 17
1186,233,233, 17
1187,233,233, 17
1188,233,233, 17
1189,233,233, 17
1190,233,233, 17
1191,233,233, 17
1192,233,233, 17
1193,233,233, 17
1194,233,233, 17
1195,233,233, 17
1196,233,233, 17
1197,233,233, 17
1198,233,233, 17
1199,233,233, 17
1200,233,233, 17
1201,233,233, 17
1202,233,233, 17
1203,233,233, 17
1204,233,233, 17
1205,233,233, 17
1206,233,233, 17
1207,233,233, 17
1208,233,233, 17
1209,233,233, 17
1210,233,233, 17
1211,233,233, 17
1212,233,233, 17
1213,233,233, 17
1214,233,233, 17
1215,233,233, 17
1216,233,233, 17
1217,233,233, 17
1218,233,233, 17
1219,233,233, 17
1220,233,233, 17
1221,233,233, 17
1222,232,232, 18
1223,232,232, 18
1224,232,232, 18
1225,232,232, 18
1226,232,232, 18
1227,232,232, 18
1228,232,232, 18
1229,232,232, 18
1230,232,232, 18
1231,232,232, 18
1232,232,232, 18
1233,232,232, 18
1234,232,232, 18
1235,232,232, 18
1236,232,232, 18
1237,232,232, 18
1238,232,232, 18
1239,232,232, 18
1240,232,232, 18
1241,232,232, 18
1242,232,232, 18
1243,232,232, 18
1244,232,232, 18
1245,232,232, 18
1246,232,232, 18
1247,232,232, 18
1248,232,232, 18
1249,232,232, 18
1250,232,232, 18
1251,232,232, 18
1252,232,232, 18
1253,232,232, 18
1254,232,232, 18
1255,232,232, 18
1256,232,232, 18
1257,232,232, 18
1258,232,232, 18
1259,232,232, 18
1260,232,232, 18
1261,232,232, 18
1262,232,232, 18
1263,232,232, 18
1264,232,232, 18
1265,232,232, 18
1266,232,232, 18
1267,232,232, 18
1268,232,232, 18
1269,232,232, 18
1270,232,232, 18
1271,232,232, 18
1272,231,231, 19
1273,231,231, 19
1274,231,231, 19
1275,231,231, 19
1276,231,231, 19
1277,231,231, 19
1278,231,231, 19
1279,231,231, 19
1280,231,231, 19
1281,231,231, 19
1282,231,231, 19
1283,231,231, 19
1284,231,231, 19
1285,231,231, 19
1286,231,231, 19
1287,231,231, 19
1288,231,231, 19
1289,231,231, 19
1290,231,231, 19
1291,231,231, 19
1292,231,231, 19
1293,231,231, 19
1294,231,231, 19
1295,231,231, 19
1296,231,231, 19
1297,231,231, 19
1298,231,231, 19
1299,231,231, 19
1300,231,231, 19
1301,231,231, 19
1302,231,231, 19
1303,231,231, 19
1304,231,231, 19
1305,231,231, 19
1306,231,231, 19
1307,231,231, 19
1308,231,231, 19
1309,231,231, 19
1310,231,231, 19
1311,231,231, 19
1312,231,231, 19
1313,231,231, 19
1314,231,231, 19
1315,231,231, 19
1316,231,231, 19
1317,231,231, 19
1318,231,231, 19
1319,231,231, 19
1320,231,231, 19
1321,231,231, 19
1322,231,231, 19
1323,231,231, 19
1324,231,231, 19
1325,231,231, 19
1326,231,231, 19
1327,231,231, 19
1328,231,231, 19
1329,231,231, 19
1330,231,231, 19
1331,231,231, 19
1332,231,231, 19
1333,231,231, 19
1334,231,231, 19
1335,231,231, 19
1336,231,231, 19
1337,231,231, 19
1338,231,231, 19
1339,231,231, 19
1340,231,231, 19
1341,231,231, 19
1342,231,231, 19
1343,231,231, 19
1344,231,231, 19
1345,231,231, 19
1346,231,231, 19
1347,231,231, 19
1348,231,231, 19
1349,231,231, 19
1350,231,231, 19
1351,231,231, 19
1352,231,231, 19
1353,231,231, 19
1354,231,231, 19
1355,231,231, 19
1356,231,231, 19
1357,231,231, 19
1358,231,231, 19
1359,231,231, 19
1360,231,231, 19
1361,231,231, 19
1362,231,231, 19
1363,231,231, 19
1364,231,231, 19
1365,231,231, 19
1366,231,231, 19
1367,231,231, 19
1368,231,231, 19
1369,231,231, 19
1370,231,231, 19
1371,231,231, 19
1372,231,231, 19
1373,231,231, 19
1374,231,231, 19
1375,231,231, 19
1376,231,231, 19
1377,231,231, 19
1378,231,231, 19
1379,231,231, 19
1380,231,231, 19
1381,231,231, 19
1382,231,231, 19
1383,231,231, 19
1384,231,231, 19
1385,231,231, 19
1386,231,231, 19
1387,231,231, 19
1388,231,231, 19
1389,231,231, 19
1390,231,231, 19
1391,231,231, 19
1392,231,231, 19
1393,231,231, 19
1394,231,231, 19
1395,231,231, 19
1396,231,231, 19
1397,231,231, 19
1398,231,231, 19
1399,231,231, 19
1400,231,231, 19
1401,231,231, 19
1402,231,231, 19
1403,231,231, 19
1404,231,231, 19
1405,231,231, 19
1406,231,231, 19
1407,231,231, 19
1408,231,231, 19
1409,231,231, 19
1410,231,231, 19
1411,231,231, 19
1412,231,231, 19
1413,231,231, 19
1414,231,231, 19
1415,231,231, 19
1416,231,231, 19
1417,231,231, 19
1418,231,231, 19
1419,231,231, 19
1420,231,231, 19
1421,231,231, 19
1422,231,231, 19
1423,231,231, 19
1424,231,231, 19
1425,231,231, 19
1426,231,231, 19
1427,231,231, 19
1428,231,231, 19
1429,231,231, 19
1430,231,231, 19
1431,231,231, 19
1432,231,231, 19
1433,231,231, 19
1434,231,231, 19
1435,231,231, 19
1436,231,231, 19
1437,231,231, 19
1438,231,231, 19
1439,231,231, 19
1440,231,231, 19
1441,231,231, 19
1442,231,231, 19
1443,231,231, 19
1444,231,231, 19
1445,231,231, 19
1446,231,231, 19
1447,231,231, 19
1448,231,231, 19
1449,231,231, 19
1450,231,231, 19
1451,231,231, 19
1452,231,231, 19
1453,231,231, 19
1454,231,231, 19
1455,231,231, 19
1456,231,231, 19
1457,231,231, 19
1458,231,231, 19
1459,231,231, 19
1460,231,231, 19
1461,231,231, 19
1462,231,231, 19
1463,231,231, 19
1464,231,231, 19
1465,231,231, 19
1466,231,231, 19
1467,231,231, 19
1468,231,231, 19
1469,231,231, 19
1470,231,231, 19
1471,231,231, 19
1472,231,231, 19
1473,231,231, 19
1474,231,231, 19
1475,231,231, 19
1476,231,231, 19
1477,231,231, 19
1478,231,231, 19
1479,231,231, 19
1480,231,231, 19
1481,231,231, 19
1482,231,231, 19
1483,231,231, 19
1484,231,231, 19
1485,231,231, 19
1486,231,231, 19
1487,231,231, 19
1488,231,231, 19
1489,231,231, 19
1490,231,231, 19
1491,231,231, 19
1492,231,231, 19
1493,231,231, 19
1494,231,231, 19
1495,231,231, 19
1496,231,231, 19
1497,231,231, 19
1498,231,231, 19
1499,231,231, 19
