0,250,250, 0
1,249,249, 1
2,249,249, 1
3,249,249, 1
4,249,249, 1
5,249,249, 1
6,249,249, 1
7,249,249, 1
8,249,249, 1
9,249,249, 1
10,249,249, 1
11,249,249, 1
12,249,249, 1
13,249,249, 1
14,249,249, 1
15,249,249, 1
16,249,249, 1
17,248,248, 2
18,248,248, 2
19,248,248, 2
20,248,248, 2
21,248,248, 2
22,248,248, 2
23,248,248, 2
24,248,248, 2
25,248,248, 2
26,248,248, 2
27,248,248, 2
28,248,248, 2
29,248,248, 2
30,247,247, 3
31,247,247, 3
32,247,247, 3
33,247,247, 3
34,247,247, 3
35,247,247, 3
36,247,247, 3
37,247,247, 3
38,247,247, 3
39,247,247, 3
40,247,247, 3
41,247,247, 3
42,247,247, 3
43,247,247, 3
44,247,247, 3
45,247,247, 3
46,247,247, 3
47,247,247, 3
48,247,247, 3
49,247,247, 3
50,247,247, 3
51,247,247, 3
52,247,247, 3
53,247,247, 3
54,247,247, 3
55,247,247, 3
56,247,247, 3
57,247,247, 3
58,247,247, 3
59,247,247, 3
60,247,247, 3
61,247,247, 3
62,247,247, 3
63,247,247, 3
64,247,247, 3
65,247,247, 3
66,247,247, 3
67,247,247, 3
68,247,247, 3
69,247,247, 3
70,247,247, 3
71,247,247, 3
72,247,247, 3
73,247,247, 3
74,247,247, 3
75,247,247, 3
76,247,247, 3
77,247,247, 3
78,247,247, 3
79,247,247, 3
80,247,247, 3
81,247,247, 3
82,246,246, 4
83,246,246, 4
84,246,246, 4
85,246,246, 4
86,246,246, 4
87,246,246, 4
88,246,246, 4
89,246,246, 4
90,246,246, 4
91,246,246, 4
92,246,246, 4
93,246,246, 4
94,246,246, 4
95,246,246, 4
96,246,246, 4
97,246,246, 4
98,246,246, 4
99,246,246, 4
100,246,246, 4
101,246,246, 4
102,246,246, 4
103,246,246, 4
104,246,246, 4
105,246,246, 4
106,246,246, 4
107,246,246, 4
108,246,246, 4
109,246,246, 4
110,246,246, 4
111,246,246, 4
112,246,246, 4
113,246,246, 4
114,246,246, 4
115,245,245, 5
116,245,245, 5
117,245,245, 5
118,245,245, 5
119,245,245, 5
120,245,245, 5
121,245,245, 5
122,245,245, 5
123,245,245, 5
124,245,245, 5
125,245,245, 5
126,245,245, 5
127,245,245, 5
128,245,245, 5
129,245,245, 5
130,245,245, 5
131,245,245, 5
132,245,245, 5
133,245,245, 5
134,245,245, 5
135,245,245, 5
136,245,245, 5
137,245,245, 5
138,245,245, 5
139,245,245, 5
140,245,245, 5
141,245,245, 5
142,245,245, 5
143,245,245, 5
144,245,245, 5
145,245,245, 5
146,245,245, 5
147,245,245, 5
148,245,245, 5
149,245,245, 5
150,245,245, 5
151,245,245, 5
152,245,245, 5
153,245,245, 5
154,245,245, 5
155,245,245, 5
156,245,245, 5
157,245,245, 5
158,245,245, 5
159,245,245, 5
160,245,245, 5
161,245,245, 5
162,245,245, 5
163,245,245, 5
164,245,245, 5
165,245,245, 5
166,245,245, 5
167,245,245, 5
168,245,245, 5
169,245,245, 5
170,245,245, 5
171,245,245, 5
172,245,245, 5
173,245,245, 5
174,245,245, 5
175,245,245, 5
176,244,244, 6
177,244,244, 6
178,244,244, 6
179,244,244, 6
180,244,244, 6
181,244,244, 6
182,244,244, 6
183,244,244, 6
184,244,244, 6
185,244,244, 6
186,244,244, 6
187,244,244, 6
188,244,244, 6
189,244,244, 6
190,244,244, 6
191,244,244, 6
192,244,244, 6
193,244,244, 6
194,244,244, 6
195,244,244, 6
196,244,244, 6
197,244,244, 6
198,244,244, 6
199,244,244, 6
200,244,244, 6
201,244,244, 6
202,244,244, 6
203,244,244, 6
204,244,244, 6
205,244,244, 6
206,244,244, 6
207,244,244, 6
208,244,244, 6
209,244,244, 6
210,244,244, 6
211,244,244, 6
212,244,244, 6
213,244,244, 6
214,244,244, 6
215,244,244, 6
216,244,244, 6
217,244,244, 6
218,244,244, 6
219,244,244, 6
220,244,244, 6
221,244,244, 6
222,244,244, 6
223,244,244, 6
224,244,244, 6
225,244,244, 6
226,244,244, 6
227,244,244, 6
228,244,244, 6
229,244,244, 6
230,244,244, 6
231,244,244, 6
232,244,244, 6
233,244,244, 6
234,244,244, 6
235,244,244, 6
236,244,244, 6
237,244,244, 6
238,244,244, 6
239,244,244, 6
240,244,244, 6
241,244,244, 6
242,244,244, 6
243,244,244, 6
244,244,244, 6
245,244,244, 6
246,243,243, 7
247,243,243, 7
248,242,242, 8
249,242,242, 8
250,242,242, 8
251,242,242, 8
252,242,242, 8
253,242,242, 8
254,242,242, 8
255,242,242, 8
256,242,242, 8
257,242,242, 8
258,242,242, 8
259,242,242, 8
260,242,242, 8
261,242,242, 8
262,242,242, 8
263,242,242, 8
264,242,242, 8
265,242,242, 8
266,242,242, 8
267,242,242, 8
268,242,242, 8
269,242,242, 8
270,242,242, 8
271,242,242, 8
272,242,242, 8
273,242,242, 8
274,242,242, 8
275,242,242, 8
276,242,242, 8
277,242,242, 8
278,242,242, 8
279,242,242, 8
280,242,242, 8
281,242,242, 8
282,242,242, 8
283,242,242, 8
284,242,242, 8
285,242,242, 8
286,242,242, 8
287,242,242, 8
288,242,242, 8
289,242,242, 8
290,242,242, 8
291,242,242, 8
292,242,242, 8
293,242,242, 8
294,242,242, 8
295,242,242, 8
296,242,242, 8
297,242,242, 8
298,242,242, 8
299,242,242, 8
300,242,242, 8
301,242,242, 8
302,242,242, 8
303,242,242, 8
304,242,242, 8
305,242,242, 8
306,242,242, 8
307,242,242, 8
308,242,242, 8
309,242,242, 8
310,242,242, 8
311,242,242, 8
312,242,242, 8
313,242,242, 8
314,242,242, 8
315,242,242, 8
316,242,242, 8
317,242,242, 8
318,242,242, 8
319,242,242, 8
320,242,242, 8
321,242,242, 8
322,242,242, 8
323,242,242, 8
324,242,242, 8
325,242,242, 8
326,242,242, 8
327,242,242, 8
328,242,242, 8
329,242,242, 8
330,242,242, 8
331,242,242, 8
332,242,242, 8
333,242,242, 8
334,242,242, 8
335,242,242, 8
336,242,242, 8
337,242,242, 8
338,242,242, 8
339,242,242, 8
340,242,242, 8
341,242,242, 8
342,242,242, 8
343,242,242, 8
344,242,242, 8
345,242,242, 8
346,242,242, 8
347,242,242, 8
348,242,242, 8
349,242,242, 8
350,242,242, 8
351,242,242, 8
352,242,242, 8
353,242,242, 8
354,242,242, 8
355,242,242, 8
356,242,242, 8
357,242,242, 8
358,242,242, 8
359,242,242, 8
360,242,242, 8
361,242,242, 8
362,242,242, 8
363,242,242, 8
364,242,242, 8
365,242,242, 8
366,242,242, 8
367,242,242, 8
368,242,242, 8
369,242,242, 8
370,242,242, 8
371,242,242, 8
372,242,242, 8
373,242,242, 8
374,242,242, 8
375,242,242, 8
376,242,242, 8
377,242,242, 8
378,242,242, 8
379,242,242, 8
380,242,242, 8
381,242,242, 8
382,242,242, 8
383,242,242, 8
384,242,242, 8
385,242,242, 8
386,242,242, 8
387,242,242, 8
388,242,242, 8
389,242,242, 8
390,242,242, 8
391,242,242, 8
392,242,242, 8
393,242,242, 8
394,242,242, 8
395,242,242, 8
396,242,242, 8
397,242,242, 8
398,242,242, 8
399,242,242, 8
400,242,242, 8
401,242,242, 8
402,242,242, 8
403,242,242, 8
404,242,242, 8
405,242,242, 8
406,242,242, 8
407,242,242, 8
408,242,242, 8
409,242,242, 8
410,242,242, 8
411,242,242, 8
412,242,242, 8
413,242,242, 8
414,242,242, 8
415,242,242, 8
416,242,242, 8
417,242,242, 8
418,242,242, 8
419,242,242, 8
420,242,242, 8
421,242,242, 8
422,242,242, 8
423,242,242, 8
424,242,242, 8
425,242,242, 8
426,242,242, 8
427,242,242, 8
428,242,242, 8
429,242,242, 8
430,242,242, 8
431,242,242, 8
432,242,242, 8
433,242,242, 8
434,242,242, 8
435,242,242, 8
436,242,242, 8
437,242,242, 8
438,242,242, 8
439,242,242, 8
440,242,242, 8
441,242,242, 8
442,242,242, 8
443,242,242, 8
444,242,242, 8
445,242,242, 8
446,241,241, 9
447,241,241, 9
448,241,241, 9
449,241,241, 9
450,241,241, 9
451,241,241, 9
452,241,241, 9
453,241,241, 9
454,241,241, 9
455,241,241, 9
456,241,241, 9
457,241,241, 9
458,241,241, 9
459,241,241, 9
460,241,241, 9
461,241,241, 9
462,241,241, 9
463,241,241, 9
464,241,241, 9
465,241,241, 9
466,241,241, 9
467,241,241, 9
468,241,241, 9
469,241,241, 9
470,241,241, 9
471,241,241, 9
472,241,241, 9
473,241,241, 9
474,241,241, 9
475,241,241, 9
476,241,241, 9
477,241,241, 9
478,241,241, 9
479,241,241, 9
480,241,241, 9
481,241,241, 9
482,241,241, 9
483,241,241, 9
484,241,241, 9
485,241,241, 9
486,241,241, 9
487,241,241, 9
488,241,241, 9
489,241,241, 9
490,241,241, 9
491,241,241, 9
492,241,241, 9
493,241,241, 9
494,241,241, 9
495,241,241, 9
496,241,241, 9
497,241,241, 9
498,241,241, 9
499,241,241, 9
500,241,241, 9
501,241,241, 9
502,241,241, 9
503,241,241, 9
504,241,241, 9
505,241,241, 9
506,241,241, 9
507,241,241, 9
508,241,241, 9
509,241,241, 9
510,241,241, 9
511,241,241, 9
512,241,241, 9
513,241,241, 9
514,241,241, 9
515,241,241, 9
516,241,241, 9
517,241,241, 9
518,241,241, 9
519,241,241, 9
520,241,241, 9
521,241,241, 9
522,241,241, 9
523,241,241, 9
524,241,241, 9
525,241,241, 9
526,241,241, 9
527,241,241, 9
528,241,241, 9
529,241,241, 9
530,241,241, 9
531,241,241, 9
532,241,241, 9
533,241,241, 9
534,241,241, 9
535,241,241, 9
536,241,241, 9
537,241,241, 9
538,241,241, 9
539,241,241, 9
540,241,241, 9
541,241,241, 9
542,241,241, 9
543,241,241, 9
544,241,241, 9
545,241,241, 9
546,241,241, 9
547,241,241, 9
548,241,241, 9
549,241,241, 9
550,241,241, 9
551,241,241, 9
552,241,241, 9
553,241,241, 9
554,241,241, 9
555,241,241, 9
556,241,241, 9
557,241,241, 9
558,241,241, 9
559,241,241, 9
560,241,241, 9
561,241,241, 9
562,241,241, 9
563,241,241, 9
564,241,241, 9
565,241,241, 9
566,241,241, 9
567,241,241, 9
568,241,241, 9
569,241,241, 9
570,241,241, 9
571,241,241, 9
572,241,241, 9
573,241,241, 9
574,241,241, 9
575,241,241, 9
576,241,241, 9
577,241,241, 9
578,241,241, 9
579,241,241, 9
580,241,241, 9
581,241,241, 9
582,241,241, 9
583,241,241, 9
584,241,241, 9
585,241,241, 9
586,241,241, 9
587,241,241, 9
588,241,241, 9
589,241,241, 9
590,241,241, 9
591,241,241, 9
592,241,241, 9
593,241,241, 9
594,241,241, 9
595,241,241, 9
596,241,241, 9
597,241,241, 9
598,241,241, 9
599,241,241, 9
600,241,241, 9
601,241,241, 9
602,241,241, 9
603,241,241, 9
604,241,241, 9
605,241,241, 9
606,240,240, 10
607,240,240, 10
608,240,240, 10
609,240,240, 10
610,240,240, 10
611,240,240, 10
612,240,240, 10
613,240,240, 10
614,240,240, 10
615,240,240, 10
616,239,239, 11
617,239,239, 11
618,239,239, 11
619,239,239, 11
620,239,239, 11
621,239,239, 11
622,239,239, 11
623,239,239, 11
624,239,239, 11
625,239,239, 11
626,239,239, 11
627,238,238, 12
628,238,238, 12
629,238,238, 12
630,238,238, 12
631,238,238, 12
632,238,238, 12
633,238,238, 12
634,238,238, 12
635,238,238, 12
636,238,238, 12
637,238,238, 12
638,238,238, 12
639,238,238, 12
640,238,238, 12
641,238,238, 12
642,238,238, 12
643,238,238, 12
644,238,238, 12
645,238,238, 12
646,238,238, 12
647,238,238, 12
648,238,238, 12
649,238,238, 12
650,238,238, 12
651,238,238, 12
652,238,238, 12
653,238,238, 12
654,238,238, 12
655,238,238, 12
656,238,238, 12
657,238,238, 12
658,238,238, 12
659,238,238, 12
660,238,238, 12
661,238,238, 12
662,238,238, 12
663,238,238, 12
664,238,238, 12
665,238,238, 12
666,238,238, 12
667,238,238, 12
668,238,238, 12
669,238,238, 12
670,238,238, 12
671,238,238, 12
672,238,238, 12
673,238,238, 12
674,238,238, 12
675,238,238, 12
676,238,238, 12
677,238,238, 12
678,238,238, 12
679,238,238, 12
680,237,237, 13
681,237,237, 13
682,237,237, 13
683,237,237, 13
684,237,237, 13
685,237,237, 13
686,237,237, 13
687,237,237, 13
688,237,237, 13
689,237,237, 13
690,237,237, 13
691,237,237, 13
692,237,237, 13
693,236,236, 14
694,236,236, 14
695,236,236, 14
696,236,236, 14
697,236,236, 14
698,236,236, 14
699,236,236, 14
700,236,236, 14
701,236,236, 14
702,236,236, 14
703,236,236, 14
704,236,236, 14
705,236,236, 14
706,236,236, 14
707,236,236, 14
708,236,236, 14
709,236,236, 14
710,236,236, 14
711,236,236, 14
712,236,236, 14
713,236,236, 14
714,236,236, 14
715,236,236, 14
716,236,236, 14
717,236,236, 14
718,236,236, 14
719,236,236, 14
720,236,236, 14
721,235,235, 15
722,235,235, 15
723,235,235, 15
724,235,235, 15
725,235,235, 15
726,235,235, 15
727,235,235, 15
728,235,235, 15
729,235,235, 15
730,235,235, 15
731,235,235, 15
732,235,235, 15
733,235,235, 15
734,235,235, 15
735,235,235, 15
736,235,235, 15
737,235,235, 15
738,235,235, 15
739,235,235, 15
740,235,235, 15
741,235,235, 15
742,235,235, 15
743,235,235, 15
744,235,235, 15
745,235,235, 15
746,235,235, 15
747,235,235, 15
748,235,235, 15
749,235,235, 15
750,235,235, 15
751,235,235, 15
752,235,235, 15
753,235,235, 15
754,235,235, 15
755,235,235, 15
756,234,234, 16
757,234,234, 16
758,234,234, 16
759,234,234, 16
760,234,234, 16
761,234,234, 16
762,234,234, 16
763,234,234, 16
764,234,234, 16
765,234,234, 16
766,234,234, 16
767,234,234, 16
768,234,234, 16
769,234,234, 16
770,234,234, 16
771,234,234, 16
772,234,234, 16
773,234,234, 16
774,234,234, 16
775,234,234, 16
776,234,234, 16
777,234,234, 16
778,234,234, 16
779,234,234, 16
780,234,234, 16
781,234,234, 16
782,234,234, 16
783,234,234, 16
784,234,234, 16
785,234,234, 16
786,234,234, 16
787,234,234, 16
788,234,234, 16
789,234,234, 16
790,234,234, 16
791,234,234, 16
792,234,234, 16
793,234,234, 16
794,234,234, 16
795,234,234, 16
796,234,234, 16
797,234,234, 16
798,234,234, 16
799,233,233, 17
800,233,233, 17
801,233,233, 17
802,233,233, 17
803,233,233, 17
804,233,233, 17
805,233,233, 17
806,233,233, 17
807,233,233, 17
808,233,233, 17
809,233,233, 17
810,233,233, 17
811,233,233, 17
812,233,233, 17
813,233,233, 17
814,233,233, 17
815,233,233, 17
816,233,233, 17
817,233,233, 17
818,233,233, 17
819,233,233, 17
820,233,233, 17
821,233,233, 17
822,233,233, 17
823,233,233, 17
824,233,233, 17
825,233,233, 17
826,233,233, 17
827,233,233, 17
828,233,233, 17
829,233,233, 17
830,233,233, 17
831,233,233, 17
832,233,233, 17
833,233,233, 17
834,233,233, 17
835,233,233, 17
836,233,233, 17
837,233,233, 17
838,233,233, 17
839,233,233, 17
840,233,233, 17
841,233,233, 17
842,233,233, 17
843,233,233, 17
844,233,233, 17
845,233,233, 17
846,233,233, 17
847,233,233, 17
848,233,233, 17
849,233,233, 17
850,233,233, 17
851,233,233, 17
852,233,233, 17
853,233,233, 17
854,233,233, 17
855,233,233, 17
856,233,233, 17
857,233,233, 17
858,233,233, 17
859,232,232, 18
860,232,232, 18
861,232,232, 18
862,232,232, 18
863,232,232, 18
864,232,232, 18
865,232,232, 18
866,232,232, 18
867,232,232, 18
868,232,232, 18
869,232,232, 18
870,232,232, 18
871,232,232, 18
872,232,232, 18
873,232,232, 18
874,232,232, 18
875,232,232, 18
876,232,232, 18
877,232,232, 18
878,232,232, 18
879,232,232, 18
880,232,232, 18
881,232,232, 18
882,232,232, 18
883,232,232, 18
884,232,232, 18
885,232,232, 18
886,232,232, 18
887,232,232, 18
888,232,232, 18
889,232,232, 18
890,232,232, 18
891,232,232, 18
892,232,232, 18
893,232,232, 18
894,232,232, 18
895,232,232, 18
896,232,232, 18
897,232,232, 18
898,232,232, 18
899,232,232, 18
900,232,232, 18
901,232,232, 18
902,232,232, 18
903,232,232, 18
904,232,232, 18
905,232,232, 18
906,232,232, 18
907,232,232, 18
908,232,232, 18
909,232,232, 18
910,232,232, 18
911,232,232, 18
912,232,232, 18
913,232,232, 18
914,232,232, 18
915,232,232, 18
916,232,232, 18
917,232,232, 18
918,232,232, 18
919,232,232, 18
920,232,232, 18
921,232,232, 18
922,232,232, 18
923,232,232, 18
924,232,232, 18
925,232,232, 18
926,232,232, 18
927,232,232, 18
928,232,232, 18
929,232,232, 18
930,232,232, 18
931,232,232, 18
932,232,232, 18
933,232,232, 18
934,232,232, 18
935,232,232, 18
936,232,232, 18
937,232,232, 18
938,232,232, 18
939,232,232, 18
940,232,232, 18
941,232,232, 18
942,232,232, 18
943,232,232, 18
944,232,232, 18
945,232,232, 18
946,232,232, 18
947,232,232, 18
948,232,232, 18
949,232,232, 18
950,232,232, 18
951,232,232, 18
952,232,232, 18
953,232,232, 18
954,232,232, 18
955,232,232, 18
956,232,232, 18
957,232,232, 18
958,232,232, 18
959,232,232, 18
960,232,232, 18
961,232,232, 18
962,232,232, 18
963,232,232, 18
964,232,232, 18
965,232,232, 18
966,232,232, 18
967,232,232, 18
968,232,232, 18
969,232,232, 18
970,232,232, 18
971,232,232, 18
972,232,232, 18
973,232,232, 18
974,232,232, 18
975,232,232, 18
976,232,232, 18
977,232,232, 18
978,232,232, 18
979,232,232, 18
980,232,232, 18
981,232,232, 18
982,232,232, 18
983,232,232, 18
984,231,231, 19
985,231,231, 19
986,231,231, 19
987,231,231, 19
988,231,231, 19
989,231,231, 19
990,231,231, 19
991,231,231, 19
992,231,231, 19
993,231,231, 19
994,231,231, 19
995,231,231, 19
996,229,229, 21
997,229,229, 21
998,229,229, 21
999,229,229, 21
1000,229,229, 21
1001,229,229, 21
1002,229,229, 21
1003,229,229, 21
1004,229,229, 21
1005,229,229, 21
1006,229,229, 21
1007,229,229, 21
1008,229,229, 21
1009,229,229, 21
1010,229,229, 21
1011,229,229, 21
1012,229,229, 21
1013,229,229, 21
1014,229,229, 21
1015,229,229, 21
1016,229,229, 21
1017,229,229, 21
1018,229,229, 21
1019,229,229, 21
1020,229,229, 21
1021,229,229, 21
1022,229,229, 21
1023,229,229, 21
1024,229,229, 21
1025,229,229, 21
1026,229,229, 21
1027,229,229, 21
1028,229,229, 21
1029,229,229, 21
1030,229,229, 21
1031,229,229, 21
1032,229,229, 21
1033,229,229, 21
1034,229,229, 21
1035,229,229, 21
1036,229,229, 21
1037,229,229, 21
1038,229,229, 21
1039,229,229, 21
1040,229,229, 21
1041,229,229, 21
1042,229,229, 21
1043,229,229, 21
1044,229,229, 21
1045,229,229, 21
1046,229,229, 21
1047,229,229, 21
1048,229,229, 21
1049,229,229, 21
1050,229,229, 21
1051,229,229, 21
1052,229,229, 21
1053,229,229, 21
1054,228,228, 22
1055,228,228, 22
1056,228,228, 22
1057,227,227, 23
1058,227,227, 23
1059,227,227, 23
1060,227,227, 23
1061,227,227, 23
1062,227,227, 23
1063,227,227, 23
1064,227,227, 23
1065,227,227, 23
1066,227,227, 23
1067,227,227, 23
1068,227,227, 23
1069,227,227, 23
1070,227,227, 23
1071,227,227, 23
1072,227,227, 23
1073,227,227, 23
1074,227,227, 23
1075,227,227, 23
1076,227,227, 23
1077,227,227, 23
1078,227,227, 23
1079,227,227, 23
1080,227,227, 23
1081,227,227, 23
1082,227,227, 23
1083,227,227, 23
1084,227,227, 23
1085,227,227, 23
1086,227,227, 23
1087,227,227, 23
1088,227,227, 23
1089,227,227, 23
1090,227,227, 23
1091,227,227, 23
1092,227,227, 23
1093,227,227, 23
1094,227,227, 23
1095,227,227, 23
1096,227,227, 23
1097,227,227, 23
1098,227,227, 23
1099,227,227, 23
1100,227,227, 23
1101,227,227, 23
1102,227,227, 23
1103,227,227, 23
1104,227,227, 23
1105,227,227, 23
1106,227,227, 23
1107,227,227, 23
1108,227,227, 23
1109,227,227, 23
1110,227,227, 23
1111,227,227, 23
1112,227,227, 23
1113,227,227, 23
1114,227,227, 23
1115,226,226, 24
1116,226,226, 24
1117,226,226, 24
1118,226,226, 24
1119,226,226, 24
1120,226,226, 24
1121,226,226, 24
1122,226,226, 24
1123,226,226, 24
1124,226,226, 24
1125,226,226, 24
1126,226,226, 24
1127,226,226, 24
1128,225,225, 25
1129,225,225, 25
1130,225,225, 25
1131,225,225, 25
1132,225,225, 25
1133,225,225, 25
1134,225,225, 25
1135,225,225, 25
1136,225,225, 25
1137,225,225, 25
1138,225,225, 25
1139,225,225, 25
1140,225,225, 25
1141,225,225, 25
1142,225,225, 25
1143,225,225, 25
1144,225,225, 25
1145,225,225, 25
1146,225,225, 25
1147,225,225, 25
1148,224,224, 26
1149,224,224, 26
1150,224,224, 26
1151,224,224, 26
1152,224,224, 26
1153,224,224, 26
1154,224,224, 26
1155,224,224, 26
1156,224,224, 26
1157,224,224, 26
1158,224,224, 26
1159,224,224, 26
1160,224,224, 26
1161,224,224, 26
1162,224,224, 26
1163,224,224, 26
1164,224,224, 26
1165,224,224, 26
1166,224,224, 26
1167,224,224, 26
1168,224,224, 26
1169,224,224, 26
1170,224,224, 26
1171,224,224, 26
1172,224,224, 26
1173,224,224, 26
1174,224,224, 26
1175,224,224, 26
1176,224,224, 26
1177,224,224, 26
1178,224,224, 26
1179,224,224, 26
1180,224,224, 26
1181,224,224, 26
1182,224,224, 26
1183,224,224, 26
1184,224,224, 26
1185,224,224, 26
1186,224,224, 26
1187,224,224, 26
1188,224,224, 26
1189,224,224, 26
1190,224,224, 26
1191,224,224, 26
1192,224,224, 26
1193,224,224, 26
1194,224,224, 26
1195,224,224, 26
1196,224,224, 26
1197,224,224, 26
1198,224,224, 26
1199,224,224, 26
1200,224,224, 26
1201,224,224, 26
1202,224,224, 26
1203,224,224, 26
1204,224,224, 26
1205,224,224, 26
1206,224,224, 26
1207,224,224, 26
1208,224,224, 26
1209,224,224, 26
1210,224,224, 26
1211,224,224, 26
1212,224,224, 26
1213,224,224, 26
1214,224,224, 26
1215,224,224, 26
1216,224,224, 26
1217,224,224, 26
1218,224,224, 26
1219,224,224, 26
1220,224,224, 26
1221,224,224, 26
1222,224,224, 26
1223,224,224, 26
1224,224,224, 26
1225,224,224, 26
1226,224,224, 26
1227,224,224, 26
1228,224,224, 26
1229,224,224, 26
1230,224,224, 26
1231,224,224, 26
1232,224,224, 26
1233,224,224, 26
1234,223,223, 27
1235,223,223, 27
1236,223,223, 27
1237,223,223, 27
1238,222,222, 28
1239,222,222, 28
1240,222,222, 28
1241,222,222, 28
1242,222,222, 28
1243,222,222, 28
1244,222,222, 28
1245,222,222, 28
1246,222,222, 28
1247,222,222, 28
1248,222,222, 28
1249,222,222, 28
1250,222,222, 28
1251,222,222, 28
1252,222,222, 28
1253,222,222, 28
1254,222,222, 28
1255,222,222, 28
1256,222,222, 28
1257,222,222, 28
1258,222,222, 28
1259,222,222, 28
1260,222,222, 28
1261,222,222, 28
1262,222,222, 28
1263,222,222, 28
1264,222,222, 28
1265,221,221, 29
1266,221,221, 29
1267,221,221, 29
1268,221,221, 29
1269,221,221, 29
1270,221,221, 29
1271,221,221, 29
1272,221,221, 29
1273,221,221, 29
1274,221,221, 29
1275,221,221, 29
1276,221,221, 29
1277,221,221, 29
1278,221,221, 29
1279,221,221, 29
1280,221,221, 29
1281,221,221, 29
1282,221,221, 29
1283,221,221, 29
1284,221,221, 29
1285,221,221, 29
1286,221,221, 29
1287,221,221, 29
1288,221,221, 29
1289,221,221, 29
1290,221,221, 29
1291,221,221, 29
1292,221,221, 29
1293,221,221, 29
1294,221,221, 29
1295,221,221, 29
1296,221,221, 29
1297,221,221, 29
1298,221,221, 29
1299,221,221, 29
1300,221,221, 29
1301,221,221, 29
1302,221,221, 29
1303,221,221, 29
1304,221,221, 29
1305,221,221, 29
1306,221,221, 29
1307,221,221, 29
1308,221,221, 29
1309,221,221, 29
1310,221,221, 29
1311,221,221, 29
1312,221,221, 29
1313,221,221, 29
1314,221,221, 29
1315,221,221, 29
1316,221,221, 29
1317,221,221, 29
1318,221,221, 29
1319,221,221, 29
1320,221,221, 29
1321,221,221, 29
1322,221,221, 29
1323,221,221, 29
1324,221,221, 29
1325,221,221, 29
1326,221,221, 29
1327,221,221, 29
1328,221,221, 29
1329,221,221, 29
1330,221,221, 29
1331,221,221, 29
1332,221,221, 29
1333,221,221, 29
1334,221,221, 29
1335,221,221, 29
1336,221,221, 29
1337,221,221, 29
1338,221,221, 29
1339,221,221, 29
1340,221,221, 29
1341,221,221, 29
1342,221,221, 29
1343,221,221, 29
1344,221,221, 29
1345,221,221, 29
1346,221,221, 29
1347,221,221, 29
1348,221,221, 29
1349,221,221, 29
1350,221,221, 29
1351,221,221, 29
1352,221,221, 29
1353,221,221, 29
1354,221,221, 29
1355,221,221, 29
1356,221,221, 29
1357,221,221, 29
1358,221,221, 29
1359,221,221, 29
1360,221,221, 29
1361,221,221, 29
1362,221,221, 29
1363,221,221, 29
1364,221,221, 29
1365,221,221, 29
1366,221,221, 29
1367,221,221, 29
1368,221,221, 29
1369,221,221, 29
1370,221,221, 29
1371,221,221, 29
1372,221,221, 29
1373,221,221, 29
1374,221,221, 29
1375,221,221, 29
1376,221,221, 29
1377,221,221, 29
1378,221,221, 29
1379,221,221, 29
1380,221,221, 29
1381,221,221, 29
1382,221,221, 29
1383,221,221, 29
1384,221,221, 29
1385,221,221, 29
1386,221,221, 29
1387,221,221, 29
1388,221,221, 29
1389,221,221, 29
1390,221,221, 29
1391,221,221, 29
1392,221,221, 29
1393,221,221, 29
1394,221,221, 29
1395,221,221, 29
1396,221,221, 29
1397,221,221, 29
1398,221,221, 29
1399,221,221, 29
1400,221,221, 29
1401,221,221, 29
1402,221,221, 29
1403,221,221, 29
1404,221,221, 29
1405,221,221, 29
1406,221,221, 29
1407,221,221, 29
1408,221,221, 29
1409,221,221, 29
1410,221,221, 29
1411,221,221, 29
1412,221,221, 29
1413,221,221, 29
1414,221,221, 29
1415,221,221, 29
1416,221,221, 29
1417,221,221, 29
1418,221,221, 29
1419,221,221, 29
1420,221,221, 29
1421,221,221, 29
1422,221,221, 29
1423,221,221, 29
1424,221,221, 29
1425,221,221, 29
1426,221,221, 29
1427,221,221, 29
1428,221,221, 29
1429,221,221, 29
1430,221,221, 29
1431,221,221, 29
1432,221,221, 29
1433,221,221, 29
1434,221,221, 29
1435,221,221, 29
1436,221,221, 29
1437,221,221, 29
1438,221,221, 29
1439,221,221, 29
1440,221,221, 29
1441,221,221, 29
1442,221,221, 29
1443,221,221, 29
1444,221,221, 29
1445,221,221, 29
1446,221,221, 29
1447,221,221, 29
1448,221,221, 29
1449,221,221, 29
1450,221,221, 29
1451,221,221, 29
1452,221,221, 29
1453,221,221, 29
1454,221,221, 29
1455,221,221, 29
1456,221,221, 29
1457,221,221, 29
1458,221,221, 29
1459,221,221, 29
1460,221,221, 29
1461,221,221, 29
1462,221,221, 29
1463,221,221, 29
1464,221,221, 29
1465,221,221, 29
1466,221,221, 29
1467,221,221, 29
1468,221,221, 29
1469,221,221, 29
1470,221,221, 29
1471,221,221, 29
1472,221,221, 29
1473,221,221, 29
1474,221,221, 29
1475,221,221, 29
1476,221,221, 29
1477,221,221, 29
1478,221,221, 29
1479,221,221, 29
1480,221,221, 29
1481,221,221, 29
1482,221,221, 29
1483,221,221, 29
1484,221,221, 29
1485,221,221, 29
1486,221,221, 29
1487,221,221, 29
1488,221,221, 29
1489,221,221, 29
1490,221,221, 29
1491,221,221, 29
1492,221,221, 29
1493,221,221, 29
1494,221,221, 29
1495,221,221, 29
1496,221,221, 29
1497,221,221, 29
1498,221,221, 29
1499,221,221, 29
