0,250,250, 0
1,248,248, 2
2,248,248, 2
3,248,248, 2
4,248,248, 2
5,248,248, 2
6,248,248, 2
7,248,248, 2
8,248,248, 2
9,247,247, 3
10,247,247, 3
11,247,247, 3
12,247,247, 3
13,247,247, 3
14,247,247, 3
15,247,247, 3
16,247,247, 3
17,247,247, 3
18,247,247, 3
19,246,246, 4
20,246,246, 4
21,246,246, 4
22,246,246, 4
23,246,246, 4
24,246,246, 4
25,246,246, 4
26,246,246, 4
27,246,246, 4
28,246,246, 4
29,246,246, 4
30,246,246, 4
31,246,246, 4
32,246,246, 4
33,246,246, 4
34,246,246, 4
35,246,246, 4
36,246,246, 4
37,246,246, 4
38,246,246, 4
39,246,246, 4
40,246,246, 4
41,246,246, 4
42,246,246, 4
43,246,246, 4
44,246,246, 4
45,245,245, 5
46,245,245, 5
47,245,245, 5
48,245,245, 5
49,244,244, 6
50,244,244, 6
51,244,244, 6
52,244,244, 6
53,243,243, 7
54,243,243, 7
55,243,243, 7
56,243,243, 7
57,243,243, 7
58,243,243, 7
59,243,243, 7
60,242,242, 8
61,242,242, 8
62,242,242, 8
63,242,242, 8
64,242,242, 8
65,242,242, 8
66,242,242, 8
67,242,242, 8
68,242,242, 8
69,242,242, 8
70,242,242, 8
71,242,242, 8
72,242,242, 8
73,242,242, 8
74,242,242, 8
75,242,242, 8
76,242,242, 8
77,242,242, 8
78,242,242, 8
79,242,242, 8
80,242,242, 8
81,242,242, 8
82,241,241, 9
83,241,241, 9
84,240,240, 10
85,240,240, 10
86,240,240, 10
87,240,240, 10
88,240,240, 10
89,240,240, 10
90,240,240, 10
91,240,240, 10
92,240,240, 10
93,239,239, 11
94,239,239, 11
95,239,239, 11
96,239,239, 11
97,239,239, 11
98,239,239, 11
99,239,239, 11
100,239,239, 11
101,239,239, 11
102,239,239, 11
103,239,239, 11
104,239,239, 11
105,239,239, 11
106,239,239, 11
107,239,239, 11
108,239,239, 11
109,239,239, 11
110,239,239, 11
111,239,239, 11
112,238,238, 12
113,238,238, 12
114,238,238, 12
115,238,238, 12
116,238,238, 12
117,238,238, 12
118,238,238, 12
119,238,238, 12
120,238,238, 12
121,238,238, 12
122,238,238, 12
123,238,238, 12
124,238,238, 12
125,238,238, 12
126,238,238, 12
127,238,238, 12
128,238,238, 12
129,238,238, 12
130,238,238, 12
131,238,238, 12
132,238,238, 12
133,238,238, 12
134,238,238, 12
135,238,238, 12
136,237,237, 13
137,237,237, 13
138,237,237, 13
139,237,237, 13
140,237,237, 13
141,237,237, 13
142,237,237, 13
143,237,237, 13
144,236,236, 14
145,236,236, 14
146,236,236, 14
147,236,236, 14
148,236,236, 14
149,236,236, 14
150,236,236, 14
151,236,236, 14
152,236,236, 14
153,236,236, 14
154,236,236, 14
155,236,236, 14
156,236,236, 14
157,236,236, 14
158,236,236, 14
159,236,236, 14
160,236,236, 14
161,236,236, 14
162,236,236, 14
163,236,236, 14
164,236,236, 14
165,236,236, 14
166,236,236, 14
167,236,236, 14
168,236,236, 14
169,236,236, 14
170,236,236, 14
171,236,236, 14
172,236,236, 14
173,236,236, 14
174,236,236, 14
175,236,236, 14
176,236,236, 14
177,236,236, 14
178,236,236, 14
179,236,236, 14
180,236,236, 14
181,236,236, 14
182,236,236, 14
183,236,236, 14
184,236,236, 14
185,236,236, 14
186,236,236, 14
187,236,236, 14
188,236,236, 14
189,236,236, 14
190,236,236, 14
191,236,236, 14
192,236,236, 14
193,236,236, 14
194,236,236, 14
195,236,236, 14
196,236,236, 14
197,236,236, 14
198,236,236, 14
199,236,236, 14
200,236,236, 14
201,236,236, 14
202,236,236, 14
203,236,236, 14
204,236,236, 14
205,236,236, 14
206,236,236, 14
207,236,236, 14
208,236,236, 14
209,236,236, 14
210,236,236, 14
211,236,236, 14
212,236,236, 14
213,236,236, 14
214,236,236, 14
215,236,236, 14
216,236,236, 14
217,236,236, 14
218,236,236, 14
219,236,236, 14
220,236,236, 14
221,236,236, 14
222,236,236, 14
223,236,236, 14
224,236,236, 14
225,236,236, 14
226,236,236, 14
227,236,236, 14
228,236,236, 14
229,236,236, 14
230,236,236, 14
231,236,236, 14
232,236,236, 14
233,236,236, 14
234,236,236, 14
235,236,236, 14
236,236,236, 14
237,236,236, 14
238,236,236, 14
239,236,236, 14
240,236,236, 14
241,236,236, 14
242,236,236, 14
243,236,236, 14
244,236,236, 14
245,236,236, 14
246,236,236, 14
247,236,236, 14
248,236,236, 14
249,236,236, 14
250,236,236, 14
251,236,236, 14
252,236,236, 14
253,236,236, 14
254,236,236, 14
255,236,236, 14
256,236,236, 14
257,236,236, 14
258,236,236, 14
259,236,236, 14
260,235,235, 15
261,235,235, 15
262,235,235, 15
263,235,235, 15
264,234,234, 16
265,234,234, 16
266,234,234, 16
267,234,234, 16
268,234,234, 16
269,234,234, 16
270,234,234, 16
271,233,233, 17
272,233,233, 17
273,233,233, 17
274,233,233, 17
275,233,233, 17
276,233,233, 17
277,233,233, 17
278,232,232, 18
279,232,232, 18
280,232,232, 18
281,232,232, 18
282,232,232, 18
283,232,232, 18
284,232,232, 18
285,232,232, 18
286,232,232, 18
287,232,232, 18
288,231,231, 19
289,231,231, 19
290,231,231, 19
291,231,231, 19
292,231,231, 19
293,231,231, 19
294,231,231, 19
295,231,231, 19
296,231,231, 19
297,231,231, 19
298,231,231, 19
299,231,231, 19
300,231,231, 19
301,231,231, 19
302,231,231, 19
303,231,231, 19
304,231,231, 19
305,231,231, 19
306,231,231, 19
307,231,231, 19
308,231,231, 19
309,231,231, 19
310,231,231, 19
311,231,231, 19
312,231,231, 19
313,231,231, 19
314,231,231, 19
315,231,231, 19
316,231,231, 19
317,231,231, 19
318,231,231, 19
319,231,231, 19
320,231,231, 19
321,231,231, 19
322,231,231, 19
323,231,231, 19
324,231,231, 19
325,231,231, 19
326,231,231, 19
327,231,231, 19
328,231,231, 19
329,231,231, 19
330,231,231, 19
331,231,231, 19
332,231,231, 19
333,231,231, 19
334,231,231, 19
335,231,231, 19
336,231,231, 19
337,231,231, 19
338,231,231, 19
339,231,231, 19
340,231,231, 19
341,231,231, 19
342,231,231, 19
343,231,231, 19
344,231,231, 19
345,231,231, 19
346,231,231, 19
347,230,230, 20
348,230,230, 20
349,230,230, 20
350,230,230, 20
351,230,230, 20
352,230,230, 20
353,230,230, 20
354,230,230, 20
355,230,230, 20
356,230,230, 20
357,230,230, 20
358,230,230, 20
359,230,230, 20
360,230,230, 20
361,230,230, 20
362,230,230, 20
363,230,230, 20
364,230,230, 20
365,230,230, 20
366,230,230, 20
367,230,230, 20
368,230,230, 20
369,230,230, 20
370,230,230, 20
371,230,230, 20
372,230,230, 20
373,230,230, 20
374,230,230, 20
375,230,230, 20
376,230,230, 20
377,230,230, 20
378,230,230, 20
379,230,230, 20
380,230,230, 20
381,230,230, 20
382,230,230, 20
383,230,230, 20
384,230,230, 20
385,230,230, 20
386,230,230, 20
387,230,230, 20
388,230,230, 20
389,230,230, 20
390,230,230, 20
391,230,230, 20
392,230,230, 20
393,230,230, 20
394,230,230, 20
395,230,230, 20
396,230,230, 20
397,230,230, 20
398,230,230, 20
399,230,230, 20
400,230,230, 20
401,230,230, 20
402,230,230, 20
403,230,230, 20
404,230,230, 20
405,230,230, 20
406,230,230, 20
407,230,230, 20
408,230,230, 20
409,230,230, 20
410,230,230, 20
411,230,230, 20
412,230,230, 20
413,230,230, 20
414,230,230, 20
415,230,230, 20
416,230,230, 20
417,230,230, 20
418,230,230, 20
419,230,230, 20
420,230,230, 20
421,230,230, 20
422,230,230, 20
423,230,230, 20
424,230,230, 20
425,230,230, 20
426,230,230, 20
427,230,230, 20
428,230,230, 20
429,230,230, 20
430,230,230, 20
431,230,230, 20
432,230,230, 20
433,230,230, 20
434,230,230, 20
435,230,230, 20
436,230,230, 20
437,230,230, 20
438,230,230, 20
439,230,230, 20
440,229,229, 21
441,229,229, 21
442,229,229, 21
443,229,229, 21
444,229,229, 21
445,229,229, 21
446,229,229, 21
447,229,229, 21
448,228,228, 22
449,228,228, 22
450,228,228, 22
451,228,228, 22
452,228,228, 22
453,228,228, 22
454,228,228, 22
455,228,228, 22
456,228,228, 22
457,228,228, 22
458,228,228, 22
459,228,228, 22
460,228,228, 22
461,228,228, 22
462,228,228, 22
463,228,228, 22
464,228,228, 22
465,228,228, 22
466,228,228, 22
467,228,228, 22
468,228,228, 22
469,228,228, 22
470,228,228, 22
471,228,228, 22
472,228,228, 22
473,228,228, 22
474,228,228, 22
475,228,228, 22
476,228,228, 22
477,228,228, 22
478,228,228, 22
479,228,228, 22
480,228,228, 22
481,228,228, 22
482,228,228, 22
483,228,228, 22
484,228,228, 22
485,228,228, 22
486,228,228, 22
487,227,227, 23
488,227,227, 23
489,227,227, 23
490,227,227, 23
491,227,227, 23
492,227,227, 23
493,227,227, 23
494,227,227, 23
495,227,227, 23
496,227,227, 23
497,227,227, 23
498,227,227, 23
499,227,227, 23
500,227,227, 23
501,227,227, 23
502,227,227, 23
503,227,227, 23
504,227,227, 23
505,227,227, 23
506,227,227, 23
507,227,227, 23
508,227,227, 23
509,227,227, 23
510,227,227, 23
511,227,227, 23
512,227,227, 23
513,227,227, 23
514,227,227, 23
515,227,227, 23
516,227,227, 23
517,227,227, 23
518,227,227, 23
519,227,227, 23
520,227,227, 23
521,227,227, 23
522,227,227, 23
523,227,227, 23
524,227,227, 23
525,227,227, 23
526,227,227, 23
527,227,227, 23
528,227,227, 23
529,227,227, 23
530,227,227, 23
531,227,227, 23
532,227,227, 23
533,227,227, 23
534,227,227, 23
535,227,227, 23
536,227,227, 23
537,227,227, 23
538,227,227, 23
539,227,227, 23
540,227,227, 23
541,227,227, 23
542,227,227, 23
543,227,227, 23
544,227,227, 23
545,227,227, 23
546,227,227, 23
547,227,227, 23
548,227,227, 23
549,227,227, 23
550,227,227, 23
551,227,227, 23
552,227,227, 23
553,227,227, 23
554,227,227, 23
555,227,227, 23
556,227,227, 23
557,227,227, 23
558,227,227, 23
559,227,227, 23
560,227,227, 23
561,227,227, 23
562,227,227, 23
563,227,227, 23
564,227,227, 23
565,227,227, 23
566,227,227, 23
567,227,227, 23
568,227,227, 23
569,227,227, 23
570,227,227, 23
571,227,227, 23
572,227,227, 23
573,227,227, 23
574,227,227, 23
575,227,227, 23
576,227,227, 23
577,227,227, 23
578,227,227, 23
579,227,227, 23
580,227,227, 23
581,227,227, 23
582,227,227, 23
583,227,227, 23
584,227,227, 23
585,227,227, 23
586,227,227, 23
587,227,227, 23
588,227,227, 23
589,227,227, 23
590,227,227, 23
591,227,227, 23
592,227,227, 23
593,227,227, 23
594,227,227, 23
595,227,227, 23
596,227,227, 23
597,227,227, 23
598,227,227, 23
599,227,227, 23
600,227,227, 23
601,227,227, 23
602,227,227, 23
603,227,227, 23
604,227,227, 23
605,227,227, 23
606,227,227, 23
607,227,227, 23
608,227,227, 23
609,227,227, 23
610,227,227, 23
611,227,227, 23
612,227,227, 23
613,227,227, 23
614,227,227, 23
615,227,227, 23
616,227,227, 23
617,227,227, 23
618,227,227, 23
619,227,227, 23
620,227,227, 23
621,227,227, 23
622,227,227, 23
623,227,227, 23
624,227,227, 23
625,227,227, 23
626,227,227, 23
627,227,227, 23
628,227,227, 23
629,227,227, 23
630,227,227, 23
631,227,227, 23
632,227,227, 23
633,227,227, 23
634,227,227, 23
635,227,227, 23
636,227,227, 23
637,227,227, 23
638,227,227, 23
639,227,227, 23
640,227,227, 23
641,227,227, 23
642,227,227, 23
643,227,227, 23
644,227,227, 23
645,227,227, 23
646,227,227, 23
647,227,227, 23
648,227,227, 23
649,227,227, 23
650,227,227, 23
651,227,227, 23
652,227,227, 23
653,227,227, 23
654,227,227, 23
655,227,227, 23
656,227,227, 23
657,227,227, 23
658,227,227, 23
659,227,227, 23
660,227,227, 23
661,227,227, 23
662,227,227, 23
663,226,226, 24
664,226,226, 24
665,226,226, 24
666,226,226, 24
667,226,226, 24
668,226,226, 24
669,226,226, 24
670,226,226, 24
671,226,226, 24
672,226,226, 24
673,226,226, 24
674,226,226, 24
675,226,226, 24
676,226,226, 24
677,226,226, 24
678,226,226, 24
679,226,226, 24
680,226,226, 24
681,226,226, 24
682,226,226, 24
683,226,226, 24
684,226,226, 24
685,226,226, 24
686,226,226, 24
687,226,226, 24
688,226,226, 24
689,226,226, 24
690,226,226, 24
691,226,226, 24
692,226,226, 24
693,226,226, 24
694,226,226, 24
695,226,226, 24
696,226,226, 24
697,226,226, 24
698,226,226, 24
699,226,226, 24
700,226,226, 24
701,225,225, 25
702,225,225, 25
703,225,225, 25
704,225,225, 25
705,225,225, 25
706,225,225, 25
707,225,225, 25
708,225,225, 25
709,225,225, 25
710,225,225, 25
711,225,225, 25
712,225,225, 25
713,225,225, 25
714,225,225, 25
715,225,225, 25
716,225,225, 25
717,225,225, 25
718,225,225, 25
719,225,225, 25
720,225,225, 25
721,225,225, 25
722,225,225, 25
723,225,225, 25
724,224,224, 26
725,224,224, 26
726,224,224, 26
727,224,224, 26
728,224,224, 26
729,224,224, 26
730,224,224, 26
731,224,224, 26
732,224,224, 26
733,224,224, 26
734,224,224, 26
735,224,224, 26
736,224,224, 26
737,224,224, 26
738,224,224, 26
739,224,224, 26
740,224,224, 26
741,224,224, 26
742,224,224, 26
743,224,224, 26
744,224,224, 26
745,224,224, 26
746,224,224, 26
747,224,224, 26
748,224,224, 26
749,224,224, 26
750,224,224, 26
751,224,224, 26
752,224,224, 26
753,224,224, 26
754,224,224, 26
755,224,224, 26
756,224,224, 26
757,224,224, 26
758,224,224, 26
759,224,224, 26
760,224,224, 26
761,224,224, 26
762,224,224, 26
763,224,224, 26
764,224,224, 26
765,224,224, 26
766,224,224, 26
767,224,224, 26
768,224,224, 26
769,224,224, 26
770,224,224, 26
771,224,224, 26
772,224,224, 26
773,224,224, 26
774,224,224, 26
775,224,224, 26
776,224,224, 26
777,224,224, 26
778,224,224, 26
779,224,224, 26
780,224,224, 26
781,223,223, 27
782,223,223, 27
783,223,223, 27
784,223,223, 27
785,223,223, 27
786,223,223, 27
787,223,223, 27
788,223,223, 27
789,223,223, 27
790,223,223, 27
791,223,223, 27
792,223,223, 27
793,223,223, 27
794,223,223, 27
795,223,223, 27
796,223,223, 27
797,223,223, 27
798,223,223, 27
799,223,223, 27
800,223,223, 27
801,223,223, 27
802,223,223, 27
803,223,223, 27
804,223,223, 27
805,223,223, 27
806,223,223, 27
807,223,223, 27
808,223,223, 27
809,223,223, 27
810,223,223, 27
811,223,223, 27
812,223,223, 27
813,223,223, 27
814,223,223, 27
815,223,223, 27
816,223,223, 27
817,223,223, 27
818,223,223, 27
819,223,223, 27
820,223,223, 27
821,223,223, 27
822,223,223, 27
823,223,223, 27
824,223,223, 27
825,223,223, 27
826,223,223, 27
827,223,223, 27
828,223,223, 27
829,223,223, 27
830,223,223, 27
831,223,223, 27
832,223,223, 27
833,223,223, 27
834,223,223, 27
835,223,223, 27
836,223,223, 27
837,223,223, 27
838,223,223, 27
839,223,223, 27
840,223,223, 27
841,223,223, 27
842,223,223, 27
843,223,223, 27
844,223,223, 27
845,223,223, 27
846,223,223, 27
847,223,223, 27
848,223,223, 27
849,223,223, 27
850,223,223, 27
851,223,223, 27
852,223,223, 27
853,223,223, 27
854,223,223, 27
855,223,223, 27
856,223,223, 27
857,223,223, 27
858,223,223, 27
859,223,223, 27
860,223,223, 27
861,223,223, 27
862,223,223, 27
863,223,223, 27
864,223,223, 27
865,222,222, 28
866,222,222, 28
867,222,222, 28
868,222,222, 28
869,222,222, 28
870,222,222, 28
871,222,222, 28
872,222,222, 28
873,222,222, 28
874,222,222, 28
875,222,222, 28
876,222,222, 28
877,222,222, 28
878,222,222, 28
879,222,222, 28
880,222,222, 28
881,222,222, 28
882,222,222, 28
883,222,222, 28
884,222,222, 28
885,222,222, 28
886,222,222, 28
887,222,222, 28
888,222,222, 28
889,222,222, 28
890,222,222, 28
891,222,222, 28
892,222,222, 28
893,222,222, 28
894,222,222, 28
895,222,222, 28
896,222,222, 28
897,222,222, 28
898,222,222, 28
899,222,222, 28
900,222,222, 28
901,222,222, 28
902,222,222, 28
903,222,222, 28
904,222,222, 28
905,222,222, 28
906,222,222, 28
907,222,222, 28
908,222,222, 28
909,222,222, 28
910,222,222, 28
911,222,222, 28
912,222,222, 28
913,222,222, 28
914,222,222, 28
915,222,222, 28
916,222,222, 28
917,222,222, 28
918,222,222, 28
919,222,222, 28
920,222,222, 28
921,222,222, 28
922,222,222, 28
923,222,222, 28
924,222,222, 28
925,222,222, 28
926,222,222, 28
927,222,222, 28
928,222,222, 28
929,222,222, 28
930,222,222, 28
931,222,222, 28
932,222,222, 28
933,222,222, 28
934,222,222, 28
935,222,222, 28
936,222,222, 28
937,222,222, 28
938,222,222, 28
939,222,222, 28
940,222,222, 28
941,222,222, 28
942,222,222, 28
943,222,222, 28
944,222,222, 28
945,222,222, 28
946,222,222, 28
947,222,222, 28
948,222,222, 28
949,222,222, 28
950,222,222, 28
951,222,222, 28
952,222,222, 28
953,222,222, 28
954,222,222, 28
955,222,222, 28
956,222,222, 28
957,222,222, 28
958,222,222, 28
959,222,222, 28
960,222,222, 28
961,222,222, 28
962,222,222, 28
963,222,222, 28
964,222,222, 28
965,222,222, 28
966,222,222, 28
967,222,222, 28
968,222,222, 28
969,222,222, 28
970,222,222, 28
971,222,222, 28
972,222,222, 28
973,222,222, 28
974,222,222, 28
975,222,222, 28
976,222,222, 28
977,222,222, 28
978,222,222, 28
979,222,222, 28
980,222,222, 28
981,222,222, 28
982,222,222, 28
983,222,222, 28
984,222,222, 28
985,222,222, 28
986,222,222, 28
987,222,222, 28
988,222,222, 28
989,222,222, 28
990,222,222, 28
991,222,222, 28
992,222,222, 28
993,222,222, 28
994,222,222, 28
995,222,222, 28
996,222,222, 28
997,222,222, 28
998,222,222, 28
999,222,222, 28
1000,222,222, 28
1001,222,222, 28
1002,222,222, 28
1003,222,222, 28
1004,222,222, 28
1005,222,222, 28
1006,222,222, 28
1007,222,222, 28
1008,222,222, 28
1009,222,222, 28
1010,222,222, 28
1011,222,222, 28
1012,221,221, 29
1013,221,221, 29
1014,221,221, 29
1015,221,221, 29
1016,221,221, 29
1017,221,221, 29
1018,221,221, 29
1019,221,221, 29
1020,221,221, 29
1021,221,221, 29
1022,221,221, 29
1023,221,221, 29
1024,221,221, 29
1025,221,221, 29
1026,221,221, 29
1027,221,221, 29
1028,221,221, 29
1029,221,221, 29
1030,221,221, 29
1031,221,221, 29
1032,221,221, 29
1033,221,221, 29
1034,221,221, 29
1035,221,221, 29
1036,221,221, 29
1037,221,221, 29
1038,221,221, 29
1039,221,221, 29
1040,221,221, 29
1041,221,221, 29
1042,221,221, 29
1043,221,221, 29
1044,221,221, 29
1045,221,221, 29
1046,221,221, 29
1047,221,221, 29
1048,221,221, 29
1049,221,221, 29
1050,221,221, 29
1051,221,221, 29
1052,221,221, 29
1053,221,221, 29
1054,221,221, 29
1055,221,221, 29
1056,221,221, 29
1057,221,221, 29
1058,221,221, 29
1059,221,221, 29
1060,221,221, 29
1061,221,221, 29
1062,221,221, 29
1063,221,221, 29
1064,221,221, 29
1065,221,221, 29
1066,221,221, 29
1067,221,221, 29
1068,221,221, 29
1069,221,221, 29
1070,221,221, 29
1071,221,221, 29
1072,221,221, 29
1073,221,221, 29
1074,221,221, 29
1075,221,221, 29
1076,221,221, 29
1077,221,221, 29
1078,221,221, 29
1079,221,221, 29
1080,221,221, 29
1081,221,221, 29
1082,220,220, 30
1083,220,220, 30
1084,220,220, 30
1085,220,220, 30
1086,220,220, 30
1087,220,220, 30
1088,220,220, 30
1089,220,220, 30
1090,220,220, 30
1091,220,220, 30
1092,220,220, 30
1093,220,220, 30
1094,220,220, 30
1095,220,220, 30
1096,220,220, 30
1097,220,220, 30
1098,220,220, 30
1099,220,220, 30
1100,220,220, 30
1101,220,220, 30
1102,220,220, 30
1103,220,220, 30
1104,220,220, 30
1105,220,220, 30
1106,220,220, 30
1107,220,220, 30
1108,220,220, 30
1109,220,220, 30
1110,220,220, 30
1111,220,220, 30
1112,219,219, 31
1113,219,219, 31
1114,219,219, 31
1115,219,219, 31
1116,219,219, 31
1117,219,219, 31
1118,219,219, 31
1119,219,219, 31
1120,219,219, 31
1121,219,219, 31
1122,219,219, 31
1123,218,218, 32
1124,218,218, 32
1125,218,218, 32
1126,218,218, 32
1127,218,218, 32
1128,218,218, 32
1129,218,218, 32
1130,218,218, 32
1131,218,218, 32
1132,218,218, 32
1133,218,218, 32
1134,218,218, 32
1135,218,218, 32
1136,218,218, 32
1137,218,218, 32
1138,218,218, 32
1139,218,218, 32
1140,218,218, 32
1141,218,218, 32
1142,218,218, 32
1143,218,218, 32
1144,218,218, 32
1145,218,218, 32
1146,218,218, 32
1147,218,218, 32
1148,218,218, 32
1149,218,218, 32
1150,218,218, 32
1151,218,218, 32
1152,218,218, 32
1153,218,218, 32
1154,218,218, 32
1155,218,218, 32
1156,218,218, 32
1157,218,218, 32
1158,218,218, 32
1159,218,218, 32
1160,218,218, 32
1161,218,218, 32
1162,218,218, 32
1163,218,218, 32
1164,218,218, 32
1165,218,218, 32
1166,218,218, 32
1167,218,218, 32
1168,218,218, 32
1169,218,218, 32
1170,218,218, 32
1171,218,218, 32
1172,218,218, 32
1173,218,218, 32
1174,218,218, 32
1175,218,218, 32
1176,218,218, 32
1177,218,218, 32
1178,218,218, 32
1179,218,218, 32
1180,218,218, 32
1181,218,218, 32
1182,218,218, 32
1183,218,218, 32
1184,218,218, 32
1185,218,218, 32
1186,218,218, 32
1187,218,218, 32
1188,218,218, 32
1189,218,218, 32
1190,218,218, 32
1191,218,218, 32
1192,218,218, 32
1193,218,218, 32
1194,218,218, 32
1195,218,218, 32
1196,218,218, 32
1197,218,218, 32
1198,218,218, 32
1199,218,218, 32
1200,218,218, 32
1201,218,218, 32
1202,218,218, 32
1203,218,218, 32
1204,218,218, 32
1205,218,218, 32
1206,218,218, 32
1207,218,218, 32
1208,218,218, 32
1209,218,218, 32
1210,218,218, 32
1211,218,218, 32
1212,218,218, 32
1213,218,218, 32
1214,218,218, 32
1215,218,218, 32
1216,218,218, 32
1217,218,218, 32
1218,218,218, 32
1219,218,218, 32
1220,218,218, 32
1221,218,218, 32
1222,218,218, 32
1223,218,218, 32
1224,218,218, 32
1225,218,218, 32
1226,218,218, 32
1227,218,218, 32
1228,218,218, 32
1229,218,218, 32
1230,218,218, 32
1231,218,218, 32
1232,218,218, 32
1233,218,218, 32
1234,218,218, 32
1235,218,218, 32
1236,218,218, 32
1237,218,218, 32
1238,218,218, 32
1239,218,218, 32
1240,218,218, 32
1241,217,217, 33
1242,217,217, 33
1243,217,217, 33
1244,217,217, 33
1245,217,217, 33
1246,217,217, 33
1247,217,217, 33
1248,217,217, 33
1249,217,217, 33
1250,217,217, 33
1251,217,217, 33
1252,217,217, 33
1253,217,217, 33
1254,217,217, 33
1255,217,217, 33
1256,217,217, 33
1257,217,217, 33
1258,217,217, 33
1259,217,217, 33
1260,217,217, 33
1261,217,217, 33
1262,217,217, 33
1263,217,217, 33
1264,217,217, 33
1265,217,217, 33
1266,217,217, 33
1267,217,217, 33
1268,217,217, 33
1269,217,217, 33
1270,217,217, 33
1271,217,217, 33
1272,217,217, 33
1273,217,217, 33
1274,217,217, 33
1275,217,217, 33
1276,217,217, 33
1277,217,217, 33
1278,217,217, 33
1279,217,217, 33
1280,217,217, 33
1281,217,217, 33
1282,217,217, 33
1283,217,217, 33
1284,217,217, 33
1285,217,217, 33
1286,217,217, 33
1287,217,217, 33
1288,217,217, 33
1289,217,217, 33
1290,217,217, 33
1291,217,217, 33
1292,217,217, 33
1293,217,217, 33
1294,217,217, 33
1295,217,217, 33
1296,217,217, 33
1297,217,217, 33
1298,217,217, 33
1299,217,217, 33
1300,217,217, 33
1301,217,217, 33
1302,217,217, 33
1303,217,217, 33
1304,217,217, 33
1305,217,217, 33
1306,217,217, 33
1307,217,217, 33
1308,217,217, 33
1309,217,217, 33
1310,217,217, 33
1311,217,217, 33
1312,217,217, 33
1313,217,217, 33
1314,217,217, 33
1315,217,217, 33
1316,217,217, 33
1317,217,217, 33
1318,217,217, 33
1319,217,217, 33
1320,217,217, 33
1321,217,217, 33
1322,217,217, 33
1323,217,217, 33
1324,217,217, 33
1325,217,217, 33
1326,217,217, 33
1327,217,217, 33
1328,217,217, 33
1329,217,217, 33
1330,217,217, 33
1331,217,217, 33
1332,217,217, 33
1333,217,217, 33
1334,217,217, 33
1335,217,217, 33
1336,217,217, 33
1337,217,217, 33
1338,217,217, 33
1339,217,217, 33
1340,217,217, 33
1341,217,217, 33
1342,217,217, 33
1343,217,217, 33
1344,217,217, 33
1345,217,217, 33
1346,217,217, 33
1347,217,217, 33
1348,217,217, 33
1349,217,217, 33
1350,217,217, 33
1351,217,217, 33
1352,217,217, 33
1353,217,217, 33
1354,217,217, 33
1355,217,217, 33
1356,217,217, 33
1357,217,217, 33
1358,217,217, 33
1359,217,217, 33
1360,217,217, 33
1361,217,217, 33
1362,217,217, 33
1363,217,217, 33
1364,217,217, 33
1365,217,217, 33
1366,217,217, 33
1367,217,217, 33
1368,217,217, 33
1369,217,217, 33
1370,217,217, 33
1371,217,217, 33
1372,217,217, 33
1373,217,217, 33
1374,217,217, 33
1375,217,217, 33
1376,217,217, 33
1377,217,217, 33
1378,217,217, 33
1379,217,217, 33
1380,217,217, 33
1381,217,217, 33
1382,217,217, 33
1383,217,217, 33
1384,217,217, 33
1385,217,217, 33
1386,217,217, 33
1387,217,217, 33
1388,217,217, 33
1389,217,217, 33
1390,217,217, 33
1391,217,217, 33
1392,217,217, 33
1393,217,217, 33
1394,217,217, 33
1395,217,217, 33
1396,217,217, 33
1397,217,217, 33
1398,217,217, 33
1399,217,217, 33
1400,217,217, 33
1401,217,217, 33
1402,217,217, 33
1403,217,217, 33
1404,217,217, 33
1405,217,217, 33
1406,217,217, 33
1407,217,217, 33
1408,217,217, 33
1409,217,217, 33
1410,217,217, 33
1411,217,217, 33
1412,217,217, 33
1413,217,217, 33
1414,217,217, 33
1415,217,217, 33
1416,217,217, 33
1417,217,217, 33
1418,217,217, 33
1419,217,217, 33
1420,217,217, 33
1421,217,217, 33
1422,217,217, 33
1423,217,217, 33
1424,217,217, 33
1425,217,217, 33
1426,217,217, 33
1427,217,217, 33
1428,217,217, 33
1429,217,217, 33
1430,217,217, 33
1431,217,217, 33
1432,217,217, 33
1433,217,217, 33
1434,217,217, 33
1435,217,217, 33
1436,217,217, 33
1437,217,217, 33
1438,217,217, 33
1439,217,217, 33
1440,217,217, 33
1441,217,217, 33
1442,217,217, 33
1443,217,217, 33
1444,217,217, 33
1445,217,217, 33
1446,217,217, 33
1447,217,217, 33
1448,217,217, 33
1449,217,217, 33
1450,217,217, 33
1451,217,217, 33
1452,217,217, 33
1453,217,217, 33
1454,217,217, 33
1455,217,217, 33
1456,216,216, 34
1457,216,216, 34
1458,216,216, 34
1459,216,216, 34
1460,216,216, 34
1461,216,216, 34
1462,216,216, 34
1463,216,216, 34
1464,216,216, 34
1465,216,216, 34
1466,216,216, 34
1467,216,216, 34
1468,216,216, 34
1469,216,216, 34
1470,216,216, 34
1471,216,216, 34
1472,216,216, 34
1473,216,216, 34
1474,216,216, 34
1475,216,216, 34
1476,216,216, 34
1477,216,216, 34
1478,216,216, 34
1479,216,216, 34
1480,217,217, 33
1481,217,217, 33
1482,217,217, 33
1483,217,217, 33
1484,217,217, 33
1485,217,217, 33
1486,217,217, 33
1487,217,217, 33
1488,217,217, 33
1489,217,217, 33
1490,217,217, 33
1491,217,217, 33
1492,217,217, 33
1493,217,217, 33
1494,217,217, 33
1495,217,217, 33
1496,217,217, 33
1497,217,217, 33
1498,216,216, 34
1499,216,216, 34
