0,250,250, 0
1,250,250, 0
2,250,250, 0
3,250,250, 0
4,250,250, 0
5,250,250, 0
6,250,250, 0
7,250,250, 0
8,250,250, 0
9,250,250, 0
10,250,250, 0
11,250,250, 0
12,250,250, 0
13,250,250, 0
14,250,250, 0
15,250,250, 0
16,250,250, 0
17,250,250, 0
18,250,250, 0
19,250,250, 0
20,250,250, 0
21,250,250, 0
22,250,250, 0
23,250,250, 0
24,250,250, 0
25,250,250, 0
26,250,250, 0
27,250,250, 0
28,250,250, 0
29,250,250, 0
30,250,250, 0
31,250,250, 0
32,250,250, 0
33,250,250, 0
34,250,250, 0
35,250,250, 0
36,250,250, 0
37,250,250, 0
38,250,250, 0
39,250,250, 0
40,249,249, 1
41,249,249, 1
42,249,249, 1
43,249,249, 1
44,247,247, 3
45,247,247, 3
46,247,247, 3
47,247,247, 3
48,247,247, 3
49,247,247, 3
50,247,247, 3
51,247,247, 3
52,247,247, 3
53,247,247, 3
54,247,247, 3
55,247,247, 3
56,247,247, 3
57,247,247, 3
58,247,247, 3
59,247,247, 3
60,247,247, 3
61,247,247, 3
62,247,247, 3
63,247,247, 3
64,247,247, 3
65,247,247, 3
66,246,246, 4
67,246,246, 4
68,246,246, 4
69,246,246, 4
70,245,245, 5
71,245,245, 5
72,245,245, 5
73,245,245, 5
74,245,245, 5
75,245,245, 5
76,245,245, 5
77,245,245, 5
78,245,245, 5
79,245,245, 5
80,245,245, 5
81,245,245, 5
82,245,245, 5
83,245,245, 5
84,245,245, 5
85,245,245, 5
86,245,245, 5
87,245,245, 5
88,244,244, 6
89,244,244, 6
90,244,244, 6
91,244,244, 6
92,243,243, 7
93,243,243, 7
94,243,243, 7
95,243,243, 7
96,243,243, 7
97,242,242, 8
98,241,241, 9
99,241,241, 9
100,241,241, 9
101,241,241, 9
102,241,241, 9
103,241,241, 9
104,241,241, 9
105,241,241, 9
106,241,241, 9
107,241,241, 9
108,241,241, 9
109,241,241, 9
110,240,240, 10
111,240,240, 10
112,240,240, 10
113,240,240, 10
114,240,240, 10
115,240,240, 10
116,240,240, 10
117,240,240, 10
118,240,240, 10
119,240,240, 10
120,240,240, 10
121,240,240, 10
122,240,240, 10
123,238,238, 12
124,238,238, 12
125,238,238, 12
126,238,238, 12
127,238,238, 12
128,238,238, 12
129,238,238, 12
130,238,238, 12
131,238,238, 12
132,238,238, 12
133,238,238, 12
134,238,238, 12
135,238,238, 12
136,238,238, 12
137,238,238, 12
138,238,238, 12
139,238,238, 12
140,238,238, 12
141,238,238, 12
142,238,238, 12
143,238,238, 12
144,238,238, 12
145,238,238, 12
146,238,238, 12
147,238,238, 12
148,237,237, 13
149,236,236, 14
150,236,236, 14
151,236,236, 14
152,236,236, 14
153,236,236, 14
154,236,236, 14
155,236,236, 14
156,236,236, 14
157,236,236, 14
158,236,236, 14
159,236,236, 14
160,236,236, 14
161,236,236, 14
162,235,235, 15
163,235,235, 15
164,235,235, 15
165,235,235, 15
166,235,235, 15
167,235,235, 15
168,235,235, 15
169,235,235, 15
170,235,235, 15
171,235,235, 15
172,235,235, 15
173,235,235, 15
174,235,235, 15
175,235,235, 15
176,235,235, 15
177,235,235, 15
178,235,235, 15
179,235,235, 15
180,235,235, 15
181,235,235, 15
182,235,235, 15
183,235,235, 15
184,235,235, 15
185,235,235, 15
186,235,235, 15
187,235,235, 15
188,235,235, 15
189,235,235, 15
190,235,235, 15
191,235,235, 15
192,235,235, 15
193,235,235, 15
194,235,235, 15
195,235,235, 15
196,235,235, 15
197,235,235, 15
198,235,235, 15
199,235,235, 15
200,235,235, 15
201,235,235, 15
202,235,235, 15
203,235,235, 15
204,235,235, 15
205,235,235, 15
206,235,235, 15
207,235,235, 15
208,235,235, 15
209,235,235, 15
210,235,235, 15
211,235,235, 15
212,235,235, 15
213,235,235, 15
214,235,235, 15
215,235,235, 15
216,234,234, 16
217,234,234, 16
218,234,234, 16
219,234,234, 16
220,234,234, 16
221,234,234, 16
222,234,234, 16
223,234,234, 16
224,234,234, 16
225,234,234, 16
226,234,234, 16
227,234,234, 16
228,234,234, 16
229,234,234, 16
230,234,234, 16
231,234,234, 16
232,234,234, 16
233,234,234, 16
234,234,234, 16
235,234,234, 16
236,234,234, 16
237,234,234, 16
238,234,234, 16
239,234,234, 16
240,234,234, 16
241,234,234, 16
242,234,234, 16
243,234,234, 16
244,234,234, 16
245,234,234, 16
246,234,234, 16
247,234,234, 16
248,234,234, 16
249,234,234, 16
250,234,234, 16
251,234,234, 16
252,234,234, 16
253,234,234, 16
254,234,234, 16
255,234,234, 16
256,234,234, 16
257,234,234, 16
258,234,234, 16
259,234,234, 16
260,234,234, 16
261,234,234, 16
262,234,234, 16
263,234,234, 16
264,234,234, 16
265,234,234, 16
266,234,234, 16
267,234,234, 16
268,234,234, 16
269,234,234, 16
270,234,234, 16
271,234,234, 16
272,234,234, 16
273,234,234, 16
274,234,234, 16
275,234,234, 16
276,234,234, 16
277,234,234, 16
278,234,234, 16
279,234,234, 16
280,234,234, 16
281,234,234, 16
282,234,234, 16
283,234,234, 16
284,234,234, 16
285,234,234, 16
286,234,234, 16
287,234,234, 16
288,234,234, 16
289,234,234, 16
290,234,234, 16
291,234,234, 16
292,234,234, 16
293,234,234, 16
294,234,234, 16
295,234,234, 16
296,234,234, 16
297,234,234, 16
298,234,234, 16
299,234,234, 16
300,234,234, 16
301,234,234, 16
302,234,234, 16
303,234,234, 16
304,234,234, 16
305,233,233, 17
306,233,233, 17
307,233,233, 17
308,233,233, 17
309,233,233, 17
310,233,233, 17
311,233,233, 17
312,233,233, 17
313,233,233, 17
314,233,233, 17
315,233,233, 17
316,233,233, 17
317,233,233, 17
318,233,233, 17
319,233,233, 17
320,233,233, 17
321,233,233, 17
322,233,233, 17
323,233,233, 17
324,233,233, 17
325,233,233, 17
326,233,233, 17
327,233,233, 17
328,232,232, 18
329,231,231, 19
330,231,231, 19
331,231,231, 19
332,231,231, 19
333,231,231, 19
334,231,231, 19
335,231,231, 19
336,231,231, 19
337,231,231, 19
338,231,231, 19
339,231,231, 19
340,231,231, 19
341,231,231, 19
342,231,231, 19
343,231,231, 19
344,231,231, 19
345,231,231, 19
346,231,231, 19
347,231,231, 19
348,231,231, 19
349,231,231, 19
350,231,231, 19
351,231,231, 19
352,231,231, 19
353,231,231, 19
354,231,231, 19
355,230,230, 20
356,230,230, 20
357,230,230, 20
358,230,230, 20
359,230,230, 20
360,230,230, 20
361,230,230, 20
362,230,230, 20
363,230,230, 20
364,229,229, 21
365,227,227, 23
366,227,227, 23
367,227,227, 23
368,227,227, 23
369,227,227, 23
370,227,227, 23
371,227,227, 23
372,227,227, 23
373,227,227, 23
374,227,227, 23
375,227,227, 23
376,227,227, 23
377,227,227, 23
378,227,227, 23
379,227,227, 23
380,227,227, 23
381,227,227, 23
382,227,227, 23
383,227,227, 23
384,227,227, 23
385,227,227, 23
386,227,227, 23
387,227,227, 23
388,227,227, 23
389,227,227, 23
390,227,227, 23
391,227,227, 23
392,227,227, 23
393,225,225, 25
394,225,225, 25
395,225,225, 25
396,225,225, 25
397,225,225, 25
398,225,225, 25
399,225,225, 25
400,225,225, 25
401,225,225, 25
402,225,225, 25
403,225,225, 25
404,223,223, 27
405,223,223, 27
406,223,223, 27
407,223,223, 27
408,223,223, 27
409,223,223, 27
410,223,223, 27
411,223,223, 27
412,223,223, 27
413,223,223, 27
414,223,223, 27
415,223,223, 27
416,223,223, 27
417,221,221, 29
418,221,221, 29
419,221,221, 29
420,221,221, 29
421,221,221, 29
422,221,221, 29
423,221,221, 29
424,221,221, 29
425,220,220, 30
426,220,220, 30
427,220,220, 30
428,220,220, 30
429,220,220, 30
430,220,220, 30
431,220,220, 30
432,220,220, 30
433,220,220, 30
434,220,220, 30
435,220,220, 30
436,220,220, 30
437,220,220, 30
438,220,220, 30
439,220,220, 30
440,220,220, 30
441,220,220, 30
442,219,219, 31
443,219,219, 31
444,219,219, 31
445,219,219, 31
446,219,219, 31
447,219,219, 31
448,219,219, 31
449,219,219, 31
450,219,219, 31
451,219,219, 31
452,219,219, 31
453,219,219, 31
454,219,219, 31
455,219,219, 31
456,219,219, 31
457,219,219, 31
458,219,219, 31
459,219,219, 31
460,219,219, 31
461,219,219, 31
462,219,219, 31
463,219,219, 31
464,219,219, 31
465,219,219, 31
466,219,219, 31
467,219,219, 31
468,219,219, 31
469,219,219, 31
470,219,219, 31
471,219,219, 31
472,219,219, 31
473,219,219, 31
474,219,219, 31
475,219,219, 31
476,219,219, 31
477,219,219, 31
478,219,219, 31
479,219,219, 31
480,219,219, 31
481,219,219, 31
482,219,219, 31
483,219,219, 31
484,219,219, 31
485,219,219, 31
486,219,219, 31
487,219,219, 31
488,219,219, 31
489,219,219, 31
490,219,219, 31
491,219,219, 31
492,219,219, 31
493,219,219, 31
494,219,219, 31
495,219,219, 31
496,219,219, 31
497,219,219, 31
498,219,219, 31
499,219,219, 31
500,217,217, 33
501,217,217, 33
502,217,217, 33
503,217,217, 33
504,217,217, 33
505,217,217, 33
506,217,217, 33
507,217,217, 33
508,217,217, 33
509,216,216, 34
510,216,216, 34
511,216,216, 34
512,216,216, 34
513,216,216, 34
514,216,216, 34
515,215,215, 35
516,215,215, 35
517,215,215, 35
518,215,215, 35
519,215,215, 35
520,215,215, 35
521,215,215, 35
522,215,215, 35
523,215,215, 35
524,215,215, 35
525,215,215, 35
526,215,215, 35
527,215,215, 35
528,215,215, 35
529,213,213, 37
530,213,213, 37
531,213,213, 37
532,213,213, 37
533,213,213, 37
534,213,213, 37
535,213,213, 37
536,213,213, 37
537,213,213, 37
538,213,213, 37
539,213,213, 37
540,213,213, 37
541,213,213, 37
542,213,213, 37
543,213,213, 37
544,213,213, 37
545,213,213, 37
546,213,213, 37
547,213,213, 37
548,213,213, 37
549,213,213, 37
550,213,213, 37
551,213,213, 37
552,213,213, 37
553,213,213, 37
554,213,213, 37
555,213,213, 37
556,213,213, 37
557,213,213, 37
558,212,212, 38
559,212,212, 38
560,212,212, 38
561,212,212, 38
562,212,212, 38
563,212,212, 38
564,212,212, 38
565,212,212, 38
566,212,212, 38
567,212,212, 38
568,212,212, 38
569,212,212, 38
570,212,212, 38
571,212,212, 38
572,212,212, 38
573,212,212, 38
574,212,212, 38
575,212,212, 38
576,212,212, 38
577,212,212, 38
578,212,212, 38
579,212,212, 38
580,210,210, 40
581,210,210, 40
582,210,210, 40
583,210,210, 40
584,210,210, 40
585,210,210, 40
586,210,210, 40
587,210,210, 40
588,210,210, 40
589,210,210, 40
590,210,210, 40
591,210,210, 40
592,210,210, 40
593,210,210, 40
594,210,210, 40
595,210,210, 40
596,210,210, 40
597,210,210, 40
598,210,210, 40
599,210,210, 40
600,210,210, 40
601,210,210, 40
602,210,210, 40
603,210,210, 40
604,210,210, 40
605,210,210, 40
606,210,210, 40
607,210,210, 40
608,210,210, 40
609,210,210, 40
610,210,210, 40
611,210,210, 40
612,210,210, 40
613,210,210, 40
614,210,210, 40
615,210,210, 40
616,210,210, 40
617,210,210, 40
618,210,210, 40
619,210,210, 40
620,209,209, 41
621,207,207, 43
622,207,207, 43
623,207,207, 43
624,207,207, 43
625,207,207, 43
626,207,207, 43
627,207,207, 43
628,207,207, 43
629,207,207, 43
630,207,207, 43
631,207,207, 43
632,207,207, 43
633,207,207, 43
634,207,207, 43
635,207,207, 43
636,207,207, 43
637,207,207, 43
638,207,207, 43
639,207,207, 43
640,207,207, 43
641,207,207, 43
642,207,207, 43
643,207,207, 43
644,206,206, 44
645,206,206, 44
646,206,206, 44
647,206,206, 44
648,206,206, 44
649,206,206, 44
650,206,206, 44
651,206,206, 44
652,206,206, 44
653,206,206, 44
654,206,206, 44
655,206,206, 44
656,206,206, 44
657,206,206, 44
658,206,206, 44
659,206,206, 44
660,206,206, 44
661,206,206, 44
662,206,206, 44
663,206,206, 44
664,206,206, 44
665,206,206, 44
666,206,206, 44
667,206,206, 44
668,206,206, 44
669,206,206, 44
670,206,206, 44
671,206,206, 44
672,206,206, 44
673,206,206, 44
674,206,206, 44
675,206,206, 44
676,206,206, 44
677,206,206, 44
678,206,206, 44
679,206,206, 44
680,206,206, 44
681,206,206, 44
682,206,206, 44
683,206,206, 44
684,206,206, 44
685,206,206, 44
686,206,206, 44
687,206,206, 44
688,206,206, 44
689,206,206, 44
690,206,206, 44
691,206,206, 44
692,206,206, 44
693,206,206, 44
694,205,205, 45
695,205,205, 45
696,205,205, 45
697,205,205, 45
698,205,205, 45
699,205,205, 45
700,205,205, 45
701,205,205, 45
702,205,205, 45
703,205,205, 45
704,205,205, 45
705,205,205, 45
706,205,205, 45
707,205,205, 45
708,205,205, 45
709,205,205, 45
710,205,205, 45
711,205,205, 45
712,205,205, 45
713,205,205, 45
714,205,205, 45
715,205,205, 45
716,205,205, 45
717,204,204, 46
718,203,203, 47
719,203,203, 47
720,203,203, 47
721,203,203, 47
722,203,203, 47
723,203,203, 47
724,203,203, 47
725,203,203, 47
726,203,203, 47
727,203,203, 47
728,203,203, 47
729,203,203, 47
730,202,202, 48
731,202,202, 48
732,202,202, 48
733,201,201, 49
734,201,201, 49
735,201,201, 49
736,201,201, 49
737,201,201, 49
738,201,201, 49
739,201,201, 49
740,200,200, 50
741,200,200, 50
742,200,200, 50
743,200,200, 50
744,200,200, 50
745,200,200, 50
746,200,200, 50
747,200,200, 50
748,200,200, 50
749,200,200, 50
750,200,200, 50
751,200,200, 50
752,200,200, 50
753,200,200, 50
754,200,200, 50
755,199,199, 51
756,198,198, 52
757,198,198, 52
758,198,198, 52
759,198,198, 52
760,198,198, 52
761,198,198, 52
762,198,198, 52
763,198,198, 52
764,198,198, 52
765,198,198, 52
766,198,198, 52
767,198,198, 52
768,198,198, 52
769,198,198, 52
770,198,198, 52
771,198,198, 52
772,198,198, 52
773,198,198, 52
774,198,198, 52
775,198,198, 52
776,198,198, 52
777,198,198, 52
778,198,198, 52
779,197,197, 53
780,197,197, 53
781,196,196, 54
782,196,196, 54
783,196,196, 54
784,196,196, 54
785,196,196, 54
786,196,196, 54
787,196,196, 54
788,196,196, 54
789,196,196, 54
790,196,196, 54
791,196,196, 54
792,196,196, 54
793,196,196, 54
794,196,196, 54
795,196,196, 54
796,196,196, 54
797,196,196, 54
798,196,196, 54
799,196,196, 54
800,196,196, 54
801,196,196, 54
802,196,196, 54
803,195,195, 55
804,195,195, 55
805,195,195, 55
806,195,195, 55
807,195,195, 55
808,195,195, 55
809,195,195, 55
810,195,195, 55
811,195,195, 55
812,195,195, 55
813,195,195, 55
814,195,195, 55
815,195,195, 55
816,195,195, 55
817,194,194, 56
818,194,194, 56
819,194,194, 56
820,194,194, 56
821,193,193, 57
822,193,193, 57
823,193,193, 57
824,193,193, 57
825,193,193, 57
826,193,193, 57
827,193,193, 57
828,193,193, 57
829,193,193, 57
830,193,193, 57
831,193,193, 57
832,193,193, 57
833,193,193, 57
834,193,193, 57
835,193,193, 57
836,193,193, 57
837,193,193, 57
838,192,192, 58
839,192,192, 58
840,192,192, 58
841,192,192, 58
842,192,192, 58
843,192,192, 58
844,192,192, 58
845,192,192, 58
846,192,192, 58
847,192,192, 58
848,192,192, 58
849,192,192, 58
850,192,192, 58
851,192,192, 58
852,192,192, 58
853,192,192, 58
854,192,192, 58
855,192,192, 58
856,192,192, 58
857,192,192, 58
858,192,192, 58
859,192,192, 58
860,192,192, 58
861,192,192, 58
862,192,192, 58
863,192,192, 58
864,192,192, 58
865,192,192, 58
866,192,192, 58
867,192,192, 58
868,192,192, 58
869,192,192, 58
870,192,192, 58
871,192,192, 58
872,192,192, 58
873,192,192, 58
874,192,192, 58
875,192,192, 58
876,192,192, 58
877,192,192, 58
878,192,192, 58
879,192,192, 58
880,192,192, 58
881,192,192, 58
882,192,192, 58
883,192,192, 58
884,192,192, 58
885,192,192, 58
886,192,192, 58
887,192,192, 58
888,192,192, 58
889,192,192, 58
890,192,192, 58
891,192,192, 58
892,192,192, 58
893,192,192, 58
894,192,192, 58
895,192,192, 58
896,192,192, 58
897,192,192, 58
898,192,192, 58
899,192,192, 58
900,192,192, 58
901,192,192, 58
902,192,192, 58
903,192,192, 58
904,192,192, 58
905,192,192, 58
906,192,192, 58
907,192,192, 58
908,192,192, 58
909,192,192, 58
910,192,192, 58
911,192,192, 58
912,192,192, 58
913,192,192, 58
914,192,192, 58
915,192,192, 58
916,192,192, 58
917,192,192, 58
918,192,192, 58
919,192,192, 58
920,192,192, 58
921,192,192, 58
922,192,192, 58
923,192,192, 58
924,192,192, 58
925,192,192, 58
926,192,192, 58
927,192,192, 58
928,192,192, 58
929,192,192, 58
930,192,192, 58
931,192,192, 58
932,192,192, 58
933,192,192, 58
934,192,192, 58
935,192,192, 58
936,192,192, 58
937,192,192, 58
938,192,192, 58
939,192,192, 58
940,192,192, 58
941,192,192, 58
942,192,192, 58
943,192,192, 58
944,192,192, 58
945,192,192, 58
946,192,192, 58
947,192,192, 58
948,192,192, 58
949,192,192, 58
950,192,192, 58
951,192,192, 58
952,192,192, 58
953,192,192, 58
954,192,192, 58
955,192,192, 58
956,192,192, 58
957,192,192, 58
958,192,192, 58
959,192,192, 58
960,192,192, 58
961,192,192, 58
962,192,192, 58
963,192,192, 58
964,192,192, 58
965,192,192, 58
966,192,192, 58
967,192,192, 58
968,192,192, 58
969,192,192, 58
970,192,192, 58
971,192,192, 58
972,192,192, 58
973,192,192, 58
974,192,192, 58
975,192,192, 58
976,192,192, 58
977,192,192, 58
978,192,192, 58
979,192,192, 58
980,192,192, 58
981,191,191, 59
982,191,191, 59
983,191,191, 59
984,191,191, 59
985,191,191, 59
986,191,191, 59
987,191,191, 59
988,191,191, 59
989,191,191, 59
990,191,191, 59
991,191,191, 59
992,191,191, 59
993,191,191, 59
994,191,191, 59
995,191,191, 59
996,191,191, 59
997,191,191, 59
998,191,191, 59
999,191,191, 59
1000,191,191, 59
1001,191,191, 59
1002,191,191, 59
1003,191,191, 59
1004,191,191, 59
1005,191,191, 59
1006,190,190, 60
1007,190,190, 60
1008,190,190, 60
1009,190,190, 60
1010,190,190, 60
1011,190,190, 60
1012,190,190, 60
1013,190,190, 60
1014,190,190, 60
1015,190,190, 60
1016,190,190, 60
1017,190,190, 60
1018,190,190, 60
1019,190,190, 60
1020,190,190, 60
1021,190,190, 60
1022,190,190, 60
1023,190,190, 60
1024,190,190, 60
1025,190,190, 60
1026,190,190, 60
1027,190,190, 60
1028,190,190, 60
1029,190,190, 60
1030,190,190, 60
1031,190,190, 60
1032,190,190, 60
1033,190,190, 60
1034,190,190, 60
1035,190,190, 60
1036,190,190, 60
1037,190,190, 60
1038,190,190, 60
1039,190,190, 60
1040,190,190, 60
1041,190,190, 60
1042,190,190, 60
1043,190,190, 60
1044,190,190, 60
1045,190,190, 60
1046,190,190, 60
1047,190,190, 60
1048,190,190, 60
1049,190,190, 60
1050,190,190, 60
1051,190,190, 60
1052,190,190, 60
1053,190,190, 60
1054,189,189, 61
1055,189,189, 61
1056,189,189, 61
1057,189,189, 61
1058,189,189, 61
1059,189,189, 61
1060,189,189, 61
1061,189,189, 61
1062,189,189, 61
1063,189,189, 61
1064,189,189, 61
1065,189,189, 61
1066,189,189, 61
1067,189,189, 61
1068,189,189, 61
1069,189,189, 61
1070,188,188, 62
1071,188,188, 62
1072,188,188, 62
1073,188,188, 62
1074,188,188, 62
1075,188,188, 62
1076,188,188, 62
1077,188,188, 62
1078,188,188, 62
1079,188,188, 62
1080,188,188, 62
1081,188,188, 62
1082,188,188, 62
1083,188,188, 62
1084,188,188, 62
1085,188,188, 62
1086,188,188, 62
1087,188,188, 62
1088,188,188, 62
1089,188,188, 62
1090,188,188, 62
1091,188,188, 62
1092,188,188, 62
1093,188,188, 62
1094,188,188, 62
1095,188,188, 62
1096,188,188, 62
1097,188,188, 62
1098,188,188, 62
1099,188,188, 62
1100,188,188, 62
1101,188,188, 62
1102,188,188, 62
1103,188,188, 62
1104,188,188, 62
1105,188,188, 62
1106,188,188, 62
1107,188,188, 62
1108,188,188, 62
1109,188,188, 62
1110,188,188, 62
1111,188,188, 62
1112,188,188, 62
1113,188,188, 62
1114,188,188, 62
1115,188,188, 62
1116,188,188, 62
1117,188,188, 62
1118,188,188, 62
1119,188,188, 62
1120,188,188, 62
1121,188,188, 62
1122,188,188, 62
1123,188,188, 62
1124,188,188, 62
1125,188,188, 62
1126,188,188, 62
1127,188,188, 62
1128,188,188, 62
1129,188,188, 62
1130,188,188, 62
1131,188,188, 62
1132,187,187, 63
1133,186,186, 64
1134,186,186, 64
1135,186,186, 64
1136,186,186, 64
1137,186,186, 64
1138,185,185, 65
1139,185,185, 65
1140,185,185, 65
1141,185,185, 65
1142,185,185, 65
1143,185,185, 65
1144,185,185, 65
1145,185,185, 65
1146,185,185, 65
1147,185,185, 65
1148,185,185, 65
1149,185,185, 65
1150,185,185, 65
1151,185,185, 65
1152,185,185, 65
1153,185,185, 65
1154,185,185, 65
1155,184,184, 66
1156,184,184, 66
1157,184,184, 66
1158,184,184, 66
1159,184,184, 66
1160,184,184, 66
1161,184,184, 66
1162,184,184, 66
1163,184,184, 66
1164,184,184, 66
1165,184,184, 66
1166,184,184, 66
1167,184,184, 66
1168,184,184, 66
1169,184,184, 66
1170,184,184, 66
1171,184,184, 66
1172,184,184, 66
1173,184,184, 66
1174,184,184, 66
1175,184,184, 66
1176,184,184, 66
1177,184,184, 66
1178,184,184, 66
1179,184,184, 66
1180,184,184, 66
1181,184,184, 66
1182,184,184, 66
1183,183,183, 67
1184,183,183, 67
1185,183,183, 67
1186,183,183, 67
1187,183,183, 67
1188,183,183, 67
1189,183,183, 67
1190,181,181, 69
1191,181,181, 69
1192,181,181, 69
1193,181,181, 69
1194,181,181, 69
1195,181,181, 69
1196,181,181, 69
1197,181,181, 69
1198,181,181, 69
1199,181,181, 69
1200,181,181, 69
1201,181,181, 69
1202,181,181, 69
1203,181,181, 69
1204,181,181, 69
1205,181,181, 69
1206,181,181, 69
1207,181,181, 69
1208,181,181, 69
1209,181,181, 69
1210,181,181, 69
1211,181,181, 69
1212,181,181, 69
1213,181,181, 69
1214,181,181, 69
1215,181,181, 69
1216,181,181, 69
1217,181,181, 69
1218,181,181, 69
1219,181,181, 69
1220,181,181, 69
1221,181,181, 69
1222,181,181, 69
1223,181,181, 69
1224,181,181, 69
1225,181,181, 69
1226,181,181, 69
1227,181,181, 69
1228,181,181, 69
1229,181,181, 69
1230,181,181, 69
1231,181,181, 69
1232,181,181, 69
1233,181,181, 69
1234,181,181, 69
1235,181,181, 69
1236,181,181, 69
1237,181,181, 69
1238,181,181, 69
1239,181,181, 69
1240,181,181, 69
1241,181,181, 69
1242,181,181, 69
1243,181,181, 69
1244,181,181, 69
1245,181,181, 69
1246,181,181, 69
1247,181,181, 69
1248,181,181, 69
1249,181,181, 69
1250,181,181, 69
1251,181,181, 69
1252,181,181, 69
1253,181,181, 69
1254,181,181, 69
1255,181,181, 69
1256,181,181, 69
1257,181,181, 69
1258,181,181, 69
1259,181,181, 69
1260,181,181, 69
1261,181,181, 69
1262,181,181, 69
1263,181,181, 69
1264,181,181, 69
1265,181,181, 69
1266,181,181, 69
1267,181,181, 69
1268,181,181, 69
1269,181,181, 69
1270,181,181, 69
1271,181,181, 69
1272,181,181, 69
1273,181,181, 69
1274,181,181, 69
1275,181,181, 69
1276,181,181, 69
1277,181,181, 69
1278,181,181, 69
1279,181,181, 69
1280,181,181, 69
1281,181,181, 69
1282,181,181, 69
1283,181,181, 69
1284,180,180, 70
1285,180,180, 70
1286,180,180, 70
1287,180,180, 70
1288,180,180, 70
1289,180,180, 70
1290,180,180, 70
1291,180,180, 70
1292,180,180, 70
1293,180,180, 70
1294,180,180, 70
1295,180,180, 70
1296,180,180, 70
1297,180,180, 70
1298,180,180, 70
1299,180,180, 70
1300,178,178, 72
1301,178,178, 72
1302,178,178, 72
1303,178,178, 72
1304,178,178, 72
1305,178,178, 72
1306,178,178, 72
1307,178,178, 72
1308,178,178, 72
1309,178,178, 72
1310,178,178, 72
1311,178,178, 72
1312,178,178, 72
1313,178,178, 72
1314,178,178, 72
1315,178,178, 72
1316,178,178, 72
1317,178,178, 72
1318,178,178, 72
1319,177,177, 73
1320,177,177, 73
1321,177,177, 73
1322,177,177, 73
1323,177,177, 73
1324,177,177, 73
1325,176,176, 74
1326,176,176, 74
1327,176,176, 74
1328,176,176, 74
1329,176,176, 74
1330,176,176, 74
1331,176,176, 74
1332,176,176, 74
1333,176,176, 74
1334,176,176, 74
1335,176,176, 74
1336,176,176, 74
1337,176,176, 74
1338,176,176, 74
1339,176,176, 74
1340,176,176, 74
1341,176,176, 74
1342,176,176, 74
1343,176,176, 74
1344,176,176, 74
1345,176,176, 74
1346,176,176, 74
1347,176,176, 74
1348,176,176, 74
1349,176,176, 74
1350,176,176, 74
1351,176,176, 74
1352,176,176, 74
1353,176,176, 74
1354,176,176, 74
1355,176,176, 74
1356,176,176, 74
1357,176,176, 74
1358,176,176, 74
1359,176,176, 74
1360,176,176, 74
1361,176,176, 74
1362,175,175, 75
1363,175,175, 75
1364,175,175, 75
1365,175,175, 75
1366,175,175, 75
1367,175,175, 75
1368,175,175, 75
1369,175,175, 75
1370,175,175, 75
1371,175,175, 75
1372,175,175, 75
1373,175,175, 75
1374,175,175, 75
1375,175,175, 75
1376,175,175, 75
1377,175,175, 75
1378,175,175, 75
1379,175,175, 75
1380,175,175, 75
1381,175,175, 75
1382,175,175, 75
1383,175,175, 75
1384,175,175, 75
1385,175,175, 75
1386,175,175, 75
1387,175,175, 75
1388,175,175, 75
1389,175,175, 75
1390,175,175, 75
1391,175,175, 75
1392,175,175, 75
1393,175,175, 75
1394,175,175, 75
1395,175,175, 75
1396,175,175, 75
1397,175,175, 75
1398,175,175, 75
1399,175,175, 75
1400,175,175, 75
1401,175,175, 75
1402,175,175, 75
1403,175,175, 75
1404,175,175, 75
1405,175,175, 75
1406,175,175, 75
1407,175,175, 75
1408,175,175, 75
1409,175,175, 75
1410,175,175, 75
1411,175,175, 75
1412,175,175, 75
1413,175,175, 75
1414,175,175, 75
1415,175,175, 75
1416,175,175, 75
1417,175,175, 75
1418,175,175, 75
1419,175,175, 75
1420,175,175, 75
1421,175,175, 75
1422,175,175, 75
1423,175,175, 75
1424,175,175, 75
1425,175,175, 75
1426,175,175, 75
1427,175,175, 75
1428,175,175, 75
1429,175,175, 75
1430,175,175, 75
1431,175,175, 75
1432,175,175, 75
1433,175,175, 75
1434,175,175, 75
1435,175,175, 75
1436,175,175, 75
1437,175,175, 75
1438,175,175, 75
1439,175,175, 75
1440,175,175, 75
1441,175,175, 75
1442,175,175, 75
1443,175,175, 75
1444,175,175, 75
1445,175,175, 75
1446,175,175, 75
1447,175,175, 75
1448,175,175, 75
1449,175,175, 75
1450,175,175, 75
1451,175,175, 75
1452,175,175, 75
1453,175,175, 75
1454,175,175, 75
1455,175,175, 75
1456,175,175, 75
1457,175,175, 75
1458,175,175, 75
1459,175,175, 75
1460,175,175, 75
1461,175,175, 75
1462,175,175, 75
1463,175,175, 75
1464,175,175, 75
1465,175,175, 75
1466,175,175, 75
1467,175,175, 75
1468,175,175, 75
1469,175,175, 75
1470,175,175, 75
1471,175,175, 75
1472,175,175, 75
1473,175,175, 75
1474,175,175, 75
1475,175,175, 75
1476,175,175, 75
1477,175,175, 75
1478,175,175, 75
1479,175,175, 75
1480,175,175, 75
1481,175,175, 75
1482,175,175, 75
1483,175,175, 75
1484,175,175, 75
1485,175,175, 75
1486,175,175, 75
1487,175,175, 75
1488,175,175, 75
1489,175,175, 75
1490,175,175, 75
1491,175,175, 75
1492,175,175, 75
1493,175,175, 75
1494,175,175, 75
1495,175,175, 75
1496,175,175, 75
1497,175,175, 75
1498,175,175, 75
1499,175,175, 75
