0,250,250, 0
1,250,250, 0
2,250,250, 0
3,250,250, 0
4,250,250, 0
5,250,250, 0
6,250,250, 0
7,250,250, 0
8,250,250, 0
9,250,250, 0
10,250,250, 0
11,250,250, 0
12,250,250, 0
13,250,250, 0
14,250,250, 0
15,250,250, 0
16,250,250, 0
17,250,250, 0
18,250,250, 0
19,250,250, 0
20,250,250, 0
21,250,250, 0
22,250,250, 0
23,250,250, 0
24,250,250, 0
25,250,250, 0
26,250,250, 0
27,250,250, 0
28,250,250, 0
29,250,250, 0
30,250,250, 0
31,250,250, 0
32,250,250, 0
33,250,250, 0
34,250,250, 0
35,250,250, 0
36,250,250, 0
37,250,250, 0
38,250,250, 0
39,250,250, 0
40,250,250, 0
41,250,250, 0
42,250,250, 0
43,250,250, 0
44,250,250, 0
45,250,250, 0
46,250,250, 0
47,250,250, 0
48,250,250, 0
49,250,250, 0
50,249,249, 1
51,249,249, 1
52,249,249, 1
53,249,249, 1
54,249,249, 1
55,249,249, 1
56,249,249, 1
57,249,249, 1
58,249,249, 1
59,249,249, 1
60,249,249, 1
61,249,249, 1
62,249,249, 1
63,249,249, 1
64,249,249, 1
65,249,249, 1
66,249,249, 1
67,249,249, 1
68,249,249, 1
69,249,249, 1
70,249,249, 1
71,249,249, 1
72,249,249, 1
73,249,249, 1
74,249,249, 1
75,249,249, 1
76,249,249, 1
77,249,249, 1
78,249,249, 1
79,249,249, 1
80,249,249, 1
81,249,249, 1
82,249,249, 1
83,249,249, 1
84,249,249, 1
85,249,249, 1
86,249,249, 1
87,249,249, 1
88,248,248, 2
89,248,248, 2
90,248,248, 2
91,248,248, 2
92,248,248, 2
93,248,248, 2
94,248,248, 2
95,248,248, 2
96,248,248, 2
97,248,248, 2
98,248,248, 2
99,248,248, 2
100,248,248, 2
101,248,248, 2
102,248,248, 2
103,248,248, 2
104,248,248, 2
105,248,248, 2
106,248,248, 2
107,248,248, 2
108,248,248, 2
109,248,248, 2
110,248,248, 2
111,248,248, 2
112,248,248, 2
113,248,248, 2
114,248,248, 2
115,248,248, 2
116,248,248, 2
117,248,248, 2
118,248,248, 2
119,248,248, 2
120,248,248, 2
121,248,248, 2
122,248,248, 2
123,248,248, 2
124,248,248, 2
125,248,248, 2
126,248,248, 2
127,248,248, 2
128,248,248, 2
129,248,248, 2
130,248,248, 2
131,248,248, 2
132,248,248, 2
133,248,248, 2
134,248,248, 2
135,248,248, 2
136,248,248, 2
137,248,248, 2
138,248,248, 2
139,248,248, 2
140,248,248, 2
141,248,248, 2
142,248,248, 2
143,248,248, 2
144,248,248, 2
145,248,248, 2
146,247,247, 3
147,247,247, 3
148,247,247, 3
149,247,247, 3
150,247,247, 3
151,247,247, 3
152,247,247, 3
153,247,247, 3
154,247,247, 3
155,247,247, 3
156,247,247, 3
157,247,247, 3
158,247,247, 3
159,247,247, 3
160,247,247, 3
161,247,247, 3
162,247,247, 3
163,247,247, 3
164,247,247, 3
165,247,247, 3
166,247,247, 3
167,247,247, 3
168,247,247, 3
169,247,247, 3
170,247,247, 3
171,247,247, 3
172,247,247, 3
173,247,247, 3
174,247,247, 3
175,247,247, 3
176,247,247, 3
177,247,247, 3
178,247,247, 3
179,247,247, 3
180,247,247, 3
181,247,247, 3
182,247,247, 3
183,247,247, 3
184,247,247, 3
185,247,247, 3
186,247,247, 3
187,247,247, 3
188,247,247, 3
189,247,247, 3
190,247,247, 3
191,247,247, 3
192,247,247, 3
193,247,247, 3
194,247,247, 3
195,247,247, 3
196,247,247, 3
197,247,247, 3
198,247,247, 3
199,247,247, 3
200,247,247, 3
201,247,247, 3
202,247,247, 3
203,247,247, 3
204,247,247, 3
205,247,247, 3
206,247,247, 3
207,247,247, 3
208,247,247, 3
209,247,247, 3
210,247,247, 3
211,247,247, 3
212,247,247, 3
213,247,247, 3
214,247,247, 3
215,247,247, 3
216,247,247, 3
217,247,247, 3
218,247,247, 3
219,246,246, 4
220,246,246, 4
221,246,246, 4
222,246,246, 4
223,246,246, 4
224,246,246, 4
225,246,246, 4
226,246,246, 4
227,246,246, 4
228,246,246, 4
229,246,246, 4
230,246,246, 4
231,246,246, 4
232,246,246, 4
233,246,246, 4
234,246,246, 4
235,246,246, 4
236,246,246, 4
237,246,246, 4
238,246,246, 4
239,246,246, 4
240,246,246, 4
241,246,246, 4
242,246,246, 4
243,246,246, 4
244,246,246, 4
245,246,246, 4
246,246,246, 4
247,246,246, 4
248,246,246, 4
249,246,246, 4
250,246,246, 4
251,246,246, 4
252,246,246, 4
253,246,246, 4
254,246,246, 4
255,246,246, 4
256,246,246, 4
257,246,246, 4
258,246,246, 4
259,246,246, 4
260,246,246, 4
261,246,246, 4
262,246,246, 4
263,246,246, 4
264,246,246, 4
265,246,246, 4
266,246,246, 4
267,246,246, 4
268,246,246, 4
269,246,246, 4
270,246,246, 4
271,246,246, 4
272,246,246, 4
273,246,246, 4
274,246,246, 4
275,246,246, 4
276,246,246, 4
277,246,246, 4
278,246,246, 4
279,245,245, 5
280,245,245, 5
281,245,245, 5
282,245,245, 5
283,245,245, 5
284,245,245, 5
285,245,245, 5
286,245,245, 5
287,245,245, 5
288,245,245, 5
289,245,245, 5
290,245,245, 5
291,245,245, 5
292,245,245, 5
293,245,245, 5
294,245,245, 5
295,245,245, 5
296,245,245, 5
297,245,245, 5
298,245,245, 5
299,245,245, 5
300,245,245, 5
301,245,245, 5
302,245,245, 5
303,245,245, 5
304,245,245, 5
305,245,245, 5
306,245,245, 5
307,245,245, 5
308,245,245, 5
309,245,245, 5
310,245,245, 5
311,245,245, 5
312,245,245, 5
313,245,245, 5
314,245,245, 5
315,245,245, 5
316,245,245, 5
317,245,245, 5
318,245,245, 5
319,245,245, 5
320,245,245, 5
321,245,245, 5
322,245,245, 5
323,245,245, 5
324,245,245, 5
325,245,245, 5
326,245,245, 5
327,245,245, 5
328,245,245, 5
329,244,244, 6
330,244,244, 6
331,244,244, 6
332,244,244, 6
333,244,244, 6
334,244,244, 6
335,244,244, 6
336,244,244, 6
337,244,244, 6
338,244,244, 6
339,244,244, 6
340,244,244, 6
341,244,244, 6
342,244,244, 6
343,244,244, 6
344,244,244, 6
345,244,244, 6
346,244,244, 6
347,244,244, 6
348,244,244, 6
349,244,244, 6
350,244,244, 6
351,244,244, 6
352,244,244, 6
353,244,244, 6
354,244,244, 6
355,244,244, 6
356,244,244, 6
357,244,244, 6
358,244,244, 6
359,244,244, 6
360,244,244, 6
361,244,244, 6
362,244,244, 6
363,244,244, 6
364,244,244, 6
365,244,244, 6
366,244,244, 6
367,244,244, 6
368,244,244, 6
369,244,244, 6
370,244,244, 6
371,244,244, 6
372,244,244, 6
373,244,244, 6
374,244,244, 6
375,244,244, 6
376,244,244, 6
377,244,244, 6
378,244,244, 6
379,244,244, 6
380,244,244, 6
381,244,244, 6
382,244,244, 6
383,244,244, 6
384,244,244, 6
385,244,244, 6
386,244,244, 6
387,244,244, 6
388,244,244, 6
389,244,244, 6
390,244,244, 6
391,244,244, 6
392,244,244, 6
393,244,244, 6
394,244,244, 6
395,244,244, 6
396,244,244, 6
397,244,244, 6
398,244,244, 6
399,244,244, 6
400,244,244, 6
401,244,244, 6
402,244,244, 6
403,244,244, 6
404,244,244, 6
405,244,244, 6
406,244,244, 6
407,243,243, 7
408,243,243, 7
409,243,243, 7
410,243,243, 7
411,243,243, 7
412,243,243, 7
413,243,243, 7
414,243,243, 7
415,243,243, 7
416,243,243, 7
417,243,243, 7
418,243,243, 7
419,243,243, 7
420,242,242, 8
421,242,242, 8
422,242,242, 8
423,242,242, 8
424,242,242, 8
425,242,242, 8
426,242,242, 8
427,242,242, 8
428,242,242, 8
429,242,242, 8
430,242,242, 8
431,242,242, 8
432,242,242, 8
433,242,242, 8
434,242,242, 8
435,242,242, 8
436,242,242, 8
437,242,242, 8
438,242,242, 8
439,242,242, 8
440,242,242, 8
441,242,242, 8
442,242,242, 8
443,242,242, 8
444,242,242, 8
445,242,242, 8
446,242,242, 8
447,242,242, 8
448,242,242, 8
449,242,242, 8
450,242,242, 8
451,242,242, 8
452,242,242, 8
453,242,242, 8
454,242,242, 8
455,242,242, 8
456,242,242, 8
457,242,242, 8
458,242,242, 8
459,242,242, 8
460,242,242, 8
461,242,242, 8
462,242,242, 8
463,242,242, 8
464,242,242, 8
465,242,242, 8
466,242,242, 8
467,242,242, 8
468,242,242, 8
469,242,242, 8
470,242,242, 8
471,242,242, 8
472,242,242, 8
473,242,242, 8
474,242,242, 8
475,242,242, 8
476,242,242, 8
477,242,242, 8
478,242,242, 8
479,242,242, 8
480,242,242, 8
481,242,242, 8
482,242,242, 8
483,242,242, 8
484,242,242, 8
485,242,242, 8
486,242,242, 8
487,242,242, 8
488,242,242, 8
489,242,242, 8
490,242,242, 8
491,242,242, 8
492,242,242, 8
493,242,242, 8
494,242,242, 8
495,242,242, 8
496,242,242, 8
497,242,242, 8
498,242,242, 8
499,242,242, 8
500,242,242, 8
501,242,242, 8
502,242,242, 8
503,242,242, 8
504,242,242, 8
505,242,242, 8
506,242,242, 8
507,242,242, 8
508,242,242, 8
509,242,242, 8
510,242,242, 8
511,242,242, 8
512,242,242, 8
513,242,242, 8
514,242,242, 8
515,242,242, 8
516,242,242, 8
517,242,242, 8
518,242,242, 8
519,242,242, 8
520,242,242, 8
521,242,242, 8
522,242,242, 8
523,242,242, 8
524,242,242, 8
525,242,242, 8
526,242,242, 8
527,242,242, 8
528,242,242, 8
529,242,242, 8
530,242,242, 8
531,242,242, 8
532,242,242, 8
533,242,242, 8
534,242,242, 8
535,242,242, 8
536,242,242, 8
537,242,242, 8
538,242,242, 8
539,242,242, 8
540,242,242, 8
541,242,242, 8
542,242,242, 8
543,242,242, 8
544,242,242, 8
545,242,242, 8
546,242,242, 8
547,242,242, 8
548,242,242, 8
549,242,242, 8
550,242,242, 8
551,242,242, 8
552,242,242, 8
553,242,242, 8
554,242,242, 8
555,242,242, 8
556,242,242, 8
557,242,242, 8
558,242,242, 8
559,242,242, 8
560,242,242, 8
561,242,242, 8
562,242,242, 8
563,242,242, 8
564,242,242, 8
565,242,242, 8
566,242,242, 8
567,242,242, 8
568,242,242, 8
569,242,242, 8
570,242,242, 8
571,242,242, 8
572,242,242, 8
573,242,242, 8
574,242,242, 8
575,242,242, 8
576,242,242, 8
577,242,242, 8
578,242,242, 8
579,242,242, 8
580,242,242, 8
581,242,242, 8
582,242,242, 8
583,242,242, 8
584,242,242, 8
585,242,242, 8
586,242,242, 8
587,242,242, 8
588,242,242, 8
589,242,242, 8
590,242,242, 8
591,242,242, 8
592,242,242, 8
593,242,242, 8
594,242,242, 8
595,242,242, 8
596,242,242, 8
597,242,242, 8
598,241,241, 9
599,241,241, 9
600,241,241, 9
601,241,241, 9
602,241,241, 9
603,241,241, 9
604,241,241, 9
605,241,241, 9
606,241,241, 9
607,241,241, 9
608,241,241, 9
609,241,241, 9
610,241,241, 9
611,241,241, 9
612,241,241, 9
613,241,241, 9
614,241,241, 9
615,241,241, 9
616,241,241, 9
617,241,241, 9
618,241,241, 9
619,241,241, 9
620,241,241, 9
621,241,241, 9
622,241,241, 9
623,241,241, 9
624,241,241, 9
625,241,241, 9
626,241,241, 9
627,241,241, 9
628,241,241, 9
629,241,241, 9
630,241,241, 9
631,241,241, 9
632,241,241, 9
633,241,241, 9
634,241,241, 9
635,241,241, 9
636,241,241, 9
637,241,241, 9
638,241,241, 9
639,241,241, 9
640,241,241, 9
641,241,241, 9
642,241,241, 9
643,241,241, 9
644,241,241, 9
645,241,241, 9
646,241,241, 9
647,241,241, 9
648,241,241, 9
649,241,241, 9
650,241,241, 9
651,241,241, 9
652,241,241, 9
653,241,241, 9
654,241,241, 9
655,241,241, 9
656,241,241, 9
657,241,241, 9
658,241,241, 9
659,241,241, 9
660,241,241, 9
661,241,241, 9
662,241,241, 9
663,241,241, 9
664,241,241, 9
665,241,241, 9
666,241,241, 9
667,241,241, 9
668,241,241, 9
669,241,241, 9
670,241,241, 9
671,241,241, 9
672,241,241, 9
673,241,241, 9
674,241,241, 9
675,241,241, 9
676,241,241, 9
677,241,241, 9
678,241,241, 9
679,241,241, 9
680,241,241, 9
681,241,241, 9
682,241,241, 9
683,241,241, 9
684,241,241, 9
685,241,241, 9
686,241,241, 9
687,241,241, 9
688,241,241, 9
689,241,241, 9
690,241,241, 9
691,241,241, 9
692,241,241, 9
693,241,241, 9
694,241,241, 9
695,241,241, 9
696,241,241, 9
697,241,241, 9
698,241,241, 9
699,241,241, 9
700,241,241, 9
701,241,241, 9
702,241,241, 9
703,241,241, 9
704,241,241, 9
705,241,241, 9
706,241,241, 9
707,241,241, 9
708,241,241, 9
709,241,241, 9
710,241,241, 9
711,241,241, 9
712,241,241, 9
713,241,241, 9
714,241,241, 9
715,240,240, 10
716,240,240, 10
717,240,240, 10
718,240,240, 10
719,240,240, 10
720,240,240, 10
721,240,240, 10
722,240,240, 10
723,240,240, 10
724,240,240, 10
725,240,240, 10
726,240,240, 10
727,240,240, 10
728,240,240, 10
729,240,240, 10
730,240,240, 10
731,240,240, 10
732,240,240, 10
733,240,240, 10
734,240,240, 10
735,240,240, 10
736,240,240, 10
737,240,240, 10
738,240,240, 10
739,240,240, 10
740,240,240, 10
741,240,240, 10
742,240,240, 10
743,240,240, 10
744,240,240, 10
745,240,240, 10
746,240,240, 10
747,240,240, 10
748,240,240, 10
749,240,240, 10
750,240,240, 10
751,240,240, 10
752,240,240, 10
753,240,240, 10
754,240,240, 10
755,240,240, 10
756,240,240, 10
757,240,240, 10
758,240,240, 10
759,240,240, 10
760,240,240, 10
761,240,240, 10
762,240,240, 10
763,240,240, 10
764,240,240, 10
765,240,240, 10
766,240,240, 10
767,240,240, 10
768,240,240, 10
769,240,240, 10
770,240,240, 10
771,240,240, 10
772,240,240, 10
773,240,240, 10
774,240,240, 10
775,240,240, 10
776,240,240, 10
777,240,240, 10
778,240,240, 10
779,240,240, 10
780,240,240, 10
781,240,240, 10
782,240,240, 10
783,240,240, 10
784,240,240, 10
785,240,240, 10
786,240,240, 10
787,240,240, 10
788,240,240, 10
789,240,240, 10
790,240,240, 10
791,240,240, 10
792,240,240, 10
793,240,240, 10
794,240,240, 10
795,240,240, 10
796,240,240, 10
797,240,240, 10
798,240,240, 10
799,240,240, 10
800,240,240, 10
801,240,240, 10
802,240,240, 10
803,240,240, 10
804,240,240, 10
805,240,240, 10
806,240,240, 10
807,240,240, 10
808,240,240, 10
809,240,240, 10
810,240,240, 10
811,240,240, 10
812,240,240, 10
813,240,240, 10
814,240,240, 10
815,240,240, 10
816,240,240, 10
817,240,240, 10
818,240,240, 10
819,240,240, 10
820,240,240, 10
821,240,240, 10
822,240,240, 10
823,240,240, 10
824,240,240, 10
825,240,240, 10
826,240,240, 10
827,240,240, 10
828,240,240, 10
829,240,240, 10
830,240,240, 10
831,240,240, 10
832,240,240, 10
833,240,240, 10
834,240,240, 10
835,240,240, 10
836,240,240, 10
837,240,240, 10
838,240,240, 10
839,240,240, 10
840,240,240, 10
841,240,240, 10
842,240,240, 10
843,240,240, 10
844,240,240, 10
845,240,240, 10
846,240,240, 10
847,240,240, 10
848,240,240, 10
849,240,240, 10
850,240,240, 10
851,240,240, 10
852,240,240, 10
853,240,240, 10
854,240,240, 10
855,240,240, 10
856,240,240, 10
857,240,240, 10
858,240,240, 10
859,240,240, 10
860,240,240, 10
861,240,240, 10
862,240,240, 10
863,240,240, 10
864,240,240, 10
865,240,240, 10
866,240,240, 10
867,240,240, 10
868,240,240, 10
869,240,240, 10
870,240,240, 10
871,240,240, 10
872,240,240, 10
873,240,240, 10
874,240,240, 10
875,240,240, 10
876,240,240, 10
877,240,240, 10
878,240,240, 10
879,240,240, 10
880,240,240, 10
881,240,240, 10
882,240,240, 10
883,240,240, 10
884,240,240, 10
885,240,240, 10
886,240,240, 10
887,240,240, 10
888,240,240, 10
889,240,240, 10
890,240,240, 10
891,240,240, 10
892,240,240, 10
893,240,240, 10
894,240,240, 10
895,240,240, 10
896,240,240, 10
897,240,240, 10
898,240,240, 10
899,240,240, 10
900,240,240, 10
901,240,240, 10
902,240,240, 10
903,240,240, 10
904,240,240, 10
905,240,240, 10
906,240,240, 10
907,240,240, 10
908,240,240, 10
909,240,240, 10
910,240,240, 10
911,240,240, 10
912,240,240, 10
913,240,240, 10
914,240,240, 10
915,240,240, 10
916,240,240, 10
917,240,240, 10
918,240,240, 10
919,240,240, 10
920,240,240, 10
921,240,240, 10
922,240,240, 10
923,240,240, 10
924,240,240, 10
925,240,240, 10
926,240,240, 10
927,240,240, 10
928,240,240, 10
929,240,240, 10
930,240,240, 10
931,240,240, 10
932,240,240, 10
933,240,240, 10
934,240,240, 10
935,240,240, 10
936,240,240, 10
937,240,240, 10
938,240,240, 10
939,240,240, 10
940,240,240, 10
941,240,240, 10
942,240,240, 10
943,240,240, 10
944,240,240, 10
945,240,240, 10
946,240,240, 10
947,240,240, 10
948,240,240, 10
949,240,240, 10
950,240,240, 10
951,240,240, 10
952,240,240, 10
953,240,240, 10
954,240,240, 10
955,240,240, 10
956,240,240, 10
957,240,240, 10
958,240,240, 10
959,240,240, 10
960,240,240, 10
961,240,240, 10
962,240,240, 10
963,240,240, 10
964,240,240, 10
965,240,240, 10
966,240,240, 10
967,240,240, 10
968,240,240, 10
969,240,240, 10
970,240,240, 10
971,240,240, 10
972,240,240, 10
973,240,240, 10
974,240,240, 10
975,240,240, 10
976,240,240, 10
977,240,240, 10
978,240,240, 10
979,240,240, 10
980,240,240, 10
981,240,240, 10
982,240,240, 10
983,240,240, 10
984,240,240, 10
985,240,240, 10
986,240,240, 10
987,240,240, 10
988,240,240, 10
989,240,240, 10
990,240,240, 10
991,240,240, 10
992,240,240, 10
993,240,240, 10
994,240,240, 10
995,240,240, 10
996,240,240, 10
997,240,240, 10
998,240,240, 10
999,240,240, 10
1000,240,240, 10
1001,240,240, 10
1002,240,240, 10
1003,240,240, 10
1004,240,240, 10
1005,240,240, 10
1006,240,240, 10
1007,240,240, 10
1008,240,240, 10
1009,240,240, 10
1010,240,240, 10
1011,240,240, 10
1012,240,240, 10
1013,240,240, 10
1014,240,240, 10
1015,240,240, 10
1016,240,240, 10
1017,240,240, 10
1018,240,240, 10
1019,240,240, 10
1020,240,240, 10
1021,240,240, 10
1022,240,240, 10
1023,240,240, 10
1024,240,240, 10
1025,240,240, 10
1026,240,240, 10
1027,240,240, 10
1028,240,240, 10
1029,240,240, 10
1030,240,240, 10
1031,240,240, 10
1032,240,240, 10
1033,240,240, 10
1034,240,240, 10
1035,240,240, 10
1036,240,240, 10
1037,240,240, 10
1038,240,240, 10
1039,240,240, 10
1040,240,240, 10
1041,240,240, 10
1042,240,240, 10
1043,240,240, 10
1044,240,240, 10
1045,240,240, 10
1046,240,240, 10
1047,240,240, 10
1048,240,240, 10
1049,240,240, 10
1050,240,240, 10
1051,240,240, 10
1052,240,240, 10
1053,240,240, 10
1054,240,240, 10
1055,240,240, 10
1056,240,240, 10
1057,240,240, 10
1058,240,240, 10
1059,240,240, 10
1060,240,240, 10
1061,240,240, 10
1062,240,240, 10
1063,240,240, 10
1064,240,240, 10
1065,240,240, 10
1066,240,240, 10
1067,240,240, 10
1068,240,240, 10
1069,240,240, 10
1070,240,240, 10
1071,240,240, 10
1072,240,240, 10
1073,240,240, 10
1074,240,240, 10
1075,240,240, 10
1076,240,240, 10
1077,240,240, 10
1078,240,240, 10
1079,240,240, 10
1080,240,240, 10
1081,240,240, 10
1082,240,240, 10
1083,240,240, 10
1084,240,240, 10
1085,240,240, 10
1086,240,240, 10
1087,240,240, 10
1088,240,240, 10
1089,240,240, 10
1090,240,240, 10
1091,240,240, 10
1092,240,240, 10
1093,240,240, 10
1094,239,239, 11
1095,239,239, 11
1096,239,239, 11
1097,239,239, 11
1098,239,239, 11
1099,239,239, 11
1100,239,239, 11
1101,239,239, 11
1102,239,239, 11
1103,239,239, 11
1104,239,239, 11
1105,239,239, 11
1106,239,239, 11
1107,239,239, 11
1108,239,239, 11
1109,239,239, 11
1110,239,239, 11
1111,239,239, 11
1112,239,239, 11
1113,239,239, 11
1114,239,239, 11
1115,239,239, 11
1116,239,239, 11
1117,239,239, 11
1118,239,239, 11
1119,239,239, 11
1120,239,239, 11
1121,239,239, 11
1122,239,239, 11
1123,239,239, 11
1124,239,239, 11
1125,239,239, 11
1126,239,239, 11
1127,239,239, 11
1128,239,239, 11
1129,239,239, 11
1130,239,239, 11
1131,239,239, 11
1132,239,239, 11
1133,239,239, 11
1134,239,239, 11
1135,239,239, 11
1136,239,239, 11
1137,239,239, 11
1138,239,239, 11
1139,239,239, 11
1140,239,239, 11
1141,239,239, 11
1142,239,239, 11
1143,239,239, 11
1144,239,239, 11
1145,239,239, 11
1146,239,239, 11
1147,239,239, 11
1148,239,239, 11
1149,239,239, 11
1150,239,239, 11
1151,239,239, 11
1152,239,239, 11
1153,239,239, 11
1154,239,239, 11
1155,239,239, 11
1156,239,239, 11
1157,239,239, 11
1158,239,239, 11
1159,239,239, 11
1160,239,239, 11
1161,239,239, 11
1162,239,239, 11
1163,239,239, 11
1164,239,239, 11
1165,239,239, 11
1166,239,239, 11
1167,239,239, 11
1168,239,239, 11
1169,239,239, 11
1170,239,239, 11
1171,239,239, 11
1172,239,239, 11
1173,239,239, 11
1174,239,239, 11
1175,239,239, 11
1176,239,239, 11
1177,239,239, 11
1178,239,239, 11
1179,239,239, 11
1180,239,239, 11
1181,239,239, 11
1182,239,239, 11
1183,239,239, 11
1184,239,239, 11
1185,239,239, 11
1186,239,239, 11
1187,239,239, 11
1188,239,239, 11
1189,239,239, 11
1190,239,239, 11
1191,239,239, 11
1192,239,239, 11
1193,239,239, 11
1194,239,239, 11
1195,239,239, 11
1196,239,239, 11
1197,239,239, 11
1198,239,239, 11
1199,239,239, 11
1200,239,239, 11
1201,239,239, 11
1202,239,239, 11
1203,239,239, 11
1204,239,239, 11
1205,239,239, 11
1206,239,239, 11
1207,239,239, 11
1208,239,239, 11
1209,239,239, 11
1210,239,239, 11
1211,239,239, 11
1212,239,239, 11
1213,239,239, 11
1214,239,239, 11
1215,239,239, 11
1216,239,239, 11
1217,239,239, 11
1218,239,239, 11
1219,239,239, 11
1220,239,239, 11
1221,239,239, 11
1222,239,239, 11
1223,239,239, 11
1224,239,239, 11
1225,239,239, 11
1226,239,239, 11
1227,239,239, 11
1228,239,239, 11
1229,239,239, 11
1230,239,239, 11
1231,239,239, 11
1232,239,239, 11
1233,239,239, 11
1234,239,239, 11
1235,239,239, 11
1236,239,239, 11
1237,239,239, 11
1238,239,239, 11
1239,239,239, 11
1240,239,239, 11
1241,239,239, 11
1242,239,239, 11
1243,239,239, 11
1244,239,239, 11
1245,239,239, 11
1246,239,239, 11
1247,239,239, 11
1248,239,239, 11
1249,239,239, 11
1250,239,239, 11
1251,239,239, 11
1252,239,239, 11
1253,239,239, 11
1254,239,239, 11
1255,239,239, 11
1256,239,239, 11
1257,239,239, 11
1258,238,238, 12
1259,238,238, 12
1260,238,238, 12
1261,238,238, 12
1262,238,238, 12
1263,238,238, 12
1264,238,238, 12
1265,238,238, 12
1266,238,238, 12
1267,238,238, 12
1268,238,238, 12
1269,238,238, 12
1270,238,238, 12
1271,238,238, 12
1272,238,238, 12
1273,238,238, 12
1274,238,238, 12
1275,238,238, 12
1276,238,238, 12
1277,238,238, 12
1278,238,238, 12
1279,238,238, 12
1280,238,238, 12
1281,238,238, 12
1282,238,238, 12
1283,238,238, 12
1284,238,238, 12
1285,238,238, 12
1286,238,238, 12
1287,238,238, 12
1288,238,238, 12
1289,238,238, 12
1290,238,238, 12
1291,238,238, 12
1292,238,238, 12
1293,238,238, 12
1294,238,238, 12
1295,238,238, 12
1296,238,238, 12
1297,238,238, 12
1298,238,238, 12
1299,238,238, 12
1300,238,238, 12
1301,238,238, 12
1302,238,238, 12
1303,238,238, 12
1304,238,238, 12
1305,238,238, 12
1306,238,238, 12
1307,238,238, 12
1308,238,238, 12
1309,238,238, 12
1310,238,238, 12
1311,238,238, 12
1312,238,238, 12
1313,238,238, 12
1314,238,238, 12
1315,238,238, 12
1316,238,238, 12
1317,238,238, 12
1318,238,238, 12
1319,238,238, 12
1320,238,238, 12
1321,238,238, 12
1322,238,238, 12
1323,238,238, 12
1324,238,238, 12
1325,238,238, 12
1326,238,238, 12
1327,238,238, 12
1328,238,238, 12
1329,238,238, 12
1330,238,238, 12
1331,238,238, 12
1332,238,238, 12
1333,238,238, 12
1334,238,238, 12
1335,238,238, 12
1336,238,238, 12
1337,238,238, 12
1338,238,238, 12
1339,238,238, 12
1340,238,238, 12
1341,238,238, 12
1342,238,238, 12
1343,238,238, 12
1344,238,238, 12
1345,238,238, 12
1346,238,238, 12
1347,238,238, 12
1348,238,238, 12
1349,238,238, 12
1350,238,238, 12
1351,238,238, 12
1352,238,238, 12
1353,238,238, 12
1354,238,238, 12
1355,238,238, 12
1356,238,238, 12
1357,238,238, 12
1358,238,238, 12
1359,238,238, 12
1360,238,238, 12
1361,238,238, 12
1362,238,238, 12
1363,238,238, 12
1364,238,238, 12
1365,238,238, 12
1366,238,238, 12
1367,238,238, 12
1368,238,238, 12
1369,238,238, 12
1370,238,238, 12
1371,238,238, 12
1372,238,238, 12
1373,238,238, 12
1374,238,238, 12
1375,238,238, 12
1376,238,238, 12
1377,238,238, 12
1378,238,238, 12
1379,238,238, 12
1380,238,238, 12
1381,238,238, 12
1382,238,238, 12
1383,238,238, 12
1384,238,238, 12
1385,238,238, 12
1386,238,238, 12
1387,238,238, 12
1388,238,238, 12
1389,238,238, 12
1390,238,238, 12
1391,238,238, 12
1392,238,238, 12
1393,238,238, 12
1394,238,238, 12
1395,238,238, 12
1396,238,238, 12
1397,238,238, 12
1398,238,238, 12
1399,238,238, 12
1400,238,238, 12
1401,238,238, 12
1402,238,238, 12
1403,238,238, 12
1404,238,238, 12
1405,238,238, 12
1406,238,238, 12
1407,238,238, 12
1408,238,238, 12
1409,238,238, 12
1410,238,238, 12
1411,238,238, 12
1412,238,238, 12
1413,238,238, 12
1414,238,238, 12
1415,238,238, 12
1416,238,238, 12
1417,238,238, 12
1418,238,238, 12
1419,238,238, 12
1420,238,238, 12
1421,238,238, 12
1422,238,238, 12
1423,238,238, 12
1424,238,238, 12
1425,238,238, 12
1426,238,238, 12
1427,238,238, 12
1428,238,238, 12
1429,238,238, 12
1430,238,238, 12
1431,238,238, 12
1432,238,238, 12
1433,238,238, 12
1434,238,238, 12
1435,238,238, 12
1436,238,238, 12
1437,238,238, 12
1438,238,238, 12
1439,238,238, 12
1440,238,238, 12
1441,238,238, 12
1442,238,238, 12
1443,238,238, 12
1444,238,238, 12
1445,238,238, 12
1446,238,238, 12
1447,238,238, 12
1448,238,238, 12
1449,238,238, 12
1450,238,238, 12
1451,238,238, 12
1452,238,238, 12
1453,238,238, 12
1454,238,238, 12
1455,238,238, 12
1456,238,238, 12
1457,238,238, 12
1458,238,238, 12
1459,238,238, 12
1460,238,238, 12
1461,238,238, 12
1462,238,238, 12
1463,238,238, 12
1464,238,238, 12
1465,238,238, 12
1466,238,238, 12
1467,238,238, 12
1468,238,238, 12
1469,238,238, 12
1470,238,238, 12
1471,238,238, 12
1472,237,237, 13
1473,237,237, 13
1474,237,237, 13
1475,237,237, 13
1476,237,237, 13
1477,237,237, 13
1478,237,237, 13
1479,237,237, 13
1480,237,237, 13
1481,237,237, 13
1482,237,237, 13
1483,237,237, 13
1484,237,237, 13
1485,237,237, 13
1486,237,237, 13
1487,236,236, 14
1488,236,236, 14
1489,236,236, 14
1490,236,236, 14
1491,236,236, 14
1492,236,236, 14
1493,236,236, 14
1494,236,236, 14
1495,236,236, 14
1496,236,236, 14
1497,236,236, 14
1498,236,236, 14
1499,236,236, 14
