0,250,250, 0
1,250,250, 0
2,250,250, 0
3,250,250, 0
4,250,250, 0
5,250,250, 0
6,250,250, 0
7,250,250, 0
8,250,250, 0
9,249,249, 1
10,249,249, 1
11,249,249, 1
12,249,249, 1
13,249,249, 1
14,249,249, 1
15,249,249, 1
16,249,249, 1
17,249,249, 1
18,249,249, 1
19,248,248, 2
20,248,248, 2
21,248,248, 2
22,248,248, 2
23,248,248, 2
24,248,248, 2
25,248,248, 2
26,248,248, 2
27,248,248, 2
28,248,248, 2
29,247,247, 3
30,247,247, 3
31,247,247, 3
32,247,247, 3
33,247,247, 3
34,247,247, 3
35,246,246, 4
36,246,246, 4
37,246,246, 4
38,246,246, 4
39,245,245, 5
40,245,245, 5
41,245,245, 5
42,245,245, 5
43,245,245, 5
44,245,245, 5
45,245,245, 5
46,245,245, 5
47,245,245, 5
48,245,245, 5
49,245,245, 5
50,245,245, 5
51,245,245, 5
52,245,245, 5
53,245,245, 5
54,245,245, 5
55,245,245, 5
56,245,245, 5
57,245,245, 5
58,245,245, 5
59,245,245, 5
60,245,245, 5
61,245,245, 5
62,245,245, 5
63,245,245, 5
64,245,245, 5
65,245,245, 5
66,245,245, 5
67,245,245, 5
68,244,244, 6
69,244,244, 6
70,244,244, 6
71,244,244, 6
72,244,244, 6
73,244,244, 6
74,244,244, 6
75,244,244, 6
76,244,244, 6
77,244,244, 6
78,244,244, 6
79,244,244, 6
80,244,244, 6
81,244,244, 6
82,244,244, 6
83,244,244, 6
84,244,244, 6
85,244,244, 6
86,244,244, 6
87,244,244, 6
88,244,244, 6
89,244,244, 6
90,244,244, 6
91,244,244, 6
92,244,244, 6
93,244,244, 6
94,244,244, 6
95,244,244, 6
96,243,243, 7
97,243,243, 7
98,243,243, 7
99,243,243, 7
100,243,243, 7
101,243,243, 7
102,243,243, 7
103,243,243, 7
104,243,243, 7
105,243,243, 7
106,243,243, 7
107,243,243, 7
108,243,243, 7
109,243,243, 7
110,243,243, 7
111,243,243, 7
112,243,243, 7
113,243,243, 7
114,243,243, 7
115,243,243, 7
116,243,243, 7
117,243,243, 7
118,243,243, 7
119,243,243, 7
120,243,243, 7
121,243,243, 7
122,242,242, 8
123,242,242, 8
124,242,242, 8
125,242,242, 8
126,242,242, 8
127,242,242, 8
128,242,242, 8
129,242,242, 8
130,241,241, 9
131,241,241, 9
132,241,241, 9
133,240,240, 10
134,240,240, 10
135,240,240, 10
136,240,240, 10
137,240,240, 10
138,240,240, 10
139,240,240, 10
140,240,240, 10
141,240,240, 10
142,240,240, 10
143,240,240, 10
144,240,240, 10
145,240,240, 10
146,240,240, 10
147,240,240, 10
148,240,240, 10
149,240,240, 10
150,240,240, 10
151,240,240, 10
152,240,240, 10
153,240,240, 10
154,240,240, 10
155,240,240, 10
156,240,240, 10
157,240,240, 10
158,240,240, 10
159,240,240, 10
160,240,240, 10
161,240,240, 10
162,240,240, 10
163,240,240, 10
164,240,240, 10
165,240,240, 10
166,240,240, 10
167,240,240, 10
168,240,240, 10
169,240,240, 10
170,240,240, 10
171,240,240, 10
172,240,240, 10
173,240,240, 10
174,240,240, 10
175,240,240, 10
176,240,240, 10
177,240,240, 10
178,240,240, 10
179,240,240, 10
180,240,240, 10
181,240,240, 10
182,240,240, 10
183,240,240, 10
184,240,240, 10
185,240,240, 10
186,240,240, 10
187,240,240, 10
188,240,240, 10
189,240,240, 10
190,240,240, 10
191,240,240, 10
192,240,240, 10
193,240,240, 10
194,240,240, 10
195,240,240, 10
196,240,240, 10
197,240,240, 10
198,240,240, 10
199,240,240, 10
200,240,240, 10
201,240,240, 10
202,240,240, 10
203,240,240, 10
204,240,240, 10
205,240,240, 10
206,240,240, 10
207,240,240, 10
208,240,240, 10
209,240,240, 10
210,240,240, 10
211,240,240, 10
212,240,240, 10
213,240,240, 10
214,240,240, 10
215,240,240, 10
216,240,240, 10
217,240,240, 10
218,240,240, 10
219,240,240, 10
220,240,240, 10
221,240,240, 10
222,240,240, 10
223,240,240, 10
224,240,240, 10
225,240,240, 10
226,240,240, 10
227,240,240, 10
228,240,240, 10
229,240,240, 10
230,240,240, 10
231,240,240, 10
232,240,240, 10
233,240,240, 10
234,240,240, 10
235,240,240, 10
236,240,240, 10
237,240,240, 10
238,240,240, 10
239,240,240, 10
240,240,240, 10
241,240,240, 10
242,240,240, 10
243,240,240, 10
244,240,240, 10
245,240,240, 10
246,240,240, 10
247,240,240, 10
248,240,240, 10
249,240,240, 10
250,240,240, 10
251,240,240, 10
252,240,240, 10
253,240,240, 10
254,240,240, 10
255,240,240, 10
256,240,240, 10
257,240,240, 10
258,240,240, 10
259,240,240, 10
260,240,240, 10
261,240,240, 10
262,240,240, 10
263,240,240, 10
264,240,240, 10
265,240,240, 10
266,240,240, 10
267,240,240, 10
268,240,240, 10
269,240,240, 10
270,240,240, 10
271,240,240, 10
272,240,240, 10
273,240,240, 10
274,240,240, 10
275,240,240, 10
276,240,240, 10
277,240,240, 10
278,240,240, 10
279,240,240, 10
280,240,240, 10
281,240,240, 10
282,240,240, 10
283,240,240, 10
284,240,240, 10
285,240,240, 10
286,240,240, 10
287,240,240, 10
288,240,240, 10
289,240,240, 10
290,240,240, 10
291,240,240, 10
292,240,240, 10
293,239,239, 11
294,239,239, 11
295,239,239, 11
296,239,239, 11
297,239,239, 11
298,239,239, 11
299,239,239, 11
300,239,239, 11
301,239,239, 11
302,239,239, 11
303,239,239, 11
304,239,239, 11
305,239,239, 11
306,239,239, 11
307,239,239, 11
308,239,239, 11
309,239,239, 11
310,239,239, 11
311,239,239, 11
312,239,239, 11
313,239,239, 11
314,239,239, 11
315,239,239, 11
316,239,239, 11
317,239,239, 11
318,239,239, 11
319,239,239, 11
320,238,238, 12
321,238,238, 12
322,238,238, 12
323,238,238, 12
324,238,238, 12
325,238,238, 12
326,238,238, 12
327,238,238, 12
328,238,238, 12
329,238,238, 12
330,238,238, 12
331,238,238, 12
332,238,238, 12
333,238,238, 12
334,238,238, 12
335,238,238, 12
336,238,238, 12
337,238,238, 12
338,238,238, 12
339,238,238, 12
340,238,238, 12
341,238,238, 12
342,238,238, 12
343,238,238, 12
344,238,238, 12
345,238,238, 12
346,238,238, 12
347,238,238, 12
348,238,238, 12
349,238,238, 12
350,238,238, 12
351,238,238, 12
352,238,238, 12
353,238,238, 12
354,238,238, 12
355,238,238, 12
356,238,238, 12
357,238,238, 12
358,238,238, 12
359,238,238, 12
360,238,238, 12
361,238,238, 12
362,238,238, 12
363,238,238, 12
364,238,238, 12
365,238,238, 12
366,238,238, 12
367,238,238, 12
368,238,238, 12
369,238,238, 12
370,238,238, 12
371,238,238, 12
372,238,238, 12
373,238,238, 12
374,238,238, 12
375,238,238, 12
376,238,238, 12
377,238,238, 12
378,238,238, 12
379,238,238, 12
380,238,238, 12
381,238,238, 12
382,238,238, 12
383,238,238, 12
384,238,238, 12
385,238,238, 12
386,238,238, 12
387,238,238, 12
388,238,238, 12
389,238,238, 12
390,238,238, 12
391,238,238, 12
392,238,238, 12
393,238,238, 12
394,238,238, 12
395,238,238, 12
396,238,238, 12
397,238,238, 12
398,238,238, 12
399,238,238, 12
400,238,238, 12
401,238,238, 12
402,238,238, 12
403,238,238, 12
404,238,238, 12
405,238,238, 12
406,238,238, 12
407,238,238, 12
408,238,238, 12
409,238,238, 12
410,238,238, 12
411,238,238, 12
412,238,238, 12
413,238,238, 12
414,238,238, 12
415,238,238, 12
416,238,238, 12
417,238,238, 12
418,237,237, 13
419,237,237, 13
420,237,237, 13
421,237,237, 13
422,237,237, 13
423,237,237, 13
424,237,237, 13
425,237,237, 13
426,237,237, 13
427,237,237, 13
428,237,237, 13
429,237,237, 13
430,237,237, 13
431,236,236, 14
432,236,236, 14
433,236,236, 14
434,236,236, 14
435,236,236, 14
436,236,236, 14
437,236,236, 14
438,236,236, 14
439,236,236, 14
440,236,236, 14
441,236,236, 14
442,235,235, 15
443,235,235, 15
444,235,235, 15
445,235,235, 15
446,235,235, 15
447,235,235, 15
448,235,235, 15
449,235,235, 15
450,235,235, 15
451,234,234, 16
452,234,234, 16
453,234,234, 16
454,234,234, 16
455,234,234, 16
456,234,234, 16
457,234,234, 16
458,234,234, 16
459,234,234, 16
460,234,234, 16
461,234,234, 16
462,234,234, 16
463,234,234, 16
464,234,234, 16
465,234,234, 16
466,234,234, 16
467,234,234, 16
468,234,234, 16
469,234,234, 16
470,234,234, 16
471,234,234, 16
472,234,234, 16
473,234,234, 16
474,234,234, 16
475,234,234, 16
476,234,234, 16
477,234,234, 16
478,234,234, 16
479,234,234, 16
480,234,234, 16
481,234,234, 16
482,234,234, 16
483,234,234, 16
484,234,234, 16
485,234,234, 16
486,234,234, 16
487,234,234, 16
488,234,234, 16
489,234,234, 16
490,234,234, 16
491,234,234, 16
492,234,234, 16
493,234,234, 16
494,234,234, 16
495,234,234, 16
496,234,234, 16
497,234,234, 16
498,234,234, 16
499,234,234, 16
500,234,234, 16
501,234,234, 16
502,234,234, 16
503,234,234, 16
504,234,234, 16
505,234,234, 16
506,234,234, 16
507,234,234, 16
508,234,234, 16
509,234,234, 16
510,234,234, 16
511,234,234, 16
512,234,234, 16
513,234,234, 16
514,234,234, 16
515,234,234, 16
516,234,234, 16
517,234,234, 16
518,234,234, 16
519,234,234, 16
520,234,234, 16
521,234,234, 16
522,234,234, 16
523,234,234, 16
524,234,234, 16
525,234,234, 16
526,234,234, 16
527,234,234, 16
528,234,234, 16
529,234,234, 16
530,234,234, 16
531,234,234, 16
532,234,234, 16
533,234,234, 16
534,234,234, 16
535,234,234, 16
536,234,234, 16
537,234,234, 16
538,234,234, 16
539,234,234, 16
540,234,234, 16
541,234,234, 16
542,234,234, 16
543,234,234, 16
544,234,234, 16
545,234,234, 16
546,234,234, 16
547,234,234, 16
548,234,234, 16
549,234,234, 16
550,234,234, 16
551,234,234, 16
552,234,234, 16
553,233,233, 17
554,233,233, 17
555,233,233, 17
556,233,233, 17
557,233,233, 17
558,233,233, 17
559,233,233, 17
560,233,233, 17
561,233,233, 17
562,233,233, 17
563,233,233, 17
564,233,233, 17
565,233,233, 17
566,233,233, 17
567,233,233, 17
568,233,233, 17
569,233,233, 17
570,233,233, 17
571,233,233, 17
572,233,233, 17
573,233,233, 17
574,233,233, 17
575,233,233, 17
576,233,233, 17
577,233,233, 17
578,233,233, 17
579,233,233, 17
580,233,233, 17
581,233,233, 17
582,233,233, 17
583,233,233, 17
584,233,233, 17
585,233,233, 17
586,233,233, 17
587,233,233, 17
588,233,233, 17
589,233,233, 17
590,233,233, 17
591,233,233, 17
592,233,233, 17
593,233,233, 17
594,233,233, 17
595,233,233, 17
596,233,233, 17
597,233,233, 17
598,233,233, 17
599,233,233, 17
600,233,233, 17
601,233,233, 17
602,233,233, 17
603,233,233, 17
604,233,233, 17
605,233,233, 17
606,233,233, 17
607,233,233, 17
608,233,233, 17
609,233,233, 17
610,233,233, 17
611,233,233, 17
612,233,233, 17
613,233,233, 17
614,233,233, 17
615,233,233, 17
616,233,233, 17
617,233,233, 17
618,233,233, 17
619,233,233, 17
620,233,233, 17
621,233,233, 17
622,233,233, 17
623,233,233, 17
624,233,233, 17
625,233,233, 17
626,233,233, 17
627,233,233, 17
628,233,233, 17
629,233,233, 17
630,233,233, 17
631,233,233, 17
632,233,233, 17
633,232,232, 18
634,232,232, 18
635,232,232, 18
636,232,232, 18
637,232,232, 18
638,232,232, 18
639,232,232, 18
640,232,232, 18
641,232,232, 18
642,232,232, 18
643,232,232, 18
644,232,232, 18
645,232,232, 18
646,232,232, 18
647,232,232, 18
648,232,232, 18
649,232,232, 18
650,232,232, 18
651,232,232, 18
652,232,232, 18
653,232,232, 18
654,232,232, 18
655,232,232, 18
656,232,232, 18
657,232,232, 18
658,232,232, 18
659,232,232, 18
660,232,232, 18
661,232,232, 18
662,232,232, 18
663,232,232, 18
664,232,232, 18
665,232,232, 18
666,232,232, 18
667,232,232, 18
668,232,232, 18
669,232,232, 18
670,232,232, 18
671,232,232, 18
672,232,232, 18
673,232,232, 18
674,232,232, 18
675,232,232, 18
676,232,232, 18
677,231,231, 19
678,231,231, 19
679,231,231, 19
680,231,231, 19
681,231,231, 19
682,231,231, 19
683,231,231, 19
684,231,231, 19
685,231,231, 19
686,231,231, 19
687,231,231, 19
688,231,231, 19
689,231,231, 19
690,231,231, 19
691,231,231, 19
692,231,231, 19
693,231,231, 19
694,231,231, 19
695,231,231, 19
696,231,231, 19
697,231,231, 19
698,231,231, 19
699,231,231, 19
700,231,231, 19
701,231,231, 19
702,231,231, 19
703,231,231, 19
704,231,231, 19
705,231,231, 19
706,231,231, 19
707,231,231, 19
708,231,231, 19
709,231,231, 19
710,231,231, 19
711,231,231, 19
712,231,231, 19
713,231,231, 19
714,231,231, 19
715,231,231, 19
716,231,231, 19
717,231,231, 19
718,231,231, 19
719,231,231, 19
720,231,231, 19
721,231,231, 19
722,231,231, 19
723,231,231, 19
724,231,231, 19
725,231,231, 19
726,231,231, 19
727,231,231, 19
728,231,231, 19
729,231,231, 19
730,231,231, 19
731,231,231, 19
732,231,231, 19
733,231,231, 19
734,231,231, 19
735,231,231, 19
736,231,231, 19
737,231,231, 19
738,231,231, 19
739,231,231, 19
740,231,231, 19
741,231,231, 19
742,231,231, 19
743,231,231, 19
744,231,231, 19
745,231,231, 19
746,231,231, 19
747,231,231, 19
748,231,231, 19
749,231,231, 19
750,231,231, 19
751,231,231, 19
752,231,231, 19
753,231,231, 19
754,231,231, 19
755,231,231, 19
756,231,231, 19
757,231,231, 19
758,231,231, 19
759,231,231, 19
760,231,231, 19
761,231,231, 19
762,231,231, 19
763,231,231, 19
764,231,231, 19
765,231,231, 19
766,231,231, 19
767,231,231, 19
768,231,231, 19
769,231,231, 19
770,231,231, 19
771,231,231, 19
772,231,231, 19
773,231,231, 19
774,231,231, 19
775,231,231, 19
776,231,231, 19
777,231,231, 19
778,231,231, 19
779,231,231, 19
780,231,231, 19
781,231,231, 19
782,231,231, 19
783,231,231, 19
784,231,231, 19
785,231,231, 19
786,231,231, 19
787,231,231, 19
788,231,231, 19
789,231,231, 19
790,231,231, 19
791,231,231, 19
792,231,231, 19
793,231,231, 19
794,231,231, 19
795,231,231, 19
796,231,231, 19
797,231,231, 19
798,231,231, 19
799,231,231, 19
800,231,231, 19
801,231,231, 19
802,231,231, 19
803,231,231, 19
804,231,231, 19
805,231,231, 19
806,231,231, 19
807,231,231, 19
808,231,231, 19
809,231,231, 19
810,231,231, 19
811,231,231, 19
812,231,231, 19
813,231,231, 19
814,231,231, 19
815,231,231, 19
816,231,231, 19
817,231,231, 19
818,231,231, 19
819,231,231, 19
820,231,231, 19
821,231,231, 19
822,231,231, 19
823,231,231, 19
824,231,231, 19
825,231,231, 19
826,231,231, 19
827,231,231, 19
828,231,231, 19
829,231,231, 19
830,231,231, 19
831,231,231, 19
832,231,231, 19
833,231,231, 19
834,231,231, 19
835,231,231, 19
836,231,231, 19
837,231,231, 19
838,231,231, 19
839,231,231, 19
840,231,231, 19
841,231,231, 19
842,231,231, 19
843,231,231, 19
844,231,231, 19
845,231,231, 19
846,231,231, 19
847,231,231, 19
848,231,231, 19
849,231,231, 19
850,231,231, 19
851,231,231, 19
852,231,231, 19
853,231,231, 19
854,231,231, 19
855,231,231, 19
856,231,231, 19
857,231,231, 19
858,231,231, 19
859,231,231, 19
860,231,231, 19
861,231,231, 19
862,231,231, 19
863,231,231, 19
864,231,231, 19
865,231,231, 19
866,231,231, 19
867,231,231, 19
868,231,231, 19
869,230,230, 20
870,230,230, 20
871,230,230, 20
872,230,230, 20
873,230,230, 20
874,230,230, 20
875,230,230, 20
876,230,230, 20
877,230,230, 20
878,230,230, 20
879,230,230, 20
880,230,230, 20
881,230,230, 20
882,230,230, 20
883,230,230, 20
884,230,230, 20
885,230,230, 20
886,230,230, 20
887,230,230, 20
888,230,230, 20
889,230,230, 20
890,230,230, 20
891,230,230, 20
892,230,230, 20
893,230,230, 20
894,230,230, 20
895,230,230, 20
896,230,230, 20
897,230,230, 20
898,230,230, 20
899,230,230, 20
900,230,230, 20
901,230,230, 20
902,230,230, 20
903,230,230, 20
904,230,230, 20
905,230,230, 20
906,230,230, 20
907,230,230, 20
908,230,230, 20
909,230,230, 20
910,230,230, 20
911,230,230, 20
912,230,230, 20
913,230,230, 20
914,230,230, 20
915,229,229, 21
916,229,229, 21
917,229,229, 21
918,229,229, 21
919,229,229, 21
920,229,229, 21
921,229,229, 21
922,229,229, 21
923,229,229, 21
924,229,229, 21
925,229,229, 21
926,229,229, 21
927,229,229, 21
928,229,229, 21
929,229,229, 21
930,229,229, 21
931,229,229, 21
932,229,229, 21
933,229,229, 21
934,229,229, 21
935,229,229, 21
936,229,229, 21
937,229,229, 21
938,229,229, 21
939,229,229, 21
940,229,229, 21
941,229,229, 21
942,229,229, 21
943,229,229, 21
944,229,229, 21
945,229,229, 21
946,229,229, 21
947,229,229, 21
948,229,229, 21
949,229,229, 21
950,229,229, 21
951,229,229, 21
952,229,229, 21
953,229,229, 21
954,229,229, 21
955,229,229, 21
956,229,229, 21
957,229,229, 21
958,229,229, 21
959,229,229, 21
960,229,229, 21
961,229,229, 21
962,229,229, 21
963,229,229, 21
964,229,229, 21
965,229,229, 21
966,229,229, 21
967,229,229, 21
968,229,229, 21
969,229,229, 21
970,229,229, 21
971,229,229, 21
972,229,229, 21
973,229,229, 21
974,229,229, 21
975,229,229, 21
976,229,229, 21
977,229,229, 21
978,229,229, 21
979,229,229, 21
980,229,229, 21
981,229,229, 21
982,229,229, 21
983,229,229, 21
984,229,229, 21
985,229,229, 21
986,229,229, 21
987,229,229, 21
988,229,229, 21
989,229,229, 21
990,229,229, 21
991,229,229, 21
992,229,229, 21
993,229,229, 21
994,229,229, 21
995,229,229, 21
996,229,229, 21
997,229,229, 21
998,229,229, 21
999,229,229, 21
1000,229,229, 21
1001,229,229, 21
1002,229,229, 21
1003,229,229, 21
1004,229,229, 21
1005,229,229, 21
1006,229,229, 21
1007,229,229, 21
1008,229,229, 21
1009,229,229, 21
1010,229,229, 21
1011,229,229, 21
1012,229,229, 21
1013,229,229, 21
1014,229,229, 21
1015,229,229, 21
1016,229,229, 21
1017,229,229, 21
1018,229,229, 21
1019,229,229, 21
1020,229,229, 21
1021,229,229, 21
1022,229,229, 21
1023,229,229, 21
1024,229,229, 21
1025,229,229, 21
1026,229,229, 21
1027,229,229, 21
1028,229,229, 21
1029,229,229, 21
1030,229,229, 21
1031,229,229, 21
1032,229,229, 21
1033,229,229, 21
1034,229,229, 21
1035,229,229, 21
1036,229,229, 21
1037,229,229, 21
1038,229,229, 21
1039,229,229, 21
1040,229,229, 21
1041,229,229, 21
1042,229,229, 21
1043,229,229, 21
1044,229,229, 21
1045,229,229, 21
1046,229,229, 21
1047,229,229, 21
1048,229,229, 21
1049,229,229, 21
1050,229,229, 21
1051,229,229, 21
1052,229,229, 21
1053,229,229, 21
1054,229,229, 21
1055,229,229, 21
1056,229,229, 21
1057,229,229, 21
1058,229,229, 21
1059,229,229, 21
1060,229,229, 21
1061,229,229, 21
1062,229,229, 21
1063,229,229, 21
1064,229,229, 21
1065,229,229, 21
1066,229,229, 21
1067,228,228, 22
1068,228,228, 22
1069,228,228, 22
1070,228,228, 22
1071,228,228, 22
1072,228,228, 22
1073,228,228, 22
1074,228,228, 22
1075,228,228, 22
1076,228,228, 22
1077,228,228, 22
1078,228,228, 22
1079,228,228, 22
1080,228,228, 22
1081,228,228, 22
1082,228,228, 22
1083,228,228, 22
1084,228,228, 22
1085,228,228, 22
1086,228,228, 22
1087,228,228, 22
1088,228,228, 22
1089,228,228, 22
1090,228,228, 22
1091,228,228, 22
1092,228,228, 22
1093,228,228, 22
1094,228,228, 22
1095,228,228, 22
1096,228,228, 22
1097,228,228, 22
1098,228,228, 22
1099,228,228, 22
1100,228,228, 22
1101,228,228, 22
1102,228,228, 22
1103,228,228, 22
1104,228,228, 22
1105,228,228, 22
1106,228,228, 22
1107,228,228, 22
1108,228,228, 22
1109,228,228, 22
1110,228,228, 22
1111,228,228, 22
1112,228,228, 22
1113,228,228, 22
1114,228,228, 22
1115,228,228, 22
1116,228,228, 22
1117,228,228, 22
1118,228,228, 22
1119,228,228, 22
1120,228,228, 22
1121,228,228, 22
1122,228,228, 22
1123,228,228, 22
1124,228,228, 22
1125,228,228, 22
1126,228,228, 22
1127,228,228, 22
1128,228,228, 22
1129,228,228, 22
1130,228,228, 22
1131,228,228, 22
1132,228,228, 22
1133,228,228, 22
1134,228,228, 22
1135,228,228, 22
1136,228,228, 22
1137,228,228, 22
1138,228,228, 22
1139,228,228, 22
1140,228,228, 22
1141,228,228, 22
1142,228,228, 22
1143,228,228, 22
1144,228,228, 22
1145,228,228, 22
1146,228,228, 22
1147,228,228, 22
1148,228,228, 22
1149,228,228, 22
1150,228,228, 22
1151,228,228, 22
1152,228,228, 22
1153,228,228, 22
1154,228,228, 22
1155,228,228, 22
1156,228,228, 22
1157,228,228, 22
1158,228,228, 22
1159,228,228, 22
1160,228,228, 22
1161,228,228, 22
1162,228,228, 22
1163,228,228, 22
1164,228,228, 22
1165,228,228, 22
1166,228,228, 22
1167,228,228, 22
1168,228,228, 22
1169,228,228, 22
1170,228,228, 22
1171,228,228, 22
1172,228,228, 22
1173,228,228, 22
1174,228,228, 22
1175,228,228, 22
1176,228,228, 22
1177,228,228, 22
1178,228,228, 22
1179,228,228, 22
1180,228,228, 22
1181,228,228, 22
1182,228,228, 22
1183,228,228, 22
1184,228,228, 22
1185,227,227, 23
1186,227,227, 23
1187,227,227, 23
1188,227,227, 23
1189,227,227, 23
1190,227,227, 23
1191,227,227, 23
1192,227,227, 23
1193,227,227, 23
1194,227,227, 23
1195,227,227, 23
1196,227,227, 23
1197,227,227, 23
1198,227,227, 23
1199,227,227, 23
1200,227,227, 23
1201,227,227, 23
1202,227,227, 23
1203,227,227, 23
1204,227,227, 23
1205,227,227, 23
1206,227,227, 23
1207,227,227, 23
1208,227,227, 23
1209,227,227, 23
1210,227,227, 23
1211,227,227, 23
1212,227,227, 23
1213,227,227, 23
1214,227,227, 23
1215,227,227, 23
1216,227,227, 23
1217,227,227, 23
1218,227,227, 23
1219,227,227, 23
1220,227,227, 23
1221,227,227, 23
1222,227,227, 23
1223,227,227, 23
1224,227,227, 23
1225,227,227, 23
1226,227,227, 23
1227,227,227, 23
1228,227,227, 23
1229,227,227, 23
1230,227,227, 23
1231,227,227, 23
1232,227,227, 23
1233,227,227, 23
1234,227,227, 23
1235,227,227, 23
1236,227,227, 23
1237,227,227, 23
1238,227,227, 23
1239,227,227, 23
1240,227,227, 23
1241,227,227, 23
1242,227,227, 23
1243,227,227, 23
1244,227,227, 23
1245,227,227, 23
1246,227,227, 23
1247,227,227, 23
1248,227,227, 23
1249,227,227, 23
1250,227,227, 23
1251,227,227, 23
1252,227,227, 23
1253,227,227, 23
1254,227,227, 23
1255,227,227, 23
1256,227,227, 23
1257,227,227, 23
1258,227,227, 23
1259,227,227, 23
1260,227,227, 23
1261,227,227, 23
1262,227,227, 23
1263,227,227, 23
1264,227,227, 23
1265,227,227, 23
1266,227,227, 23
1267,227,227, 23
1268,227,227, 23
1269,227,227, 23
1270,227,227, 23
1271,227,227, 23
1272,227,227, 23
1273,227,227, 23
1274,227,227, 23
1275,227,227, 23
1276,227,227, 23
1277,227,227, 23
1278,227,227, 23
1279,227,227, 23
1280,227,227, 23
1281,227,227, 23
1282,227,227, 23
1283,227,227, 23
1284,227,227, 23
1285,227,227, 23
1286,227,227, 23
1287,227,227, 23
1288,227,227, 23
1289,227,227, 23
1290,227,227, 23
1291,227,227, 23
1292,227,227, 23
1293,227,227, 23
1294,227,227, 23
1295,227,227, 23
1296,227,227, 23
1297,227,227, 23
1298,227,227, 23
1299,227,227, 23
1300,227,227, 23
1301,227,227, 23
1302,227,227, 23
1303,227,227, 23
1304,227,227, 23
1305,227,227, 23
1306,227,227, 23
1307,227,227, 23
1308,227,227, 23
1309,227,227, 23
1310,227,227, 23
1311,227,227, 23
1312,227,227, 23
1313,227,227, 23
1314,227,227, 23
1315,227,227, 23
1316,227,227, 23
1317,227,227, 23
1318,227,227, 23
1319,227,227, 23
1320,227,227, 23
1321,227,227, 23
1322,227,227, 23
1323,227,227, 23
1324,227,227, 23
1325,227,227, 23
1326,227,227, 23
1327,227,227, 23
1328,227,227, 23
1329,227,227, 23
1330,227,227, 23
1331,227,227, 23
1332,227,227, 23
1333,227,227, 23
1334,227,227, 23
1335,227,227, 23
1336,227,227, 23
1337,227,227, 23
1338,227,227, 23
1339,227,227, 23
1340,227,227, 23
1341,227,227, 23
1342,227,227, 23
1343,227,227, 23
1344,227,227, 23
1345,227,227, 23
1346,227,227, 23
1347,227,227, 23
1348,227,227, 23
1349,227,227, 23
1350,227,227, 23
1351,227,227, 23
1352,227,227, 23
1353,227,227, 23
1354,227,227, 23
1355,227,227, 23
1356,227,227, 23
1357,227,227, 23
1358,227,227, 23
1359,227,227, 23
1360,227,227, 23
1361,227,227, 23
1362,227,227, 23
1363,227,227, 23
1364,227,227, 23
1365,227,227, 23
1366,227,227, 23
1367,227,227, 23
1368,227,227, 23
1369,227,227, 23
1370,227,227, 23
1371,227,227, 23
1372,227,227, 23
1373,227,227, 23
1374,227,227, 23
1375,227,227, 23
1376,227,227, 23
1377,227,227, 23
1378,227,227, 23
1379,227,227, 23
1380,227,227, 23
1381,227,227, 23
1382,227,227, 23
1383,227,227, 23
1384,227,227, 23
1385,227,227, 23
1386,227,227, 23
1387,227,227, 23
1388,227,227, 23
1389,227,227, 23
1390,227,227, 23
1391,227,227, 23
1392,227,227, 23
1393,227,227, 23
1394,227,227, 23
1395,227,227, 23
1396,227,227, 23
1397,227,227, 23
1398,227,227, 23
1399,227,227, 23
1400,227,227, 23
1401,227,227, 23
1402,227,227, 23
1403,227,227, 23
1404,227,227, 23
1405,227,227, 23
1406,227,227, 23
1407,227,227, 23
1408,227,227, 23
1409,227,227, 23
1410,227,227, 23
1411,227,227, 23
1412,227,227, 23
1413,227,227, 23
1414,227,227, 23
1415,227,227, 23
1416,227,227, 23
1417,227,227, 23
1418,227,227, 23
1419,227,227, 23
1420,227,227, 23
1421,227,227, 23
1422,227,227, 23
1423,227,227, 23
1424,227,227, 23
1425,227,227, 23
1426,227,227, 23
1427,227,227, 23
1428,227,227, 23
1429,227,227, 23
1430,227,227, 23
1431,227,227, 23
1432,227,227, 23
1433,227,227, 23
1434,227,227, 23
1435,227,227, 23
1436,227,227, 23
1437,227,227, 23
1438,227,227, 23
1439,227,227, 23
1440,227,227, 23
1441,227,227, 23
1442,227,227, 23
1443,227,227, 23
1444,227,227, 23
1445,227,227, 23
1446,227,227, 23
1447,227,227, 23
1448,227,227, 23
1449,227,227, 23
1450,227,227, 23
1451,227,227, 23
1452,227,227, 23
1453,227,227, 23
1454,227,227, 23
1455,227,227, 23
1456,227,227, 23
1457,227,227, 23
1458,227,227, 23
1459,227,227, 23
1460,227,227, 23
1461,227,227, 23
1462,227,227, 23
1463,227,227, 23
1464,227,227, 23
1465,227,227, 23
1466,227,227, 23
1467,227,227, 23
1468,227,227, 23
1469,227,227, 23
1470,227,227, 23
1471,227,227, 23
1472,227,227, 23
1473,227,227, 23
1474,227,227, 23
1475,227,227, 23
1476,227,227, 23
1477,227,227, 23
1478,227,227, 23
1479,227,227, 23
1480,227,227, 23
1481,227,227, 23
1482,227,227, 23
1483,227,227, 23
1484,227,227, 23
1485,227,227, 23
1486,227,227, 23
1487,227,227, 23
1488,227,227, 23
1489,227,227, 23
1490,227,227, 23
1491,227,227, 23
1492,227,227, 23
1493,227,227, 23
1494,227,227, 23
1495,227,227, 23
1496,227,227, 23
1497,227,227, 23
1498,227,227, 23
1499,227,227, 23
