0,250,250, 0
1,250,250, 0
2,250,250, 0
3,249,249, 1
4,249,249, 1
5,249,249, 1
6,249,249, 1
7,249,249, 1
8,249,249, 1
9,249,249, 1
10,249,249, 1
11,248,248, 2
12,248,248, 2
13,248,248, 2
14,248,248, 2
15,248,248, 2
16,248,248, 2
17,248,248, 2
18,248,248, 2
19,248,248, 2
20,248,248, 2
21,248,248, 2
22,248,248, 2
23,248,248, 2
24,248,248, 2
25,248,248, 2
26,248,248, 2
27,248,248, 2
28,248,248, 2
29,248,248, 2
30,248,248, 2
31,248,248, 2
32,248,248, 2
33,248,248, 2
34,248,248, 2
35,248,248, 2
36,248,248, 2
37,248,248, 2
38,248,248, 2
39,248,248, 2
40,248,248, 2
41,248,248, 2
42,248,248, 2
43,248,248, 2
44,248,248, 2
45,248,248, 2
46,248,248, 2
47,248,248, 2
48,248,248, 2
49,248,248, 2
50,248,248, 2
51,248,248, 2
52,248,248, 2
53,248,248, 2
54,248,248, 2
55,248,248, 2
56,248,248, 2
57,248,248, 2
58,248,248, 2
59,248,248, 2
60,248,248, 2
61,248,248, 2
62,248,248, 2
63,248,248, 2
64,248,248, 2
65,246,246, 4
66,246,246, 4
67,246,246, 4
68,245,245, 5
69,245,245, 5
70,245,245, 5
71,245,245, 5
72,245,245, 5
73,245,245, 5
74,245,245, 5
75,245,245, 5
76,245,245, 5
77,245,245, 5
78,245,245, 5
79,245,245, 5
80,245,245, 5
81,245,245, 5
82,245,245, 5
83,245,245, 5
84,245,245, 5
85,245,245, 5
86,245,245, 5
87,245,245, 5
88,245,245, 5
89,245,245, 5
90,245,245, 5
91,245,245, 5
92,245,245, 5
93,245,245, 5
94,245,245, 5
95,245,245, 5
96,245,245, 5
97,245,245, 5
98,245,245, 5
99,245,245, 5
100,245,245, 5
101,245,245, 5
102,245,245, 5
103,245,245, 5
104,245,245, 5
105,245,245, 5
106,245,245, 5
107,245,245, 5
108,245,245, 5
109,245,245, 5
110,245,245, 5
111,245,245, 5
112,245,245, 5
113,245,245, 5
114,245,245, 5
115,244,244, 6
116,244,244, 6
117,244,244, 6
118,244,244, 6
119,244,244, 6
120,244,244, 6
121,244,244, 6
122,244,244, 6
123,244,244, 6
124,244,244, 6
125,244,244, 6
126,244,244, 6
127,244,244, 6
128,244,244, 6
129,244,244, 6
130,244,244, 6
131,244,244, 6
132,244,244, 6
133,244,244, 6
134,244,244, 6
135,244,244, 6
136,244,244, 6
137,244,244, 6
138,244,244, 6
139,244,244, 6
140,244,244, 6
141,244,244, 6
142,244,244, 6
143,244,244, 6
144,244,244, 6
145,244,244, 6
146,244,244, 6
147,244,244, 6
148,244,244, 6
149,244,244, 6
150,244,244, 6
151,244,244, 6
152,244,244, 6
153,243,243, 7
154,243,243, 7
155,243,243, 7
156,243,243, 7
157,242,242, 8
158,241,241, 9
159,241,241, 9
160,241,241, 9
161,241,241, 9
162,241,241, 9
163,241,241, 9
164,241,241, 9
165,241,241, 9
166,241,241, 9
167,241,241, 9
168,241,241, 9
169,241,241, 9
170,241,241, 9
171,241,241, 9
172,240,240, 10
173,240,240, 10
174,239,239, 11
175,239,239, 11
176,238,238, 12
177,238,238, 12
178,238,238, 12
179,238,238, 12
180,238,238, 12
181,238,238, 12
182,238,238, 12
183,238,238, 12
184,238,238, 12
185,238,238, 12
186,238,238, 12
187,238,238, 12
188,238,238, 12
189,238,238, 12
190,238,238, 12
191,238,238, 12
192,238,238, 12
193,238,238, 12
194,238,238, 12
195,238,238, 12
196,238,238, 12
197,238,238, 12
198,238,238, 12
199,238,238, 12
200,238,238, 12
201,238,238, 12
202,238,238, 12
203,238,238, 12
204,238,238, 12
205,238,238, 12
206,238,238, 12
207,238,238, 12
208,237,237, 13
209,237,237, 13
210,237,237, 13
211,237,237, 13
212,237,237, 13
213,237,237, 13
214,237,237, 13
215,237,237, 13
216,237,237, 13
217,237,237, 13
218,237,237, 13
219,237,237, 13
220,237,237, 13
221,237,237, 13
222,237,237, 13
223,237,237, 13
224,237,237, 13
225,237,237, 13
226,237,237, 13
227,237,237, 13
228,237,237, 13
229,237,237, 13
230,237,237, 13
231,237,237, 13
232,237,237, 13
233,237,237, 13
234,237,237, 13
235,237,237, 13
236,237,237, 13
237,237,237, 13
238,237,237, 13
239,237,237, 13
240,237,237, 13
241,237,237, 13
242,237,237, 13
243,237,237, 13
244,237,237, 13
245,237,237, 13
246,237,237, 13
247,237,237, 13
248,237,237, 13
249,237,237, 13
250,237,237, 13
251,237,237, 13
252,237,237, 13
253,237,237, 13
254,237,237, 13
255,237,237, 13
256,237,237, 13
257,237,237, 13
258,237,237, 13
259,237,237, 13
260,237,237, 13
261,237,237, 13
262,237,237, 13
263,237,237, 13
264,237,237, 13
265,237,237, 13
266,237,237, 13
267,237,237, 13
268,237,237, 13
269,237,237, 13
270,237,237, 13
271,237,237, 13
272,237,237, 13
273,237,237, 13
274,237,237, 13
275,237,237, 13
276,237,237, 13
277,237,237, 13
278,237,237, 13
279,237,237, 13
280,237,237, 13
281,237,237, 13
282,237,237, 13
283,237,237, 13
284,237,237, 13
285,237,237, 13
286,237,237, 13
287,237,237, 13
288,237,237, 13
289,237,237, 13
290,237,237, 13
291,237,237, 13
292,237,237, 13
293,237,237, 13
294,237,237, 13
295,237,237, 13
296,237,237, 13
297,237,237, 13
298,237,237, 13
299,237,237, 13
300,237,237, 13
301,237,237, 13
302,237,237, 13
303,237,237, 13
304,237,237, 13
305,237,237, 13
306,237,237, 13
307,237,237, 13
308,237,237, 13
309,237,237, 13
310,237,237, 13
311,237,237, 13
312,237,237, 13
313,237,237, 13
314,237,237, 13
315,237,237, 13
316,237,237, 13
317,237,237, 13
318,237,237, 13
319,237,237, 13
320,237,237, 13
321,237,237, 13
322,237,237, 13
323,237,237, 13
324,237,237, 13
325,237,237, 13
326,237,237, 13
327,237,237, 13
328,237,237, 13
329,237,237, 13
330,237,237, 13
331,237,237, 13
332,237,237, 13
333,237,237, 13
334,237,237, 13
335,236,236, 14
336,236,236, 14
337,236,236, 14
338,236,236, 14
339,236,236, 14
340,236,236, 14
341,236,236, 14
342,236,236, 14
343,236,236, 14
344,236,236, 14
345,236,236, 14
346,236,236, 14
347,236,236, 14
348,236,236, 14
349,236,236, 14
350,235,235, 15
351,235,235, 15
352,235,235, 15
353,235,235, 15
354,235,235, 15
355,235,235, 15
356,235,235, 15
357,235,235, 15
358,235,235, 15
359,235,235, 15
360,234,234, 16
361,234,234, 16
362,234,234, 16
363,234,234, 16
364,234,234, 16
365,234,234, 16
366,234,234, 16
367,234,234, 16
368,234,234, 16
369,234,234, 16
370,234,234, 16
371,234,234, 16
372,234,234, 16
373,234,234, 16
374,234,234, 16
375,234,234, 16
376,234,234, 16
377,234,234, 16
378,234,234, 16
379,234,234, 16
380,234,234, 16
381,234,234, 16
382,234,234, 16
383,234,234, 16
384,234,234, 16
385,234,234, 16
386,234,234, 16
387,234,234, 16
388,234,234, 16
389,234,234, 16
390,234,234, 16
391,234,234, 16
392,234,234, 16
393,234,234, 16
394,234,234, 16
395,234,234, 16
396,234,234, 16
397,234,234, 16
398,234,234, 16
399,234,234, 16
400,234,234, 16
401,234,234, 16
402,234,234, 16
403,234,234, 16
404,234,234, 16
405,234,234, 16
406,234,234, 16
407,234,234, 16
408,234,234, 16
409,234,234, 16
410,234,234, 16
411,234,234, 16
412,234,234, 16
413,234,234, 16
414,234,234, 16
415,234,234, 16
416,234,234, 16
417,234,234, 16
418,234,234, 16
419,234,234, 16
420,234,234, 16
421,234,234, 16
422,234,234, 16
423,234,234, 16
424,234,234, 16
425,234,234, 16
426,234,234, 16
427,234,234, 16
428,234,234, 16
429,234,234, 16
430,234,234, 16
431,234,234, 16
432,234,234, 16
433,234,234, 16
434,234,234, 16
435,234,234, 16
436,234,234, 16
437,234,234, 16
438,234,234, 16
439,234,234, 16
440,234,234, 16
441,234,234, 16
442,234,234, 16
443,234,234, 16
444,234,234, 16
445,234,234, 16
446,234,234, 16
447,234,234, 16
448,234,234, 16
449,234,234, 16
450,234,234, 16
451,234,234, 16
452,234,234, 16
453,234,234, 16
454,234,234, 16
455,234,234, 16
456,234,234, 16
457,234,234, 16
458,234,234, 16
459,234,234, 16
460,234,234, 16
461,234,234, 16
462,234,234, 16
463,234,234, 16
464,234,234, 16
465,234,234, 16
466,234,234, 16
467,234,234, 16
468,234,234, 16
469,234,234, 16
470,234,234, 16
471,234,234, 16
472,234,234, 16
473,234,234, 16
474,234,234, 16
475,234,234, 16
476,234,234, 16
477,234,234, 16
478,234,234, 16
479,234,234, 16
480,234,234, 16
481,234,234, 16
482,234,234, 16
483,234,234, 16
484,234,234, 16
485,234,234, 16
486,234,234, 16
487,234,234, 16
488,234,234, 16
489,234,234, 16
490,234,234, 16
491,234,234, 16
492,233,233, 17
493,233,233, 17
494,233,233, 17
495,233,233, 17
496,233,233, 17
497,233,233, 17
498,233,233, 17
499,233,233, 17
500,233,233, 17
501,233,233, 17
502,233,233, 17
503,233,233, 17
504,233,233, 17
505,233,233, 17
506,233,233, 17
507,233,233, 17
508,233,233, 17
509,233,233, 17
510,233,233, 17
511,233,233, 17
512,233,233, 17
513,233,233, 17
514,233,233, 17
515,233,233, 17
516,233,233, 17
517,233,233, 17
518,233,233, 17
519,233,233, 17
520,233,233, 17
521,233,233, 17
522,233,233, 17
523,233,233, 17
524,233,233, 17
525,233,233, 17
526,233,233, 17
527,233,233, 17
528,233,233, 17
529,233,233, 17
530,233,233, 17
531,233,233, 17
532,233,233, 17
533,233,233, 17
534,233,233, 17
535,233,233, 17
536,233,233, 17
537,233,233, 17
538,232,232, 18
539,232,232, 18
540,232,232, 18
541,232,232, 18
542,232,232, 18
543,232,232, 18
544,232,232, 18
545,232,232, 18
546,232,232, 18
547,232,232, 18
548,232,232, 18
549,231,231, 19
550,231,231, 19
551,231,231, 19
552,231,231, 19
553,231,231, 19
554,231,231, 19
555,231,231, 19
556,231,231, 19
557,231,231, 19
558,231,231, 19
559,231,231, 19
560,231,231, 19
561,231,231, 19
562,231,231, 19
563,231,231, 19
564,231,231, 19
565,231,231, 19
566,231,231, 19
567,231,231, 19
568,231,231, 19
569,231,231, 19
570,231,231, 19
571,231,231, 19
572,231,231, 19
573,231,231, 19
574,231,231, 19
575,231,231, 19
576,231,231, 19
577,231,231, 19
578,231,231, 19
579,231,231, 19
580,231,231, 19
581,231,231, 19
582,231,231, 19
583,231,231, 19
584,231,231, 19
585,231,231, 19
586,231,231, 19
587,231,231, 19
588,231,231, 19
589,231,231, 19
590,231,231, 19
591,231,231, 19
592,231,231, 19
593,231,231, 19
594,231,231, 19
595,231,231, 19
596,231,231, 19
597,231,231, 19
598,231,231, 19
599,231,231, 19
600,231,231, 19
601,231,231, 19
602,231,231, 19
603,231,231, 19
604,231,231, 19
605,231,231, 19
606,231,231, 19
607,231,231, 19
608,231,231, 19
609,231,231, 19
610,231,231, 19
611,231,231, 19
612,231,231, 19
613,231,231, 19
614,231,231, 19
615,230,230, 20
616,230,230, 20
617,230,230, 20
618,230,230, 20
619,230,230, 20
620,230,230, 20
621,230,230, 20
622,230,230, 20
623,230,230, 20
624,230,230, 20
625,230,230, 20
626,230,230, 20
627,230,230, 20
628,230,230, 20
629,230,230, 20
630,230,230, 20
631,230,230, 20
632,230,230, 20
633,230,230, 20
634,230,230, 20
635,230,230, 20
636,230,230, 20
637,230,230, 20
638,230,230, 20
639,230,230, 20
640,230,230, 20
641,230,230, 20
642,230,230, 20
643,230,230, 20
644,230,230, 20
645,230,230, 20
646,230,230, 20
647,230,230, 20
648,230,230, 20
649,230,230, 20
650,230,230, 20
651,230,230, 20
652,230,230, 20
653,230,230, 20
654,230,230, 20
655,230,230, 20
656,230,230, 20
657,230,230, 20
658,230,230, 20
659,230,230, 20
660,230,230, 20
661,230,230, 20
662,230,230, 20
663,230,230, 20
664,230,230, 20
665,230,230, 20
666,230,230, 20
667,230,230, 20
668,230,230, 20
669,230,230, 20
670,230,230, 20
671,230,230, 20
672,230,230, 20
673,230,230, 20
674,230,230, 20
675,230,230, 20
676,230,230, 20
677,230,230, 20
678,230,230, 20
679,230,230, 20
680,230,230, 20
681,230,230, 20
682,230,230, 20
683,230,230, 20
684,230,230, 20
685,230,230, 20
686,230,230, 20
687,230,230, 20
688,230,230, 20
689,230,230, 20
690,230,230, 20
691,230,230, 20
692,230,230, 20
693,229,229, 21
694,229,229, 21
695,229,229, 21
696,229,229, 21
697,229,229, 21
698,229,229, 21
699,229,229, 21
700,229,229, 21
701,229,229, 21
702,229,229, 21
703,229,229, 21
704,229,229, 21
705,229,229, 21
706,229,229, 21
707,229,229, 21
708,229,229, 21
709,229,229, 21
710,229,229, 21
711,229,229, 21
712,229,229, 21
713,229,229, 21
714,229,229, 21
715,229,229, 21
716,229,229, 21
717,229,229, 21
718,229,229, 21
719,229,229, 21
720,229,229, 21
721,229,229, 21
722,229,229, 21
723,229,229, 21
724,229,229, 21
725,228,228, 22
726,228,228, 22
727,228,228, 22
728,228,228, 22
729,228,228, 22
730,228,228, 22
731,228,228, 22
732,228,228, 22
733,228,228, 22
734,228,228, 22
735,228,228, 22
736,228,228, 22
737,228,228, 22
738,228,228, 22
739,228,228, 22
740,228,228, 22
741,228,228, 22
742,228,228, 22
743,228,228, 22
744,228,228, 22
745,228,228, 22
746,228,228, 22
747,228,228, 22
748,228,228, 22
749,228,228, 22
750,228,228, 22
751,228,228, 22
752,228,228, 22
753,228,228, 22
754,228,228, 22
755,228,228, 22
756,228,228, 22
757,228,228, 22
758,228,228, 22
759,228,228, 22
760,228,228, 22
761,228,228, 22
762,228,228, 22
763,228,228, 22
764,228,228, 22
765,228,228, 22
766,228,228, 22
767,228,228, 22
768,228,228, 22
769,228,228, 22
770,228,228, 22
771,228,228, 22
772,228,228, 22
773,228,228, 22
774,228,228, 22
775,228,228, 22
776,228,228, 22
777,228,228, 22
778,228,228, 22
779,228,228, 22
780,228,228, 22
781,228,228, 22
782,228,228, 22
783,228,228, 22
784,228,228, 22
785,228,228, 22
786,228,228, 22
787,228,228, 22
788,228,228, 22
789,228,228, 22
790,228,228, 22
791,228,228, 22
792,228,228, 22
793,228,228, 22
794,228,228, 22
795,228,228, 22
796,228,228, 22
797,228,228, 22
798,228,228, 22
799,228,228, 22
800,228,228, 22
801,228,228, 22
802,228,228, 22
803,228,228, 22
804,228,228, 22
805,228,228, 22
806,228,228, 22
807,228,228, 22
808,228,228, 22
809,228,228, 22
810,228,228, 22
811,228,228, 22
812,228,228, 22
813,228,228, 22
814,228,228, 22
815,228,228, 22
816,228,228, 22
817,228,228, 22
818,228,228, 22
819,228,228, 22
820,228,228, 22
821,228,228, 22
822,228,228, 22
823,228,228, 22
824,228,228, 22
825,228,228, 22
826,228,228, 22
827,228,228, 22
828,228,228, 22
829,228,228, 22
830,228,228, 22
831,228,228, 22
832,228,228, 22
833,228,228, 22
834,228,228, 22
835,228,228, 22
836,228,228, 22
837,228,228, 22
838,228,228, 22
839,228,228, 22
840,228,228, 22
841,228,228, 22
842,228,228, 22
843,228,228, 22
844,228,228, 22
845,228,228, 22
846,228,228, 22
847,228,228, 22
848,228,228, 22
849,228,228, 22
850,228,228, 22
851,228,228, 22
852,227,227, 23
853,227,227, 23
854,227,227, 23
855,227,227, 23
856,227,227, 23
857,227,227, 23
858,227,227, 23
859,227,227, 23
860,227,227, 23
861,227,227, 23
862,227,227, 23
863,227,227, 23
864,227,227, 23
865,227,227, 23
866,227,227, 23
867,227,227, 23
868,227,227, 23
869,227,227, 23
870,227,227, 23
871,227,227, 23
872,227,227, 23
873,227,227, 23
874,227,227, 23
875,227,227, 23
876,227,227, 23
877,227,227, 23
878,227,227, 23
879,227,227, 23
880,227,227, 23
881,227,227, 23
882,227,227, 23
883,227,227, 23
884,227,227, 23
885,227,227, 23
886,227,227, 23
887,227,227, 23
888,227,227, 23
889,227,227, 23
890,227,227, 23
891,227,227, 23
892,227,227, 23
893,227,227, 23
894,227,227, 23
895,226,226, 24
896,226,226, 24
897,226,226, 24
898,226,226, 24
899,226,226, 24
900,226,226, 24
901,226,226, 24
902,226,226, 24
903,226,226, 24
904,226,226, 24
905,226,226, 24
906,226,226, 24
907,226,226, 24
908,226,226, 24
909,226,226, 24
910,226,226, 24
911,226,226, 24
912,226,226, 24
913,226,226, 24
914,226,226, 24
915,226,226, 24
916,226,226, 24
917,226,226, 24
918,226,226, 24
919,226,226, 24
920,226,226, 24
921,226,226, 24
922,226,226, 24
923,226,226, 24
924,226,226, 24
925,226,226, 24
926,226,226, 24
927,226,226, 24
928,225,225, 25
929,225,225, 25
930,225,225, 25
931,225,225, 25
932,225,225, 25
933,225,225, 25
934,225,225, 25
935,225,225, 25
936,225,225, 25
937,225,225, 25
938,225,225, 25
939,225,225, 25
940,225,225, 25
941,225,225, 25
942,225,225, 25
943,225,225, 25
944,225,225, 25
945,225,225, 25
946,225,225, 25
947,225,225, 25
948,225,225, 25
949,225,225, 25
950,225,225, 25
951,225,225, 25
952,225,225, 25
953,225,225, 25
954,225,225, 25
955,225,225, 25
956,225,225, 25
957,225,225, 25
958,225,225, 25
959,225,225, 25
960,225,225, 25
961,225,225, 25
962,225,225, 25
963,225,225, 25
964,225,225, 25
965,225,225, 25
966,225,225, 25
967,224,224, 26
968,224,224, 26
969,224,224, 26
970,224,224, 26
971,224,224, 26
972,224,224, 26
973,224,224, 26
974,224,224, 26
975,224,224, 26
976,224,224, 26
977,224,224, 26
978,224,224, 26
979,223,223, 27
980,223,223, 27
981,223,223, 27
982,223,223, 27
983,223,223, 27
984,223,223, 27
985,223,223, 27
986,223,223, 27
987,223,223, 27
988,223,223, 27
989,223,223, 27
990,223,223, 27
991,223,223, 27
992,223,223, 27
993,223,223, 27
994,223,223, 27
995,223,223, 27
996,223,223, 27
997,223,223, 27
998,223,223, 27
999,223,223, 27
1000,223,223, 27
1001,223,223, 27
1002,223,223, 27
1003,223,223, 27
1004,223,223, 27
1005,223,223, 27
1006,223,223, 27
1007,223,223, 27
1008,223,223, 27
1009,223,223, 27
1010,223,223, 27
1011,223,223, 27
1012,223,223, 27
1013,223,223, 27
1014,223,223, 27
1015,223,223, 27
1016,223,223, 27
1017,223,223, 27
1018,223,223, 27
1019,223,223, 27
1020,223,223, 27
1021,223,223, 27
1022,223,223, 27
1023,223,223, 27
1024,223,223, 27
1025,223,223, 27
1026,223,223, 27
1027,223,223, 27
1028,223,223, 27
1029,223,223, 27
1030,223,223, 27
1031,223,223, 27
1032,223,223, 27
1033,223,223, 27
1034,223,223, 27
1035,223,223, 27
1036,223,223, 27
1037,223,223, 27
1038,223,223, 27
1039,223,223, 27
1040,223,223, 27
1041,223,223, 27
1042,223,223, 27
1043,223,223, 27
1044,223,223, 27
1045,223,223, 27
1046,223,223, 27
1047,223,223, 27
1048,223,223, 27
1049,222,222, 28
1050,222,222, 28
1051,222,222, 28
1052,222,222, 28
1053,222,222, 28
1054,222,222, 28
1055,222,222, 28
1056,222,222, 28
1057,222,222, 28
1058,222,222, 28
1059,222,222, 28
1060,222,222, 28
1061,222,222, 28
1062,222,222, 28
1063,222,222, 28
1064,222,222, 28
1065,222,222, 28
1066,222,222, 28
1067,222,222, 28
1068,222,222, 28
1069,222,222, 28
1070,222,222, 28
1071,222,222, 28
1072,222,222, 28
1073,222,222, 28
1074,222,222, 28
1075,222,222, 28
1076,222,222, 28
1077,222,222, 28
1078,222,222, 28
1079,222,222, 28
1080,222,222, 28
1081,222,222, 28
1082,222,222, 28
1083,222,222, 28
1084,222,222, 28
1085,222,222, 28
1086,222,222, 28
1087,222,222, 28
1088,222,222, 28
1089,222,222, 28
1090,222,222, 28
1091,222,222, 28
1092,222,222, 28
1093,222,222, 28
1094,222,222, 28
1095,222,222, 28
1096,222,222, 28
1097,222,222, 28
1098,222,222, 28
1099,222,222, 28
1100,222,222, 28
1101,222,222, 28
1102,222,222, 28
1103,222,222, 28
1104,222,222, 28
1105,222,222, 28
1106,222,222, 28
1107,222,222, 28
1108,222,222, 28
1109,222,222, 28
1110,222,222, 28
1111,222,222, 28
1112,222,222, 28
1113,222,222, 28
1114,222,222, 28
1115,222,222, 28
1116,222,222, 28
1117,222,222, 28
1118,222,222, 28
1119,222,222, 28
1120,222,222, 28
1121,222,222, 28
1122,222,222, 28
1123,222,222, 28
1124,222,222, 28
1125,222,222, 28
1126,222,222, 28
1127,222,222, 28
1128,222,222, 28
1129,222,222, 28
1130,222,222, 28
1131,222,222, 28
1132,222,222, 28
1133,222,222, 28
1134,222,222, 28
1135,222,222, 28
1136,222,222, 28
1137,222,222, 28
1138,222,222, 28
1139,222,222, 28
1140,222,222, 28
1141,222,222, 28
1142,222,222, 28
1143,222,222, 28
1144,222,222, 28
1145,222,222, 28
1146,222,222, 28
1147,222,222, 28
1148,222,222, 28
1149,222,222, 28
1150,222,222, 28
1151,222,222, 28
1152,222,222, 28
1153,222,222, 28
1154,222,222, 28
1155,222,222, 28
1156,222,222, 28
1157,222,222, 28
1158,222,222, 28
1159,222,222, 28
1160,222,222, 28
1161,222,222, 28
1162,222,222, 28
1163,222,222, 28
1164,222,222, 28
1165,222,222, 28
1166,222,222, 28
1167,222,222, 28
1168,222,222, 28
1169,222,222, 28
1170,222,222, 28
1171,222,222, 28
1172,222,222, 28
1173,222,222, 28
1174,222,222, 28
1175,222,222, 28
1176,222,222, 28
1177,222,222, 28
1178,222,222, 28
1179,222,222, 28
1180,222,222, 28
1181,222,222, 28
1182,222,222, 28
1183,222,222, 28
1184,222,222, 28
1185,222,222, 28
1186,222,222, 28
1187,222,222, 28
1188,222,222, 28
1189,222,222, 28
1190,222,222, 28
1191,222,222, 28
1192,222,222, 28
1193,222,222, 28
1194,222,222, 28
1195,222,222, 28
1196,222,222, 28
1197,222,222, 28
1198,222,222, 28
1199,222,222, 28
1200,222,222, 28
1201,222,222, 28
1202,222,222, 28
1203,222,222, 28
1204,222,222, 28
1205,222,222, 28
1206,222,222, 28
1207,222,222, 28
1208,222,222, 28
1209,222,222, 28
1210,222,222, 28
1211,222,222, 28
1212,222,222, 28
1213,222,222, 28
1214,222,222, 28
1215,222,222, 28
1216,222,222, 28
1217,222,222, 28
1218,222,222, 28
1219,222,222, 28
1220,222,222, 28
1221,222,222, 28
1222,222,222, 28
1223,222,222, 28
1224,222,222, 28
1225,222,222, 28
1226,222,222, 28
1227,222,222, 28
1228,222,222, 28
1229,222,222, 28
1230,222,222, 28
1231,222,222, 28
1232,222,222, 28
1233,222,222, 28
1234,222,222, 28
1235,222,222, 28
1236,222,222, 28
1237,222,222, 28
1238,222,222, 28
1239,222,222, 28
1240,222,222, 28
1241,222,222, 28
1242,222,222, 28
1243,222,222, 28
1244,222,222, 28
1245,222,222, 28
1246,222,222, 28
1247,222,222, 28
1248,222,222, 28
1249,222,222, 28
1250,222,222, 28
1251,222,222, 28
1252,222,222, 28
1253,222,222, 28
1254,222,222, 28
1255,222,222, 28
1256,222,222, 28
1257,222,222, 28
1258,222,222, 28
1259,222,222, 28
1260,222,222, 28
1261,222,222, 28
1262,222,222, 28
1263,222,222, 28
1264,222,222, 28
1265,222,222, 28
1266,222,222, 28
1267,222,222, 28
1268,222,222, 28
1269,222,222, 28
1270,222,222, 28
1271,222,222, 28
1272,222,222, 28
1273,222,222, 28
1274,222,222, 28
1275,222,222, 28
1276,222,222, 28
1277,222,222, 28
1278,222,222, 28
1279,222,222, 28
1280,222,222, 28
1281,222,222, 28
1282,222,222, 28
1283,222,222, 28
1284,222,222, 28
1285,222,222, 28
1286,222,222, 28
1287,222,222, 28
1288,222,222, 28
1289,222,222, 28
1290,222,222, 28
1291,222,222, 28
1292,222,222, 28
1293,222,222, 28
1294,222,222, 28
1295,222,222, 28
1296,222,222, 28
1297,222,222, 28
1298,222,222, 28
1299,222,222, 28
1300,222,222, 28
1301,222,222, 28
1302,222,222, 28
1303,222,222, 28
1304,222,222, 28
1305,222,222, 28
1306,222,222, 28
1307,222,222, 28
1308,222,222, 28
1309,222,222, 28
1310,222,222, 28
1311,222,222, 28
1312,222,222, 28
1313,222,222, 28
1314,222,222, 28
1315,222,222, 28
1316,222,222, 28
1317,222,222, 28
1318,222,222, 28
1319,222,222, 28
1320,222,222, 28
1321,222,222, 28
1322,222,222, 28
1323,222,222, 28
1324,222,222, 28
1325,222,222, 28
1326,222,222, 28
1327,222,222, 28
1328,222,222, 28
1329,222,222, 28
1330,222,222, 28
1331,222,222, 28
1332,222,222, 28
1333,222,222, 28
1334,222,222, 28
1335,222,222, 28
1336,222,222, 28
1337,222,222, 28
1338,222,222, 28
1339,222,222, 28
1340,222,222, 28
1341,222,222, 28
1342,222,222, 28
1343,222,222, 28
1344,222,222, 28
1345,222,222, 28
1346,222,222, 28
1347,222,222, 28
1348,222,222, 28
1349,222,222, 28
1350,222,222, 28
1351,222,222, 28
1352,222,222, 28
1353,222,222, 28
1354,222,222, 28
1355,222,222, 28
1356,222,222, 28
1357,222,222, 28
1358,222,222, 28
1359,222,222, 28
1360,222,222, 28
1361,222,222, 28
1362,222,222, 28
1363,222,222, 28
1364,222,222, 28
1365,222,222, 28
1366,222,222, 28
1367,222,222, 28
1368,222,222, 28
1369,222,222, 28
1370,222,222, 28
1371,222,222, 28
1372,222,222, 28
1373,222,222, 28
1374,222,222, 28
1375,222,222, 28
1376,222,222, 28
1377,222,222, 28
1378,222,222, 28
1379,222,222, 28
1380,222,222, 28
1381,222,222, 28
1382,222,222, 28
1383,222,222, 28
1384,222,222, 28
1385,222,222, 28
1386,222,222, 28
1387,222,222, 28
1388,222,222, 28
1389,222,222, 28
1390,222,222, 28
1391,222,222, 28
1392,222,222, 28
1393,222,222, 28
1394,222,222, 28
1395,222,222, 28
1396,222,222, 28
1397,222,222, 28
1398,222,222, 28
1399,222,222, 28
1400,222,222, 28
1401,222,222, 28
1402,222,222, 28
1403,222,222, 28
1404,222,222, 28
1405,222,222, 28
1406,222,222, 28
1407,222,222, 28
1408,222,222, 28
1409,222,222, 28
1410,222,222, 28
1411,222,222, 28
1412,222,222, 28
1413,222,222, 28
1414,222,222, 28
1415,222,222, 28
1416,222,222, 28
1417,222,222, 28
1418,222,222, 28
1419,222,222, 28
1420,222,222, 28
1421,222,222, 28
1422,222,222, 28
1423,222,222, 28
1424,222,222, 28
1425,222,222, 28
1426,222,222, 28
1427,222,222, 28
1428,222,222, 28
1429,222,222, 28
1430,222,222, 28
1431,222,222, 28
1432,222,222, 28
1433,222,222, 28
1434,222,222, 28
1435,222,222, 28
1436,222,222, 28
1437,222,222, 28
1438,222,222, 28
1439,222,222, 28
1440,222,222, 28
1441,222,222, 28
1442,222,222, 28
1443,222,222, 28
1444,222,222, 28
1445,222,222, 28
1446,222,222, 28
1447,222,222, 28
1448,222,222, 28
1449,222,222, 28
1450,222,222, 28
1451,221,221, 29
1452,221,221, 29
1453,221,221, 29
1454,221,221, 29
1455,221,221, 29
1456,221,221, 29
1457,221,221, 29
1458,221,221, 29
1459,221,221, 29
1460,221,221, 29
1461,221,221, 29
1462,221,221, 29
1463,221,221, 29
1464,221,221, 29
1465,221,221, 29
1466,221,221, 29
1467,221,221, 29
1468,221,221, 29
1469,221,221, 29
1470,221,221, 29
1471,221,221, 29
1472,221,221, 29
1473,221,221, 29
1474,221,221, 29
1475,221,221, 29
1476,221,221, 29
1477,221,221, 29
1478,221,221, 29
1479,221,221, 29
1480,221,221, 29
1481,221,221, 29
1482,221,221, 29
1483,221,221, 29
1484,221,221, 29
1485,221,221, 29
1486,221,221, 29
1487,221,221, 29
1488,221,221, 29
1489,221,221, 29
1490,221,221, 29
1491,221,221, 29
1492,221,221, 29
1493,221,221, 29
1494,221,221, 29
1495,221,221, 29
1496,221,221, 29
1497,221,221, 29
1498,221,221, 29
1499,221,221, 29
