0,249,249, 1
1,249,249, 1
2,248,248, 2
3,248,248, 2
4,248,248, 2
5,248,248, 2
6,248,248, 2
7,248,248, 2
8,248,248, 2
9,248,248, 2
10,248,248, 2
11,248,248, 2
12,248,248, 2
13,248,248, 2
14,248,248, 2
15,248,248, 2
16,248,248, 2
17,248,248, 2
18,248,248, 2
19,248,248, 2
20,248,248, 2
21,248,248, 2
22,248,248, 2
23,248,248, 2
24,248,248, 2
25,248,248, 2
26,248,248, 2
27,248,248, 2
28,248,248, 2
29,248,248, 2
30,248,248, 2
31,248,248, 2
32,248,248, 2
33,248,248, 2
34,248,248, 2
35,248,248, 2
36,248,248, 2
37,248,248, 2
38,248,248, 2
39,248,248, 2
40,248,248, 2
41,248,248, 2
42,248,248, 2
43,248,248, 2
44,248,248, 2
45,248,248, 2
46,248,248, 2
47,248,248, 2
48,248,248, 2
49,248,248, 2
50,248,248, 2
51,248,248, 2
52,248,248, 2
53,248,248, 2
54,248,248, 2
55,248,248, 2
56,248,248, 2
57,248,248, 2
58,248,248, 2
59,248,248, 2
60,248,248, 2
61,248,248, 2
62,248,248, 2
63,248,248, 2
64,248,248, 2
65,248,248, 2
66,248,248, 2
67,248,248, 2
68,248,248, 2
69,248,248, 2
70,248,248, 2
71,248,248, 2
72,248,248, 2
73,248,248, 2
74,248,248, 2
75,248,248, 2
76,248,248, 2
77,248,248, 2
78,248,248, 2
79,248,248, 2
80,248,248, 2
81,248,248, 2
82,248,248, 2
83,248,248, 2
84,248,248, 2
85,247,247, 3
86,247,247, 3
87,247,247, 3
88,247,247, 3
89,245,245, 5
90,245,245, 5
91,245,245, 5
92,245,245, 5
93,245,245, 5
94,245,245, 5
95,245,245, 5
96,245,245, 5
97,245,245, 5
98,245,245, 5
99,245,245, 5
100,245,245, 5
101,245,245, 5
102,245,245, 5
103,245,245, 5
104,245,245, 5
105,245,245, 5
106,245,245, 5
107,245,245, 5
108,245,245, 5
109,245,245, 5
110,245,245, 5
111,245,245, 5
112,245,245, 5
113,245,245, 5
114,245,245, 5
115,245,245, 5
116,245,245, 5
117,245,245, 5
118,245,245, 5
119,245,245, 5
120,245,245, 5
121,245,245, 5
122,245,245, 5
123,245,245, 5
124,245,245, 5
125,245,245, 5
126,245,245, 5
127,245,245, 5
128,245,245, 5
129,245,245, 5
130,245,245, 5
131,245,245, 5
132,245,245, 5
133,245,245, 5
134,245,245, 5
135,245,245, 5
136,245,245, 5
137,245,245, 5
138,245,245, 5
139,245,245, 5
140,245,245, 5
141,245,245, 5
142,245,245, 5
143,245,245, 5
144,245,245, 5
145,245,245, 5
146,245,245, 5
147,245,245, 5
148,245,245, 5
149,245,245, 5
150,245,245, 5
151,245,245, 5
152,245,245, 5
153,245,245, 5
154,245,245, 5
155,245,245, 5
156,245,245, 5
157,245,245, 5
158,245,245, 5
159,245,245, 5
160,245,245, 5
161,245,245, 5
162,244,244, 6
163,244,244, 6
164,244,244, 6
165,244,244, 6
166,244,244, 6
167,242,242, 8
168,242,242, 8
169,242,242, 8
170,242,242, 8
171,242,242, 8
172,242,242, 8
173,242,242, 8
174,240,240, 10
175,240,240, 10
176,240,240, 10
177,240,240, 10
178,240,240, 10
179,240,240, 10
180,240,240, 10
181,240,240, 10
182,240,240, 10
183,240,240, 10
184,240,240, 10
185,240,240, 10
186,240,240, 10
187,240,240, 10
188,239,239, 11
189,239,239, 11
190,238,238, 12
191,238,238, 12
192,238,238, 12
193,238,238, 12
194,238,238, 12
195,238,238, 12
196,238,238, 12
197,238,238, 12
198,238,238, 12
199,238,238, 12
200,238,238, 12
201,238,238, 12
202,238,238, 12
203,238,238, 12
204,238,238, 12
205,238,238, 12
206,238,238, 12
207,238,238, 12
208,238,238, 12
209,238,238, 12
210,238,238, 12
211,238,238, 12
212,237,237, 13
213,237,237, 13
214,237,237, 13
215,237,237, 13
216,237,237, 13
217,237,237, 13
218,237,237, 13
219,237,237, 13
220,236,236, 14
221,236,236, 14
222,236,236, 14
223,236,236, 14
224,236,236, 14
225,235,235, 15
226,234,234, 16
227,234,234, 16
228,234,234, 16
229,234,234, 16
230,234,234, 16
231,234,234, 16
232,234,234, 16
233,234,234, 16
234,234,234, 16
235,234,234, 16
236,234,234, 16
237,234,234, 16
238,234,234, 16
239,234,234, 16
240,234,234, 16
241,234,234, 16
242,234,234, 16
243,234,234, 16
244,234,234, 16
245,234,234, 16
246,234,234, 16
247,234,234, 16
248,234,234, 16
249,234,234, 16
250,234,234, 16
251,234,234, 16
252,234,234, 16
253,234,234, 16
254,234,234, 16
255,234,234, 16
256,234,234, 16
257,233,233, 17
258,233,233, 17
259,233,233, 17
260,233,233, 17
261,233,233, 17
262,233,233, 17
263,233,233, 17
264,233,233, 17
265,233,233, 17
266,233,233, 17
267,233,233, 17
268,233,233, 17
269,233,233, 17
270,233,233, 17
271,233,233, 17
272,233,233, 17
273,233,233, 17
274,233,233, 17
275,233,233, 17
276,233,233, 17
277,233,233, 17
278,233,233, 17
279,233,233, 17
280,233,233, 17
281,233,233, 17
282,233,233, 17
283,233,233, 17
284,233,233, 17
285,233,233, 17
286,233,233, 17
287,233,233, 17
288,233,233, 17
289,233,233, 17
290,233,233, 17
291,233,233, 17
292,233,233, 17
293,233,233, 17
294,233,233, 17
295,233,233, 17
296,233,233, 17
297,233,233, 17
298,233,233, 17
299,233,233, 17
300,233,233, 17
301,233,233, 17
302,232,232, 18
303,232,232, 18
304,232,232, 18
305,232,232, 18
306,232,232, 18
307,232,232, 18
308,232,232, 18
309,232,232, 18
310,232,232, 18
311,232,232, 18
312,232,232, 18
313,232,232, 18
314,232,232, 18
315,232,232, 18
316,232,232, 18
317,232,232, 18
318,232,232, 18
319,232,232, 18
320,232,232, 18
321,232,232, 18
322,232,232, 18
323,232,232, 18
324,232,232, 18
325,232,232, 18
326,232,232, 18
327,232,232, 18
328,232,232, 18
329,232,232, 18
330,232,232, 18
331,232,232, 18
332,232,232, 18
333,232,232, 18
334,232,232, 18
335,232,232, 18
336,232,232, 18
337,232,232, 18
338,232,232, 18
339,232,232, 18
340,232,232, 18
341,231,231, 19
342,231,231, 19
343,231,231, 19
344,231,231, 19
345,231,231, 19
346,231,231, 19
347,231,231, 19
348,231,231, 19
349,231,231, 19
350,231,231, 19
351,231,231, 19
352,231,231, 19
353,231,231, 19
354,231,231, 19
355,231,231, 19
356,231,231, 19
357,230,230, 20
358,230,230, 20
359,230,230, 20
360,230,230, 20
361,230,230, 20
362,230,230, 20
363,230,230, 20
364,230,230, 20
365,230,230, 20
366,230,230, 20
367,230,230, 20
368,230,230, 20
369,230,230, 20
370,230,230, 20
371,230,230, 20
372,230,230, 20
373,230,230, 20
374,230,230, 20
375,230,230, 20
376,230,230, 20
377,230,230, 20
378,230,230, 20
379,230,230, 20
380,230,230, 20
381,230,230, 20
382,230,230, 20
383,230,230, 20
384,230,230, 20
385,230,230, 20
386,230,230, 20
387,230,230, 20
388,230,230, 20
389,230,230, 20
390,230,230, 20
391,230,230, 20
392,230,230, 20
393,230,230, 20
394,230,230, 20
395,230,230, 20
396,230,230, 20
397,230,230, 20
398,230,230, 20
399,230,230, 20
400,230,230, 20
401,230,230, 20
402,230,230, 20
403,230,230, 20
404,230,230, 20
405,230,230, 20
406,230,230, 20
407,230,230, 20
408,230,230, 20
409,230,230, 20
410,230,230, 20
411,230,230, 20
412,230,230, 20
413,230,230, 20
414,230,230, 20
415,230,230, 20
416,230,230, 20
417,230,230, 20
418,230,230, 20
419,230,230, 20
420,230,230, 20
421,230,230, 20
422,230,230, 20
423,230,230, 20
424,230,230, 20
425,230,230, 20
426,230,230, 20
427,230,230, 20
428,230,230, 20
429,230,230, 20
430,230,230, 20
431,230,230, 20
432,230,230, 20
433,230,230, 20
434,230,230, 20
435,230,230, 20
436,230,230, 20
437,230,230, 20
438,230,230, 20
439,230,230, 20
440,230,230, 20
441,230,230, 20
442,230,230, 20
443,230,230, 20
444,230,230, 20
445,230,230, 20
446,230,230, 20
447,230,230, 20
448,230,230, 20
449,230,230, 20
450,230,230, 20
451,230,230, 20
452,230,230, 20
453,230,230, 20
454,230,230, 20
455,230,230, 20
456,230,230, 20
457,230,230, 20
458,230,230, 20
459,230,230, 20
460,230,230, 20
461,230,230, 20
462,230,230, 20
463,230,230, 20
464,230,230, 20
465,230,230, 20
466,230,230, 20
467,230,230, 20
468,230,230, 20
469,230,230, 20
470,230,230, 20
471,230,230, 20
472,230,230, 20
473,230,230, 20
474,230,230, 20
475,230,230, 20
476,230,230, 20
477,230,230, 20
478,230,230, 20
479,230,230, 20
480,230,230, 20
481,230,230, 20
482,230,230, 20
483,230,230, 20
484,230,230, 20
485,230,230, 20
486,230,230, 20
487,230,230, 20
488,230,230, 20
489,230,230, 20
490,230,230, 20
491,230,230, 20
492,230,230, 20
493,230,230, 20
494,230,230, 20
495,230,230, 20
496,230,230, 20
497,230,230, 20
498,230,230, 20
499,230,230, 20
500,230,230, 20
501,230,230, 20
502,230,230, 20
503,230,230, 20
504,230,230, 20
505,230,230, 20
506,230,230, 20
507,230,230, 20
508,230,230, 20
509,230,230, 20
510,230,230, 20
511,230,230, 20
512,230,230, 20
513,230,230, 20
514,230,230, 20
515,230,230, 20
516,230,230, 20
517,230,230, 20
518,230,230, 20
519,230,230, 20
520,230,230, 20
521,230,230, 20
522,229,229, 21
523,229,229, 21
524,229,229, 21
525,229,229, 21
526,229,229, 21
527,228,228, 22
528,228,228, 22
529,228,228, 22
530,228,228, 22
531,228,228, 22
532,228,228, 22
533,228,228, 22
534,228,228, 22
535,228,228, 22
536,228,228, 22
537,228,228, 22
538,228,228, 22
539,228,228, 22
540,228,228, 22
541,228,228, 22
542,228,228, 22
543,228,228, 22
544,228,228, 22
545,228,228, 22
546,228,228, 22
547,228,228, 22
548,228,228, 22
549,228,228, 22
550,228,228, 22
551,228,228, 22
552,228,228, 22
553,228,228, 22
554,228,228, 22
555,228,228, 22
556,228,228, 22
557,228,228, 22
558,228,228, 22
559,228,228, 22
560,228,228, 22
561,228,228, 22
562,228,228, 22
563,228,228, 22
564,228,228, 22
565,228,228, 22
566,228,228, 22
567,228,228, 22
568,228,228, 22
569,228,228, 22
570,228,228, 22
571,228,228, 22
572,228,228, 22
573,228,228, 22
574,228,228, 22
575,228,228, 22
576,228,228, 22
577,226,226, 24
578,226,226, 24
579,226,226, 24
580,226,226, 24
581,226,226, 24
582,226,226, 24
583,226,226, 24
584,226,226, 24
585,226,226, 24
586,226,226, 24
587,226,226, 24
588,226,226, 24
589,226,226, 24
590,226,226, 24
591,226,226, 24
592,226,226, 24
593,226,226, 24
594,226,226, 24
595,226,226, 24
596,226,226, 24
597,226,226, 24
598,226,226, 24
599,226,226, 24
600,226,226, 24
601,226,226, 24
602,226,226, 24
603,226,226, 24
604,226,226, 24
605,226,226, 24
606,226,226, 24
607,226,226, 24
608,226,226, 24
609,226,226, 24
610,226,226, 24
611,226,226, 24
612,226,226, 24
613,226,226, 24
614,226,226, 24
615,226,226, 24
616,226,226, 24
617,226,226, 24
618,226,226, 24
619,226,226, 24
620,226,226, 24
621,226,226, 24
622,226,226, 24
623,226,226, 24
624,226,226, 24
625,226,226, 24
626,226,226, 24
627,226,226, 24
628,225,225, 25
629,224,224, 26
630,224,224, 26
631,224,224, 26
632,223,223, 27
633,223,223, 27
634,223,223, 27
635,223,223, 27
636,223,223, 27
637,223,223, 27
638,223,223, 27
639,223,223, 27
640,223,223, 27
641,223,223, 27
642,223,223, 27
643,223,223, 27
644,223,223, 27
645,223,223, 27
646,223,223, 27
647,223,223, 27
648,222,222, 28
649,222,222, 28
650,222,222, 28
651,222,222, 28
652,222,222, 28
653,222,222, 28
654,222,222, 28
655,222,222, 28
656,222,222, 28
657,221,221, 29
658,221,221, 29
659,221,221, 29
660,221,221, 29
661,221,221, 29
662,221,221, 29
663,221,221, 29
664,221,221, 29
665,221,221, 29
666,221,221, 29
667,221,221, 29
668,221,221, 29
669,221,221, 29
670,221,221, 29
671,221,221, 29
672,221,221, 29
673,221,221, 29
674,221,221, 29
675,221,221, 29
676,221,221, 29
677,221,221, 29
678,221,221, 29
679,221,221, 29
680,221,221, 29
681,221,221, 29
682,221,221, 29
683,221,221, 29
684,221,221, 29
685,221,221, 29
686,221,221, 29
687,221,221, 29
688,221,221, 29
689,221,221, 29
690,221,221, 29
691,221,221, 29
692,221,221, 29
693,221,221, 29
694,221,221, 29
695,221,221, 29
696,221,221, 29
697,221,221, 29
698,221,221, 29
699,221,221, 29
700,221,221, 29
701,221,221, 29
702,221,221, 29
703,221,221, 29
704,221,221, 29
705,221,221, 29
706,221,221, 29
707,219,219, 31
708,219,219, 31
709,219,219, 31
710,219,219, 31
711,219,219, 31
712,219,219, 31
713,219,219, 31
714,219,219, 31
715,219,219, 31
716,219,219, 31
717,219,219, 31
718,219,219, 31
719,219,219, 31
720,219,219, 31
721,219,219, 31
722,219,219, 31
723,219,219, 31
724,219,219, 31
725,219,219, 31
726,219,219, 31
727,219,219, 31
728,219,219, 31
729,218,218, 32
730,218,218, 32
731,218,218, 32
732,218,218, 32
733,217,217, 33
734,217,217, 33
735,216,216, 34
736,216,216, 34
737,216,216, 34
738,216,216, 34
739,216,216, 34
740,216,216, 34
741,216,216, 34
742,216,216, 34
743,216,216, 34
744,216,216, 34
745,216,216, 34
746,216,216, 34
747,216,216, 34
748,215,215, 35
749,215,215, 35
750,215,215, 35
751,215,215, 35
752,215,215, 35
753,215,215, 35
754,215,215, 35
755,215,215, 35
756,215,215, 35
757,215,215, 35
758,215,215, 35
759,215,215, 35
760,215,215, 35
761,215,215, 35
762,215,215, 35
763,215,215, 35
764,215,215, 35
765,215,215, 35
766,215,215, 35
767,215,215, 35
768,215,215, 35
769,215,215, 35
770,215,215, 35
771,215,215, 35
772,215,215, 35
773,215,215, 35
774,215,215, 35
775,215,215, 35
776,215,215, 35
777,214,214, 36
778,214,214, 36
779,214,214, 36
780,214,214, 36
781,214,214, 36
782,214,214, 36
783,212,212, 38
784,212,212, 38
785,212,212, 38
786,212,212, 38
787,212,212, 38
788,212,212, 38
789,212,212, 38
790,212,212, 38
791,212,212, 38
792,212,212, 38
793,212,212, 38
794,212,212, 38
795,212,212, 38
796,212,212, 38
797,212,212, 38
798,212,212, 38
799,212,212, 38
800,212,212, 38
801,212,212, 38
802,212,212, 38
803,212,212, 38
804,212,212, 38
805,210,210, 40
806,210,210, 40
807,210,210, 40
808,210,210, 40
809,210,210, 40
810,210,210, 40
811,210,210, 40
812,210,210, 40
813,210,210, 40
814,210,210, 40
815,210,210, 40
816,210,210, 40
817,210,210, 40
818,210,210, 40
819,210,210, 40
820,208,208, 42
821,208,208, 42
822,208,208, 42
823,208,208, 42
824,208,208, 42
825,208,208, 42
826,208,208, 42
827,208,208, 42
828,208,208, 42
829,208,208, 42
830,208,208, 42
831,208,208, 42
832,208,208, 42
833,208,208, 42
834,208,208, 42
835,208,208, 42
836,208,208, 42
837,208,208, 42
838,208,208, 42
839,208,208, 42
840,208,208, 42
841,208,208, 42
842,208,208, 42
843,208,208, 42
844,208,208, 42
845,208,208, 42
846,208,208, 42
847,208,208, 42
848,208,208, 42
849,208,208, 42
850,208,208, 42
851,208,208, 42
852,208,208, 42
853,208,208, 42
854,208,208, 42
855,208,208, 42
856,208,208, 42
857,208,208, 42
858,208,208, 42
859,208,208, 42
860,208,208, 42
861,208,208, 42
862,208,208, 42
863,208,208, 42
864,206,206, 44
865,206,206, 44
866,206,206, 44
867,206,206, 44
868,206,206, 44
869,206,206, 44
870,206,206, 44
871,206,206, 44
872,206,206, 44
873,206,206, 44
874,206,206, 44
875,206,206, 44
876,206,206, 44
877,206,206, 44
878,206,206, 44
879,206,206, 44
880,206,206, 44
881,206,206, 44
882,206,206, 44
883,206,206, 44
884,206,206, 44
885,206,206, 44
886,206,206, 44
887,206,206, 44
888,206,206, 44
889,206,206, 44
890,206,206, 44
891,206,206, 44
892,206,206, 44
893,206,206, 44
894,206,206, 44
895,206,206, 44
896,206,206, 44
897,206,206, 44
898,206,206, 44
899,206,206, 44
900,206,206, 44
901,206,206, 44
902,206,206, 44
903,206,206, 44
904,206,206, 44
905,206,206, 44
906,206,206, 44
907,206,206, 44
908,206,206, 44
909,205,205, 45
910,205,205, 45
911,205,205, 45
912,205,205, 45
913,205,205, 45
914,205,205, 45
915,205,205, 45
916,205,205, 45
917,205,205, 45
918,205,205, 45
919,205,205, 45
920,205,205, 45
921,205,205, 45
922,205,205, 45
923,205,205, 45
924,205,205, 45
925,205,205, 45
926,205,205, 45
927,205,205, 45
928,205,205, 45
929,205,205, 45
930,205,205, 45
931,205,205, 45
932,205,205, 45
933,205,205, 45
934,205,205, 45
935,205,205, 45
936,205,205, 45
937,205,205, 45
938,205,205, 45
939,205,205, 45
940,205,205, 45
941,205,205, 45
942,205,205, 45
943,205,205, 45
944,205,205, 45
945,205,205, 45
946,205,205, 45
947,205,205, 45
948,205,205, 45
949,205,205, 45
950,205,205, 45
951,205,205, 45
952,205,205, 45
953,205,205, 45
954,205,205, 45
955,205,205, 45
956,205,205, 45
957,205,205, 45
958,204,204, 46
959,203,203, 47
960,203,203, 47
961,203,203, 47
962,203,203, 47
963,203,203, 47
964,203,203, 47
965,203,203, 47
966,203,203, 47
967,203,203, 47
968,203,203, 47
969,203,203, 47
970,203,203, 47
971,203,203, 47
972,203,203, 47
973,203,203, 47
974,203,203, 47
975,203,203, 47
976,203,203, 47
977,203,203, 47
978,203,203, 47
979,203,203, 47
980,203,203, 47
981,203,203, 47
982,203,203, 47
983,203,203, 47
984,203,203, 47
985,203,203, 47
986,203,203, 47
987,203,203, 47
988,203,203, 47
989,203,203, 47
990,203,203, 47
991,203,203, 47
992,203,203, 47
993,203,203, 47
994,203,203, 47
995,203,203, 47
996,203,203, 47
997,203,203, 47
998,203,203, 47
999,203,203, 47
1000,203,203, 47
1001,203,203, 47
1002,203,203, 47
1003,203,203, 47
1004,203,203, 47
1005,203,203, 47
1006,203,203, 47
1007,203,203, 47
1008,203,203, 47
1009,203,203, 47
1010,203,203, 47
1011,203,203, 47
1012,203,203, 47
1013,203,203, 47
1014,203,203, 47
1015,203,203, 47
1016,203,203, 47
1017,203,203, 47
1018,203,203, 47
1019,203,203, 47
1020,203,203, 47
1021,203,203, 47
1022,203,203, 47
1023,203,203, 47
1024,203,203, 47
1025,203,203, 47
1026,203,203, 47
1027,203,203, 47
1028,203,203, 47
1029,203,203, 47
1030,203,203, 47
1031,203,203, 47
1032,203,203, 47
1033,203,203, 47
1034,203,203, 47
1035,203,203, 47
1036,202,202, 48
1037,202,202, 48
1038,202,202, 48
1039,202,202, 48
1040,202,202, 48
1041,202,202, 48
1042,202,202, 48
1043,202,202, 48
1044,202,202, 48
1045,202,202, 48
1046,202,202, 48
1047,202,202, 48
1048,202,202, 48
1049,201,201, 49
1050,200,200, 50
1051,200,200, 50
1052,200,200, 50
1053,200,200, 50
1054,200,200, 50
1055,200,200, 50
1056,200,200, 50
1057,200,200, 50
1058,200,200, 50
1059,200,200, 50
1060,200,200, 50
1061,200,200, 50
1062,200,200, 50
1063,200,200, 50
1064,200,200, 50
1065,200,200, 50
1066,200,200, 50
1067,200,200, 50
1068,200,200, 50
1069,200,200, 50
1070,200,200, 50
1071,200,200, 50
1072,200,200, 50
1073,200,200, 50
1074,200,200, 50
1075,200,200, 50
1076,200,200, 50
1077,200,200, 50
1078,200,200, 50
1079,200,200, 50
1080,200,200, 50
1081,200,200, 50
1082,200,200, 50
1083,200,200, 50
1084,200,200, 50
1085,198,198, 52
1086,198,198, 52
1087,198,198, 52
1088,198,198, 52
1089,198,198, 52
1090,198,198, 52
1091,197,197, 53
1092,197,197, 53
1093,197,197, 53
1094,197,197, 53
1095,197,197, 53
1096,197,197, 53
1097,197,197, 53
1098,197,197, 53
1099,197,197, 53
1100,197,197, 53
1101,197,197, 53
1102,197,197, 53
1103,197,197, 53
1104,197,197, 53
1105,197,197, 53
1106,197,197, 53
1107,197,197, 53
1108,197,197, 53
1109,197,197, 53
1110,197,197, 53
1111,197,197, 53
1112,197,197, 53
1113,197,197, 53
1114,197,197, 53
1115,197,197, 53
1116,197,197, 53
1117,197,197, 53
1118,197,197, 53
1119,197,197, 53
1120,196,196, 54
1121,196,196, 54
1122,196,196, 54
1123,196,196, 54
1124,196,196, 54
1125,196,196, 54
1126,196,196, 54
1127,196,196, 54
1128,196,196, 54
1129,196,196, 54
1130,196,196, 54
1131,196,196, 54
1132,196,196, 54
1133,196,196, 54
1134,196,196, 54
1135,196,196, 54
1136,196,196, 54
1137,196,196, 54
1138,196,196, 54
1139,196,196, 54
1140,196,196, 54
1141,196,196, 54
1142,196,196, 54
1143,196,196, 54
1144,196,196, 54
1145,196,196, 54
1146,196,196, 54
1147,196,196, 54
1148,196,196, 54
1149,196,196, 54
1150,196,196, 54
1151,196,196, 54
1152,196,196, 54
1153,196,196, 54
1154,196,196, 54
1155,196,196, 54
1156,196,196, 54
1157,196,196, 54
1158,196,196, 54
1159,196,196, 54
1160,196,196, 54
1161,196,196, 54
1162,196,196, 54
1163,196,196, 54
1164,196,196, 54
1165,196,196, 54
1166,196,196, 54
1167,196,196, 54
1168,196,196, 54
1169,196,196, 54
1170,196,196, 54
1171,196,196, 54
1172,196,196, 54
1173,196,196, 54
1174,196,196, 54
1175,196,196, 54
1176,196,196, 54
1177,196,196, 54
1178,196,196, 54
1179,196,196, 54
1180,196,196, 54
1181,196,196, 54
1182,196,196, 54
1183,196,196, 54
1184,196,196, 54
1185,196,196, 54
1186,196,196, 54
1187,196,196, 54
1188,196,196, 54
1189,196,196, 54
1190,196,196, 54
1191,196,196, 54
1192,196,196, 54
1193,196,196, 54
1194,196,196, 54
1195,196,196, 54
1196,196,196, 54
1197,196,196, 54
1198,196,196, 54
1199,196,196, 54
1200,196,196, 54
1201,196,196, 54
1202,196,196, 54
1203,196,196, 54
1204,196,196, 54
1205,196,196, 54
1206,196,196, 54
1207,196,196, 54
1208,196,196, 54
1209,196,196, 54
1210,196,196, 54
1211,196,196, 54
1212,196,196, 54
1213,196,196, 54
1214,196,196, 54
1215,196,196, 54
1216,196,196, 54
1217,196,196, 54
1218,196,196, 54
1219,196,196, 54
1220,195,195, 55
1221,195,195, 55
1222,195,195, 55
1223,195,195, 55
1224,195,195, 55
1225,195,195, 55
1226,195,195, 55
1227,195,195, 55
1228,195,195, 55
1229,195,195, 55
1230,195,195, 55
1231,195,195, 55
1232,195,195, 55
1233,195,195, 55
1234,195,195, 55
1235,195,195, 55
1236,195,195, 55
1237,195,195, 55
1238,195,195, 55
1239,195,195, 55
1240,195,195, 55
1241,195,195, 55
1242,195,195, 55
1243,195,195, 55
1244,195,195, 55
1245,195,195, 55
1246,195,195, 55
1247,195,195, 55
1248,195,195, 55
1249,195,195, 55
1250,195,195, 55
1251,195,195, 55
1252,195,195, 55
1253,194,194, 56
1254,193,193, 57
1255,193,193, 57
1256,193,193, 57
1257,193,193, 57
1258,193,193, 57
1259,193,193, 57
1260,193,193, 57
1261,193,193, 57
1262,193,193, 57
1263,193,193, 57
1264,193,193, 57
1265,193,193, 57
1266,193,193, 57
1267,193,193, 57
1268,193,193, 57
1269,193,193, 57
1270,193,193, 57
1271,193,193, 57
1272,193,193, 57
1273,193,193, 57
1274,193,193, 57
1275,193,193, 57
1276,193,193, 57
1277,193,193, 57
1278,193,193, 57
1279,193,193, 57
1280,193,193, 57
1281,193,193, 57
1282,193,193, 57
1283,193,193, 57
1284,192,192, 58
1285,192,192, 58
1286,192,192, 58
1287,192,192, 58
1288,192,192, 58
1289,192,192, 58
1290,192,192, 58
1291,192,192, 58
1292,192,192, 58
1293,192,192, 58
1294,192,192, 58
1295,192,192, 58
1296,192,192, 58
1297,192,192, 58
1298,192,192, 58
1299,192,192, 58
1300,192,192, 58
1301,192,192, 58
1302,192,192, 58
1303,192,192, 58
1304,192,192, 58
1305,192,192, 58
1306,192,192, 58
1307,192,192, 58
1308,192,192, 58
1309,192,192, 58
1310,192,192, 58
1311,192,192, 58
1312,192,192, 58
1313,192,192, 58
1314,192,192, 58
1315,192,192, 58
1316,192,192, 58
1317,192,192, 58
1318,192,192, 58
1319,192,192, 58
1320,192,192, 58
1321,192,192, 58
1322,192,192, 58
1323,192,192, 58
1324,192,192, 58
1325,192,192, 58
1326,192,192, 58
1327,192,192, 58
1328,192,192, 58
1329,192,192, 58
1330,192,192, 58
1331,192,192, 58
1332,192,192, 58
1333,192,192, 58
1334,192,192, 58
1335,192,192, 58
1336,192,192, 58
1337,192,192, 58
1338,192,192, 58
1339,192,192, 58
1340,192,192, 58
1341,192,192, 58
1342,192,192, 58
1343,192,192, 58
1344,192,192, 58
1345,192,192, 58
1346,192,192, 58
1347,192,192, 58
1348,192,192, 58
1349,192,192, 58
1350,192,192, 58
1351,192,192, 58
1352,192,192, 58
1353,192,192, 58
1354,192,192, 58
1355,192,192, 58
1356,192,192, 58
1357,192,192, 58
1358,192,192, 58
1359,192,192, 58
1360,192,192, 58
1361,192,192, 58
1362,192,192, 58
1363,192,192, 58
1364,192,192, 58
1365,192,192, 58
1366,192,192, 58
1367,192,192, 58
1368,192,192, 58
1369,192,192, 58
1370,192,192, 58
1371,192,192, 58
1372,192,192, 58
1373,192,192, 58
1374,192,192, 58
1375,192,192, 58
1376,192,192, 58
1377,192,192, 58
1378,192,192, 58
1379,192,192, 58
1380,192,192, 58
1381,192,192, 58
1382,192,192, 58
1383,192,192, 58
1384,192,192, 58
1385,192,192, 58
1386,192,192, 58
1387,192,192, 58
1388,192,192, 58
1389,192,192, 58
1390,192,192, 58
1391,192,192, 58
1392,192,192, 58
1393,192,192, 58
1394,192,192, 58
1395,192,192, 58
1396,192,192, 58
1397,192,192, 58
1398,192,192, 58
1399,192,192, 58
1400,192,192, 58
1401,192,192, 58
1402,192,192, 58
1403,192,192, 58
1404,192,192, 58
1405,192,192, 58
1406,192,192, 58
1407,192,192, 58
1408,192,192, 58
1409,192,192, 58
1410,192,192, 58
1411,192,192, 58
1412,192,192, 58
1413,192,192, 58
1414,192,192, 58
1415,192,192, 58
1416,192,192, 58
1417,192,192, 58
1418,192,192, 58
1419,192,192, 58
1420,192,192, 58
1421,192,192, 58
1422,192,192, 58
1423,192,192, 58
1424,192,192, 58
1425,192,192, 58
1426,192,192, 58
1427,192,192, 58
1428,192,192, 58
1429,192,192, 58
1430,192,192, 58
1431,192,192, 58
1432,192,192, 58
1433,191,191, 59
1434,190,190, 60
1435,190,190, 60
1436,190,190, 60
1437,190,190, 60
1438,190,190, 60
1439,189,189, 61
1440,189,189, 61
1441,189,189, 61
1442,189,189, 61
1443,189,189, 61
1444,189,189, 61
1445,189,189, 61
1446,189,189, 61
1447,189,189, 61
1448,189,189, 61
1449,189,189, 61
1450,189,189, 61
1451,189,189, 61
1452,189,189, 61
1453,189,189, 61
1454,189,189, 61
1455,189,189, 61
1456,189,189, 61
1457,189,189, 61
1458,189,189, 61
1459,189,189, 61
1460,189,189, 61
1461,189,189, 61
1462,189,189, 61
1463,188,188, 62
1464,188,188, 62
1465,188,188, 62
1466,188,188, 62
1467,188,188, 62
1468,188,188, 62
1469,188,188, 62
1470,186,186, 64
1471,186,186, 64
1472,186,186, 64
1473,186,186, 64
1474,186,186, 64
1475,186,186, 64
1476,186,186, 64
1477,186,186, 64
1478,186,186, 64
1479,186,186, 64
1480,185,185, 65
1481,185,185, 65
1482,185,185, 65
1483,185,185, 65
1484,185,185, 65
1485,185,185, 65
1486,185,185, 65
1487,185,185, 65
1488,185,185, 65
1489,185,185, 65
1490,185,185, 65
1491,185,185, 65
1492,185,185, 65
1493,185,185, 65
1494,185,185, 65
1495,185,185, 65
1496,185,185, 65
1497,185,185, 65
1498,185,185, 65
1499,185,185, 65
