0,250,250, 0
1,250,250, 0
2,250,250, 0
3,250,250, 0
4,250,250, 0
5,250,250, 0
6,250,250, 0
7,250,250, 0
8,249,249, 1
9,249,249, 1
10,249,249, 1
11,249,249, 1
12,248,248, 2
13,247,247, 3
14,247,247, 3
15,247,247, 3
16,247,247, 3
17,247,247, 3
18,247,247, 3
19,247,247, 3
20,247,247, 3
21,247,247, 3
22,247,247, 3
23,247,247, 3
24,246,246, 4
25,246,246, 4
26,246,246, 4
27,246,246, 4
28,246,246, 4
29,246,246, 4
30,246,246, 4
31,246,246, 4
32,246,246, 4
33,246,246, 4
34,246,246, 4
35,246,246, 4
36,246,246, 4
37,246,246, 4
38,246,246, 4
39,246,246, 4
40,246,246, 4
41,246,246, 4
42,246,246, 4
43,245,245, 5
44,245,245, 5
45,245,245, 5
46,245,245, 5
47,245,245, 5
48,245,245, 5
49,245,245, 5
50,245,245, 5
51,245,245, 5
52,245,245, 5
53,245,245, 5
54,245,245, 5
55,245,245, 5
56,245,245, 5
57,245,245, 5
58,245,245, 5
59,245,245, 5
60,245,245, 5
61,245,245, 5
62,245,245, 5
63,245,245, 5
64,245,245, 5
65,245,245, 5
66,245,245, 5
67,245,245, 5
68,245,245, 5
69,245,245, 5
70,245,245, 5
71,245,245, 5
72,245,245, 5
73,245,245, 5
74,245,245, 5
75,245,245, 5
76,245,245, 5
77,245,245, 5
78,245,245, 5
79,245,245, 5
80,245,245, 5
81,245,245, 5
82,245,245, 5
83,245,245, 5
84,245,245, 5
85,245,245, 5
86,245,245, 5
87,245,245, 5
88,244,244, 6
89,244,244, 6
90,244,244, 6
91,244,244, 6
92,244,244, 6
93,244,244, 6
94,244,244, 6
95,244,244, 6
96,244,244, 6
97,244,244, 6
98,244,244, 6
99,244,244, 6
100,244,244, 6
101,244,244, 6
102,243,243, 7
103,243,243, 7
104,243,243, 7
105,243,243, 7
106,243,243, 7
107,243,243, 7
108,243,243, 7
109,243,243, 7
110,243,243, 7
111,243,243, 7
112,243,243, 7
113,243,243, 7
114,243,243, 7
115,243,243, 7
116,243,243, 7
117,243,243, 7
118,243,243, 7
119,243,243, 7
120,243,243, 7
121,243,243, 7
122,243,243, 7
123,243,243, 7
124,243,243, 7
125,243,243, 7
126,243,243, 7
127,243,243, 7
128,243,243, 7
129,243,243, 7
130,243,243, 7
131,243,243, 7
132,243,243, 7
133,243,243, 7
134,243,243, 7
135,243,243, 7
136,243,243, 7
137,243,243, 7
138,243,243, 7
139,243,243, 7
140,243,243, 7
141,243,243, 7
142,243,243, 7
143,243,243, 7
144,243,243, 7
145,243,243, 7
146,243,243, 7
147,243,243, 7
148,243,243, 7
149,243,243, 7
150,243,243, 7
151,243,243, 7
152,243,243, 7
153,242,242, 8
154,242,242, 8
155,242,242, 8
156,242,242, 8
157,242,242, 8
158,242,242, 8
159,242,242, 8
160,242,242, 8
161,242,242, 8
162,242,242, 8
163,242,242, 8
164,242,242, 8
165,242,242, 8
166,242,242, 8
167,242,242, 8
168,242,242, 8
169,242,242, 8
170,242,242, 8
171,242,242, 8
172,242,242, 8
173,242,242, 8
174,242,242, 8
175,242,242, 8
176,242,242, 8
177,242,242, 8
178,242,242, 8
179,242,242, 8
180,242,242, 8
181,242,242, 8
182,242,242, 8
183,242,242, 8
184,242,242, 8
185,242,242, 8
186,242,242, 8
187,242,242, 8
188,242,242, 8
189,242,242, 8
190,242,242, 8
191,242,242, 8
192,242,242, 8
193,242,242, 8
194,242,242, 8
195,242,242, 8
196,242,242, 8
197,242,242, 8
198,242,242, 8
199,242,242, 8
200,242,242, 8
201,242,242, 8
202,242,242, 8
203,242,242, 8
204,242,242, 8
205,242,242, 8
206,242,242, 8
207,242,242, 8
208,242,242, 8
209,242,242, 8
210,242,242, 8
211,242,242, 8
212,242,242, 8
213,242,242, 8
214,242,242, 8
215,242,242, 8
216,242,242, 8
217,242,242, 8
218,242,242, 8
219,242,242, 8
220,242,242, 8
221,242,242, 8
222,242,242, 8
223,242,242, 8
224,242,242, 8
225,242,242, 8
226,242,242, 8
227,242,242, 8
228,242,242, 8
229,242,242, 8
230,242,242, 8
231,242,242, 8
232,242,242, 8
233,242,242, 8
234,242,242, 8
235,242,242, 8
236,242,242, 8
237,242,242, 8
238,242,242, 8
239,242,242, 8
240,242,242, 8
241,242,242, 8
242,242,242, 8
243,242,242, 8
244,242,242, 8
245,242,242, 8
246,242,242, 8
247,242,242, 8
248,242,242, 8
249,242,242, 8
250,242,242, 8
251,242,242, 8
252,242,242, 8
253,242,242, 8
254,242,242, 8
255,242,242, 8
256,242,242, 8
257,242,242, 8
258,242,242, 8
259,242,242, 8
260,242,242, 8
261,242,242, 8
262,242,242, 8
263,242,242, 8
264,242,242, 8
265,242,242, 8
266,242,242, 8
267,242,242, 8
268,242,242, 8
269,242,242, 8
270,242,242, 8
271,242,242, 8
272,242,242, 8
273,242,242, 8
274,242,242, 8
275,242,242, 8
276,242,242, 8
277,242,242, 8
278,242,242, 8
279,242,242, 8
280,242,242, 8
281,242,242, 8
282,242,242, 8
283,242,242, 8
284,242,242, 8
285,242,242, 8
286,242,242, 8
287,242,242, 8
288,242,242, 8
289,242,242, 8
290,242,242, 8
291,242,242, 8
292,242,242, 8
293,242,242, 8
294,242,242, 8
295,242,242, 8
296,242,242, 8
297,242,242, 8
298,242,242, 8
299,242,242, 8
300,242,242, 8
301,242,242, 8
302,242,242, 8
303,242,242, 8
304,242,242, 8
305,242,242, 8
306,242,242, 8
307,242,242, 8
308,242,242, 8
309,242,242, 8
310,242,242, 8
311,242,242, 8
312,242,242, 8
313,242,242, 8
314,242,242, 8
315,242,242, 8
316,242,242, 8
317,242,242, 8
318,242,242, 8
319,242,242, 8
320,242,242, 8
321,242,242, 8
322,242,242, 8
323,242,242, 8
324,241,241, 9
325,241,241, 9
326,241,241, 9
327,241,241, 9
328,241,241, 9
329,241,241, 9
330,241,241, 9
331,241,241, 9
332,241,241, 9
333,241,241, 9
334,241,241, 9
335,241,241, 9
336,241,241, 9
337,241,241, 9
338,241,241, 9
339,241,241, 9
340,241,241, 9
341,241,241, 9
342,241,241, 9
343,241,241, 9
344,241,241, 9
345,241,241, 9
346,241,241, 9
347,241,241, 9
348,241,241, 9
349,241,241, 9
350,241,241, 9
351,241,241, 9
352,241,241, 9
353,241,241, 9
354,241,241, 9
355,241,241, 9
356,241,241, 9
357,241,241, 9
358,241,241, 9
359,241,241, 9
360,241,241, 9
361,241,241, 9
362,241,241, 9
363,241,241, 9
364,241,241, 9
365,241,241, 9
366,241,241, 9
367,241,241, 9
368,241,241, 9
369,241,241, 9
370,241,241, 9
371,241,241, 9
372,241,241, 9
373,241,241, 9
374,241,241, 9
375,241,241, 9
376,241,241, 9
377,241,241, 9
378,241,241, 9
379,241,241, 9
380,241,241, 9
381,241,241, 9
382,241,241, 9
383,241,241, 9
384,241,241, 9
385,241,241, 9
386,241,241, 9
387,241,241, 9
388,241,241, 9
389,241,241, 9
390,241,241, 9
391,241,241, 9
392,241,241, 9
393,241,241, 9
394,241,241, 9
395,241,241, 9
396,241,241, 9
397,241,241, 9
398,241,241, 9
399,241,241, 9
400,241,241, 9
401,241,241, 9
402,241,241, 9
403,241,241, 9
404,241,241, 9
405,241,241, 9
406,241,241, 9
407,241,241, 9
408,241,241, 9
409,241,241, 9
410,241,241, 9
411,241,241, 9
412,241,241, 9
413,241,241, 9
414,241,241, 9
415,241,241, 9
416,241,241, 9
417,241,241, 9
418,241,241, 9
419,240,240, 10
420,240,240, 10
421,240,240, 10
422,240,240, 10
423,240,240, 10
424,240,240, 10
425,240,240, 10
426,240,240, 10
427,240,240, 10
428,240,240, 10
429,239,239, 11
430,239,239, 11
431,239,239, 11
432,239,239, 11
433,239,239, 11
434,239,239, 11
435,239,239, 11
436,239,239, 11
437,239,239, 11
438,239,239, 11
439,239,239, 11
440,239,239, 11
441,239,239, 11
442,239,239, 11
443,239,239, 11
444,239,239, 11
445,239,239, 11
446,239,239, 11
447,239,239, 11
448,239,239, 11
449,239,239, 11
450,239,239, 11
451,239,239, 11
452,239,239, 11
453,239,239, 11
454,239,239, 11
455,239,239, 11
456,239,239, 11
457,239,239, 11
458,239,239, 11
459,239,239, 11
460,239,239, 11
461,239,239, 11
462,239,239, 11
463,239,239, 11
464,239,239, 11
465,239,239, 11
466,239,239, 11
467,239,239, 11
468,239,239, 11
469,239,239, 11
470,239,239, 11
471,239,239, 11
472,239,239, 11
473,239,239, 11
474,239,239, 11
475,239,239, 11
476,239,239, 11
477,239,239, 11
478,239,239, 11
479,239,239, 11
480,239,239, 11
481,239,239, 11
482,239,239, 11
483,239,239, 11
484,239,239, 11
485,239,239, 11
486,239,239, 11
487,239,239, 11
488,239,239, 11
489,239,239, 11
490,239,239, 11
491,239,239, 11
492,239,239, 11
493,239,239, 11
494,239,239, 11
495,239,239, 11
496,239,239, 11
497,239,239, 11
498,239,239, 11
499,239,239, 11
500,239,239, 11
501,239,239, 11
502,239,239, 11
503,239,239, 11
504,239,239, 11
505,239,239, 11
506,239,239, 11
507,239,239, 11
508,239,239, 11
509,239,239, 11
510,239,239, 11
511,239,239, 11
512,239,239, 11
513,239,239, 11
514,239,239, 11
515,239,239, 11
516,239,239, 11
517,239,239, 11
518,239,239, 11
519,239,239, 11
520,239,239, 11
521,239,239, 11
522,239,239, 11
523,239,239, 11
524,239,239, 11
525,239,239, 11
526,239,239, 11
527,239,239, 11
528,239,239, 11
529,239,239, 11
530,239,239, 11
531,239,239, 11
532,239,239, 11
533,239,239, 11
534,239,239, 11
535,239,239, 11
536,239,239, 11
537,239,239, 11
538,239,239, 11
539,239,239, 11
540,239,239, 11
541,239,239, 11
542,239,239, 11
543,239,239, 11
544,239,239, 11
545,239,239, 11
546,239,239, 11
547,239,239, 11
548,239,239, 11
549,239,239, 11
550,239,239, 11
551,239,239, 11
552,239,239, 11
553,239,239, 11
554,239,239, 11
555,239,239, 11
556,239,239, 11
557,239,239, 11
558,239,239, 11
559,239,239, 11
560,239,239, 11
561,239,239, 11
562,239,239, 11
563,239,239, 11
564,239,239, 11
565,239,239, 11
566,239,239, 11
567,239,239, 11
568,239,239, 11
569,239,239, 11
570,239,239, 11
571,239,239, 11
572,239,239, 11
573,239,239, 11
574,239,239, 11
575,239,239, 11
576,239,239, 11
577,239,239, 11
578,239,239, 11
579,239,239, 11
580,239,239, 11
581,239,239, 11
582,238,238, 12
583,238,238, 12
584,238,238, 12
585,238,238, 12
586,238,238, 12
587,238,238, 12
588,238,238, 12
589,238,238, 12
590,238,238, 12
591,238,238, 12
592,238,238, 12
593,238,238, 12
594,238,238, 12
595,238,238, 12
596,238,238, 12
597,238,238, 12
598,238,238, 12
599,238,238, 12
600,238,238, 12
601,238,238, 12
602,238,238, 12
603,237,237, 13
604,237,237, 13
605,237,237, 13
606,237,237, 13
607,237,237, 13
608,237,237, 13
609,237,237, 13
610,237,237, 13
611,237,237, 13
612,237,237, 13
613,237,237, 13
614,236,236, 14
615,236,236, 14
616,236,236, 14
617,236,236, 14
618,236,236, 14
619,236,236, 14
620,236,236, 14
621,236,236, 14
622,236,236, 14
623,236,236, 14
624,236,236, 14
625,236,236, 14
626,236,236, 14
627,236,236, 14
628,236,236, 14
629,236,236, 14
630,236,236, 14
631,236,236, 14
632,236,236, 14
633,236,236, 14
634,236,236, 14
635,236,236, 14
636,236,236, 14
637,236,236, 14
638,236,236, 14
639,236,236, 14
640,236,236, 14
641,236,236, 14
642,236,236, 14
643,236,236, 14
644,236,236, 14
645,236,236, 14
646,236,236, 14
647,236,236, 14
648,236,236, 14
649,236,236, 14
650,236,236, 14
651,236,236, 14
652,236,236, 14
653,236,236, 14
654,236,236, 14
655,236,236, 14
656,236,236, 14
657,236,236, 14
658,236,236, 14
659,236,236, 14
660,236,236, 14
661,236,236, 14
662,236,236, 14
663,236,236, 14
664,236,236, 14
665,236,236, 14
666,236,236, 14
667,236,236, 14
668,236,236, 14
669,236,236, 14
670,236,236, 14
671,236,236, 14
672,236,236, 14
673,236,236, 14
674,236,236, 14
675,236,236, 14
676,236,236, 14
677,236,236, 14
678,236,236, 14
679,236,236, 14
680,236,236, 14
681,236,236, 14
682,236,236, 14
683,236,236, 14
684,236,236, 14
685,236,236, 14
686,236,236, 14
687,236,236, 14
688,236,236, 14
689,236,236, 14
690,236,236, 14
691,236,236, 14
692,236,236, 14
693,236,236, 14
694,236,236, 14
695,236,236, 14
696,236,236, 14
697,236,236, 14
698,236,236, 14
699,236,236, 14
700,236,236, 14
701,236,236, 14
702,236,236, 14
703,236,236, 14
704,236,236, 14
705,236,236, 14
706,236,236, 14
707,236,236, 14
708,236,236, 14
709,236,236, 14
710,236,236, 14
711,236,236, 14
712,236,236, 14
713,236,236, 14
714,236,236, 14
715,236,236, 14
716,236,236, 14
717,236,236, 14
718,236,236, 14
719,236,236, 14
720,236,236, 14
721,236,236, 14
722,236,236, 14
723,236,236, 14
724,236,236, 14
725,236,236, 14
726,236,236, 14
727,236,236, 14
728,236,236, 14
729,236,236, 14
730,236,236, 14
731,236,236, 14
732,236,236, 14
733,236,236, 14
734,236,236, 14
735,236,236, 14
736,236,236, 14
737,236,236, 14
738,236,236, 14
739,236,236, 14
740,236,236, 14
741,236,236, 14
742,236,236, 14
743,236,236, 14
744,236,236, 14
745,236,236, 14
746,236,236, 14
747,236,236, 14
748,236,236, 14
749,236,236, 14
750,236,236, 14
751,236,236, 14
752,236,236, 14
753,236,236, 14
754,236,236, 14
755,236,236, 14
756,236,236, 14
757,236,236, 14
758,236,236, 14
759,236,236, 14
760,236,236, 14
761,236,236, 14
762,236,236, 14
763,236,236, 14
764,236,236, 14
765,236,236, 14
766,236,236, 14
767,236,236, 14
768,236,236, 14
769,236,236, 14
770,236,236, 14
771,236,236, 14
772,236,236, 14
773,236,236, 14
774,236,236, 14
775,236,236, 14
776,236,236, 14
777,236,236, 14
778,236,236, 14
779,236,236, 14
780,236,236, 14
781,236,236, 14
782,236,236, 14
783,236,236, 14
784,236,236, 14
785,236,236, 14
786,236,236, 14
787,236,236, 14
788,236,236, 14
789,236,236, 14
790,236,236, 14
791,236,236, 14
792,236,236, 14
793,236,236, 14
794,236,236, 14
795,236,236, 14
796,236,236, 14
797,236,236, 14
798,236,236, 14
799,236,236, 14
800,236,236, 14
801,236,236, 14
802,236,236, 14
803,236,236, 14
804,236,236, 14
805,236,236, 14
806,236,236, 14
807,236,236, 14
808,236,236, 14
809,236,236, 14
810,236,236, 14
811,236,236, 14
812,236,236, 14
813,236,236, 14
814,236,236, 14
815,236,236, 14
816,236,236, 14
817,236,236, 14
818,236,236, 14
819,236,236, 14
820,236,236, 14
821,236,236, 14
822,236,236, 14
823,236,236, 14
824,236,236, 14
825,236,236, 14
826,236,236, 14
827,236,236, 14
828,236,236, 14
829,236,236, 14
830,236,236, 14
831,236,236, 14
832,236,236, 14
833,236,236, 14
834,236,236, 14
835,236,236, 14
836,236,236, 14
837,236,236, 14
838,236,236, 14
839,236,236, 14
840,236,236, 14
841,236,236, 14
842,236,236, 14
843,236,236, 14
844,236,236, 14
845,236,236, 14
846,236,236, 14
847,236,236, 14
848,236,236, 14
849,236,236, 14
850,236,236, 14
851,236,236, 14
852,236,236, 14
853,236,236, 14
854,236,236, 14
855,236,236, 14
856,236,236, 14
857,236,236, 14
858,236,236, 14
859,236,236, 14
860,236,236, 14
861,236,236, 14
862,236,236, 14
863,236,236, 14
864,236,236, 14
865,236,236, 14
866,236,236, 14
867,236,236, 14
868,236,236, 14
869,236,236, 14
870,236,236, 14
871,236,236, 14
872,236,236, 14
873,236,236, 14
874,235,235, 15
875,235,235, 15
876,235,235, 15
877,235,235, 15
878,235,235, 15
879,235,235, 15
880,235,235, 15
881,235,235, 15
882,235,235, 15
883,235,235, 15
884,235,235, 15
885,235,235, 15
886,235,235, 15
887,235,235, 15
888,235,235, 15
889,235,235, 15
890,235,235, 15
891,235,235, 15
892,235,235, 15
893,235,235, 15
894,235,235, 15
895,235,235, 15
896,235,235, 15
897,235,235, 15
898,235,235, 15
899,235,235, 15
900,235,235, 15
901,235,235, 15
902,235,235, 15
903,235,235, 15
904,235,235, 15
905,235,235, 15
906,235,235, 15
907,235,235, 15
908,235,235, 15
909,235,235, 15
910,235,235, 15
911,235,235, 15
912,235,235, 15
913,235,235, 15
914,235,235, 15
915,235,235, 15
916,235,235, 15
917,235,235, 15
918,235,235, 15
919,234,234, 16
920,234,234, 16
921,234,234, 16
922,234,234, 16
923,234,234, 16
924,234,234, 16
925,234,234, 16
926,234,234, 16
927,233,233, 17
928,233,233, 17
929,233,233, 17
930,233,233, 17
931,233,233, 17
932,232,232, 18
933,232,232, 18
934,232,232, 18
935,232,232, 18
936,232,232, 18
937,231,231, 19
938,231,231, 19
939,231,231, 19
940,231,231, 19
941,231,231, 19
942,231,231, 19
943,231,231, 19
944,231,231, 19
945,231,231, 19
946,231,231, 19
947,231,231, 19
948,231,231, 19
949,231,231, 19
950,231,231, 19
951,231,231, 19
952,231,231, 19
953,231,231, 19
954,231,231, 19
955,231,231, 19
956,231,231, 19
957,231,231, 19
958,231,231, 19
959,231,231, 19
960,231,231, 19
961,231,231, 19
962,231,231, 19
963,231,231, 19
964,231,231, 19
965,231,231, 19
966,231,231, 19
967,231,231, 19
968,231,231, 19
969,231,231, 19
970,231,231, 19
971,231,231, 19
972,231,231, 19
973,231,231, 19
974,231,231, 19
975,231,231, 19
976,231,231, 19
977,231,231, 19
978,231,231, 19
979,231,231, 19
980,231,231, 19
981,231,231, 19
982,231,231, 19
983,231,231, 19
984,231,231, 19
985,231,231, 19
986,231,231, 19
987,231,231, 19
988,231,231, 19
989,231,231, 19
990,231,231, 19
991,231,231, 19
992,231,231, 19
993,231,231, 19
994,230,230, 20
995,230,230, 20
996,230,230, 20
997,229,229, 21
998,229,229, 21
999,229,229, 21
1000,229,229, 21
1001,229,229, 21
1002,229,229, 21
1003,229,229, 21
1004,229,229, 21
1005,229,229, 21
1006,229,229, 21
1007,229,229, 21
1008,229,229, 21
1009,229,229, 21
1010,229,229, 21
1011,229,229, 21
1012,229,229, 21
1013,229,229, 21
1014,229,229, 21
1015,229,229, 21
1016,228,228, 22
1017,228,228, 22
1018,228,228, 22
1019,228,228, 22
1020,228,228, 22
1021,228,228, 22
1022,228,228, 22
1023,228,228, 22
1024,228,228, 22
1025,228,228, 22
1026,228,228, 22
1027,228,228, 22
1028,228,228, 22
1029,228,228, 22
1030,228,228, 22
1031,228,228, 22
1032,228,228, 22
1033,228,228, 22
1034,228,228, 22
1035,228,228, 22
1036,228,228, 22
1037,228,228, 22
1038,228,228, 22
1039,228,228, 22
1040,228,228, 22
1041,228,228, 22
1042,228,228, 22
1043,228,228, 22
1044,228,228, 22
1045,228,228, 22
1046,228,228, 22
1047,228,228, 22
1048,228,228, 22
1049,228,228, 22
1050,228,228, 22
1051,228,228, 22
1052,228,228, 22
1053,228,228, 22
1054,228,228, 22
1055,228,228, 22
1056,228,228, 22
1057,228,228, 22
1058,228,228, 22
1059,228,228, 22
1060,228,228, 22
1061,228,228, 22
1062,228,228, 22
1063,228,228, 22
1064,228,228, 22
1065,228,228, 22
1066,228,228, 22
1067,228,228, 22
1068,228,228, 22
1069,228,228, 22
1070,228,228, 22
1071,228,228, 22
1072,228,228, 22
1073,228,228, 22
1074,228,228, 22
1075,228,228, 22
1076,228,228, 22
1077,228,228, 22
1078,228,228, 22
1079,228,228, 22
1080,228,228, 22
1081,228,228, 22
1082,228,228, 22
1083,228,228, 22
1084,228,228, 22
1085,228,228, 22
1086,228,228, 22
1087,228,228, 22
1088,228,228, 22
1089,228,228, 22
1090,228,228, 22
1091,228,228, 22
1092,228,228, 22
1093,228,228, 22
1094,228,228, 22
1095,228,228, 22
1096,228,228, 22
1097,228,228, 22
1098,228,228, 22
1099,228,228, 22
1100,228,228, 22
1101,228,228, 22
1102,228,228, 22
1103,229,229, 21
1104,228,228, 22
1105,228,228, 22
1106,228,228, 22
1107,228,228, 22
1108,228,228, 22
1109,228,228, 22
1110,228,228, 22
1111,227,227, 23
1112,227,227, 23
1113,227,227, 23
1114,227,227, 23
1115,227,227, 23
1116,227,227, 23
1117,227,227, 23
1118,227,227, 23
1119,227,227, 23
1120,227,227, 23
1121,227,227, 23
1122,227,227, 23
1123,227,227, 23
1124,227,227, 23
1125,227,227, 23
1126,227,227, 23
1127,227,227, 23
1128,227,227, 23
1129,227,227, 23
1130,227,227, 23
1131,227,227, 23
1132,227,227, 23
1133,227,227, 23
1134,227,227, 23
1135,227,227, 23
1136,227,227, 23
1137,227,227, 23
1138,227,227, 23
1139,227,227, 23
1140,227,227, 23
1141,227,227, 23
1142,227,227, 23
1143,227,227, 23
1144,227,227, 23
1145,227,227, 23
1146,227,227, 23
1147,227,227, 23
1148,227,227, 23
1149,227,227, 23
1150,227,227, 23
1151,227,227, 23
1152,227,227, 23
1153,227,227, 23
1154,227,227, 23
1155,227,227, 23
1156,227,227, 23
1157,227,227, 23
1158,227,227, 23
1159,227,227, 23
1160,227,227, 23
1161,227,227, 23
1162,227,227, 23
1163,227,227, 23
1164,227,227, 23
1165,227,227, 23
1166,227,227, 23
1167,227,227, 23
1168,227,227, 23
1169,227,227, 23
1170,226,226, 24
1171,226,226, 24
1172,226,226, 24
1173,226,226, 24
1174,226,226, 24
1175,226,226, 24
1176,226,226, 24
1177,226,226, 24
1178,226,226, 24
1179,226,226, 24
1180,226,226, 24
1181,226,226, 24
1182,226,226, 24
1183,226,226, 24
1184,226,226, 24
1185,226,226, 24
1186,226,226, 24
1187,226,226, 24
1188,226,226, 24
1189,226,226, 24
1190,226,226, 24
1191,226,226, 24
1192,226,226, 24
1193,226,226, 24
1194,226,226, 24
1195,226,226, 24
1196,226,226, 24
1197,226,226, 24
1198,226,226, 24
1199,226,226, 24
1200,226,226, 24
1201,226,226, 24
1202,226,226, 24
1203,226,226, 24
1204,226,226, 24
1205,226,226, 24
1206,226,226, 24
1207,226,226, 24
1208,226,226, 24
1209,226,226, 24
1210,226,226, 24
1211,226,226, 24
1212,226,226, 24
1213,226,226, 24
1214,226,226, 24
1215,226,226, 24
1216,226,226, 24
1217,226,226, 24
1218,226,226, 24
1219,226,226, 24
1220,226,226, 24
1221,226,226, 24
1222,226,226, 24
1223,226,226, 24
1224,226,226, 24
1225,226,226, 24
1226,226,226, 24
1227,226,226, 24
1228,226,226, 24
1229,226,226, 24
1230,226,226, 24
1231,226,226, 24
1232,226,226, 24
1233,226,226, 24
1234,226,226, 24
1235,226,226, 24
1236,226,226, 24
1237,226,226, 24
1238,226,226, 24
1239,226,226, 24
1240,226,226, 24
1241,226,226, 24
1242,226,226, 24
1243,226,226, 24
1244,226,226, 24
1245,226,226, 24
1246,226,226, 24
1247,226,226, 24
1248,226,226, 24
1249,226,226, 24
1250,226,226, 24
1251,226,226, 24
1252,226,226, 24
1253,226,226, 24
1254,226,226, 24
1255,226,226, 24
1256,226,226, 24
1257,226,226, 24
1258,226,226, 24
1259,226,226, 24
1260,226,226, 24
1261,226,226, 24
1262,226,226, 24
1263,226,226, 24
1264,226,226, 24
1265,226,226, 24
1266,226,226, 24
1267,226,226, 24
1268,226,226, 24
1269,226,226, 24
1270,226,226, 24
1271,226,226, 24
1272,226,226, 24
1273,226,226, 24
1274,225,225, 25
1275,225,225, 25
1276,225,225, 25
1277,225,225, 25
1278,225,225, 25
1279,225,225, 25
1280,225,225, 25
1281,225,225, 25
1282,225,225, 25
1283,225,225, 25
1284,225,225, 25
1285,225,225, 25
1286,225,225, 25
1287,225,225, 25
1288,225,225, 25
1289,225,225, 25
1290,225,225, 25
1291,225,225, 25
1292,225,225, 25
1293,225,225, 25
1294,225,225, 25
1295,225,225, 25
1296,225,225, 25
1297,225,225, 25
1298,225,225, 25
1299,225,225, 25
1300,225,225, 25
1301,225,225, 25
1302,225,225, 25
1303,225,225, 25
1304,225,225, 25
1305,224,224, 26
1306,224,224, 26
1307,223,223, 27
1308,223,223, 27
1309,223,223, 27
1310,223,223, 27
1311,223,223, 27
1312,223,223, 27
1313,223,223, 27
1314,223,223, 27
1315,223,223, 27
1316,223,223, 27
1317,223,223, 27
1318,223,223, 27
1319,223,223, 27
1320,223,223, 27
1321,223,223, 27
1322,223,223, 27
1323,223,223, 27
1324,222,222, 28
1325,222,222, 28
1326,222,222, 28
1327,222,222, 28
1328,222,222, 28
1329,222,222, 28
1330,222,222, 28
1331,222,222, 28
1332,222,222, 28
1333,222,222, 28
1334,222,222, 28
1335,222,222, 28
1336,222,222, 28
1337,222,222, 28
1338,222,222, 28
1339,222,222, 28
1340,222,222, 28
1341,222,222, 28
1342,222,222, 28
1343,222,222, 28
1344,222,222, 28
1345,222,222, 28
1346,222,222, 28
1347,222,222, 28
1348,222,222, 28
1349,222,222, 28
1350,222,222, 28
1351,222,222, 28
1352,222,222, 28
1353,222,222, 28
1354,221,221, 29
1355,221,221, 29
1356,221,221, 29
1357,221,221, 29
1358,221,221, 29
1359,221,221, 29
1360,221,221, 29
1361,221,221, 29
1362,221,221, 29
1363,221,221, 29
1364,221,221, 29
1365,221,221, 29
1366,221,221, 29
1367,221,221, 29
1368,221,221, 29
1369,221,221, 29
1370,221,221, 29
1371,221,221, 29
1372,221,221, 29
1373,221,221, 29
1374,221,221, 29
1375,221,221, 29
1376,221,221, 29
1377,221,221, 29
1378,221,221, 29
1379,221,221, 29
1380,221,221, 29
1381,221,221, 29
1382,221,221, 29
1383,221,221, 29
1384,221,221, 29
1385,221,221, 29
1386,221,221, 29
1387,221,221, 29
1388,221,221, 29
1389,221,221, 29
1390,221,221, 29
1391,221,221, 29
1392,221,221, 29
1393,220,220, 30
1394,220,220, 30
1395,220,220, 30
1396,220,220, 30
1397,220,220, 30
1398,220,220, 30
1399,220,220, 30
1400,220,220, 30
1401,220,220, 30
1402,220,220, 30
1403,220,220, 30
1404,220,220, 30
1405,220,220, 30
1406,220,220, 30
1407,220,220, 30
1408,220,220, 30
1409,220,220, 30
1410,220,220, 30
1411,220,220, 30
1412,220,220, 30
1413,220,220, 30
1414,220,220, 30
1415,220,220, 30
1416,220,220, 30
1417,220,220, 30
1418,220,220, 30
1419,220,220, 30
1420,220,220, 30
1421,220,220, 30
1422,220,220, 30
1423,220,220, 30
1424,220,220, 30
1425,220,220, 30
1426,220,220, 30
1427,220,220, 30
1428,220,220, 30
1429,220,220, 30
1430,220,220, 30
1431,220,220, 30
1432,220,220, 30
1433,220,220, 30
1434,220,220, 30
1435,220,220, 30
1436,220,220, 30
1437,220,220, 30
1438,220,220, 30
1439,220,220, 30
1440,220,220, 30
1441,220,220, 30
1442,220,220, 30
1443,220,220, 30
1444,220,220, 30
1445,220,220, 30
1446,220,220, 30
1447,220,220, 30
1448,220,220, 30
1449,220,220, 30
1450,220,220, 30
1451,220,220, 30
1452,220,220, 30
1453,220,220, 30
1454,220,220, 30
1455,220,220, 30
1456,220,220, 30
1457,220,220, 30
1458,220,220, 30
1459,220,220, 30
1460,220,220, 30
1461,220,220, 30
1462,220,220, 30
1463,220,220, 30
1464,220,220, 30
1465,220,220, 30
1466,220,220, 30
1467,220,220, 30
1468,219,219, 31
1469,219,219, 31
1470,219,219, 31
1471,219,219, 31
1472,219,219, 31
1473,219,219, 31
1474,219,219, 31
1475,219,219, 31
1476,218,218, 32
1477,218,218, 32
1478,218,218, 32
1479,218,218, 32
1480,218,218, 32
1481,218,218, 32
1482,218,218, 32
1483,218,218, 32
1484,218,218, 32
1485,218,218, 32
1486,218,218, 32
1487,218,218, 32
1488,218,218, 32
1489,218,218, 32
1490,218,218, 32
1491,217,217, 33
1492,217,217, 33
1493,217,217, 33
1494,217,217, 33
1495,217,217, 33
1496,217,217, 33
1497,217,217, 33
1498,217,217, 33
1499,217,217, 33
