0,249,249, 1
1,249,249, 1
2,249,249, 1
3,249,249, 1
4,249,249, 1
5,249,249, 1
6,249,249, 1
7,249,249, 1
8,249,249, 1
9,249,249, 1
10,248,248, 2
11,248,248, 2
12,248,248, 2
13,248,248, 2
14,248,248, 2
15,248,248, 2
16,248,248, 2
17,248,248, 2
18,248,248, 2
19,248,248, 2
20,248,248, 2
21,247,247, 3
22,247,247, 3
23,247,247, 3
24,247,247, 3
25,247,247, 3
26,247,247, 3
27,247,247, 3
28,247,247, 3
29,247,247, 3
30,247,247, 3
31,247,247, 3
32,247,247, 3
33,247,247, 3
34,246,246, 4
35,246,246, 4
36,246,246, 4
37,246,246, 4
38,246,246, 4
39,245,245, 5
40,245,245, 5
41,245,245, 5
42,245,245, 5
43,245,245, 5
44,245,245, 5
45,245,245, 5
46,245,245, 5
47,245,245, 5
48,245,245, 5
49,245,245, 5
50,244,244, 6
51,244,244, 6
52,244,244, 6
53,244,244, 6
54,244,244, 6
55,244,244, 6
56,244,244, 6
57,244,244, 6
58,244,244, 6
59,244,244, 6
60,244,244, 6
61,244,244, 6
62,244,244, 6
63,244,244, 6
64,244,244, 6
65,244,244, 6
66,244,244, 6
67,244,244, 6
68,244,244, 6
69,244,244, 6
70,244,244, 6
71,244,244, 6
72,244,244, 6
73,244,244, 6
74,244,244, 6
75,244,244, 6
76,244,244, 6
77,244,244, 6
78,244,244, 6
79,244,244, 6
80,244,244, 6
81,244,244, 6
82,243,243, 7
83,243,243, 7
84,243,243, 7
85,243,243, 7
86,243,243, 7
87,243,243, 7
88,243,243, 7
89,243,243, 7
90,243,243, 7
91,243,243, 7
92,243,243, 7
93,243,243, 7
94,243,243, 7
95,243,243, 7
96,243,243, 7
97,243,243, 7
98,243,243, 7
99,243,243, 7
100,243,243, 7
101,242,242, 8
102,242,242, 8
103,242,242, 8
104,241,241, 9
105,241,241, 9
106,241,241, 9
107,241,241, 9
108,241,241, 9
109,241,241, 9
110,241,241, 9
111,241,241, 9
112,241,241, 9
113,241,241, 9
114,241,241, 9
115,241,241, 9
116,241,241, 9
117,241,241, 9
118,241,241, 9
119,241,241, 9
120,241,241, 9
121,241,241, 9
122,241,241, 9
123,241,241, 9
124,241,241, 9
125,241,241, 9
126,241,241, 9
127,241,241, 9
128,241,241, 9
129,241,241, 9
130,241,241, 9
131,241,241, 9
132,241,241, 9
133,241,241, 9
134,241,241, 9
135,241,241, 9
136,241,241, 9
137,241,241, 9
138,241,241, 9
139,240,240, 10
140,240,240, 10
141,240,240, 10
142,240,240, 10
143,240,240, 10
144,240,240, 10
145,240,240, 10
146,240,240, 10
147,239,239, 11
148,239,239, 11
149,238,238, 12
150,238,238, 12
151,238,238, 12
152,237,237, 13
153,237,237, 13
154,237,237, 13
155,237,237, 13
156,237,237, 13
157,237,237, 13
158,237,237, 13
159,237,237, 13
160,237,237, 13
161,237,237, 13
162,237,237, 13
163,237,237, 13
164,237,237, 13
165,237,237, 13
166,237,237, 13
167,237,237, 13
168,237,237, 13
169,237,237, 13
170,237,237, 13
171,237,237, 13
172,237,237, 13
173,237,237, 13
174,237,237, 13
175,237,237, 13
176,237,237, 13
177,237,237, 13
178,237,237, 13
179,237,237, 13
180,237,237, 13
181,237,237, 13
182,237,237, 13
183,237,237, 13
184,237,237, 13
185,237,237, 13
186,237,237, 13
187,237,237, 13
188,237,237, 13
189,237,237, 13
190,237,237, 13
191,237,237, 13
192,237,237, 13
193,237,237, 13
194,237,237, 13
195,237,237, 13
196,237,237, 13
197,237,237, 13
198,236,236, 14
199,236,236, 14
200,236,236, 14
201,236,236, 14
202,236,236, 14
203,236,236, 14
204,236,236, 14
205,236,236, 14
206,236,236, 14
207,236,236, 14
208,236,236, 14
209,236,236, 14
210,236,236, 14
211,236,236, 14
212,236,236, 14
213,236,236, 14
214,236,236, 14
215,236,236, 14
216,236,236, 14
217,236,236, 14
218,236,236, 14
219,236,236, 14
220,236,236, 14
221,236,236, 14
222,236,236, 14
223,236,236, 14
224,235,235, 15
225,235,235, 15
226,235,235, 15
227,235,235, 15
228,235,235, 15
229,235,235, 15
230,235,235, 15
231,235,235, 15
232,235,235, 15
233,235,235, 15
234,235,235, 15
235,235,235, 15
236,235,235, 15
237,235,235, 15
238,235,235, 15
239,235,235, 15
240,235,235, 15
241,235,235, 15
242,235,235, 15
243,235,235, 15
244,235,235, 15
245,235,235, 15
246,235,235, 15
247,235,235, 15
248,235,235, 15
249,235,235, 15
250,235,235, 15
251,235,235, 15
252,234,234, 16
253,234,234, 16
254,233,233, 17
255,233,233, 17
256,233,233, 17
257,233,233, 17
258,233,233, 17
259,233,233, 17
260,233,233, 17
261,233,233, 17
262,233,233, 17
263,233,233, 17
264,233,233, 17
265,233,233, 17
266,233,233, 17
267,233,233, 17
268,233,233, 17
269,233,233, 17
270,233,233, 17
271,233,233, 17
272,233,233, 17
273,233,233, 17
274,233,233, 17
275,233,233, 17
276,233,233, 17
277,233,233, 17
278,233,233, 17
279,233,233, 17
280,233,233, 17
281,233,233, 17
282,232,232, 18
283,232,232, 18
284,232,232, 18
285,232,232, 18
286,232,232, 18
287,232,232, 18
288,232,232, 18
289,232,232, 18
290,232,232, 18
291,232,232, 18
292,232,232, 18
293,232,232, 18
294,232,232, 18
295,232,232, 18
296,232,232, 18
297,232,232, 18
298,232,232, 18
299,232,232, 18
300,232,232, 18
301,232,232, 18
302,232,232, 18
303,232,232, 18
304,232,232, 18
305,232,232, 18
306,232,232, 18
307,232,232, 18
308,232,232, 18
309,232,232, 18
310,232,232, 18
311,232,232, 18
312,232,232, 18
313,232,232, 18
314,232,232, 18
315,232,232, 18
316,232,232, 18
317,232,232, 18
318,232,232, 18
319,232,232, 18
320,232,232, 18
321,232,232, 18
322,232,232, 18
323,232,232, 18
324,232,232, 18
325,232,232, 18
326,232,232, 18
327,232,232, 18
328,232,232, 18
329,232,232, 18
330,232,232, 18
331,232,232, 18
332,232,232, 18
333,232,232, 18
334,232,232, 18
335,232,232, 18
336,232,232, 18
337,232,232, 18
338,232,232, 18
339,232,232, 18
340,232,232, 18
341,232,232, 18
342,232,232, 18
343,232,232, 18
344,232,232, 18
345,232,232, 18
346,232,232, 18
347,232,232, 18
348,232,232, 18
349,232,232, 18
350,232,232, 18
351,232,232, 18
352,232,232, 18
353,232,232, 18
354,232,232, 18
355,232,232, 18
356,232,232, 18
357,232,232, 18
358,232,232, 18
359,232,232, 18
360,231,231, 19
361,231,231, 19
362,231,231, 19
363,231,231, 19
364,231,231, 19
365,231,231, 19
366,231,231, 19
367,231,231, 19
368,231,231, 19
369,231,231, 19
370,231,231, 19
371,231,231, 19
372,231,231, 19
373,231,231, 19
374,231,231, 19
375,231,231, 19
376,231,231, 19
377,231,231, 19
378,231,231, 19
379,231,231, 19
380,231,231, 19
381,231,231, 19
382,231,231, 19
383,231,231, 19
384,231,231, 19
385,231,231, 19
386,231,231, 19
387,230,230, 20
388,230,230, 20
389,230,230, 20
390,230,230, 20
391,230,230, 20
392,230,230, 20
393,230,230, 20
394,230,230, 20
395,230,230, 20
396,230,230, 20
397,230,230, 20
398,230,230, 20
399,230,230, 20
400,230,230, 20
401,230,230, 20
402,230,230, 20
403,230,230, 20
404,230,230, 20
405,230,230, 20
406,230,230, 20
407,230,230, 20
408,230,230, 20
409,230,230, 20
410,230,230, 20
411,230,230, 20
412,230,230, 20
413,230,230, 20
414,230,230, 20
415,230,230, 20
416,230,230, 20
417,230,230, 20
418,230,230, 20
419,230,230, 20
420,230,230, 20
421,230,230, 20
422,230,230, 20
423,230,230, 20
424,230,230, 20
425,230,230, 20
426,230,230, 20
427,230,230, 20
428,230,230, 20
429,230,230, 20
430,230,230, 20
431,230,230, 20
432,230,230, 20
433,230,230, 20
434,230,230, 20
435,230,230, 20
436,230,230, 20
437,230,230, 20
438,230,230, 20
439,230,230, 20
440,230,230, 20
441,230,230, 20
442,230,230, 20
443,230,230, 20
444,230,230, 20
445,230,230, 20
446,230,230, 20
447,230,230, 20
448,230,230, 20
449,230,230, 20
450,230,230, 20
451,230,230, 20
452,230,230, 20
453,230,230, 20
454,230,230, 20
455,230,230, 20
456,230,230, 20
457,230,230, 20
458,230,230, 20
459,230,230, 20
460,229,229, 21
461,229,229, 21
462,229,229, 21
463,229,229, 21
464,229,229, 21
465,229,229, 21
466,229,229, 21
467,229,229, 21
468,229,229, 21
469,229,229, 21
470,229,229, 21
471,229,229, 21
472,229,229, 21
473,229,229, 21
474,229,229, 21
475,229,229, 21
476,229,229, 21
477,229,229, 21
478,228,228, 22
479,228,228, 22
480,228,228, 22
481,228,228, 22
482,228,228, 22
483,228,228, 22
484,228,228, 22
485,228,228, 22
486,228,228, 22
487,228,228, 22
488,228,228, 22
489,228,228, 22
490,228,228, 22
491,228,228, 22
492,228,228, 22
493,228,228, 22
494,228,228, 22
495,228,228, 22
496,228,228, 22
497,228,228, 22
498,228,228, 22
499,228,228, 22
500,228,228, 22
501,228,228, 22
502,228,228, 22
503,228,228, 22
504,228,228, 22
505,228,228, 22
506,228,228, 22
507,228,228, 22
508,228,228, 22
509,228,228, 22
510,228,228, 22
511,228,228, 22
512,228,228, 22
513,228,228, 22
514,228,228, 22
515,228,228, 22
516,228,228, 22
517,228,228, 22
518,228,228, 22
519,228,228, 22
520,228,228, 22
521,228,228, 22
522,228,228, 22
523,228,228, 22
524,228,228, 22
525,228,228, 22
526,228,228, 22
527,228,228, 22
528,228,228, 22
529,228,228, 22
530,228,228, 22
531,228,228, 22
532,228,228, 22
533,228,228, 22
534,228,228, 22
535,228,228, 22
536,228,228, 22
537,228,228, 22
538,228,228, 22
539,228,228, 22
540,228,228, 22
541,228,228, 22
542,228,228, 22
543,228,228, 22
544,228,228, 22
545,228,228, 22
546,228,228, 22
547,228,228, 22
548,228,228, 22
549,228,228, 22
550,228,228, 22
551,228,228, 22
552,228,228, 22
553,228,228, 22
554,228,228, 22
555,228,228, 22
556,228,228, 22
557,228,228, 22
558,228,228, 22
559,228,228, 22
560,228,228, 22
561,228,228, 22
562,228,228, 22
563,228,228, 22
564,228,228, 22
565,228,228, 22
566,228,228, 22
567,228,228, 22
568,228,228, 22
569,228,228, 22
570,228,228, 22
571,228,228, 22
572,228,228, 22
573,228,228, 22
574,228,228, 22
575,228,228, 22
576,228,228, 22
577,228,228, 22
578,228,228, 22
579,228,228, 22
580,228,228, 22
581,228,228, 22
582,228,228, 22
583,228,228, 22
584,228,228, 22
585,228,228, 22
586,228,228, 22
587,228,228, 22
588,228,228, 22
589,228,228, 22
590,228,228, 22
591,228,228, 22
592,228,228, 22
593,228,228, 22
594,228,228, 22
595,228,228, 22
596,228,228, 22
597,228,228, 22
598,228,228, 22
599,228,228, 22
600,228,228, 22
601,228,228, 22
602,228,228, 22
603,228,228, 22
604,228,228, 22
605,228,228, 22
606,228,228, 22
607,228,228, 22
608,228,228, 22
609,228,228, 22
610,228,228, 22
611,228,228, 22
612,228,228, 22
613,228,228, 22
614,228,228, 22
615,228,228, 22
616,228,228, 22
617,228,228, 22
618,228,228, 22
619,228,228, 22
620,228,228, 22
621,228,228, 22
622,228,228, 22
623,228,228, 22
624,228,228, 22
625,228,228, 22
626,228,228, 22
627,227,227, 23
628,227,227, 23
629,227,227, 23
630,227,227, 23
631,227,227, 23
632,227,227, 23
633,227,227, 23
634,227,227, 23
635,227,227, 23
636,226,226, 24
637,226,226, 24
638,226,226, 24
639,226,226, 24
640,226,226, 24
641,226,226, 24
642,226,226, 24
643,226,226, 24
644,226,226, 24
645,226,226, 24
646,226,226, 24
647,226,226, 24
648,226,226, 24
649,226,226, 24
650,226,226, 24
651,226,226, 24
652,226,226, 24
653,226,226, 24
654,226,226, 24
655,226,226, 24
656,226,226, 24
657,226,226, 24
658,226,226, 24
659,226,226, 24
660,226,226, 24
661,226,226, 24
662,226,226, 24
663,226,226, 24
664,226,226, 24
665,226,226, 24
666,226,226, 24
667,226,226, 24
668,226,226, 24
669,226,226, 24
670,226,226, 24
671,226,226, 24
672,226,226, 24
673,226,226, 24
674,226,226, 24
675,226,226, 24
676,226,226, 24
677,226,226, 24
678,226,226, 24
679,226,226, 24
680,226,226, 24
681,226,226, 24
682,226,226, 24
683,226,226, 24
684,226,226, 24
685,226,226, 24
686,226,226, 24
687,226,226, 24
688,226,226, 24
689,226,226, 24
690,226,226, 24
691,226,226, 24
692,226,226, 24
693,226,226, 24
694,226,226, 24
695,226,226, 24
696,226,226, 24
697,226,226, 24
698,226,226, 24
699,226,226, 24
700,226,226, 24
701,226,226, 24
702,226,226, 24
703,226,226, 24
704,226,226, 24
705,226,226, 24
706,226,226, 24
707,226,226, 24
708,226,226, 24
709,226,226, 24
710,226,226, 24
711,226,226, 24
712,226,226, 24
713,226,226, 24
714,226,226, 24
715,226,226, 24
716,226,226, 24
717,226,226, 24
718,226,226, 24
719,226,226, 24
720,225,225, 25
721,225,225, 25
722,225,225, 25
723,225,225, 25
724,225,225, 25
725,225,225, 25
726,225,225, 25
727,225,225, 25
728,225,225, 25
729,225,225, 25
730,225,225, 25
731,225,225, 25
732,225,225, 25
733,225,225, 25
734,225,225, 25
735,225,225, 25
736,225,225, 25
737,225,225, 25
738,225,225, 25
739,225,225, 25
740,225,225, 25
741,225,225, 25
742,225,225, 25
743,225,225, 25
744,225,225, 25
745,225,225, 25
746,225,225, 25
747,225,225, 25
748,225,225, 25
749,225,225, 25
750,225,225, 25
751,225,225, 25
752,225,225, 25
753,225,225, 25
754,225,225, 25
755,225,225, 25
756,225,225, 25
757,225,225, 25
758,225,225, 25
759,225,225, 25
760,225,225, 25
761,225,225, 25
762,225,225, 25
763,225,225, 25
764,225,225, 25
765,225,225, 25
766,225,225, 25
767,225,225, 25
768,225,225, 25
769,225,225, 25
770,225,225, 25
771,225,225, 25
772,225,225, 25
773,225,225, 25
774,225,225, 25
775,225,225, 25
776,225,225, 25
777,225,225, 25
778,225,225, 25
779,225,225, 25
780,225,225, 25
781,225,225, 25
782,225,225, 25
783,225,225, 25
784,225,225, 25
785,225,225, 25
786,225,225, 25
787,225,225, 25
788,225,225, 25
789,225,225, 25
790,225,225, 25
791,225,225, 25
792,225,225, 25
793,225,225, 25
794,225,225, 25
795,225,225, 25
796,225,225, 25
797,225,225, 25
798,225,225, 25
799,225,225, 25
800,225,225, 25
801,225,225, 25
802,225,225, 25
803,225,225, 25
804,225,225, 25
805,225,225, 25
806,225,225, 25
807,225,225, 25
808,225,225, 25
809,225,225, 25
810,225,225, 25
811,225,225, 25
812,225,225, 25
813,225,225, 25
814,225,225, 25
815,225,225, 25
816,225,225, 25
817,225,225, 25
818,225,225, 25
819,225,225, 25
820,225,225, 25
821,225,225, 25
822,225,225, 25
823,225,225, 25
824,225,225, 25
825,225,225, 25
826,225,225, 25
827,225,225, 25
828,225,225, 25
829,225,225, 25
830,225,225, 25
831,225,225, 25
832,225,225, 25
833,225,225, 25
834,225,225, 25
835,225,225, 25
836,225,225, 25
837,225,225, 25
838,225,225, 25
839,225,225, 25
840,225,225, 25
841,225,225, 25
842,225,225, 25
843,225,225, 25
844,225,225, 25
845,225,225, 25
846,225,225, 25
847,225,225, 25
848,225,225, 25
849,225,225, 25
850,225,225, 25
851,225,225, 25
852,225,225, 25
853,225,225, 25
854,225,225, 25
855,225,225, 25
856,224,224, 26
857,224,224, 26
858,224,224, 26
859,223,223, 27
860,223,223, 27
861,223,223, 27
862,223,223, 27
863,223,223, 27
864,222,222, 28
865,222,222, 28
866,222,222, 28
867,222,222, 28
868,222,222, 28
869,222,222, 28
870,222,222, 28
871,222,222, 28
872,222,222, 28
873,222,222, 28
874,222,222, 28
875,222,222, 28
876,222,222, 28
877,222,222, 28
878,222,222, 28
879,222,222, 28
880,222,222, 28
881,222,222, 28
882,222,222, 28
883,222,222, 28
884,222,222, 28
885,222,222, 28
886,222,222, 28
887,222,222, 28
888,222,222, 28
889,222,222, 28
890,222,222, 28
891,222,222, 28
892,222,222, 28
893,222,222, 28
894,222,222, 28
895,222,222, 28
896,222,222, 28
897,222,222, 28
898,222,222, 28
899,222,222, 28
900,222,222, 28
901,222,222, 28
902,222,222, 28
903,222,222, 28
904,222,222, 28
905,222,222, 28
906,222,222, 28
907,222,222, 28
908,222,222, 28
909,222,222, 28
910,222,222, 28
911,222,222, 28
912,222,222, 28
913,222,222, 28
914,222,222, 28
915,222,222, 28
916,222,222, 28
917,222,222, 28
918,222,222, 28
919,222,222, 28
920,222,222, 28
921,222,222, 28
922,222,222, 28
923,222,222, 28
924,222,222, 28
925,222,222, 28
926,222,222, 28
927,222,222, 28
928,222,222, 28
929,222,222, 28
930,222,222, 28
931,222,222, 28
932,222,222, 28
933,222,222, 28
934,222,222, 28
935,222,222, 28
936,222,222, 28
937,222,222, 28
938,222,222, 28
939,222,222, 28
940,222,222, 28
941,222,222, 28
942,222,222, 28
943,222,222, 28
944,222,222, 28
945,222,222, 28
946,222,222, 28
947,222,222, 28
948,222,222, 28
949,222,222, 28
950,222,222, 28
951,222,222, 28
952,222,222, 28
953,222,222, 28
954,222,222, 28
955,222,222, 28
956,222,222, 28
957,222,222, 28
958,222,222, 28
959,222,222, 28
960,222,222, 28
961,222,222, 28
962,222,222, 28
963,222,222, 28
964,222,222, 28
965,222,222, 28
966,222,222, 28
967,222,222, 28
968,222,222, 28
969,222,222, 28
970,222,222, 28
971,222,222, 28
972,222,222, 28
973,222,222, 28
974,222,222, 28
975,222,222, 28
976,222,222, 28
977,222,222, 28
978,222,222, 28
979,222,222, 28
980,222,222, 28
981,222,222, 28
982,222,222, 28
983,222,222, 28
984,222,222, 28
985,222,222, 28
986,222,222, 28
987,222,222, 28
988,222,222, 28
989,222,222, 28
990,222,222, 28
991,222,222, 28
992,222,222, 28
993,222,222, 28
994,222,222, 28
995,222,222, 28
996,222,222, 28
997,222,222, 28
998,222,222, 28
999,222,222, 28
1000,222,222, 28
1001,222,222, 28
1002,222,222, 28
1003,222,222, 28
1004,222,222, 28
1005,222,222, 28
1006,222,222, 28
1007,222,222, 28
1008,222,222, 28
1009,222,222, 28
1010,222,222, 28
1011,222,222, 28
1012,222,222, 28
1013,222,222, 28
1014,222,222, 28
1015,222,222, 28
1016,222,222, 28
1017,222,222, 28
1018,222,222, 28
1019,222,222, 28
1020,222,222, 28
1021,222,222, 28
1022,222,222, 28
1023,222,222, 28
1024,222,222, 28
1025,222,222, 28
1026,222,222, 28
1027,222,222, 28
1028,222,222, 28
1029,222,222, 28
1030,222,222, 28
1031,222,222, 28
1032,222,222, 28
1033,222,222, 28
1034,222,222, 28
1035,222,222, 28
1036,222,222, 28
1037,222,222, 28
1038,222,222, 28
1039,221,221, 29
1040,221,221, 29
1041,221,221, 29
1042,221,221, 29
1043,221,221, 29
1044,221,221, 29
1045,221,221, 29
1046,221,221, 29
1047,221,221, 29
1048,221,221, 29
1049,221,221, 29
1050,221,221, 29
1051,221,221, 29
1052,221,221, 29
1053,221,221, 29
1054,221,221, 29
1055,221,221, 29
1056,221,221, 29
1057,221,221, 29
1058,221,221, 29
1059,221,221, 29
1060,221,221, 29
1061,221,221, 29
1062,221,221, 29
1063,221,221, 29
1064,221,221, 29
1065,221,221, 29
1066,221,221, 29
1067,221,221, 29
1068,221,221, 29
1069,221,221, 29
1070,221,221, 29
1071,221,221, 29
1072,221,221, 29
1073,221,221, 29
1074,221,221, 29
1075,221,221, 29
1076,221,221, 29
1077,221,221, 29
1078,221,221, 29
1079,221,221, 29
1080,221,221, 29
1081,221,221, 29
1082,221,221, 29
1083,221,221, 29
1084,221,221, 29
1085,221,221, 29
1086,221,221, 29
1087,221,221, 29
1088,221,221, 29
1089,221,221, 29
1090,221,221, 29
1091,221,221, 29
1092,221,221, 29
1093,221,221, 29
1094,221,221, 29
1095,221,221, 29
1096,221,221, 29
1097,221,221, 29
1098,221,221, 29
1099,221,221, 29
1100,221,221, 29
1101,221,221, 29
1102,221,221, 29
1103,221,221, 29
1104,221,221, 29
1105,221,221, 29
1106,221,221, 29
1107,221,221, 29
1108,221,221, 29
1109,221,221, 29
1110,221,221, 29
1111,221,221, 29
1112,221,221, 29
1113,221,221, 29
1114,221,221, 29
1115,221,221, 29
1116,221,221, 29
1117,221,221, 29
1118,221,221, 29
1119,221,221, 29
1120,221,221, 29
1121,221,221, 29
1122,221,221, 29
1123,221,221, 29
1124,221,221, 29
1125,221,221, 29
1126,221,221, 29
1127,221,221, 29
1128,221,221, 29
1129,221,221, 29
1130,221,221, 29
1131,221,221, 29
1132,221,221, 29
1133,221,221, 29
1134,221,221, 29
1135,221,221, 29
1136,221,221, 29
1137,221,221, 29
1138,221,221, 29
1139,221,221, 29
1140,221,221, 29
1141,221,221, 29
1142,221,221, 29
1143,221,221, 29
1144,221,221, 29
1145,221,221, 29
1146,221,221, 29
1147,221,221, 29
1148,221,221, 29
1149,221,221, 29
1150,221,221, 29
1151,221,221, 29
1152,221,221, 29
1153,221,221, 29
1154,221,221, 29
1155,221,221, 29
1156,221,221, 29
1157,221,221, 29
1158,221,221, 29
1159,221,221, 29
1160,221,221, 29
1161,221,221, 29
1162,221,221, 29
1163,221,221, 29
1164,221,221, 29
1165,221,221, 29
1166,221,221, 29
1167,221,221, 29
1168,221,221, 29
1169,221,221, 29
1170,221,221, 29
1171,221,221, 29
1172,221,221, 29
1173,221,221, 29
1174,221,221, 29
1175,221,221, 29
1176,221,221, 29
1177,221,221, 29
1178,221,221, 29
1179,221,221, 29
1180,221,221, 29
1181,221,221, 29
1182,221,221, 29
1183,221,221, 29
1184,221,221, 29
1185,221,221, 29
1186,221,221, 29
1187,221,221, 29
1188,221,221, 29
1189,221,221, 29
1190,221,221, 29
1191,221,221, 29
1192,221,221, 29
1193,221,221, 29
1194,221,221, 29
1195,221,221, 29
1196,221,221, 29
1197,221,221, 29
1198,221,221, 29
1199,221,221, 29
1200,221,221, 29
1201,221,221, 29
1202,221,221, 29
1203,221,221, 29
1204,221,221, 29
1205,220,220, 30
1206,220,220, 30
1207,220,220, 30
1208,220,220, 30
1209,219,219, 31
1210,219,219, 31
1211,219,219, 31
1212,219,219, 31
1213,219,219, 31
1214,219,219, 31
1215,219,219, 31
1216,219,219, 31
1217,219,219, 31
1218,219,219, 31
1219,219,219, 31
1220,219,219, 31
1221,219,219, 31
1222,219,219, 31
1223,219,219, 31
1224,219,219, 31
1225,219,219, 31
1226,219,219, 31
1227,219,219, 31
1228,219,219, 31
1229,219,219, 31
1230,219,219, 31
1231,219,219, 31
1232,219,219, 31
1233,219,219, 31
1234,219,219, 31
1235,219,219, 31
1236,219,219, 31
1237,219,219, 31
1238,219,219, 31
1239,219,219, 31
1240,219,219, 31
1241,219,219, 31
1242,219,219, 31
1243,219,219, 31
1244,219,219, 31
1245,219,219, 31
1246,219,219, 31
1247,219,219, 31
1248,219,219, 31
1249,219,219, 31
1250,219,219, 31
1251,219,219, 31
1252,219,219, 31
1253,219,219, 31
1254,219,219, 31
1255,219,219, 31
1256,219,219, 31
1257,219,219, 31
1258,219,219, 31
1259,219,219, 31
1260,219,219, 31
1261,219,219, 31
1262,219,219, 31
1263,219,219, 31
1264,219,219, 31
1265,219,219, 31
1266,219,219, 31
1267,219,219, 31
1268,219,219, 31
1269,219,219, 31
1270,219,219, 31
1271,219,219, 31
1272,219,219, 31
1273,219,219, 31
1274,219,219, 31
1275,219,219, 31
1276,219,219, 31
1277,219,219, 31
1278,219,219, 31
1279,219,219, 31
1280,219,219, 31
1281,219,219, 31
1282,219,219, 31
1283,219,219, 31
1284,219,219, 31
1285,219,219, 31
1286,219,219, 31
1287,219,219, 31
1288,219,219, 31
1289,219,219, 31
1290,219,219, 31
1291,219,219, 31
1292,219,219, 31
1293,219,219, 31
1294,219,219, 31
1295,219,219, 31
1296,219,219, 31
1297,219,219, 31
1298,219,219, 31
1299,219,219, 31
1300,219,219, 31
1301,219,219, 31
1302,219,219, 31
1303,219,219, 31
1304,219,219, 31
1305,219,219, 31
1306,219,219, 31
1307,219,219, 31
1308,219,219, 31
1309,219,219, 31
1310,219,219, 31
1311,219,219, 31
1312,219,219, 31
1313,219,219, 31
1314,219,219, 31
1315,219,219, 31
1316,219,219, 31
1317,219,219, 31
1318,219,219, 31
1319,219,219, 31
1320,219,219, 31
1321,219,219, 31
1322,219,219, 31
1323,219,219, 31
1324,219,219, 31
1325,219,219, 31
1326,219,219, 31
1327,219,219, 31
1328,219,219, 31
1329,219,219, 31
1330,219,219, 31
1331,219,219, 31
1332,219,219, 31
1333,219,219, 31
1334,219,219, 31
1335,219,219, 31
1336,219,219, 31
1337,219,219, 31
1338,219,219, 31
1339,219,219, 31
1340,219,219, 31
1341,219,219, 31
1342,219,219, 31
1343,219,219, 31
1344,219,219, 31
1345,219,219, 31
1346,219,219, 31
1347,219,219, 31
1348,219,219, 31
1349,219,219, 31
1350,219,219, 31
1351,219,219, 31
1352,219,219, 31
1353,219,219, 31
1354,219,219, 31
1355,219,219, 31
1356,219,219, 31
1357,219,219, 31
1358,219,219, 31
1359,219,219, 31
1360,219,219, 31
1361,219,219, 31
1362,219,219, 31
1363,219,219, 31
1364,219,219, 31
1365,219,219, 31
1366,219,219, 31
1367,219,219, 31
1368,219,219, 31
1369,219,219, 31
1370,219,219, 31
1371,219,219, 31
1372,219,219, 31
1373,219,219, 31
1374,219,219, 31
1375,219,219, 31
1376,219,219, 31
1377,219,219, 31
1378,219,219, 31
1379,219,219, 31
1380,219,219, 31
1381,219,219, 31
1382,219,219, 31
1383,219,219, 31
1384,219,219, 31
1385,219,219, 31
1386,219,219, 31
1387,219,219, 31
1388,219,219, 31
1389,219,219, 31
1390,219,219, 31
1391,219,219, 31
1392,219,219, 31
1393,219,219, 31
1394,219,219, 31
1395,219,219, 31
1396,219,219, 31
1397,219,219, 31
1398,219,219, 31
1399,219,219, 31
1400,219,219, 31
1401,219,219, 31
1402,219,219, 31
1403,219,219, 31
1404,219,219, 31
1405,219,219, 31
1406,219,219, 31
1407,219,219, 31
1408,219,219, 31
1409,219,219, 31
1410,219,219, 31
1411,219,219, 31
1412,219,219, 31
1413,219,219, 31
1414,219,219, 31
1415,219,219, 31
1416,219,219, 31
1417,219,219, 31
1418,219,219, 31
1419,219,219, 31
1420,219,219, 31
1421,219,219, 31
1422,219,219, 31
1423,219,219, 31
1424,219,219, 31
1425,219,219, 31
1426,219,219, 31
1427,219,219, 31
1428,219,219, 31
1429,219,219, 31
1430,219,219, 31
1431,219,219, 31
1432,219,219, 31
1433,219,219, 31
1434,219,219, 31
1435,219,219, 31
1436,219,219, 31
1437,219,219, 31
1438,219,219, 31
1439,219,219, 31
1440,219,219, 31
1441,219,219, 31
1442,219,219, 31
1443,219,219, 31
1444,219,219, 31
1445,219,219, 31
1446,219,219, 31
1447,219,219, 31
1448,219,219, 31
1449,219,219, 31
1450,219,219, 31
1451,219,219, 31
1452,219,219, 31
1453,219,219, 31
1454,219,219, 31
1455,219,219, 31
1456,219,219, 31
1457,219,219, 31
1458,219,219, 31
1459,219,219, 31
1460,219,219, 31
1461,219,219, 31
1462,219,219, 31
1463,219,219, 31
1464,219,219, 31
1465,219,219, 31
1466,219,219, 31
1467,219,219, 31
1468,219,219, 31
1469,219,219, 31
1470,219,219, 31
1471,219,219, 31
1472,219,219, 31
1473,219,219, 31
1474,219,219, 31
1475,219,219, 31
1476,219,219, 31
1477,219,219, 31
1478,219,219, 31
1479,219,219, 31
1480,219,219, 31
1481,219,219, 31
1482,219,219, 31
1483,219,219, 31
1484,219,219, 31
1485,219,219, 31
1486,219,219, 31
1487,219,219, 31
1488,219,219, 31
1489,219,219, 31
1490,219,219, 31
1491,219,219, 31
1492,219,219, 31
1493,219,219, 31
1494,219,219, 31
1495,219,219, 31
1496,219,219, 31
1497,219,219, 31
1498,219,219, 31
1499,219,219, 31
