0,250,250, 0
1,250,250, 0
2,250,250, 0
3,250,250, 0
4,250,250, 0
5,250,250, 0
6,250,250, 0
7,250,250, 0
8,250,250, 0
9,250,250, 0
10,250,250, 0
11,250,250, 0
12,250,250, 0
13,250,250, 0
14,250,250, 0
15,250,250, 0
16,250,250, 0
17,250,250, 0
18,250,250, 0
19,250,250, 0
20,250,250, 0
21,250,250, 0
22,250,250, 0
23,249,249, 1
24,249,249, 1
25,249,249, 1
26,249,249, 1
27,249,249, 1
28,249,249, 1
29,249,249, 1
30,249,249, 1
31,249,249, 1
32,249,249, 1
33,249,249, 1
34,249,249, 1
35,249,249, 1
36,249,249, 1
37,249,249, 1
38,249,249, 1
39,249,249, 1
40,249,249, 1
41,249,249, 1
42,249,249, 1
43,249,249, 1
44,249,249, 1
45,249,249, 1
46,249,249, 1
47,249,249, 1
48,249,249, 1
49,249,249, 1
50,249,249, 1
51,249,249, 1
52,249,249, 1
53,249,249, 1
54,249,249, 1
55,249,249, 1
56,249,249, 1
57,249,249, 1
58,249,249, 1
59,249,249, 1
60,249,249, 1
61,249,249, 1
62,249,249, 1
63,249,249, 1
64,249,249, 1
65,249,249, 1
66,249,249, 1
67,249,249, 1
68,249,249, 1
69,248,248, 2
70,248,248, 2
71,247,247, 3
72,247,247, 3
73,247,247, 3
74,247,247, 3
75,247,247, 3
76,247,247, 3
77,247,247, 3
78,247,247, 3
79,247,247, 3
80,247,247, 3
81,247,247, 3
82,247,247, 3
83,247,247, 3
84,247,247, 3
85,246,246, 4
86,246,246, 4
87,246,246, 4
88,246,246, 4
89,246,246, 4
90,246,246, 4
91,246,246, 4
92,246,246, 4
93,245,245, 5
94,245,245, 5
95,245,245, 5
96,245,245, 5
97,245,245, 5
98,245,245, 5
99,245,245, 5
100,245,245, 5
101,245,245, 5
102,245,245, 5
103,245,245, 5
104,245,245, 5
105,245,245, 5
106,245,245, 5
107,245,245, 5
108,245,245, 5
109,245,245, 5
110,243,243, 7
111,243,243, 7
112,243,243, 7
113,243,243, 7
114,243,243, 7
115,243,243, 7
116,243,243, 7
117,243,243, 7
118,243,243, 7
119,243,243, 7
120,243,243, 7
121,243,243, 7
122,243,243, 7
123,243,243, 7
124,243,243, 7
125,243,243, 7
126,243,243, 7
127,243,243, 7
128,243,243, 7
129,243,243, 7
130,243,243, 7
131,243,243, 7
132,243,243, 7
133,243,243, 7
134,243,243, 7
135,243,243, 7
136,243,243, 7
137,243,243, 7
138,243,243, 7
139,243,243, 7
140,243,243, 7
141,243,243, 7
142,243,243, 7
143,243,243, 7
144,243,243, 7
145,243,243, 7
146,243,243, 7
147,243,243, 7
148,243,243, 7
149,243,243, 7
150,243,243, 7
151,243,243, 7
152,243,243, 7
153,243,243, 7
154,243,243, 7
155,243,243, 7
156,243,243, 7
157,243,243, 7
158,243,243, 7
159,243,243, 7
160,243,243, 7
161,243,243, 7
162,243,243, 7
163,243,243, 7
164,243,243, 7
165,243,243, 7
166,243,243, 7
167,243,243, 7
168,243,243, 7
169,243,243, 7
170,243,243, 7
171,242,242, 8
172,242,242, 8
173,242,242, 8
174,242,242, 8
175,242,242, 8
176,242,242, 8
177,242,242, 8
178,242,242, 8
179,242,242, 8
180,242,242, 8
181,242,242, 8
182,242,242, 8
183,242,242, 8
184,242,242, 8
185,242,242, 8
186,240,240, 10
187,240,240, 10
188,240,240, 10
189,240,240, 10
190,240,240, 10
191,240,240, 10
192,240,240, 10
193,240,240, 10
194,240,240, 10
195,240,240, 10
196,240,240, 10
197,240,240, 10
198,240,240, 10
199,240,240, 10
200,240,240, 10
201,240,240, 10
202,240,240, 10
203,240,240, 10
204,240,240, 10
205,239,239, 11
206,239,239, 11
207,239,239, 11
208,239,239, 11
209,239,239, 11
210,239,239, 11
211,239,239, 11
212,239,239, 11
213,239,239, 11
214,239,239, 11
215,239,239, 11
216,239,239, 11
217,239,239, 11
218,239,239, 11
219,239,239, 11
220,239,239, 11
221,239,239, 11
222,239,239, 11
223,239,239, 11
224,239,239, 11
225,239,239, 11
226,239,239, 11
227,239,239, 11
228,239,239, 11
229,239,239, 11
230,239,239, 11
231,239,239, 11
232,239,239, 11
233,239,239, 11
234,239,239, 11
235,239,239, 11
236,239,239, 11
237,239,239, 11
238,239,239, 11
239,239,239, 11
240,239,239, 11
241,239,239, 11
242,239,239, 11
243,239,239, 11
244,239,239, 11
245,239,239, 11
246,239,239, 11
247,239,239, 11
248,239,239, 11
249,239,239, 11
250,239,239, 11
251,239,239, 11
252,239,239, 11
253,238,238, 12
254,238,238, 12
255,238,238, 12
256,238,238, 12
257,238,238, 12
258,238,238, 12
259,238,238, 12
260,238,238, 12
261,238,238, 12
262,238,238, 12
263,238,238, 12
264,238,238, 12
265,238,238, 12
266,238,238, 12
267,238,238, 12
268,238,238, 12
269,238,238, 12
270,238,238, 12
271,238,238, 12
272,238,238, 12
273,238,238, 12
274,238,238, 12
275,238,238, 12
276,238,238, 12
277,238,238, 12
278,238,238, 12
279,238,238, 12
280,238,238, 12
281,238,238, 12
282,238,238, 12
283,238,238, 12
284,238,238, 12
285,238,238, 12
286,238,238, 12
287,238,238, 12
288,237,237, 13
289,237,237, 13
290,237,237, 13
291,237,237, 13
292,237,237, 13
293,237,237, 13
294,237,237, 13
295,237,237, 13
296,237,237, 13
297,237,237, 13
298,237,237, 13
299,237,237, 13
300,237,237, 13
301,237,237, 13
302,237,237, 13
303,236,236, 14
304,236,236, 14
305,236,236, 14
306,236,236, 14
307,236,236, 14
308,236,236, 14
309,236,236, 14
310,236,236, 14
311,236,236, 14
312,236,236, 14
313,236,236, 14
314,236,236, 14
315,236,236, 14
316,236,236, 14
317,236,236, 14
318,236,236, 14
319,236,236, 14
320,236,236, 14
321,236,236, 14
322,236,236, 14
323,236,236, 14
324,236,236, 14
325,236,236, 14
326,236,236, 14
327,236,236, 14
328,236,236, 14
329,236,236, 14
330,236,236, 14
331,236,236, 14
332,235,235, 15
333,235,235, 15
334,235,235, 15
335,235,235, 15
336,235,235, 15
337,235,235, 15
338,235,235, 15
339,235,235, 15
340,235,235, 15
341,235,235, 15
342,235,235, 15
343,235,235, 15
344,235,235, 15
345,235,235, 15
346,235,235, 15
347,235,235, 15
348,235,235, 15
349,235,235, 15
350,235,235, 15
351,235,235, 15
352,235,235, 15
353,234,234, 16
354,234,234, 16
355,234,234, 16
356,234,234, 16
357,234,234, 16
358,234,234, 16
359,234,234, 16
360,234,234, 16
361,234,234, 16
362,234,234, 16
363,234,234, 16
364,234,234, 16
365,234,234, 16
366,234,234, 16
367,234,234, 16
368,234,234, 16
369,234,234, 16
370,234,234, 16
371,234,234, 16
372,234,234, 16
373,234,234, 16
374,234,234, 16
375,234,234, 16
376,234,234, 16
377,234,234, 16
378,234,234, 16
379,234,234, 16
380,234,234, 16
381,234,234, 16
382,234,234, 16
383,234,234, 16
384,234,234, 16
385,234,234, 16
386,234,234, 16
387,234,234, 16
388,234,234, 16
389,234,234, 16
390,234,234, 16
391,234,234, 16
392,234,234, 16
393,234,234, 16
394,234,234, 16
395,234,234, 16
396,234,234, 16
397,234,234, 16
398,234,234, 16
399,234,234, 16
400,234,234, 16
401,234,234, 16
402,234,234, 16
403,234,234, 16
404,234,234, 16
405,234,234, 16
406,234,234, 16
407,234,234, 16
408,234,234, 16
409,234,234, 16
410,234,234, 16
411,234,234, 16
412,234,234, 16
413,234,234, 16
414,234,234, 16
415,234,234, 16
416,234,234, 16
417,234,234, 16
418,234,234, 16
419,234,234, 16
420,234,234, 16
421,234,234, 16
422,234,234, 16
423,234,234, 16
424,234,234, 16
425,234,234, 16
426,234,234, 16
427,234,234, 16
428,234,234, 16
429,234,234, 16
430,234,234, 16
431,234,234, 16
432,234,234, 16
433,234,234, 16
434,234,234, 16
435,234,234, 16
436,234,234, 16
437,234,234, 16
438,234,234, 16
439,234,234, 16
440,234,234, 16
441,234,234, 16
442,234,234, 16
443,234,234, 16
444,234,234, 16
445,234,234, 16
446,234,234, 16
447,234,234, 16
448,234,234, 16
449,234,234, 16
450,234,234, 16
451,234,234, 16
452,234,234, 16
453,234,234, 16
454,234,234, 16
455,234,234, 16
456,234,234, 16
457,234,234, 16
458,234,234, 16
459,234,234, 16
460,234,234, 16
461,234,234, 16
462,234,234, 16
463,234,234, 16
464,233,233, 17
465,233,233, 17
466,233,233, 17
467,233,233, 17
468,233,233, 17
469,233,233, 17
470,233,233, 17
471,233,233, 17
472,233,233, 17
473,233,233, 17
474,233,233, 17
475,233,233, 17
476,233,233, 17
477,232,232, 18
478,232,232, 18
479,232,232, 18
480,232,232, 18
481,232,232, 18
482,232,232, 18
483,232,232, 18
484,232,232, 18
485,232,232, 18
486,232,232, 18
487,232,232, 18
488,232,232, 18
489,232,232, 18
490,232,232, 18
491,232,232, 18
492,232,232, 18
493,232,232, 18
494,232,232, 18
495,232,232, 18
496,232,232, 18
497,232,232, 18
498,232,232, 18
499,232,232, 18
500,232,232, 18
501,232,232, 18
502,232,232, 18
503,232,232, 18
504,232,232, 18
505,232,232, 18
506,232,232, 18
507,232,232, 18
508,232,232, 18
509,232,232, 18
510,232,232, 18
511,232,232, 18
512,232,232, 18
513,232,232, 18
514,232,232, 18
515,232,232, 18
516,232,232, 18
517,232,232, 18
518,232,232, 18
519,232,232, 18
520,232,232, 18
521,232,232, 18
522,232,232, 18
523,232,232, 18
524,232,232, 18
525,232,232, 18
526,232,232, 18
527,232,232, 18
528,232,232, 18
529,232,232, 18
530,232,232, 18
531,232,232, 18
532,232,232, 18
533,232,232, 18
534,232,232, 18
535,231,231, 19
536,231,231, 19
537,231,231, 19
538,230,230, 20
539,230,230, 20
540,230,230, 20
541,230,230, 20
542,229,229, 21
543,229,229, 21
544,229,229, 21
545,229,229, 21
546,229,229, 21
547,229,229, 21
548,229,229, 21
549,229,229, 21
550,228,228, 22
551,228,228, 22
552,228,228, 22
553,228,228, 22
554,228,228, 22
555,228,228, 22
556,228,228, 22
557,228,228, 22
558,228,228, 22
559,228,228, 22
560,228,228, 22
561,228,228, 22
562,228,228, 22
563,228,228, 22
564,228,228, 22
565,227,227, 23
566,227,227, 23
567,227,227, 23
568,227,227, 23
569,227,227, 23
570,227,227, 23
571,227,227, 23
572,227,227, 23
573,227,227, 23
574,227,227, 23
575,227,227, 23
576,227,227, 23
577,227,227, 23
578,227,227, 23
579,227,227, 23
580,227,227, 23
581,227,227, 23
582,227,227, 23
583,227,227, 23
584,227,227, 23
585,227,227, 23
586,227,227, 23
587,227,227, 23
588,227,227, 23
589,227,227, 23
590,227,227, 23
591,227,227, 23
592,227,227, 23
593,227,227, 23
594,227,227, 23
595,227,227, 23
596,227,227, 23
597,227,227, 23
598,227,227, 23
599,227,227, 23
600,226,226, 24
601,226,226, 24
602,226,226, 24
603,226,226, 24
604,226,226, 24
605,226,226, 24
606,226,226, 24
607,226,226, 24
608,226,226, 24
609,226,226, 24
610,226,226, 24
611,226,226, 24
612,226,226, 24
613,226,226, 24
614,226,226, 24
615,226,226, 24
616,226,226, 24
617,226,226, 24
618,226,226, 24
619,226,226, 24
620,226,226, 24
621,226,226, 24
622,226,226, 24
623,226,226, 24
624,226,226, 24
625,226,226, 24
626,226,226, 24
627,226,226, 24
628,226,226, 24
629,226,226, 24
630,226,226, 24
631,226,226, 24
632,226,226, 24
633,226,226, 24
634,226,226, 24
635,226,226, 24
636,226,226, 24
637,226,226, 24
638,226,226, 24
639,226,226, 24
640,226,226, 24
641,226,226, 24
642,226,226, 24
643,226,226, 24
644,226,226, 24
645,226,226, 24
646,226,226, 24
647,226,226, 24
648,226,226, 24
649,226,226, 24
650,226,226, 24
651,226,226, 24
652,226,226, 24
653,226,226, 24
654,226,226, 24
655,226,226, 24
656,226,226, 24
657,226,226, 24
658,226,226, 24
659,226,226, 24
660,226,226, 24
661,226,226, 24
662,226,226, 24
663,226,226, 24
664,226,226, 24
665,226,226, 24
666,226,226, 24
667,226,226, 24
668,226,226, 24
669,226,226, 24
670,225,225, 25
671,224,224, 26
672,224,224, 26
673,224,224, 26
674,224,224, 26
675,224,224, 26
676,224,224, 26
677,224,224, 26
678,224,224, 26
679,224,224, 26
680,224,224, 26
681,224,224, 26
682,224,224, 26
683,224,224, 26
684,224,224, 26
685,224,224, 26
686,224,224, 26
687,224,224, 26
688,224,224, 26
689,223,223, 27
690,223,223, 27
691,223,223, 27
692,223,223, 27
693,223,223, 27
694,223,223, 27
695,223,223, 27
696,223,223, 27
697,223,223, 27
698,223,223, 27
699,223,223, 27
700,223,223, 27
701,223,223, 27
702,223,223, 27
703,223,223, 27
704,223,223, 27
705,223,223, 27
706,223,223, 27
707,223,223, 27
708,223,223, 27
709,223,223, 27
710,223,223, 27
711,223,223, 27
712,223,223, 27
713,223,223, 27
714,223,223, 27
715,223,223, 27
716,223,223, 27
717,223,223, 27
718,223,223, 27
719,223,223, 27
720,223,223, 27
721,223,223, 27
722,223,223, 27
723,223,223, 27
724,223,223, 27
725,223,223, 27
726,223,223, 27
727,223,223, 27
728,223,223, 27
729,223,223, 27
730,223,223, 27
731,223,223, 27
732,223,223, 27
733,223,223, 27
734,223,223, 27
735,223,223, 27
736,223,223, 27
737,223,223, 27
738,223,223, 27
739,223,223, 27
740,223,223, 27
741,223,223, 27
742,223,223, 27
743,223,223, 27
744,223,223, 27
745,223,223, 27
746,223,223, 27
747,223,223, 27
748,223,223, 27
749,223,223, 27
750,223,223, 27
751,223,223, 27
752,223,223, 27
753,223,223, 27
754,223,223, 27
755,223,223, 27
756,223,223, 27
757,223,223, 27
758,222,222, 28
759,222,222, 28
760,222,222, 28
761,222,222, 28
762,222,222, 28
763,222,222, 28
764,222,222, 28
765,222,222, 28
766,222,222, 28
767,222,222, 28
768,222,222, 28
769,222,222, 28
770,222,222, 28
771,222,222, 28
772,222,222, 28
773,222,222, 28
774,222,222, 28
775,222,222, 28
776,222,222, 28
777,222,222, 28
778,222,222, 28
779,222,222, 28
780,222,222, 28
781,222,222, 28
782,222,222, 28
783,222,222, 28
784,222,222, 28
785,222,222, 28
786,222,222, 28
787,222,222, 28
788,222,222, 28
789,222,222, 28
790,222,222, 28
791,222,222, 28
792,222,222, 28
793,222,222, 28
794,222,222, 28
795,222,222, 28
796,222,222, 28
797,222,222, 28
798,222,222, 28
799,222,222, 28
800,222,222, 28
801,222,222, 28
802,222,222, 28
803,222,222, 28
804,222,222, 28
805,222,222, 28
806,222,222, 28
807,222,222, 28
808,222,222, 28
809,222,222, 28
810,222,222, 28
811,222,222, 28
812,222,222, 28
813,222,222, 28
814,222,222, 28
815,222,222, 28
816,222,222, 28
817,222,222, 28
818,222,222, 28
819,222,222, 28
820,222,222, 28
821,222,222, 28
822,222,222, 28
823,222,222, 28
824,222,222, 28
825,222,222, 28
826,222,222, 28
827,222,222, 28
828,222,222, 28
829,222,222, 28
830,222,222, 28
831,222,222, 28
832,222,222, 28
833,222,222, 28
834,222,222, 28
835,222,222, 28
836,222,222, 28
837,222,222, 28
838,222,222, 28
839,222,222, 28
840,222,222, 28
841,222,222, 28
842,222,222, 28
843,222,222, 28
844,222,222, 28
845,222,222, 28
846,222,222, 28
847,222,222, 28
848,222,222, 28
849,222,222, 28
850,222,222, 28
851,222,222, 28
852,222,222, 28
853,222,222, 28
854,222,222, 28
855,222,222, 28
856,222,222, 28
857,222,222, 28
858,222,222, 28
859,222,222, 28
860,222,222, 28
861,222,222, 28
862,222,222, 28
863,222,222, 28
864,222,222, 28
865,222,222, 28
866,222,222, 28
867,222,222, 28
868,222,222, 28
869,222,222, 28
870,222,222, 28
871,222,222, 28
872,222,222, 28
873,222,222, 28
874,222,222, 28
875,222,222, 28
876,222,222, 28
877,222,222, 28
878,222,222, 28
879,222,222, 28
880,222,222, 28
881,222,222, 28
882,222,222, 28
883,222,222, 28
884,222,222, 28
885,222,222, 28
886,222,222, 28
887,222,222, 28
888,222,222, 28
889,222,222, 28
890,222,222, 28
891,222,222, 28
892,222,222, 28
893,222,222, 28
894,222,222, 28
895,222,222, 28
896,222,222, 28
897,222,222, 28
898,222,222, 28
899,222,222, 28
900,222,222, 28
901,222,222, 28
902,222,222, 28
903,222,222, 28
904,222,222, 28
905,222,222, 28
906,222,222, 28
907,222,222, 28
908,222,222, 28
909,222,222, 28
910,222,222, 28
911,222,222, 28
912,222,222, 28
913,222,222, 28
914,222,222, 28
915,222,222, 28
916,222,222, 28
917,222,222, 28
918,222,222, 28
919,222,222, 28
920,222,222, 28
921,222,222, 28
922,222,222, 28
923,222,222, 28
924,222,222, 28
925,222,222, 28
926,222,222, 28
927,222,222, 28
928,222,222, 28
929,222,222, 28
930,222,222, 28
931,222,222, 28
932,222,222, 28
933,222,222, 28
934,222,222, 28
935,222,222, 28
936,222,222, 28
937,222,222, 28
938,222,222, 28
939,222,222, 28
940,222,222, 28
941,222,222, 28
942,222,222, 28
943,222,222, 28
944,222,222, 28
945,222,222, 28
946,222,222, 28
947,222,222, 28
948,222,222, 28
949,222,222, 28
950,222,222, 28
951,222,222, 28
952,222,222, 28
953,222,222, 28
954,222,222, 28
955,222,222, 28
956,222,222, 28
957,222,222, 28
958,222,222, 28
959,222,222, 28
960,222,222, 28
961,222,222, 28
962,222,222, 28
963,222,222, 28
964,222,222, 28
965,222,222, 28
966,222,222, 28
967,222,222, 28
968,222,222, 28
969,222,222, 28
970,222,222, 28
971,222,222, 28
972,222,222, 28
973,222,222, 28
974,222,222, 28
975,222,222, 28
976,222,222, 28
977,222,222, 28
978,222,222, 28
979,222,222, 28
980,222,222, 28
981,222,222, 28
982,222,222, 28
983,222,222, 28
984,222,222, 28
985,222,222, 28
986,222,222, 28
987,222,222, 28
988,222,222, 28
989,222,222, 28
990,222,222, 28
991,222,222, 28
992,222,222, 28
993,222,222, 28
994,222,222, 28
995,222,222, 28
996,222,222, 28
997,222,222, 28
998,222,222, 28
999,222,222, 28
1000,222,222, 28
1001,222,222, 28
1002,222,222, 28
1003,222,222, 28
1004,222,222, 28
1005,222,222, 28
1006,222,222, 28
1007,222,222, 28
1008,222,222, 28
1009,222,222, 28
1010,222,222, 28
1011,222,222, 28
1012,222,222, 28
1013,222,222, 28
1014,222,222, 28
1015,222,222, 28
1016,222,222, 28
1017,222,222, 28
1018,222,222, 28
1019,222,222, 28
1020,222,222, 28
1021,222,222, 28
1022,222,222, 28
1023,222,222, 28
1024,222,222, 28
1025,222,222, 28
1026,222,222, 28
1027,222,222, 28
1028,222,222, 28
1029,222,222, 28
1030,222,222, 28
1031,222,222, 28
1032,221,221, 29
1033,221,221, 29
1034,221,221, 29
1035,221,221, 29
1036,221,221, 29
1037,221,221, 29
1038,221,221, 29
1039,221,221, 29
1040,221,221, 29
1041,221,221, 29
1042,221,221, 29
1043,221,221, 29
1044,221,221, 29
1045,221,221, 29
1046,221,221, 29
1047,221,221, 29
1048,221,221, 29
1049,221,221, 29
1050,221,221, 29
1051,221,221, 29
1052,221,221, 29
1053,221,221, 29
1054,221,221, 29
1055,221,221, 29
1056,221,221, 29
1057,221,221, 29
1058,221,221, 29
1059,221,221, 29
1060,221,221, 29
1061,221,221, 29
1062,221,221, 29
1063,221,221, 29
1064,221,221, 29
1065,221,221, 29
1066,221,221, 29
1067,221,221, 29
1068,221,221, 29
1069,221,221, 29
1070,221,221, 29
1071,221,221, 29
1072,221,221, 29
1073,221,221, 29
1074,220,220, 30
1075,220,220, 30
1076,219,219, 31
1077,219,219, 31
1078,219,219, 31
1079,219,219, 31
1080,219,219, 31
1081,219,219, 31
1082,219,219, 31
1083,219,219, 31
1084,219,219, 31
1085,219,219, 31
1086,219,219, 31
1087,219,219, 31
1088,219,219, 31
1089,219,219, 31
1090,219,219, 31
1091,219,219, 31
1092,219,219, 31
1093,219,219, 31
1094,219,219, 31
1095,219,219, 31
1096,219,219, 31
1097,219,219, 31
1098,219,219, 31
1099,219,219, 31
1100,219,219, 31
1101,219,219, 31
1102,219,219, 31
1103,219,219, 31
1104,219,219, 31
1105,219,219, 31
1106,219,219, 31
1107,219,219, 31
1108,219,219, 31
1109,219,219, 31
1110,219,219, 31
1111,219,219, 31
1112,219,219, 31
1113,219,219, 31
1114,219,219, 31
1115,219,219, 31
1116,219,219, 31
1117,219,219, 31
1118,219,219, 31
1119,219,219, 31
1120,219,219, 31
1121,219,219, 31
1122,219,219, 31
1123,219,219, 31
1124,219,219, 31
1125,219,219, 31
1126,219,219, 31
1127,219,219, 31
1128,219,219, 31
1129,219,219, 31
1130,219,219, 31
1131,219,219, 31
1132,219,219, 31
1133,219,219, 31
1134,219,219, 31
1135,219,219, 31
1136,219,219, 31
1137,219,219, 31
1138,219,219, 31
1139,219,219, 31
1140,219,219, 31
1141,219,219, 31
1142,219,219, 31
1143,219,219, 31
1144,219,219, 31
1145,219,219, 31
1146,218,218, 32
1147,218,218, 32
1148,218,218, 32
1149,218,218, 32
1150,218,218, 32
1151,218,218, 32
1152,218,218, 32
1153,218,218, 32
1154,218,218, 32
1155,218,218, 32
1156,218,218, 32
1157,218,218, 32
1158,218,218, 32
1159,218,218, 32
1160,218,218, 32
1161,218,218, 32
1162,218,218, 32
1163,218,218, 32
1164,218,218, 32
1165,218,218, 32
1166,218,218, 32
1167,218,218, 32
1168,218,218, 32
1169,218,218, 32
1170,218,218, 32
1171,218,218, 32
1172,218,218, 32
1173,217,217, 33
1174,217,217, 33
1175,217,217, 33
1176,217,217, 33
1177,217,217, 33
1178,217,217, 33
1179,217,217, 33
1180,217,217, 33
1181,217,217, 33
1182,217,217, 33
1183,217,217, 33
1184,217,217, 33
1185,217,217, 33
1186,217,217, 33
1187,217,217, 33
1188,217,217, 33
1189,217,217, 33
1190,217,217, 33
1191,217,217, 33
1192,217,217, 33
1193,217,217, 33
1194,217,217, 33
1195,217,217, 33
1196,217,217, 33
1197,217,217, 33
1198,217,217, 33
1199,217,217, 33
1200,217,217, 33
1201,217,217, 33
1202,217,217, 33
1203,217,217, 33
1204,217,217, 33
1205,217,217, 33
1206,217,217, 33
1207,217,217, 33
1208,217,217, 33
1209,217,217, 33
1210,217,217, 33
1211,217,217, 33
1212,216,216, 34
1213,216,216, 34
1214,216,216, 34
1215,216,216, 34
1216,216,216, 34
1217,216,216, 34
1218,216,216, 34
1219,216,216, 34
1220,216,216, 34
1221,216,216, 34
1222,216,216, 34
1223,216,216, 34
1224,216,216, 34
1225,216,216, 34
1226,216,216, 34
1227,216,216, 34
1228,216,216, 34
1229,216,216, 34
1230,216,216, 34
1231,216,216, 34
1232,216,216, 34
1233,215,215, 35
1234,215,215, 35
1235,215,215, 35
1236,215,215, 35
1237,215,215, 35
1238,215,215, 35
1239,215,215, 35
1240,215,215, 35
1241,215,215, 35
1242,215,215, 35
1243,215,215, 35
1244,215,215, 35
1245,215,215, 35
1246,215,215, 35
1247,215,215, 35
1248,215,215, 35
1249,215,215, 35
1250,215,215, 35
1251,214,214, 36
1252,214,214, 36
1253,214,214, 36
1254,214,214, 36
1255,213,213, 37
1256,213,213, 37
1257,213,213, 37
1258,213,213, 37
1259,213,213, 37
1260,213,213, 37
1261,213,213, 37
1262,213,213, 37
1263,213,213, 37
1264,213,213, 37
1265,213,213, 37
1266,213,213, 37
1267,213,213, 37
1268,213,213, 37
1269,213,213, 37
1270,213,213, 37
1271,213,213, 37
1272,213,213, 37
1273,213,213, 37
1274,213,213, 37
1275,213,213, 37
1276,213,213, 37
1277,213,213, 37
1278,213,213, 37
1279,213,213, 37
1280,213,213, 37
1281,213,213, 37
1282,213,213, 37
1283,213,213, 37
1284,213,213, 37
1285,213,213, 37
1286,213,213, 37
1287,213,213, 37
1288,213,213, 37
1289,213,213, 37
1290,213,213, 37
1291,213,213, 37
1292,213,213, 37
1293,213,213, 37
1294,213,213, 37
1295,213,213, 37
1296,213,213, 37
1297,213,213, 37
1298,213,213, 37
1299,213,213, 37
1300,213,213, 37
1301,213,213, 37
1302,213,213, 37
1303,213,213, 37
1304,213,213, 37
1305,213,213, 37
1306,213,213, 37
1307,213,213, 37
1308,213,213, 37
1309,213,213, 37
1310,213,213, 37
1311,213,213, 37
1312,213,213, 37
1313,213,213, 37
1314,213,213, 37
1315,213,213, 37
1316,213,213, 37
1317,213,213, 37
1318,213,213, 37
1319,212,212, 38
1320,212,212, 38
1321,212,212, 38
1322,212,212, 38
1323,212,212, 38
1324,212,212, 38
1325,212,212, 38
1326,212,212, 38
1327,212,212, 38
1328,212,212, 38
1329,212,212, 38
1330,212,212, 38
1331,212,212, 38
1332,212,212, 38
1333,212,212, 38
1334,212,212, 38
1335,212,212, 38
1336,212,212, 38
1337,212,212, 38
1338,212,212, 38
1339,212,212, 38
1340,212,212, 38
1341,212,212, 38
1342,212,212, 38
1343,212,212, 38
1344,212,212, 38
1345,212,212, 38
1346,212,212, 38
1347,212,212, 38
1348,212,212, 38
1349,212,212, 38
1350,212,212, 38
1351,212,212, 38
1352,212,212, 38
1353,212,212, 38
1354,212,212, 38
1355,212,212, 38
1356,212,212, 38
1357,212,212, 38
1358,212,212, 38
1359,212,212, 38
1360,212,212, 38
1361,212,212, 38
1362,212,212, 38
1363,212,212, 38
1364,212,212, 38
1365,212,212, 38
1366,212,212, 38
1367,212,212, 38
1368,212,212, 38
1369,212,212, 38
1370,212,212, 38
1371,212,212, 38
1372,212,212, 38
1373,212,212, 38
1374,212,212, 38
1375,212,212, 38
1376,212,212, 38
1377,212,212, 38
1378,212,212, 38
1379,212,212, 38
1380,212,212, 38
1381,212,212, 38
1382,212,212, 38
1383,212,212, 38
1384,212,212, 38
1385,212,212, 38
1386,212,212, 38
1387,212,212, 38
1388,212,212, 38
1389,212,212, 38
1390,212,212, 38
1391,212,212, 38
1392,212,212, 38
1393,212,212, 38
1394,212,212, 38
1395,212,212, 38
1396,212,212, 38
1397,212,212, 38
1398,212,212, 38
1399,212,212, 38
1400,212,212, 38
1401,212,212, 38
1402,212,212, 38
1403,212,212, 38
1404,212,212, 38
1405,212,212, 38
1406,212,212, 38
1407,212,212, 38
1408,212,212, 38
1409,212,212, 38
1410,212,212, 38
1411,212,212, 38
1412,212,212, 38
1413,212,212, 38
1414,212,212, 38
1415,212,212, 38
1416,212,212, 38
1417,212,212, 38
1418,212,212, 38
1419,212,212, 38
1420,212,212, 38
1421,212,212, 38
1422,212,212, 38
1423,212,212, 38
1424,212,212, 38
1425,212,212, 38
1426,212,212, 38
1427,212,212, 38
1428,212,212, 38
1429,212,212, 38
1430,212,212, 38
1431,212,212, 38
1432,212,212, 38
1433,212,212, 38
1434,212,212, 38
1435,212,212, 38
1436,212,212, 38
1437,212,212, 38
1438,212,212, 38
1439,212,212, 38
1440,212,212, 38
1441,212,212, 38
1442,212,212, 38
1443,212,212, 38
1444,212,212, 38
1445,212,212, 38
1446,212,212, 38
1447,212,212, 38
1448,212,212, 38
1449,212,212, 38
1450,212,212, 38
1451,212,212, 38
1452,212,212, 38
1453,212,212, 38
1454,212,212, 38
1455,212,212, 38
1456,212,212, 38
1457,212,212, 38
1458,212,212, 38
1459,212,212, 38
1460,212,212, 38
1461,212,212, 38
1462,212,212, 38
1463,212,212, 38
1464,212,212, 38
1465,212,212, 38
1466,212,212, 38
1467,212,212, 38
1468,212,212, 38
1469,212,212, 38
1470,212,212, 38
1471,212,212, 38
1472,212,212, 38
1473,212,212, 38
1474,212,212, 38
1475,212,212, 38
1476,212,212, 38
1477,212,212, 38
1478,212,212, 38
1479,212,212, 38
1480,212,212, 38
1481,212,212, 38
1482,212,212, 38
1483,212,212, 38
1484,212,212, 38
1485,212,212, 38
1486,212,212, 38
1487,212,212, 38
1488,212,212, 38
1489,212,212, 38
1490,212,212, 38
1491,212,212, 38
1492,212,212, 38
1493,212,212, 38
1494,212,212, 38
1495,212,212, 38
1496,212,212, 38
1497,212,212, 38
1498,212,212, 38
1499,212,212, 38
