0,248,248, 2
1,248,248, 2
2,248,248, 2
3,248,248, 2
4,248,248, 2
5,248,248, 2
6,248,248, 2
7,248,248, 2
8,248,248, 2
9,248,248, 2
10,248,248, 2
11,248,248, 2
12,248,248, 2
13,248,248, 2
14,248,248, 2
15,248,248, 2
16,247,247, 3
17,246,246, 4
18,246,246, 4
19,246,246, 4
20,246,246, 4
21,246,246, 4
22,246,246, 4
23,246,246, 4
24,246,246, 4
25,246,246, 4
26,246,246, 4
27,246,246, 4
28,246,246, 4
29,246,246, 4
30,246,246, 4
31,246,246, 4
32,246,246, 4
33,246,246, 4
34,246,246, 4
35,246,246, 4
36,246,246, 4
37,246,246, 4
38,246,246, 4
39,246,246, 4
40,246,246, 4
41,246,246, 4
42,246,246, 4
43,246,246, 4
44,246,246, 4
45,246,246, 4
46,246,246, 4
47,246,246, 4
48,246,246, 4
49,246,246, 4
50,246,246, 4
51,246,246, 4
52,246,246, 4
53,246,246, 4
54,246,246, 4
55,246,246, 4
56,246,246, 4
57,246,246, 4
58,246,246, 4
59,246,246, 4
60,246,246, 4
61,246,246, 4
62,246,246, 4
63,246,246, 4
64,246,246, 4
65,246,246, 4
66,246,246, 4
67,246,246, 4
68,246,246, 4
69,246,246, 4
70,246,246, 4
71,246,246, 4
72,246,246, 4
73,246,246, 4
74,246,246, 4
75,246,246, 4
76,246,246, 4
77,246,246, 4
78,246,246, 4
79,245,245, 5
80,244,244, 6
81,244,244, 6
82,244,244, 6
83,244,244, 6
84,243,243, 7
85,242,242, 8
86,242,242, 8
87,242,242, 8
88,242,242, 8
89,242,242, 8
90,242,242, 8
91,242,242, 8
92,241,241, 9
93,241,241, 9
94,241,241, 9
95,241,241, 9
96,241,241, 9
97,241,241, 9
98,241,241, 9
99,241,241, 9
100,241,241, 9
101,241,241, 9
102,241,241, 9
103,241,241, 9
104,241,241, 9
105,241,241, 9
106,241,241, 9
107,241,241, 9
108,239,239, 11
109,239,239, 11
110,239,239, 11
111,239,239, 11
112,239,239, 11
113,239,239, 11
114,239,239, 11
115,239,239, 11
116,239,239, 11
117,239,239, 11
118,239,239, 11
119,239,239, 11
120,239,239, 11
121,239,239, 11
122,239,239, 11
123,239,239, 11
124,239,239, 11
125,239,239, 11
126,239,239, 11
127,239,239, 11
128,239,239, 11
129,239,239, 11
130,239,239, 11
131,239,239, 11
132,238,238, 12
133,237,237, 13
134,237,237, 13
135,237,237, 13
136,237,237, 13
137,237,237, 13
138,237,237, 13
139,237,237, 13
140,237,237, 13
141,237,237, 13
142,237,237, 13
143,237,237, 13
144,237,237, 13
145,237,237, 13
146,237,237, 13
147,237,237, 13
148,237,237, 13
149,237,237, 13
150,237,237, 13
151,237,237, 13
152,237,237, 13
153,237,237, 13
154,237,237, 13
155,237,237, 13
156,237,237, 13
157,237,237, 13
158,237,237, 13
159,237,237, 13
160,237,237, 13
161,237,237, 13
162,237,237, 13
163,237,237, 13
164,237,237, 13
165,237,237, 13
166,237,237, 13
167,237,237, 13
168,237,237, 13
169,237,237, 13
170,237,237, 13
171,237,237, 13
172,237,237, 13
173,237,237, 13
174,237,237, 13
175,237,237, 13
176,237,237, 13
177,237,237, 13
178,237,237, 13
179,237,237, 13
180,237,237, 13
181,237,237, 13
182,237,237, 13
183,237,237, 13
184,237,237, 13
185,237,237, 13
186,237,237, 13
187,237,237, 13
188,237,237, 13
189,237,237, 13
190,237,237, 13
191,237,237, 13
192,237,237, 13
193,237,237, 13
194,237,237, 13
195,237,237, 13
196,237,237, 13
197,237,237, 13
198,237,237, 13
199,237,237, 13
200,237,237, 13
201,237,237, 13
202,237,237, 13
203,237,237, 13
204,237,237, 13
205,237,237, 13
206,237,237, 13
207,237,237, 13
208,237,237, 13
209,237,237, 13
210,237,237, 13
211,237,237, 13
212,236,236, 14
213,235,235, 15
214,235,235, 15
215,235,235, 15
216,235,235, 15
217,235,235, 15
218,235,235, 15
219,235,235, 15
220,235,235, 15
221,235,235, 15
222,235,235, 15
223,235,235, 15
224,235,235, 15
225,235,235, 15
226,235,235, 15
227,235,235, 15
228,235,235, 15
229,235,235, 15
230,235,235, 15
231,235,235, 15
232,235,235, 15
233,235,235, 15
234,235,235, 15
235,235,235, 15
236,235,235, 15
237,235,235, 15
238,235,235, 15
239,235,235, 15
240,235,235, 15
241,235,235, 15
242,235,235, 15
243,235,235, 15
244,235,235, 15
245,235,235, 15
246,235,235, 15
247,235,235, 15
248,235,235, 15
249,235,235, 15
250,235,235, 15
251,235,235, 15
252,234,234, 16
253,234,234, 16
254,234,234, 16
255,234,234, 16
256,234,234, 16
257,234,234, 16
258,234,234, 16
259,234,234, 16
260,234,234, 16
261,234,234, 16
262,234,234, 16
263,233,233, 17
264,233,233, 17
265,233,233, 17
266,233,233, 17
267,233,233, 17
268,232,232, 18
269,232,232, 18
270,232,232, 18
271,232,232, 18
272,232,232, 18
273,232,232, 18
274,232,232, 18
275,232,232, 18
276,232,232, 18
277,232,232, 18
278,232,232, 18
279,232,232, 18
280,232,232, 18
281,232,232, 18
282,232,232, 18
283,232,232, 18
284,232,232, 18
285,232,232, 18
286,232,232, 18
287,232,232, 18
288,232,232, 18
289,232,232, 18
290,232,232, 18
291,232,232, 18
292,232,232, 18
293,232,232, 18
294,232,232, 18
295,232,232, 18
296,232,232, 18
297,232,232, 18
298,232,232, 18
299,232,232, 18
300,232,232, 18
301,232,232, 18
302,232,232, 18
303,230,230, 20
304,230,230, 20
305,230,230, 20
306,230,230, 20
307,230,230, 20
308,230,230, 20
309,230,230, 20
310,230,230, 20
311,230,230, 20
312,229,229, 21
313,229,229, 21
314,229,229, 21
315,229,229, 21
316,229,229, 21
317,229,229, 21
318,229,229, 21
319,229,229, 21
320,229,229, 21
321,229,229, 21
322,229,229, 21
323,229,229, 21
324,229,229, 21
325,229,229, 21
326,229,229, 21
327,229,229, 21
328,229,229, 21
329,229,229, 21
330,229,229, 21
331,229,229, 21
332,229,229, 21
333,229,229, 21
334,229,229, 21
335,229,229, 21
336,229,229, 21
337,229,229, 21
338,229,229, 21
339,228,228, 22
340,228,228, 22
341,228,228, 22
342,227,227, 23
343,227,227, 23
344,225,225, 25
345,225,225, 25
346,225,225, 25
347,225,225, 25
348,225,225, 25
349,225,225, 25
350,225,225, 25
351,225,225, 25
352,225,225, 25
353,225,225, 25
354,225,225, 25
355,225,225, 25
356,225,225, 25
357,225,225, 25
358,225,225, 25
359,225,225, 25
360,225,225, 25
361,225,225, 25
362,225,225, 25
363,225,225, 25
364,225,225, 25
365,225,225, 25
366,225,225, 25
367,225,225, 25
368,225,225, 25
369,223,223, 27
370,223,223, 27
371,223,223, 27
372,223,223, 27
373,223,223, 27
374,223,223, 27
375,223,223, 27
376,223,223, 27
377,223,223, 27
378,223,223, 27
379,223,223, 27
380,223,223, 27
381,223,223, 27
382,223,223, 27
383,223,223, 27
384,223,223, 27
385,223,223, 27
386,223,223, 27
387,223,223, 27
388,223,223, 27
389,223,223, 27
390,223,223, 27
391,223,223, 27
392,223,223, 27
393,223,223, 27
394,223,223, 27
395,223,223, 27
396,223,223, 27
397,223,223, 27
398,223,223, 27
399,223,223, 27
400,223,223, 27
401,223,223, 27
402,223,223, 27
403,223,223, 27
404,223,223, 27
405,223,223, 27
406,223,223, 27
407,223,223, 27
408,223,223, 27
409,223,223, 27
410,223,223, 27
411,223,223, 27
412,223,223, 27
413,223,223, 27
414,222,222, 28
415,222,222, 28
416,222,222, 28
417,222,222, 28
418,222,222, 28
419,222,222, 28
420,222,222, 28
421,222,222, 28
422,222,222, 28
423,222,222, 28
424,222,222, 28
425,222,222, 28
426,222,222, 28
427,222,222, 28
428,222,222, 28
429,222,222, 28
430,222,222, 28
431,222,222, 28
432,222,222, 28
433,222,222, 28
434,222,222, 28
435,222,222, 28
436,222,222, 28
437,222,222, 28
438,222,222, 28
439,222,222, 28
440,222,222, 28
441,222,222, 28
442,222,222, 28
443,222,222, 28
444,222,222, 28
445,222,222, 28
446,222,222, 28
447,222,222, 28
448,222,222, 28
449,222,222, 28
450,222,222, 28
451,222,222, 28
452,222,222, 28
453,222,222, 28
454,222,222, 28
455,222,222, 28
456,222,222, 28
457,222,222, 28
458,222,222, 28
459,222,222, 28
460,222,222, 28
461,222,222, 28
462,222,222, 28
463,222,222, 28
464,222,222, 28
465,222,222, 28
466,222,222, 28
467,222,222, 28
468,222,222, 28
469,222,222, 28
470,222,222, 28
471,222,222, 28
472,222,222, 28
473,222,222, 28
474,222,222, 28
475,222,222, 28
476,222,222, 28
477,222,222, 28
478,222,222, 28
479,222,222, 28
480,222,222, 28
481,222,222, 28
482,222,222, 28
483,222,222, 28
484,222,222, 28
485,222,222, 28
486,222,222, 28
487,222,222, 28
488,222,222, 28
489,222,222, 28
490,222,222, 28
491,222,222, 28
492,222,222, 28
493,221,221, 29
494,221,221, 29
495,220,220, 30
496,220,220, 30
497,220,220, 30
498,220,220, 30
499,220,220, 30
500,220,220, 30
501,220,220, 30
502,220,220, 30
503,220,220, 30
504,220,220, 30
505,220,220, 30
506,220,220, 30
507,220,220, 30
508,220,220, 30
509,220,220, 30
510,220,220, 30
511,219,219, 31
512,219,219, 31
513,219,219, 31
514,219,219, 31
515,219,219, 31
516,219,219, 31
517,219,219, 31
518,219,219, 31
519,219,219, 31
520,219,219, 31
521,219,219, 31
522,219,219, 31
523,218,218, 32
524,218,218, 32
525,218,218, 32
526,218,218, 32
527,218,218, 32
528,218,218, 32
529,218,218, 32
530,218,218, 32
531,218,218, 32
532,218,218, 32
533,218,218, 32
534,218,218, 32
535,218,218, 32
536,218,218, 32
537,218,218, 32
538,218,218, 32
539,218,218, 32
540,218,218, 32
541,218,218, 32
542,218,218, 32
543,218,218, 32
544,218,218, 32
545,218,218, 32
546,218,218, 32
547,218,218, 32
548,218,218, 32
549,218,218, 32
550,218,218, 32
551,218,218, 32
552,218,218, 32
553,218,218, 32
554,218,218, 32
555,217,217, 33
556,217,217, 33
557,216,216, 34
558,216,216, 34
559,216,216, 34
560,216,216, 34
561,216,216, 34
562,216,216, 34
563,216,216, 34
564,216,216, 34
565,216,216, 34
566,215,215, 35
567,215,215, 35
568,215,215, 35
569,215,215, 35
570,215,215, 35
571,215,215, 35
572,215,215, 35
573,215,215, 35
574,215,215, 35
575,215,215, 35
576,215,215, 35
577,215,215, 35
578,215,215, 35
579,215,215, 35
580,215,215, 35
581,215,215, 35
582,215,215, 35
583,215,215, 35
584,214,214, 36
585,214,214, 36
586,214,214, 36
587,214,214, 36
588,214,214, 36
589,214,214, 36
590,214,214, 36
591,214,214, 36
592,214,214, 36
593,214,214, 36
594,214,214, 36
595,214,214, 36
596,214,214, 36
597,214,214, 36
598,214,214, 36
599,214,214, 36
600,214,214, 36
601,214,214, 36
602,214,214, 36
603,214,214, 36
604,214,214, 36
605,213,213, 37
606,213,213, 37
607,213,213, 37
608,213,213, 37
609,213,213, 37
610,213,213, 37
611,213,213, 37
612,213,213, 37
613,213,213, 37
614,213,213, 37
615,213,213, 37
616,213,213, 37
617,213,213, 37
618,213,213, 37
619,213,213, 37
620,213,213, 37
621,213,213, 37
622,213,213, 37
623,213,213, 37
624,213,213, 37
625,213,213, 37
626,213,213, 37
627,213,213, 37
628,213,213, 37
629,213,213, 37
630,213,213, 37
631,213,213, 37
632,213,213, 37
633,213,213, 37
634,213,213, 37
635,213,213, 37
636,213,213, 37
637,213,213, 37
638,213,213, 37
639,213,213, 37
640,213,213, 37
641,213,213, 37
642,213,213, 37
643,213,213, 37
644,213,213, 37
645,213,213, 37
646,213,213, 37
647,213,213, 37
648,213,213, 37
649,213,213, 37
650,213,213, 37
651,213,213, 37
652,212,212, 38
653,212,212, 38
654,212,212, 38
655,212,212, 38
656,212,212, 38
657,212,212, 38
658,212,212, 38
659,212,212, 38
660,212,212, 38
661,212,212, 38
662,212,212, 38
663,212,212, 38
664,212,212, 38
665,212,212, 38
666,212,212, 38
667,212,212, 38
668,212,212, 38
669,212,212, 38
670,212,212, 38
671,212,212, 38
672,212,212, 38
673,212,212, 38
674,212,212, 38
675,212,212, 38
676,212,212, 38
677,212,212, 38
678,212,212, 38
679,212,212, 38
680,212,212, 38
681,212,212, 38
682,212,212, 38
683,212,212, 38
684,212,212, 38
685,212,212, 38
686,212,212, 38
687,212,212, 38
688,212,212, 38
689,212,212, 38
690,212,212, 38
691,212,212, 38
692,212,212, 38
693,212,212, 38
694,212,212, 38
695,212,212, 38
696,212,212, 38
697,212,212, 38
698,212,212, 38
699,212,212, 38
700,212,212, 38
701,212,212, 38
702,212,212, 38
703,212,212, 38
704,212,212, 38
705,212,212, 38
706,212,212, 38
707,212,212, 38
708,212,212, 38
709,212,212, 38
710,212,212, 38
711,212,212, 38
712,212,212, 38
713,212,212, 38
714,212,212, 38
715,212,212, 38
716,212,212, 38
717,212,212, 38
718,212,212, 38
719,212,212, 38
720,212,212, 38
721,212,212, 38
722,212,212, 38
723,212,212, 38
724,212,212, 38
725,212,212, 38
726,212,212, 38
727,212,212, 38
728,212,212, 38
729,212,212, 38
730,212,212, 38
731,212,212, 38
732,212,212, 38
733,212,212, 38
734,212,212, 38
735,212,212, 38
736,212,212, 38
737,212,212, 38
738,212,212, 38
739,212,212, 38
740,212,212, 38
741,212,212, 38
742,212,212, 38
743,212,212, 38
744,212,212, 38
745,212,212, 38
746,212,212, 38
747,212,212, 38
748,212,212, 38
749,212,212, 38
750,212,212, 38
751,212,212, 38
752,212,212, 38
753,212,212, 38
754,212,212, 38
755,212,212, 38
756,212,212, 38
757,212,212, 38
758,212,212, 38
759,212,212, 38
760,212,212, 38
761,212,212, 38
762,212,212, 38
763,212,212, 38
764,212,212, 38
765,212,212, 38
766,212,212, 38
767,212,212, 38
768,212,212, 38
769,212,212, 38
770,212,212, 38
771,212,212, 38
772,212,212, 38
773,212,212, 38
774,212,212, 38
775,212,212, 38
776,212,212, 38
777,212,212, 38
778,212,212, 38
779,212,212, 38
780,212,212, 38
781,212,212, 38
782,212,212, 38
783,212,212, 38
784,212,212, 38
785,212,212, 38
786,212,212, 38
787,212,212, 38
788,212,212, 38
789,212,212, 38
790,212,212, 38
791,212,212, 38
792,212,212, 38
793,212,212, 38
794,212,212, 38
795,212,212, 38
796,212,212, 38
797,212,212, 38
798,212,212, 38
799,212,212, 38
800,212,212, 38
801,212,212, 38
802,212,212, 38
803,212,212, 38
804,212,212, 38
805,212,212, 38
806,212,212, 38
807,212,212, 38
808,212,212, 38
809,212,212, 38
810,212,212, 38
811,212,212, 38
812,212,212, 38
813,212,212, 38
814,212,212, 38
815,212,212, 38
816,212,212, 38
817,212,212, 38
818,212,212, 38
819,212,212, 38
820,212,212, 38
821,212,212, 38
822,212,212, 38
823,212,212, 38
824,212,212, 38
825,212,212, 38
826,212,212, 38
827,212,212, 38
828,212,212, 38
829,212,212, 38
830,212,212, 38
831,212,212, 38
832,212,212, 38
833,212,212, 38
834,212,212, 38
835,212,212, 38
836,212,212, 38
837,212,212, 38
838,212,212, 38
839,212,212, 38
840,212,212, 38
841,212,212, 38
842,212,212, 38
843,212,212, 38
844,212,212, 38
845,212,212, 38
846,212,212, 38
847,212,212, 38
848,212,212, 38
849,212,212, 38
850,212,212, 38
851,212,212, 38
852,212,212, 38
853,212,212, 38
854,212,212, 38
855,212,212, 38
856,212,212, 38
857,212,212, 38
858,212,212, 38
859,212,212, 38
860,212,212, 38
861,212,212, 38
862,212,212, 38
863,212,212, 38
864,212,212, 38
865,212,212, 38
866,212,212, 38
867,212,212, 38
868,212,212, 38
869,212,212, 38
870,212,212, 38
871,212,212, 38
872,212,212, 38
873,212,212, 38
874,212,212, 38
875,212,212, 38
876,212,212, 38
877,212,212, 38
878,212,212, 38
879,212,212, 38
880,212,212, 38
881,212,212, 38
882,212,212, 38
883,212,212, 38
884,212,212, 38
885,212,212, 38
886,212,212, 38
887,212,212, 38
888,212,212, 38
889,212,212, 38
890,212,212, 38
891,212,212, 38
892,212,212, 38
893,212,212, 38
894,212,212, 38
895,212,212, 38
896,212,212, 38
897,212,212, 38
898,212,212, 38
899,212,212, 38
900,212,212, 38
901,212,212, 38
902,212,212, 38
903,212,212, 38
904,212,212, 38
905,212,212, 38
906,212,212, 38
907,212,212, 38
908,212,212, 38
909,212,212, 38
910,212,212, 38
911,212,212, 38
912,212,212, 38
913,212,212, 38
914,212,212, 38
915,212,212, 38
916,212,212, 38
917,212,212, 38
918,212,212, 38
919,212,212, 38
920,212,212, 38
921,212,212, 38
922,212,212, 38
923,212,212, 38
924,212,212, 38
925,212,212, 38
926,212,212, 38
927,212,212, 38
928,212,212, 38
929,212,212, 38
930,212,212, 38
931,211,211, 39
932,211,211, 39
933,211,211, 39
934,211,211, 39
935,211,211, 39
936,211,211, 39
937,211,211, 39
938,211,211, 39
939,211,211, 39
940,211,211, 39
941,211,211, 39
942,211,211, 39
943,211,211, 39
944,211,211, 39
945,211,211, 39
946,211,211, 39
947,211,211, 39
948,211,211, 39
949,211,211, 39
950,210,210, 40
951,210,210, 40
952,210,210, 40
953,210,210, 40
954,210,210, 40
955,210,210, 40
956,210,210, 40
957,210,210, 40
958,210,210, 40
959,210,210, 40
960,210,210, 40
961,210,210, 40
962,210,210, 40
963,210,210, 40
964,210,210, 40
965,210,210, 40
966,210,210, 40
967,210,210, 40
968,210,210, 40
969,210,210, 40
970,210,210, 40
971,210,210, 40
972,210,210, 40
973,210,210, 40
974,210,210, 40
975,210,210, 40
976,210,210, 40
977,210,210, 40
978,210,210, 40
979,210,210, 40
980,210,210, 40
981,210,210, 40
982,210,210, 40
983,210,210, 40
984,210,210, 40
985,210,210, 40
986,210,210, 40
987,210,210, 40
988,210,210, 40
989,210,210, 40
990,210,210, 40
991,210,210, 40
992,210,210, 40
993,210,210, 40
994,210,210, 40
995,210,210, 40
996,210,210, 40
997,210,210, 40
998,210,210, 40
999,210,210, 40
1000,210,210, 40
1001,210,210, 40
1002,210,210, 40
1003,210,210, 40
1004,210,210, 40
1005,210,210, 40
1006,210,210, 40
1007,210,210, 40
1008,210,210, 40
1009,210,210, 40
1010,210,210, 40
1011,210,210, 40
1012,210,210, 40
1013,210,210, 40
1014,210,210, 40
1015,210,210, 40
1016,210,210, 40
1017,210,210, 40
1018,210,210, 40
1019,210,210, 40
1020,210,210, 40
1021,208,208, 42
1022,208,208, 42
1023,208,208, 42
1024,208,208, 42
1025,208,208, 42
1026,208,208, 42
1027,208,208, 42
1028,206,206, 44
1029,206,206, 44
1030,206,206, 44
1031,206,206, 44
1032,206,206, 44
1033,206,206, 44
1034,206,206, 44
1035,206,206, 44
1036,206,206, 44
1037,206,206, 44
1038,206,206, 44
1039,206,206, 44
1040,206,206, 44
1041,206,206, 44
1042,206,206, 44
1043,206,206, 44
1044,206,206, 44
1045,205,205, 45
1046,205,205, 45
1047,205,205, 45
1048,205,205, 45
1049,204,204, 46
1050,204,204, 46
1051,204,204, 46
1052,204,204, 46
1053,204,204, 46
1054,204,204, 46
1055,204,204, 46
1056,203,203, 47
1057,203,203, 47
1058,203,203, 47
1059,203,203, 47
1060,203,203, 47
1061,203,203, 47
1062,203,203, 47
1063,203,203, 47
1064,202,202, 48
1065,201,201, 49
1066,201,201, 49
1067,201,201, 49
1068,201,201, 49
1069,201,201, 49
1070,201,201, 49
1071,201,201, 49
1072,201,201, 49
1073,201,201, 49
1074,201,201, 49
1075,201,201, 49
1076,201,201, 49
1077,201,201, 49
1078,201,201, 49
1079,201,201, 49
1080,201,201, 49
1081,201,201, 49
1082,201,201, 49
1083,201,201, 49
1084,201,201, 49
1085,201,201, 49
1086,201,201, 49
1087,201,201, 49
1088,201,201, 49
1089,201,201, 49
1090,201,201, 49
1091,200,200, 50
1092,200,200, 50
1093,200,200, 50
1094,200,200, 50
1095,200,200, 50
1096,200,200, 50
1097,200,200, 50
1098,200,200, 50
1099,200,200, 50
1100,200,200, 50
1101,200,200, 50
1102,200,200, 50
1103,200,200, 50
1104,200,200, 50
1105,200,200, 50
1106,200,200, 50
1107,200,200, 50
1108,200,200, 50
1109,200,200, 50
1110,200,200, 50
1111,200,200, 50
1112,200,200, 50
1113,200,200, 50
1114,200,200, 50
1115,200,200, 50
1116,200,200, 50
1117,200,200, 50
1118,200,200, 50
1119,200,200, 50
1120,200,200, 50
1121,200,200, 50
1122,200,200, 50
1123,200,200, 50
1124,200,200, 50
1125,200,200, 50
1126,200,200, 50
1127,200,200, 50
1128,200,200, 50
1129,200,200, 50
1130,200,200, 50
1131,200,200, 50
1132,200,200, 50
1133,200,200, 50
1134,200,200, 50
1135,200,200, 50
1136,199,199, 51
1137,199,199, 51
1138,199,199, 51
1139,199,199, 51
1140,199,199, 51
1141,199,199, 51
1142,199,199, 51
1143,199,199, 51
1144,199,199, 51
1145,199,199, 51
1146,199,199, 51
1147,199,199, 51
1148,199,199, 51
1149,199,199, 51
1150,199,199, 51
1151,199,199, 51
1152,199,199, 51
1153,199,199, 51
1154,199,199, 51
1155,199,199, 51
1156,199,199, 51
1157,199,199, 51
1158,199,199, 51
1159,199,199, 51
1160,199,199, 51
1161,199,199, 51
1162,199,199, 51
1163,199,199, 51
1164,199,199, 51
1165,199,199, 51
1166,199,199, 51
1167,199,199, 51
1168,199,199, 51
1169,199,199, 51
1170,199,199, 51
1171,199,199, 51
1172,199,199, 51
1173,199,199, 51
1174,199,199, 51
1175,199,199, 51
1176,199,199, 51
1177,199,199, 51
1178,199,199, 51
1179,199,199, 51
1180,199,199, 51
1181,199,199, 51
1182,199,199, 51
1183,199,199, 51
1184,199,199, 51
1185,199,199, 51
1186,199,199, 51
1187,199,199, 51
1188,199,199, 51
1189,199,199, 51
1190,199,199, 51
1191,199,199, 51
1192,199,199, 51
1193,199,199, 51
1194,199,199, 51
1195,199,199, 51
1196,199,199, 51
1197,199,199, 51
1198,199,199, 51
1199,199,199, 51
1200,199,199, 51
1201,199,199, 51
1202,199,199, 51
1203,199,199, 51
1204,199,199, 51
1205,199,199, 51
1206,199,199, 51
1207,199,199, 51
1208,199,199, 51
1209,199,199, 51
1210,199,199, 51
1211,198,198, 52
1212,197,197, 53
1213,197,197, 53
1214,197,197, 53
1215,197,197, 53
1216,197,197, 53
1217,197,197, 53
1218,197,197, 53
1219,197,197, 53
1220,197,197, 53
1221,197,197, 53
1222,197,197, 53
1223,197,197, 53
1224,197,197, 53
1225,197,197, 53
1226,197,197, 53
1227,197,197, 53
1228,197,197, 53
1229,197,197, 53
1230,197,197, 53
1231,197,197, 53
1232,197,197, 53
1233,197,197, 53
1234,197,197, 53
1235,197,197, 53
1236,197,197, 53
1237,197,197, 53
1238,197,197, 53
1239,197,197, 53
1240,197,197, 53
1241,197,197, 53
1242,197,197, 53
1243,197,197, 53
1244,197,197, 53
1245,197,197, 53
1246,197,197, 53
1247,197,197, 53
1248,197,197, 53
1249,197,197, 53
1250,197,197, 53
1251,197,197, 53
1252,197,197, 53
1253,197,197, 53
1254,197,197, 53
1255,197,197, 53
1256,197,197, 53
1257,197,197, 53
1258,197,197, 53
1259,197,197, 53
1260,196,196, 54
1261,196,196, 54
1262,196,196, 54
1263,196,196, 54
1264,196,196, 54
1265,196,196, 54
1266,196,196, 54
1267,196,196, 54
1268,196,196, 54
1269,196,196, 54
1270,196,196, 54
1271,196,196, 54
1272,196,196, 54
1273,196,196, 54
1274,196,196, 54
1275,196,196, 54
1276,196,196, 54
1277,196,196, 54
1278,196,196, 54
1279,196,196, 54
1280,196,196, 54
1281,196,196, 54
1282,196,196, 54
1283,196,196, 54
1284,196,196, 54
1285,196,196, 54
1286,196,196, 54
1287,196,196, 54
1288,196,196, 54
1289,196,196, 54
1290,196,196, 54
1291,196,196, 54
1292,196,196, 54
1293,196,196, 54
1294,196,196, 54
1295,196,196, 54
1296,196,196, 54
1297,196,196, 54
1298,196,196, 54
1299,196,196, 54
1300,196,196, 54
1301,196,196, 54
1302,196,196, 54
1303,196,196, 54
1304,196,196, 54
1305,196,196, 54
1306,196,196, 54
1307,196,196, 54
1308,196,196, 54
1309,196,196, 54
1310,196,196, 54
1311,196,196, 54
1312,196,196, 54
1313,196,196, 54
1314,196,196, 54
1315,196,196, 54
1316,196,196, 54
1317,196,196, 54
1318,196,196, 54
1319,196,196, 54
1320,196,196, 54
1321,195,195, 55
1322,195,195, 55
1323,195,195, 55
1324,195,195, 55
1325,195,195, 55
1326,195,195, 55
1327,195,195, 55
1328,195,195, 55
1329,195,195, 55
1330,195,195, 55
1331,195,195, 55
1332,195,195, 55
1333,195,195, 55
1334,195,195, 55
1335,195,195, 55
1336,195,195, 55
1337,195,195, 55
1338,195,195, 55
1339,195,195, 55
1340,195,195, 55
1341,195,195, 55
1342,195,195, 55
1343,195,195, 55
1344,195,195, 55
1345,195,195, 55
1346,195,195, 55
1347,195,195, 55
1348,195,195, 55
1349,195,195, 55
1350,195,195, 55
1351,195,195, 55
1352,195,195, 55
1353,195,195, 55
1354,195,195, 55
1355,195,195, 55
1356,195,195, 55
1357,195,195, 55
1358,195,195, 55
1359,195,195, 55
1360,195,195, 55
1361,195,195, 55
1362,195,195, 55
1363,195,195, 55
1364,195,195, 55
1365,195,195, 55
1366,195,195, 55
1367,195,195, 55
1368,195,195, 55
1369,195,195, 55
1370,195,195, 55
1371,195,195, 55
1372,195,195, 55
1373,195,195, 55
1374,195,195, 55
1375,195,195, 55
1376,195,195, 55
1377,195,195, 55
1378,195,195, 55
1379,195,195, 55
1380,195,195, 55
1381,195,195, 55
1382,195,195, 55
1383,195,195, 55
1384,194,194, 56
1385,194,194, 56
1386,194,194, 56
1387,194,194, 56
1388,193,193, 57
1389,193,193, 57
1390,193,193, 57
1391,193,193, 57
1392,193,193, 57
1393,193,193, 57
1394,193,193, 57
1395,193,193, 57
1396,193,193, 57
1397,193,193, 57
1398,193,193, 57
1399,193,193, 57
1400,193,193, 57
1401,193,193, 57
1402,193,193, 57
1403,193,193, 57
1404,192,192, 58
1405,191,191, 59
1406,191,191, 59
1407,191,191, 59
1408,191,191, 59
1409,191,191, 59
1410,191,191, 59
1411,191,191, 59
1412,191,191, 59
1413,191,191, 59
1414,191,191, 59
1415,191,191, 59
1416,191,191, 59
1417,191,191, 59
1418,191,191, 59
1419,191,191, 59
1420,191,191, 59
1421,191,191, 59
1422,191,191, 59
1423,191,191, 59
1424,191,191, 59
1425,191,191, 59
1426,191,191, 59
1427,191,191, 59
1428,191,191, 59
1429,191,191, 59
1430,191,191, 59
1431,191,191, 59
1432,191,191, 59
1433,191,191, 59
1434,191,191, 59
1435,191,191, 59
1436,191,191, 59
1437,191,191, 59
1438,191,191, 59
1439,190,190, 60
1440,189,189, 61
1441,189,189, 61
1442,189,189, 61
1443,189,189, 61
1444,189,189, 61
1445,189,189, 61
1446,189,189, 61
1447,189,189, 61
1448,189,189, 61
1449,189,189, 61
1450,189,189, 61
1451,189,189, 61
1452,189,189, 61
1453,189,189, 61
1454,189,189, 61
1455,189,189, 61
1456,189,189, 61
1457,189,189, 61
1458,189,189, 61
1459,189,189, 61
1460,189,189, 61
1461,189,189, 61
1462,189,189, 61
1463,189,189, 61
1464,189,189, 61
1465,189,189, 61
1466,189,189, 61
1467,189,189, 61
1468,189,189, 61
1469,189,189, 61
1470,189,189, 61
1471,189,189, 61
1472,189,189, 61
1473,189,189, 61
1474,188,188, 62
1475,188,188, 62
1476,188,188, 62
1477,188,188, 62
1478,188,188, 62
1479,188,188, 62
1480,188,188, 62
1481,188,188, 62
1482,188,188, 62
1483,188,188, 62
1484,188,188, 62
1485,188,188, 62
1486,188,188, 62
1487,188,188, 62
1488,188,188, 62
1489,188,188, 62
1490,188,188, 62
1491,188,188, 62
1492,188,188, 62
1493,188,188, 62
1494,188,188, 62
1495,187,187, 63
1496,187,187, 63
1497,187,187, 63
1498,187,187, 63
1499,187,187, 63
