0,250,250, 0
1,250,250, 0
2,250,250, 0
3,250,250, 0
4,249,249, 1
5,249,249, 1
6,249,249, 1
7,249,249, 1
8,249,249, 1
9,249,249, 1
10,249,249, 1
11,249,249, 1
12,249,249, 1
13,249,249, 1
14,249,249, 1
15,249,249, 1
16,249,249, 1
17,249,249, 1
18,247,247, 3
19,247,247, 3
20,247,247, 3
21,247,247, 3
22,247,247, 3
23,247,247, 3
24,247,247, 3
25,247,247, 3
26,247,247, 3
27,246,246, 4
28,245,245, 5
29,245,245, 5
30,245,245, 5
31,245,245, 5
32,243,243, 7
33,243,243, 7
34,243,243, 7
35,243,243, 7
36,243,243, 7
37,243,243, 7
38,243,243, 7
39,243,243, 7
40,243,243, 7
41,243,243, 7
42,243,243, 7
43,243,243, 7
44,243,243, 7
45,243,243, 7
46,243,243, 7
47,243,243, 7
48,243,243, 7
49,243,243, 7
50,243,243, 7
51,243,243, 7
52,243,243, 7
53,243,243, 7
54,243,243, 7
55,243,243, 7
56,243,243, 7
57,243,243, 7
58,243,243, 7
59,243,243, 7
60,243,243, 7
61,243,243, 7
62,243,243, 7
63,243,243, 7
64,243,243, 7
65,243,243, 7
66,243,243, 7
67,243,243, 7
68,243,243, 7
69,243,243, 7
70,242,242, 8
71,241,241, 9
72,241,241, 9
73,241,241, 9
74,241,241, 9
75,241,241, 9
76,241,241, 9
77,241,241, 9
78,241,241, 9
79,241,241, 9
80,241,241, 9
81,241,241, 9
82,241,241, 9
83,241,241, 9
84,241,241, 9
85,241,241, 9
86,241,241, 9
87,241,241, 9
88,241,241, 9
89,241,241, 9
90,241,241, 9
91,241,241, 9
92,241,241, 9
93,241,241, 9
94,241,241, 9
95,241,241, 9
96,241,241, 9
97,241,241, 9
98,241,241, 9
99,241,241, 9
100,241,241, 9
101,241,241, 9
102,241,241, 9
103,241,241, 9
104,241,241, 9
105,241,241, 9
106,241,241, 9
107,241,241, 9
108,241,241, 9
109,241,241, 9
110,241,241, 9
111,241,241, 9
112,241,241, 9
113,241,241, 9
114,241,241, 9
115,241,241, 9
116,241,241, 9
117,241,241, 9
118,241,241, 9
119,241,241, 9
120,240,240, 10
121,240,240, 10
122,240,240, 10
123,240,240, 10
124,240,240, 10
125,240,240, 10
126,240,240, 10
127,240,240, 10
128,240,240, 10
129,240,240, 10
130,240,240, 10
131,240,240, 10
132,240,240, 10
133,240,240, 10
134,240,240, 10
135,240,240, 10
136,240,240, 10
137,238,238, 12
138,238,238, 12
139,238,238, 12
140,238,238, 12
141,238,238, 12
142,238,238, 12
143,238,238, 12
144,238,238, 12
145,238,238, 12
146,238,238, 12
147,238,238, 12
148,238,238, 12
149,238,238, 12
150,238,238, 12
151,236,236, 14
152,236,236, 14
153,236,236, 14
154,236,236, 14
155,236,236, 14
156,236,236, 14
157,236,236, 14
158,236,236, 14
159,236,236, 14
160,236,236, 14
161,236,236, 14
162,236,236, 14
163,236,236, 14
164,236,236, 14
165,236,236, 14
166,236,236, 14
167,236,236, 14
168,236,236, 14
169,236,236, 14
170,236,236, 14
171,236,236, 14
172,236,236, 14
173,236,236, 14
174,236,236, 14
175,236,236, 14
176,236,236, 14
177,236,236, 14
178,236,236, 14
179,236,236, 14
180,236,236, 14
181,236,236, 14
182,236,236, 14
183,236,236, 14
184,236,236, 14
185,236,236, 14
186,236,236, 14
187,236,236, 14
188,236,236, 14
189,236,236, 14
190,236,236, 14
191,236,236, 14
192,236,236, 14
193,236,236, 14
194,236,236, 14
195,235,235, 15
196,234,234, 16
197,234,234, 16
198,234,234, 16
199,234,234, 16
200,234,234, 16
201,234,234, 16
202,234,234, 16
203,234,234, 16
204,234,234, 16
205,234,234, 16
206,234,234, 16
207,234,234, 16
208,234,234, 16
209,234,234, 16
210,234,234, 16
211,234,234, 16
212,234,234, 16
213,234,234, 16
214,234,234, 16
215,234,234, 16
216,234,234, 16
217,234,234, 16
218,234,234, 16
219,234,234, 16
220,234,234, 16
221,234,234, 16
222,234,234, 16
223,234,234, 16
224,234,234, 16
225,234,234, 16
226,234,234, 16
227,234,234, 16
228,234,234, 16
229,234,234, 16
230,234,234, 16
231,234,234, 16
232,234,234, 16
233,234,234, 16
234,234,234, 16
235,234,234, 16
236,234,234, 16
237,234,234, 16
238,234,234, 16
239,232,232, 18
240,232,232, 18
241,232,232, 18
242,232,232, 18
243,232,232, 18
244,231,231, 19
245,230,230, 20
246,230,230, 20
247,230,230, 20
248,228,228, 22
249,228,228, 22
250,228,228, 22
251,227,227, 23
252,227,227, 23
253,227,227, 23
254,227,227, 23
255,227,227, 23
256,227,227, 23
257,227,227, 23
258,227,227, 23
259,227,227, 23
260,227,227, 23
261,227,227, 23
262,227,227, 23
263,227,227, 23
264,227,227, 23
265,227,227, 23
266,227,227, 23
267,227,227, 23
268,227,227, 23
269,227,227, 23
270,227,227, 23
271,227,227, 23
272,227,227, 23
273,227,227, 23
274,227,227, 23
275,227,227, 23
276,227,227, 23
277,227,227, 23
278,227,227, 23
279,227,227, 23
280,227,227, 23
281,227,227, 23
282,227,227, 23
283,226,226, 24
284,226,226, 24
285,226,226, 24
286,226,226, 24
287,226,226, 24
288,226,226, 24
289,226,226, 24
290,226,226, 24
291,226,226, 24
292,226,226, 24
293,226,226, 24
294,226,226, 24
295,226,226, 24
296,226,226, 24
297,226,226, 24
298,226,226, 24
299,226,226, 24
300,226,226, 24
301,226,226, 24
302,226,226, 24
303,226,226, 24
304,226,226, 24
305,226,226, 24
306,226,226, 24
307,226,226, 24
308,226,226, 24
309,226,226, 24
310,226,226, 24
311,226,226, 24
312,226,226, 24
313,226,226, 24
314,226,226, 24
315,226,226, 24
316,226,226, 24
317,226,226, 24
318,226,226, 24
319,226,226, 24
320,226,226, 24
321,226,226, 24
322,226,226, 24
323,226,226, 24
324,226,226, 24
325,226,226, 24
326,226,226, 24
327,226,226, 24
328,226,226, 24
329,226,226, 24
330,226,226, 24
331,226,226, 24
332,226,226, 24
333,226,226, 24
334,226,226, 24
335,226,226, 24
336,226,226, 24
337,226,226, 24
338,226,226, 24
339,226,226, 24
340,226,226, 24
341,226,226, 24
342,226,226, 24
343,226,226, 24
344,226,226, 24
345,226,226, 24
346,225,225, 25
347,225,225, 25
348,225,225, 25
349,225,225, 25
350,225,225, 25
351,225,225, 25
352,225,225, 25
353,225,225, 25
354,225,225, 25
355,225,225, 25
356,225,225, 25
357,225,225, 25
358,225,225, 25
359,225,225, 25
360,225,225, 25
361,225,225, 25
362,225,225, 25
363,225,225, 25
364,225,225, 25
365,225,225, 25
366,225,225, 25
367,225,225, 25
368,225,225, 25
369,225,225, 25
370,225,225, 25
371,224,224, 26
372,224,224, 26
373,224,224, 26
374,224,224, 26
375,224,224, 26
376,224,224, 26
377,224,224, 26
378,224,224, 26
379,224,224, 26
380,224,224, 26
381,224,224, 26
382,224,224, 26
383,224,224, 26
384,224,224, 26
385,224,224, 26
386,224,224, 26
387,224,224, 26
388,224,224, 26
389,224,224, 26
390,224,224, 26
391,224,224, 26
392,224,224, 26
393,224,224, 26
394,224,224, 26
395,224,224, 26
396,224,224, 26
397,224,224, 26
398,224,224, 26
399,224,224, 26
400,224,224, 26
401,224,224, 26
402,224,224, 26
403,224,224, 26
404,224,224, 26
405,224,224, 26
406,224,224, 26
407,224,224, 26
408,224,224, 26
409,224,224, 26
410,224,224, 26
411,224,224, 26
412,224,224, 26
413,224,224, 26
414,224,224, 26
415,224,224, 26
416,224,224, 26
417,224,224, 26
418,224,224, 26
419,224,224, 26
420,223,223, 27
421,223,223, 27
422,223,223, 27
423,223,223, 27
424,223,223, 27
425,223,223, 27
426,223,223, 27
427,223,223, 27
428,223,223, 27
429,223,223, 27
430,223,223, 27
431,223,223, 27
432,223,223, 27
433,223,223, 27
434,223,223, 27
435,223,223, 27
436,223,223, 27
437,223,223, 27
438,223,223, 27
439,223,223, 27
440,223,223, 27
441,223,223, 27
442,223,223, 27
443,223,223, 27
444,223,223, 27
445,223,223, 27
446,223,223, 27
447,223,223, 27
448,223,223, 27
449,223,223, 27
450,223,223, 27
451,223,223, 27
452,223,223, 27
453,223,223, 27
454,223,223, 27
455,223,223, 27
456,223,223, 27
457,223,223, 27
458,223,223, 27
459,223,223, 27
460,223,223, 27
461,223,223, 27
462,223,223, 27
463,223,223, 27
464,223,223, 27
465,223,223, 27
466,223,223, 27
467,223,223, 27
468,223,223, 27
469,223,223, 27
470,223,223, 27
471,223,223, 27
472,223,223, 27
473,223,223, 27
474,223,223, 27
475,223,223, 27
476,223,223, 27
477,223,223, 27
478,223,223, 27
479,223,223, 27
480,223,223, 27
481,223,223, 27
482,223,223, 27
483,223,223, 27
484,223,223, 27
485,223,223, 27
486,223,223, 27
487,223,223, 27
488,223,223, 27
489,223,223, 27
490,221,221, 29
491,221,221, 29
492,221,221, 29
493,221,221, 29
494,221,221, 29
495,221,221, 29
496,221,221, 29
497,220,220, 30
498,220,220, 30
499,220,220, 30
500,220,220, 30
501,220,220, 30
502,220,220, 30
503,220,220, 30
504,220,220, 30
505,220,220, 30
506,220,220, 30
507,220,220, 30
508,220,220, 30
509,220,220, 30
510,220,220, 30
511,220,220, 30
512,219,219, 31
513,219,219, 31
514,219,219, 31
515,219,219, 31
516,219,219, 31
517,219,219, 31
518,219,219, 31
519,219,219, 31
520,219,219, 31
521,219,219, 31
522,219,219, 31
523,219,219, 31
524,219,219, 31
525,219,219, 31
526,219,219, 31
527,219,219, 31
528,219,219, 31
529,219,219, 31
530,219,219, 31
531,219,219, 31
532,218,218, 32
533,218,218, 32
534,218,218, 32
535,218,218, 32
536,218,218, 32
537,218,218, 32
538,218,218, 32
539,218,218, 32
540,218,218, 32
541,218,218, 32
542,218,218, 32
543,218,218, 32
544,218,218, 32
545,218,218, 32
546,218,218, 32
547,218,218, 32
548,218,218, 32
549,218,218, 32
550,218,218, 32
551,218,218, 32
552,218,218, 32
553,218,218, 32
554,218,218, 32
555,218,218, 32
556,218,218, 32
557,218,218, 32
558,218,218, 32
559,218,218, 32
560,218,218, 32
561,218,218, 32
562,218,218, 32
563,218,218, 32
564,218,218, 32
565,218,218, 32
566,218,218, 32
567,218,218, 32
568,218,218, 32
569,218,218, 32
570,218,218, 32
571,217,217, 33
572,217,217, 33
573,217,217, 33
574,217,217, 33
575,217,217, 33
576,217,217, 33
577,217,217, 33
578,217,217, 33
579,217,217, 33
580,217,217, 33
581,217,217, 33
582,217,217, 33
583,217,217, 33
584,217,217, 33
585,217,217, 33
586,215,215, 35
587,215,215, 35
588,215,215, 35
589,215,215, 35
590,215,215, 35
591,215,215, 35
592,215,215, 35
593,215,215, 35
594,215,215, 35
595,215,215, 35
596,215,215, 35
597,215,215, 35
598,215,215, 35
599,215,215, 35
600,215,215, 35
601,215,215, 35
602,215,215, 35
603,215,215, 35
604,215,215, 35
605,215,215, 35
606,215,215, 35
607,215,215, 35
608,215,215, 35
609,215,215, 35
610,215,215, 35
611,215,215, 35
612,215,215, 35
613,215,215, 35
614,215,215, 35
615,215,215, 35
616,215,215, 35
617,215,215, 35
618,215,215, 35
619,215,215, 35
620,215,215, 35
621,215,215, 35
622,215,215, 35
623,215,215, 35
624,215,215, 35
625,214,214, 36
626,214,214, 36
627,214,214, 36
628,214,214, 36
629,214,214, 36
630,214,214, 36
631,214,214, 36
632,214,214, 36
633,214,214, 36
634,214,214, 36
635,214,214, 36
636,214,214, 36
637,214,214, 36
638,214,214, 36
639,214,214, 36
640,213,213, 37
641,213,213, 37
642,213,213, 37
643,213,213, 37
644,213,213, 37
645,213,213, 37
646,213,213, 37
647,213,213, 37
648,213,213, 37
649,213,213, 37
650,213,213, 37
651,213,213, 37
652,213,213, 37
653,213,213, 37
654,213,213, 37
655,213,213, 37
656,213,213, 37
657,213,213, 37
658,213,213, 37
659,213,213, 37
660,213,213, 37
661,213,213, 37
662,213,213, 37
663,213,213, 37
664,213,213, 37
665,213,213, 37
666,213,213, 37
667,213,213, 37
668,213,213, 37
669,213,213, 37
670,213,213, 37
671,213,213, 37
672,213,213, 37
673,213,213, 37
674,213,213, 37
675,213,213, 37
676,213,213, 37
677,213,213, 37
678,213,213, 37
679,213,213, 37
680,213,213, 37
681,213,213, 37
682,213,213, 37
683,213,213, 37
684,213,213, 37
685,213,213, 37
686,213,213, 37
687,213,213, 37
688,213,213, 37
689,213,213, 37
690,213,213, 37
691,213,213, 37
692,213,213, 37
693,213,213, 37
694,213,213, 37
695,213,213, 37
696,213,213, 37
697,212,212, 38
698,212,212, 38
699,212,212, 38
700,212,212, 38
701,212,212, 38
702,212,212, 38
703,212,212, 38
704,212,212, 38
705,212,212, 38
706,212,212, 38
707,212,212, 38
708,212,212, 38
709,212,212, 38
710,212,212, 38
711,212,212, 38
712,212,212, 38
713,212,212, 38
714,212,212, 38
715,212,212, 38
716,212,212, 38
717,212,212, 38
718,212,212, 38
719,212,212, 38
720,212,212, 38
721,212,212, 38
722,212,212, 38
723,212,212, 38
724,212,212, 38
725,212,212, 38
726,212,212, 38
727,212,212, 38
728,212,212, 38
729,212,212, 38
730,212,212, 38
731,211,211, 39
732,211,211, 39
733,211,211, 39
734,211,211, 39
735,211,211, 39
736,211,211, 39
737,211,211, 39
738,211,211, 39
739,211,211, 39
740,211,211, 39
741,211,211, 39
742,211,211, 39
743,211,211, 39
744,211,211, 39
745,211,211, 39
746,211,211, 39
747,211,211, 39
748,210,210, 40
749,210,210, 40
750,210,210, 40
751,210,210, 40
752,210,210, 40
753,210,210, 40
754,210,210, 40
755,210,210, 40
756,210,210, 40
757,210,210, 40
758,210,210, 40
759,210,210, 40
760,210,210, 40
761,210,210, 40
762,210,210, 40
763,210,210, 40
764,210,210, 40
765,210,210, 40
766,210,210, 40
767,210,210, 40
768,210,210, 40
769,210,210, 40
770,210,210, 40
771,210,210, 40
772,210,210, 40
773,210,210, 40
774,210,210, 40
775,210,210, 40
776,210,210, 40
777,210,210, 40
778,210,210, 40
779,210,210, 40
780,210,210, 40
781,210,210, 40
782,210,210, 40
783,210,210, 40
784,210,210, 40
785,210,210, 40
786,210,210, 40
787,210,210, 40
788,210,210, 40
789,210,210, 40
790,210,210, 40
791,210,210, 40
792,210,210, 40
793,210,210, 40
794,210,210, 40
795,210,210, 40
796,210,210, 40
797,210,210, 40
798,210,210, 40
799,210,210, 40
800,210,210, 40
801,210,210, 40
802,209,209, 41
803,208,208, 42
804,208,208, 42
805,208,208, 42
806,208,208, 42
807,208,208, 42
808,208,208, 42
809,208,208, 42
810,208,208, 42
811,208,208, 42
812,208,208, 42
813,208,208, 42
814,208,208, 42
815,208,208, 42
816,208,208, 42
817,208,208, 42
818,208,208, 42
819,208,208, 42
820,208,208, 42
821,208,208, 42
822,208,208, 42
823,208,208, 42
824,208,208, 42
825,208,208, 42
826,208,208, 42
827,208,208, 42
828,208,208, 42
829,208,208, 42
830,208,208, 42
831,208,208, 42
832,208,208, 42
833,208,208, 42
834,208,208, 42
835,208,208, 42
836,208,208, 42
837,208,208, 42
838,208,208, 42
839,208,208, 42
840,208,208, 42
841,208,208, 42
842,208,208, 42
843,208,208, 42
844,208,208, 42
845,208,208, 42
846,208,208, 42
847,208,208, 42
848,208,208, 42
849,208,208, 42
850,208,208, 42
851,208,208, 42
852,208,208, 42
853,208,208, 42
854,208,208, 42
855,208,208, 42
856,208,208, 42
857,208,208, 42
858,208,208, 42
859,208,208, 42
860,208,208, 42
861,208,208, 42
862,208,208, 42
863,208,208, 42
864,208,208, 42
865,208,208, 42
866,208,208, 42
867,208,208, 42
868,208,208, 42
869,208,208, 42
870,208,208, 42
871,208,208, 42
872,208,208, 42
873,208,208, 42
874,208,208, 42
875,208,208, 42
876,208,208, 42
877,208,208, 42
878,208,208, 42
879,208,208, 42
880,208,208, 42
881,208,208, 42
882,208,208, 42
883,208,208, 42
884,208,208, 42
885,208,208, 42
886,208,208, 42
887,208,208, 42
888,208,208, 42
889,208,208, 42
890,208,208, 42
891,208,208, 42
892,208,208, 42
893,208,208, 42
894,208,208, 42
895,208,208, 42
896,208,208, 42
897,208,208, 42
898,208,208, 42
899,208,208, 42
900,208,208, 42
901,208,208, 42
902,208,208, 42
903,208,208, 42
904,208,208, 42
905,208,208, 42
906,208,208, 42
907,208,208, 42
908,208,208, 42
909,208,208, 42
910,208,208, 42
911,208,208, 42
912,208,208, 42
913,208,208, 42
914,208,208, 42
915,208,208, 42
916,208,208, 42
917,208,208, 42
918,208,208, 42
919,208,208, 42
920,208,208, 42
921,207,207, 43
922,207,207, 43
923,206,206, 44
924,206,206, 44
925,206,206, 44
926,206,206, 44
927,206,206, 44
928,206,206, 44
929,206,206, 44
930,206,206, 44
931,206,206, 44
932,206,206, 44
933,206,206, 44
934,206,206, 44
935,206,206, 44
936,206,206, 44
937,205,205, 45
938,205,205, 45
939,205,205, 45
940,205,205, 45
941,205,205, 45
942,205,205, 45
943,205,205, 45
944,205,205, 45
945,205,205, 45
946,205,205, 45
947,205,205, 45
948,205,205, 45
949,205,205, 45
950,205,205, 45
951,205,205, 45
952,205,205, 45
953,205,205, 45
954,205,205, 45
955,205,205, 45
956,205,205, 45
957,205,205, 45
958,205,205, 45
959,205,205, 45
960,205,205, 45
961,205,205, 45
962,205,205, 45
963,205,205, 45
964,205,205, 45
965,205,205, 45
966,205,205, 45
967,205,205, 45
968,205,205, 45
969,205,205, 45
970,205,205, 45
971,205,205, 45
972,204,204, 46
973,204,204, 46
974,204,204, 46
975,204,204, 46
976,204,204, 46
977,204,204, 46
978,204,204, 46
979,204,204, 46
980,204,204, 46
981,204,204, 46
982,204,204, 46
983,204,204, 46
984,204,204, 46
985,204,204, 46
986,204,204, 46
987,204,204, 46
988,204,204, 46
989,204,204, 46
990,204,204, 46
991,204,204, 46
992,203,203, 47
993,203,203, 47
994,203,203, 47
995,203,203, 47
996,203,203, 47
997,203,203, 47
998,203,203, 47
999,203,203, 47
1000,203,203, 47
1001,203,203, 47
1002,203,203, 47
1003,203,203, 47
1004,203,203, 47
1005,203,203, 47
1006,203,203, 47
1007,203,203, 47
1008,203,203, 47
1009,203,203, 47
1010,203,203, 47
1011,203,203, 47
1012,202,202, 48
1013,202,202, 48
1014,202,202, 48
1015,202,202, 48
1016,202,202, 48
1017,202,202, 48
1018,202,202, 48
1019,202,202, 48
1020,202,202, 48
1021,202,202, 48
1022,202,202, 48
1023,202,202, 48
1024,202,202, 48
1025,202,202, 48
1026,202,202, 48
1027,202,202, 48
1028,202,202, 48
1029,202,202, 48
1030,202,202, 48
1031,202,202, 48
1032,202,202, 48
1033,202,202, 48
1034,202,202, 48
1035,202,202, 48
1036,202,202, 48
1037,202,202, 48
1038,202,202, 48
1039,202,202, 48
1040,202,202, 48
1041,202,202, 48
1042,202,202, 48
1043,202,202, 48
1044,202,202, 48
1045,202,202, 48
1046,202,202, 48
1047,202,202, 48
1048,202,202, 48
1049,202,202, 48
1050,202,202, 48
1051,202,202, 48
1052,202,202, 48
1053,202,202, 48
1054,202,202, 48
1055,202,202, 48
1056,202,202, 48
1057,202,202, 48
1058,202,202, 48
1059,202,202, 48
1060,202,202, 48
1061,200,200, 50
1062,200,200, 50
1063,200,200, 50
1064,200,200, 50
1065,200,200, 50
1066,200,200, 50
1067,200,200, 50
1068,200,200, 50
1069,200,200, 50
1070,200,200, 50
1071,200,200, 50
1072,200,200, 50
1073,200,200, 50
1074,200,200, 50
1075,200,200, 50
1076,200,200, 50
1077,200,200, 50
1078,200,200, 50
1079,200,200, 50
1080,200,200, 50
1081,200,200, 50
1082,200,200, 50
1083,200,200, 50
1084,200,200, 50
1085,200,200, 50
1086,200,200, 50
1087,200,200, 50
1088,200,200, 50
1089,200,200, 50
1090,200,200, 50
1091,199,199, 51
1092,199,199, 51
1093,199,199, 51
1094,199,199, 51
1095,199,199, 51
1096,199,199, 51
1097,199,199, 51
1098,199,199, 51
1099,199,199, 51
1100,199,199, 51
1101,199,199, 51
1102,199,199, 51
1103,199,199, 51
1104,199,199, 51
1105,199,199, 51
1106,199,199, 51
1107,199,199, 51
1108,199,199, 51
1109,199,199, 51
1110,199,199, 51
1111,199,199, 51
1112,199,199, 51
1113,199,199, 51
1114,199,199, 51
1115,199,199, 51
1116,199,199, 51
1117,199,199, 51
1118,199,199, 51
1119,199,199, 51
1120,199,199, 51
1121,199,199, 51
1122,199,199, 51
1123,199,199, 51
1124,199,199, 51
1125,199,199, 51
1126,199,199, 51
1127,199,199, 51
1128,199,199, 51
1129,199,199, 51
1130,199,199, 51
1131,199,199, 51
1132,199,199, 51
1133,198,198, 52
1134,198,198, 52
1135,198,198, 52
1136,198,198, 52
1137,198,198, 52
1138,197,197, 53
1139,197,197, 53
1140,197,197, 53
1141,197,197, 53
1142,197,197, 53
1143,197,197, 53
1144,197,197, 53
1145,197,197, 53
1146,196,196, 54
1147,196,196, 54
1148,196,196, 54
1149,196,196, 54
1150,196,196, 54
1151,196,196, 54
1152,196,196, 54
1153,196,196, 54
1154,196,196, 54
1155,196,196, 54
1156,196,196, 54
1157,196,196, 54
1158,196,196, 54
1159,196,196, 54
1160,196,196, 54
1161,196,196, 54
1162,196,196, 54
1163,196,196, 54
1164,196,196, 54
1165,196,196, 54
1166,196,196, 54
1167,196,196, 54
1168,196,196, 54
1169,196,196, 54
1170,196,196, 54
1171,196,196, 54
1172,196,196, 54
1173,196,196, 54
1174,196,196, 54
1175,196,196, 54
1176,196,196, 54
1177,196,196, 54
1178,196,196, 54
1179,196,196, 54
1180,196,196, 54
1181,196,196, 54
1182,196,196, 54
1183,196,196, 54
1184,196,196, 54
1185,196,196, 54
1186,196,196, 54
1187,196,196, 54
1188,196,196, 54
1189,196,196, 54
1190,196,196, 54
1191,196,196, 54
1192,196,196, 54
1193,196,196, 54
1194,196,196, 54
1195,196,196, 54
1196,196,196, 54
1197,196,196, 54
1198,196,196, 54
1199,196,196, 54
1200,196,196, 54
1201,196,196, 54
1202,196,196, 54
1203,196,196, 54
1204,196,196, 54
1205,196,196, 54
1206,196,196, 54
1207,196,196, 54
1208,196,196, 54
1209,196,196, 54
1210,196,196, 54
1211,196,196, 54
1212,195,195, 55
1213,195,195, 55
1214,195,195, 55
1215,195,195, 55
1216,195,195, 55
1217,195,195, 55
1218,195,195, 55
1219,195,195, 55
1220,195,195, 55
1221,195,195, 55
1222,195,195, 55
1223,195,195, 55
1224,195,195, 55
1225,195,195, 55
1226,195,195, 55
1227,195,195, 55
1228,195,195, 55
1229,195,195, 55
1230,195,195, 55
1231,195,195, 55
1232,195,195, 55
1233,195,195, 55
1234,195,195, 55
1235,195,195, 55
1236,194,194, 56
1237,194,194, 56
1238,193,193, 57
1239,193,193, 57
1240,193,193, 57
1241,192,192, 58
1242,192,192, 58
1243,192,192, 58
1244,192,192, 58
1245,190,190, 60
1246,190,190, 60
1247,190,190, 60
1248,190,190, 60
1249,190,190, 60
1250,190,190, 60
1251,190,190, 60
1252,190,190, 60
1253,190,190, 60
1254,190,190, 60
1255,190,190, 60
1256,190,190, 60
1257,188,188, 62
1258,188,188, 62
1259,188,188, 62
1260,188,188, 62
1261,188,188, 62
1262,188,188, 62
1263,188,188, 62
1264,188,188, 62
1265,188,188, 62
1266,188,188, 62
1267,188,188, 62
1268,188,188, 62
1269,188,188, 62
1270,188,188, 62
1271,188,188, 62
1272,188,188, 62
1273,188,188, 62
1274,188,188, 62
1275,188,188, 62
1276,188,188, 62
1277,188,188, 62
1278,188,188, 62
1279,188,188, 62
1280,188,188, 62
1281,188,188, 62
1282,188,188, 62
1283,188,188, 62
1284,188,188, 62
1285,188,188, 62
1286,188,188, 62
1287,188,188, 62
1288,188,188, 62
1289,188,188, 62
1290,188,188, 62
1291,188,188, 62
1292,188,188, 62
1293,188,188, 62
1294,188,188, 62
1295,188,188, 62
1296,188,188, 62
1297,188,188, 62
1298,188,188, 62
1299,188,188, 62
1300,188,188, 62
1301,188,188, 62
1302,188,188, 62
1303,188,188, 62
1304,188,188, 62
1305,188,188, 62
1306,188,188, 62
1307,188,188, 62
1308,188,188, 62
1309,188,188, 62
1310,188,188, 62
1311,188,188, 62
1312,188,188, 62
1313,188,188, 62
1314,188,188, 62
1315,188,188, 62
1316,188,188, 62
1317,188,188, 62
1318,188,188, 62
1319,186,186, 64
1320,186,186, 64
1321,186,186, 64
1322,186,186, 64
1323,186,186, 64
1324,186,186, 64
1325,186,186, 64
1326,186,186, 64
1327,186,186, 64
1328,186,186, 64
1329,186,186, 64
1330,186,186, 64
1331,186,186, 64
1332,186,186, 64
1333,186,186, 64
1334,186,186, 64
1335,186,186, 64
1336,186,186, 64
1337,186,186, 64
1338,186,186, 64
1339,186,186, 64
1340,186,186, 64
1341,186,186, 64
1342,186,186, 64
1343,186,186, 64
1344,185,185, 65
1345,185,185, 65
1346,185,185, 65
1347,185,185, 65
1348,185,185, 65
1349,185,185, 65
1350,185,185, 65
1351,185,185, 65
1352,185,185, 65
1353,185,185, 65
1354,185,185, 65
1355,185,185, 65
1356,185,185, 65
1357,185,185, 65
1358,185,185, 65
1359,184,184, 66
1360,184,184, 66
1361,184,184, 66
1362,184,184, 66
1363,184,184, 66
1364,184,184, 66
1365,184,184, 66
1366,183,183, 67
1367,182,182, 68
1368,182,182, 68
1369,182,182, 68
1370,182,182, 68
1371,182,182, 68
1372,182,182, 68
1373,182,182, 68
1374,182,182, 68
1375,182,182, 68
1376,182,182, 68
1377,182,182, 68
1378,182,182, 68
1379,182,182, 68
1380,182,182, 68
1381,182,182, 68
1382,182,182, 68
1383,182,182, 68
1384,182,182, 68
1385,182,182, 68
1386,182,182, 68
1387,182,182, 68
1388,182,182, 68
1389,182,182, 68
1390,182,182, 68
1391,182,182, 68
1392,182,182, 68
1393,182,182, 68
1394,182,182, 68
1395,182,182, 68
1396,182,182, 68
1397,182,182, 68
1398,182,182, 68
1399,182,182, 68
1400,182,182, 68
1401,182,182, 68
1402,182,182, 68
1403,182,182, 68
1404,182,182, 68
1405,182,182, 68
1406,182,182, 68
1407,182,182, 68
1408,182,182, 68
1409,182,182, 68
1410,182,182, 68
1411,182,182, 68
1412,182,182, 68
1413,182,182, 68
1414,182,182, 68
1415,182,182, 68
1416,182,182, 68
1417,182,182, 68
1418,182,182, 68
1419,182,182, 68
1420,182,182, 68
1421,182,182, 68
1422,181,181, 69
1423,181,181, 69
1424,181,181, 69
1425,181,181, 69
1426,181,181, 69
1427,181,181, 69
1428,181,181, 69
1429,181,181, 69
1430,181,181, 69
1431,181,181, 69
1432,181,181, 69
1433,181,181, 69
1434,181,181, 69
1435,181,181, 69
1436,181,181, 69
1437,181,181, 69
1438,181,181, 69
1439,181,181, 69
1440,181,181, 69
1441,181,181, 69
1442,181,181, 69
1443,181,181, 69
1444,181,181, 69
1445,181,181, 69
1446,181,181, 69
1447,181,181, 69
1448,181,181, 69
1449,181,181, 69
1450,181,181, 69
1451,181,181, 69
1452,181,181, 69
1453,181,181, 69
1454,181,181, 69
1455,181,181, 69
1456,181,181, 69
1457,181,181, 69
1458,181,181, 69
1459,181,181, 69
1460,181,181, 69
1461,181,181, 69
1462,181,181, 69
1463,181,181, 69
1464,181,181, 69
1465,181,181, 69
1466,181,181, 69
1467,181,181, 69
1468,181,181, 69
1469,181,181, 69
1470,181,181, 69
1471,181,181, 69
1472,181,181, 69
1473,181,181, 69
1474,181,181, 69
1475,181,181, 69
1476,181,181, 69
1477,181,181, 69
1478,181,181, 69
1479,181,181, 69
1480,181,181, 69
1481,181,181, 69
1482,181,181, 69
1483,181,181, 69
1484,181,181, 69
1485,181,181, 69
1486,181,181, 69
1487,181,181, 69
1488,181,181, 69
1489,181,181, 69
1490,181,181, 69
1491,181,181, 69
1492,181,181, 69
1493,181,181, 69
1494,181,181, 69
1495,181,181, 69
1496,181,181, 69
1497,181,181, 69
1498,181,181, 69
1499,181,181, 69
