0,250,250, 0
1,250,250, 0
2,250,250, 0
3,250,250, 0
4,250,250, 0
5,250,250, 0
6,250,250, 0
7,250,250, 0
8,250,250, 0
9,250,250, 0
10,250,250, 0
11,250,250, 0
12,250,250, 0
13,250,250, 0
14,250,250, 0
15,250,250, 0
16,250,250, 0
17,250,250, 0
18,250,250, 0
19,249,249, 1
20,249,249, 1
21,248,248, 2
22,248,248, 2
23,248,248, 2
24,248,248, 2
25,248,248, 2
26,248,248, 2
27,247,247, 3
28,247,247, 3
29,247,247, 3
30,247,247, 3
31,247,247, 3
32,247,247, 3
33,247,247, 3
34,246,246, 4
35,246,246, 4
36,246,246, 4
37,246,246, 4
38,246,246, 4
39,246,246, 4
40,246,246, 4
41,246,246, 4
42,246,246, 4
43,246,246, 4
44,246,246, 4
45,246,246, 4
46,246,246, 4
47,246,246, 4
48,246,246, 4
49,246,246, 4
50,246,246, 4
51,246,246, 4
52,246,246, 4
53,246,246, 4
54,246,246, 4
55,246,246, 4
56,246,246, 4
57,246,246, 4
58,246,246, 4
59,246,246, 4
60,246,246, 4
61,246,246, 4
62,246,246, 4
63,246,246, 4
64,246,246, 4
65,246,246, 4
66,246,246, 4
67,246,246, 4
68,246,246, 4
69,246,246, 4
70,246,246, 4
71,246,246, 4
72,246,246, 4
73,246,246, 4
74,246,246, 4
75,246,246, 4
76,246,246, 4
77,246,246, 4
78,246,246, 4
79,246,246, 4
80,246,246, 4
81,246,246, 4
82,246,246, 4
83,246,246, 4
84,246,246, 4
85,246,246, 4
86,245,245, 5
87,244,244, 6
88,244,244, 6
89,244,244, 6
90,244,244, 6
91,244,244, 6
92,244,244, 6
93,244,244, 6
94,244,244, 6
95,244,244, 6
96,244,244, 6
97,244,244, 6
98,244,244, 6
99,244,244, 6
100,244,244, 6
101,244,244, 6
102,244,244, 6
103,244,244, 6
104,244,244, 6
105,244,244, 6
106,244,244, 6
107,244,244, 6
108,244,244, 6
109,244,244, 6
110,244,244, 6
111,244,244, 6
112,244,244, 6
113,244,244, 6
114,244,244, 6
115,244,244, 6
116,244,244, 6
117,244,244, 6
118,243,243, 7
119,243,243, 7
120,243,243, 7
121,243,243, 7
122,243,243, 7
123,243,243, 7
124,243,243, 7
125,243,243, 7
126,243,243, 7
127,243,243, 7
128,243,243, 7
129,243,243, 7
130,243,243, 7
131,243,243, 7
132,243,243, 7
133,243,243, 7
134,243,243, 7
135,243,243, 7
136,243,243, 7
137,243,243, 7
138,243,243, 7
139,243,243, 7
140,243,243, 7
141,243,243, 7
142,243,243, 7
143,243,243, 7
144,243,243, 7
145,243,243, 7
146,243,243, 7
147,243,243, 7
148,243,243, 7
149,243,243, 7
150,243,243, 7
151,243,243, 7
152,243,243, 7
153,243,243, 7
154,243,243, 7
155,243,243, 7
156,243,243, 7
157,243,243, 7
158,243,243, 7
159,243,243, 7
160,243,243, 7
161,243,243, 7
162,243,243, 7
163,243,243, 7
164,243,243, 7
165,243,243, 7
166,243,243, 7
167,243,243, 7
168,243,243, 7
169,243,243, 7
170,243,243, 7
171,243,243, 7
172,243,243, 7
173,243,243, 7
174,243,243, 7
175,243,243, 7
176,243,243, 7
177,243,243, 7
178,243,243, 7
179,243,243, 7
180,243,243, 7
181,243,243, 7
182,243,243, 7
183,243,243, 7
184,242,242, 8
185,242,242, 8
186,242,242, 8
187,242,242, 8
188,242,242, 8
189,242,242, 8
190,242,242, 8
191,242,242, 8
192,242,242, 8
193,242,242, 8
194,242,242, 8
195,242,242, 8
196,242,242, 8
197,242,242, 8
198,242,242, 8
199,242,242, 8
200,242,242, 8
201,242,242, 8
202,242,242, 8
203,242,242, 8
204,242,242, 8
205,242,242, 8
206,242,242, 8
207,242,242, 8
208,242,242, 8
209,242,242, 8
210,242,242, 8
211,242,242, 8
212,242,242, 8
213,242,242, 8
214,242,242, 8
215,242,242, 8
216,242,242, 8
217,242,242, 8
218,242,242, 8
219,242,242, 8
220,242,242, 8
221,242,242, 8
222,242,242, 8
223,242,242, 8
224,242,242, 8
225,242,242, 8
226,242,242, 8
227,242,242, 8
228,242,242, 8
229,242,242, 8
230,242,242, 8
231,242,242, 8
232,242,242, 8
233,242,242, 8
234,242,242, 8
235,242,242, 8
236,242,242, 8
237,242,242, 8
238,242,242, 8
239,242,242, 8
240,242,242, 8
241,242,242, 8
242,241,241, 9
243,241,241, 9
244,241,241, 9
245,241,241, 9
246,241,241, 9
247,241,241, 9
248,241,241, 9
249,241,241, 9
250,241,241, 9
251,241,241, 9
252,241,241, 9
253,241,241, 9
254,241,241, 9
255,241,241, 9
256,241,241, 9
257,241,241, 9
258,241,241, 9
259,241,241, 9
260,240,240, 10
261,240,240, 10
262,240,240, 10
263,240,240, 10
264,240,240, 10
265,240,240, 10
266,240,240, 10
267,240,240, 10
268,240,240, 10
269,240,240, 10
270,240,240, 10
271,240,240, 10
272,240,240, 10
273,240,240, 10
274,240,240, 10
275,240,240, 10
276,240,240, 10
277,240,240, 10
278,240,240, 10
279,240,240, 10
280,240,240, 10
281,240,240, 10
282,240,240, 10
283,240,240, 10
284,240,240, 10
285,240,240, 10
286,240,240, 10
287,240,240, 10
288,240,240, 10
289,240,240, 10
290,240,240, 10
291,240,240, 10
292,240,240, 10
293,240,240, 10
294,240,240, 10
295,240,240, 10
296,240,240, 10
297,240,240, 10
298,240,240, 10
299,240,240, 10
300,240,240, 10
301,240,240, 10
302,239,239, 11
303,239,239, 11
304,239,239, 11
305,239,239, 11
306,239,239, 11
307,239,239, 11
308,239,239, 11
309,239,239, 11
310,239,239, 11
311,239,239, 11
312,239,239, 11
313,239,239, 11
314,239,239, 11
315,239,239, 11
316,239,239, 11
317,239,239, 11
318,239,239, 11
319,239,239, 11
320,239,239, 11
321,239,239, 11
322,239,239, 11
323,239,239, 11
324,239,239, 11
325,239,239, 11
326,239,239, 11
327,239,239, 11
328,239,239, 11
329,239,239, 11
330,239,239, 11
331,239,239, 11
332,239,239, 11
333,239,239, 11
334,239,239, 11
335,239,239, 11
336,239,239, 11
337,239,239, 11
338,239,239, 11
339,239,239, 11
340,239,239, 11
341,239,239, 11
342,239,239, 11
343,239,239, 11
344,239,239, 11
345,239,239, 11
346,239,239, 11
347,239,239, 11
348,239,239, 11
349,239,239, 11
350,239,239, 11
351,239,239, 11
352,239,239, 11
353,239,239, 11
354,239,239, 11
355,239,239, 11
356,239,239, 11
357,239,239, 11
358,239,239, 11
359,239,239, 11
360,239,239, 11
361,238,238, 12
362,238,238, 12
363,238,238, 12
364,238,238, 12
365,238,238, 12
366,238,238, 12
367,238,238, 12
368,238,238, 12
369,238,238, 12
370,238,238, 12
371,238,238, 12
372,238,238, 12
373,238,238, 12
374,238,238, 12
375,238,238, 12
376,238,238, 12
377,238,238, 12
378,238,238, 12
379,238,238, 12
380,238,238, 12
381,238,238, 12
382,238,238, 12
383,238,238, 12
384,238,238, 12
385,238,238, 12
386,238,238, 12
387,238,238, 12
388,238,238, 12
389,238,238, 12
390,238,238, 12
391,238,238, 12
392,238,238, 12
393,238,238, 12
394,238,238, 12
395,238,238, 12
396,238,238, 12
397,238,238, 12
398,238,238, 12
399,238,238, 12
400,238,238, 12
401,238,238, 12
402,238,238, 12
403,238,238, 12
404,238,238, 12
405,238,238, 12
406,238,238, 12
407,238,238, 12
408,238,238, 12
409,238,238, 12
410,238,238, 12
411,238,238, 12
412,238,238, 12
413,238,238, 12
414,238,238, 12
415,238,238, 12
416,238,238, 12
417,238,238, 12
418,238,238, 12
419,238,238, 12
420,238,238, 12
421,238,238, 12
422,238,238, 12
423,238,238, 12
424,238,238, 12
425,238,238, 12
426,238,238, 12
427,238,238, 12
428,238,238, 12
429,238,238, 12
430,238,238, 12
431,238,238, 12
432,238,238, 12
433,238,238, 12
434,238,238, 12
435,238,238, 12
436,238,238, 12
437,238,238, 12
438,238,238, 12
439,238,238, 12
440,238,238, 12
441,238,238, 12
442,238,238, 12
443,238,238, 12
444,238,238, 12
445,238,238, 12
446,238,238, 12
447,238,238, 12
448,238,238, 12
449,238,238, 12
450,238,238, 12
451,238,238, 12
452,238,238, 12
453,238,238, 12
454,238,238, 12
455,238,238, 12
456,238,238, 12
457,238,238, 12
458,238,238, 12
459,238,238, 12
460,238,238, 12
461,238,238, 12
462,238,238, 12
463,238,238, 12
464,238,238, 12
465,238,238, 12
466,238,238, 12
467,238,238, 12
468,238,238, 12
469,238,238, 12
470,238,238, 12
471,238,238, 12
472,238,238, 12
473,238,238, 12
474,238,238, 12
475,238,238, 12
476,238,238, 12
477,238,238, 12
478,238,238, 12
479,238,238, 12
480,238,238, 12
481,238,238, 12
482,238,238, 12
483,238,238, 12
484,238,238, 12
485,238,238, 12
486,238,238, 12
487,238,238, 12
488,238,238, 12
489,238,238, 12
490,238,238, 12
491,238,238, 12
492,238,238, 12
493,238,238, 12
494,238,238, 12
495,238,238, 12
496,238,238, 12
497,238,238, 12
498,238,238, 12
499,238,238, 12
500,238,238, 12
501,238,238, 12
502,238,238, 12
503,238,238, 12
504,238,238, 12
505,238,238, 12
506,238,238, 12
507,238,238, 12
508,238,238, 12
509,238,238, 12
510,238,238, 12
511,238,238, 12
512,238,238, 12
513,238,238, 12
514,238,238, 12
515,238,238, 12
516,238,238, 12
517,238,238, 12
518,238,238, 12
519,238,238, 12
520,238,238, 12
521,238,238, 12
522,238,238, 12
523,238,238, 12
524,238,238, 12
525,238,238, 12
526,238,238, 12
527,238,238, 12
528,238,238, 12
529,238,238, 12
530,238,238, 12
531,238,238, 12
532,238,238, 12
533,238,238, 12
534,238,238, 12
535,238,238, 12
536,238,238, 12
537,238,238, 12
538,238,238, 12
539,238,238, 12
540,238,238, 12
541,238,238, 12
542,237,237, 13
543,237,237, 13
544,237,237, 13
545,237,237, 13
546,237,237, 13
547,237,237, 13
548,237,237, 13
549,237,237, 13
550,237,237, 13
551,237,237, 13
552,237,237, 13
553,237,237, 13
554,237,237, 13
555,237,237, 13
556,237,237, 13
557,237,237, 13
558,237,237, 13
559,237,237, 13
560,237,237, 13
561,237,237, 13
562,237,237, 13
563,237,237, 13
564,237,237, 13
565,237,237, 13
566,237,237, 13
567,236,236, 14
568,236,236, 14
569,236,236, 14
570,236,236, 14
571,236,236, 14
572,236,236, 14
573,236,236, 14
574,236,236, 14
575,236,236, 14
576,236,236, 14
577,236,236, 14
578,236,236, 14
579,236,236, 14
580,236,236, 14
581,236,236, 14
582,236,236, 14
583,236,236, 14
584,236,236, 14
585,236,236, 14
586,236,236, 14
587,236,236, 14
588,236,236, 14
589,236,236, 14
590,236,236, 14
591,236,236, 14
592,236,236, 14
593,236,236, 14
594,236,236, 14
595,236,236, 14
596,236,236, 14
597,236,236, 14
598,236,236, 14
599,236,236, 14
600,236,236, 14
601,236,236, 14
602,236,236, 14
603,236,236, 14
604,236,236, 14
605,236,236, 14
606,236,236, 14
607,236,236, 14
608,236,236, 14
609,236,236, 14
610,236,236, 14
611,236,236, 14
612,236,236, 14
613,236,236, 14
614,236,236, 14
615,236,236, 14
616,236,236, 14
617,236,236, 14
618,236,236, 14
619,236,236, 14
620,236,236, 14
621,236,236, 14
622,236,236, 14
623,236,236, 14
624,236,236, 14
625,236,236, 14
626,236,236, 14
627,236,236, 14
628,236,236, 14
629,236,236, 14
630,236,236, 14
631,236,236, 14
632,236,236, 14
633,236,236, 14
634,236,236, 14
635,236,236, 14
636,236,236, 14
637,236,236, 14
638,236,236, 14
639,236,236, 14
640,236,236, 14
641,236,236, 14
642,236,236, 14
643,236,236, 14
644,236,236, 14
645,236,236, 14
646,236,236, 14
647,236,236, 14
648,236,236, 14
649,236,236, 14
650,236,236, 14
651,236,236, 14
652,236,236, 14
653,236,236, 14
654,236,236, 14
655,236,236, 14
656,235,235, 15
657,235,235, 15
658,235,235, 15
659,235,235, 15
660,235,235, 15
661,235,235, 15
662,235,235, 15
663,235,235, 15
664,235,235, 15
665,235,235, 15
666,235,235, 15
667,235,235, 15
668,235,235, 15
669,235,235, 15
670,235,235, 15
671,235,235, 15
672,235,235, 15
673,235,235, 15
674,235,235, 15
675,235,235, 15
676,235,235, 15
677,235,235, 15
678,235,235, 15
679,235,235, 15
680,235,235, 15
681,235,235, 15
682,235,235, 15
683,235,235, 15
684,235,235, 15
685,235,235, 15
686,235,235, 15
687,235,235, 15
688,235,235, 15
689,235,235, 15
690,235,235, 15
691,235,235, 15
692,235,235, 15
693,235,235, 15
694,235,235, 15
695,235,235, 15
696,235,235, 15
697,235,235, 15
698,235,235, 15
699,235,235, 15
700,235,235, 15
701,235,235, 15
702,235,235, 15
703,235,235, 15
704,235,235, 15
705,235,235, 15
706,234,234, 16
707,234,234, 16
708,234,234, 16
709,234,234, 16
710,234,234, 16
711,234,234, 16
712,234,234, 16
713,234,234, 16
714,234,234, 16
715,234,234, 16
716,234,234, 16
717,234,234, 16
718,234,234, 16
719,234,234, 16
720,234,234, 16
721,234,234, 16
722,234,234, 16
723,234,234, 16
724,234,234, 16
725,234,234, 16
726,234,234, 16
727,234,234, 16
728,234,234, 16
729,234,234, 16
730,234,234, 16
731,234,234, 16
732,234,234, 16
733,234,234, 16
734,234,234, 16
735,234,234, 16
736,233,233, 17
737,233,233, 17
738,233,233, 17
739,233,233, 17
740,233,233, 17
741,233,233, 17
742,233,233, 17
743,233,233, 17
744,233,233, 17
745,233,233, 17
746,233,233, 17
747,233,233, 17
748,233,233, 17
749,233,233, 17
750,233,233, 17
751,233,233, 17
752,233,233, 17
753,232,232, 18
754,232,232, 18
755,232,232, 18
756,232,232, 18
757,232,232, 18
758,232,232, 18
759,232,232, 18
760,232,232, 18
761,232,232, 18
762,232,232, 18
763,232,232, 18
764,232,232, 18
765,232,232, 18
766,232,232, 18
767,232,232, 18
768,232,232, 18
769,232,232, 18
770,232,232, 18
771,232,232, 18
772,232,232, 18
773,232,232, 18
774,232,232, 18
775,232,232, 18
776,232,232, 18
777,232,232, 18
778,232,232, 18
779,232,232, 18
780,232,232, 18
781,232,232, 18
782,232,232, 18
783,232,232, 18
784,232,232, 18
785,232,232, 18
786,232,232, 18
787,232,232, 18
788,232,232, 18
789,232,232, 18
790,232,232, 18
791,232,232, 18
792,232,232, 18
793,232,232, 18
794,232,232, 18
795,232,232, 18
796,232,232, 18
797,232,232, 18
798,232,232, 18
799,232,232, 18
800,232,232, 18
801,232,232, 18
802,232,232, 18
803,232,232, 18
804,232,232, 18
805,232,232, 18
806,232,232, 18
807,232,232, 18
808,232,232, 18
809,232,232, 18
810,232,232, 18
811,231,231, 19
812,231,231, 19
813,231,231, 19
814,231,231, 19
815,231,231, 19
816,231,231, 19
817,231,231, 19
818,231,231, 19
819,231,231, 19
820,231,231, 19
821,231,231, 19
822,231,231, 19
823,231,231, 19
824,231,231, 19
825,231,231, 19
826,231,231, 19
827,231,231, 19
828,231,231, 19
829,231,231, 19
830,231,231, 19
831,230,230, 20
832,230,230, 20
833,230,230, 20
834,230,230, 20
835,230,230, 20
836,230,230, 20
837,230,230, 20
838,230,230, 20
839,230,230, 20
840,230,230, 20
841,229,229, 21
842,229,229, 21
843,229,229, 21
844,229,229, 21
845,229,229, 21
846,229,229, 21
847,229,229, 21
848,229,229, 21
849,229,229, 21
850,229,229, 21
851,229,229, 21
852,229,229, 21
853,229,229, 21
854,229,229, 21
855,229,229, 21
856,229,229, 21
857,229,229, 21
858,229,229, 21
859,229,229, 21
860,229,229, 21
861,229,229, 21
862,229,229, 21
863,229,229, 21
864,229,229, 21
865,229,229, 21
866,229,229, 21
867,229,229, 21
868,229,229, 21
869,229,229, 21
870,229,229, 21
871,229,229, 21
872,229,229, 21
873,229,229, 21
874,229,229, 21
875,229,229, 21
876,229,229, 21
877,229,229, 21
878,229,229, 21
879,229,229, 21
880,229,229, 21
881,229,229, 21
882,229,229, 21
883,229,229, 21
884,229,229, 21
885,229,229, 21
886,229,229, 21
887,229,229, 21
888,229,229, 21
889,229,229, 21
890,229,229, 21
891,229,229, 21
892,229,229, 21
893,229,229, 21
894,229,229, 21
895,229,229, 21
896,229,229, 21
897,229,229, 21
898,229,229, 21
899,229,229, 21
900,229,229, 21
901,229,229, 21
902,229,229, 21
903,229,229, 21
904,229,229, 21
905,229,229, 21
906,229,229, 21
907,229,229, 21
908,229,229, 21
909,229,229, 21
910,229,229, 21
911,229,229, 21
912,229,229, 21
913,229,229, 21
914,229,229, 21
915,229,229, 21
916,229,229, 21
917,229,229, 21
918,229,229, 21
919,229,229, 21
920,229,229, 21
921,229,229, 21
922,229,229, 21
923,229,229, 21
924,229,229, 21
925,229,229, 21
926,229,229, 21
927,229,229, 21
928,229,229, 21
929,229,229, 21
930,229,229, 21
931,229,229, 21
932,229,229, 21
933,229,229, 21
934,229,229, 21
935,229,229, 21
936,229,229, 21
937,229,229, 21
938,229,229, 21
939,229,229, 21
940,229,229, 21
941,229,229, 21
942,229,229, 21
943,229,229, 21
944,229,229, 21
945,229,229, 21
946,229,229, 21
947,229,229, 21
948,229,229, 21
949,229,229, 21
950,229,229, 21
951,229,229, 21
952,229,229, 21
953,229,229, 21
954,229,229, 21
955,229,229, 21
956,229,229, 21
957,229,229, 21
958,229,229, 21
959,229,229, 21
960,229,229, 21
961,229,229, 21
962,229,229, 21
963,229,229, 21
964,229,229, 21
965,229,229, 21
966,229,229, 21
967,229,229, 21
968,229,229, 21
969,229,229, 21
970,229,229, 21
971,229,229, 21
972,229,229, 21
973,229,229, 21
974,229,229, 21
975,229,229, 21
976,229,229, 21
977,229,229, 21
978,229,229, 21
979,229,229, 21
980,229,229, 21
981,229,229, 21
982,229,229, 21
983,229,229, 21
984,229,229, 21
985,229,229, 21
986,229,229, 21
987,229,229, 21
988,229,229, 21
989,229,229, 21
990,229,229, 21
991,229,229, 21
992,229,229, 21
993,229,229, 21
994,229,229, 21
995,229,229, 21
996,229,229, 21
997,229,229, 21
998,229,229, 21
999,229,229, 21
1000,229,229, 21
1001,229,229, 21
1002,229,229, 21
1003,229,229, 21
1004,229,229, 21
1005,229,229, 21
1006,229,229, 21
1007,229,229, 21
1008,229,229, 21
1009,229,229, 21
1010,229,229, 21
1011,229,229, 21
1012,229,229, 21
1013,229,229, 21
1014,229,229, 21
1015,229,229, 21
1016,229,229, 21
1017,229,229, 21
1018,229,229, 21
1019,229,229, 21
1020,229,229, 21
1021,229,229, 21
1022,229,229, 21
1023,229,229, 21
1024,229,229, 21
1025,229,229, 21
1026,229,229, 21
1027,229,229, 21
1028,229,229, 21
1029,229,229, 21
1030,229,229, 21
1031,229,229, 21
1032,229,229, 21
1033,229,229, 21
1034,229,229, 21
1035,229,229, 21
1036,229,229, 21
1037,229,229, 21
1038,229,229, 21
1039,229,229, 21
1040,229,229, 21
1041,229,229, 21
1042,229,229, 21
1043,229,229, 21
1044,229,229, 21
1045,229,229, 21
1046,229,229, 21
1047,229,229, 21
1048,229,229, 21
1049,229,229, 21
1050,229,229, 21
1051,229,229, 21
1052,228,228, 22
1053,228,228, 22
1054,228,228, 22
1055,228,228, 22
1056,228,228, 22
1057,228,228, 22
1058,228,228, 22
1059,228,228, 22
1060,228,228, 22
1061,228,228, 22
1062,228,228, 22
1063,228,228, 22
1064,228,228, 22
1065,228,228, 22
1066,228,228, 22
1067,228,228, 22
1068,228,228, 22
1069,228,228, 22
1070,228,228, 22
1071,228,228, 22
1072,228,228, 22
1073,228,228, 22
1074,228,228, 22
1075,228,228, 22
1076,228,228, 22
1077,228,228, 22
1078,228,228, 22
1079,228,228, 22
1080,228,228, 22
1081,228,228, 22
1082,228,228, 22
1083,228,228, 22
1084,228,228, 22
1085,228,228, 22
1086,228,228, 22
1087,228,228, 22
1088,228,228, 22
1089,228,228, 22
1090,228,228, 22
1091,228,228, 22
1092,228,228, 22
1093,228,228, 22
1094,228,228, 22
1095,228,228, 22
1096,228,228, 22
1097,228,228, 22
1098,228,228, 22
1099,228,228, 22
1100,228,228, 22
1101,228,228, 22
1102,228,228, 22
1103,228,228, 22
1104,228,228, 22
1105,228,228, 22
1106,228,228, 22
1107,228,228, 22
1108,228,228, 22
1109,228,228, 22
1110,228,228, 22
1111,228,228, 22
1112,228,228, 22
1113,228,228, 22
1114,228,228, 22
1115,228,228, 22
1116,228,228, 22
1117,228,228, 22
1118,228,228, 22
1119,228,228, 22
1120,228,228, 22
1121,228,228, 22
1122,228,228, 22
1123,228,228, 22
1124,228,228, 22
1125,228,228, 22
1126,228,228, 22
1127,228,228, 22
1128,227,227, 23
1129,227,227, 23
1130,227,227, 23
1131,227,227, 23
1132,227,227, 23
1133,227,227, 23
1134,227,227, 23
1135,227,227, 23
1136,227,227, 23
1137,227,227, 23
1138,227,227, 23
1139,227,227, 23
1140,227,227, 23
1141,227,227, 23
1142,227,227, 23
1143,227,227, 23
1144,227,227, 23
1145,227,227, 23
1146,227,227, 23
1147,227,227, 23
1148,227,227, 23
1149,227,227, 23
1150,227,227, 23
1151,227,227, 23
1152,227,227, 23
1153,227,227, 23
1154,227,227, 23
1155,227,227, 23
1156,227,227, 23
1157,227,227, 23
1158,227,227, 23
1159,227,227, 23
1160,227,227, 23
1161,227,227, 23
1162,227,227, 23
1163,227,227, 23
1164,227,227, 23
1165,227,227, 23
1166,227,227, 23
1167,227,227, 23
1168,227,227, 23
1169,227,227, 23
1170,227,227, 23
1171,227,227, 23
1172,227,227, 23
1173,227,227, 23
1174,227,227, 23
1175,227,227, 23
1176,227,227, 23
1177,227,227, 23
1178,227,227, 23
1179,227,227, 23
1180,227,227, 23
1181,227,227, 23
1182,227,227, 23
1183,227,227, 23
1184,227,227, 23
1185,227,227, 23
1186,227,227, 23
1187,227,227, 23
1188,226,226, 24
1189,226,226, 24
1190,226,226, 24
1191,226,226, 24
1192,226,226, 24
1193,226,226, 24
1194,226,226, 24
1195,226,226, 24
1196,226,226, 24
1197,226,226, 24
1198,226,226, 24
1199,226,226, 24
1200,226,226, 24
1201,226,226, 24
1202,226,226, 24
1203,226,226, 24
1204,226,226, 24
1205,226,226, 24
1206,226,226, 24
1207,226,226, 24
1208,226,226, 24
1209,226,226, 24
1210,226,226, 24
1211,226,226, 24
1212,226,226, 24
1213,226,226, 24
1214,226,226, 24
1215,226,226, 24
1216,226,226, 24
1217,226,226, 24
1218,226,226, 24
1219,226,226, 24
1220,226,226, 24
1221,226,226, 24
1222,226,226, 24
1223,226,226, 24
1224,226,226, 24
1225,226,226, 24
1226,226,226, 24
1227,226,226, 24
1228,226,226, 24
1229,226,226, 24
1230,226,226, 24
1231,226,226, 24
1232,226,226, 24
1233,226,226, 24
1234,226,226, 24
1235,226,226, 24
1236,226,226, 24
1237,226,226, 24
1238,226,226, 24
1239,226,226, 24
1240,226,226, 24
1241,226,226, 24
1242,226,226, 24
1243,226,226, 24
1244,226,226, 24
1245,226,226, 24
1246,226,226, 24
1247,226,226, 24
1248,226,226, 24
1249,226,226, 24
1250,226,226, 24
1251,226,226, 24
1252,226,226, 24
1253,226,226, 24
1254,226,226, 24
1255,225,225, 25
1256,225,225, 25
1257,225,225, 25
1258,225,225, 25
1259,225,225, 25
1260,225,225, 25
1261,225,225, 25
1262,225,225, 25
1263,225,225, 25
1264,225,225, 25
1265,225,225, 25
1266,225,225, 25
1267,225,225, 25
1268,225,225, 25
1269,225,225, 25
1270,225,225, 25
1271,225,225, 25
1272,225,225, 25
1273,225,225, 25
1274,225,225, 25
1275,225,225, 25
1276,225,225, 25
1277,225,225, 25
1278,225,225, 25
1279,225,225, 25
1280,225,225, 25
1281,225,225, 25
1282,225,225, 25
1283,225,225, 25
1284,225,225, 25
1285,225,225, 25
1286,225,225, 25
1287,225,225, 25
1288,225,225, 25
1289,225,225, 25
1290,225,225, 25
1291,225,225, 25
1292,225,225, 25
1293,225,225, 25
1294,225,225, 25
1295,225,225, 25
1296,225,225, 25
1297,225,225, 25
1298,225,225, 25
1299,225,225, 25
1300,225,225, 25
1301,225,225, 25
1302,225,225, 25
1303,225,225, 25
1304,225,225, 25
1305,225,225, 25
1306,225,225, 25
1307,225,225, 25
1308,225,225, 25
1309,225,225, 25
1310,225,225, 25
1311,225,225, 25
1312,225,225, 25
1313,225,225, 25
1314,225,225, 25
1315,225,225, 25
1316,225,225, 25
1317,225,225, 25
1318,225,225, 25
1319,225,225, 25
1320,225,225, 25
1321,225,225, 25
1322,225,225, 25
1323,225,225, 25
1324,225,225, 25
1325,225,225, 25
1326,225,225, 25
1327,225,225, 25
1328,225,225, 25
1329,225,225, 25
1330,225,225, 25
1331,225,225, 25
1332,225,225, 25
1333,225,225, 25
1334,225,225, 25
1335,225,225, 25
1336,225,225, 25
1337,225,225, 25
1338,225,225, 25
1339,225,225, 25
1340,225,225, 25
1341,225,225, 25
1342,225,225, 25
1343,225,225, 25
1344,225,225, 25
1345,225,225, 25
1346,225,225, 25
1347,225,225, 25
1348,225,225, 25
1349,225,225, 25
1350,225,225, 25
1351,225,225, 25
1352,225,225, 25
1353,225,225, 25
1354,225,225, 25
1355,225,225, 25
1356,225,225, 25
1357,225,225, 25
1358,225,225, 25
1359,225,225, 25
1360,225,225, 25
1361,225,225, 25
1362,225,225, 25
1363,225,225, 25
1364,225,225, 25
1365,225,225, 25
1366,225,225, 25
1367,225,225, 25
1368,225,225, 25
1369,225,225, 25
1370,225,225, 25
1371,225,225, 25
1372,225,225, 25
1373,225,225, 25
1374,225,225, 25
1375,225,225, 25
1376,225,225, 25
1377,225,225, 25
1378,225,225, 25
1379,225,225, 25
1380,225,225, 25
1381,225,225, 25
1382,225,225, 25
1383,225,225, 25
1384,225,225, 25
1385,225,225, 25
1386,225,225, 25
1387,225,225, 25
1388,225,225, 25
1389,225,225, 25
1390,225,225, 25
1391,225,225, 25
1392,225,225, 25
1393,225,225, 25
1394,225,225, 25
1395,225,225, 25
1396,225,225, 25
1397,225,225, 25
1398,225,225, 25
1399,225,225, 25
1400,225,225, 25
1401,225,225, 25
1402,225,225, 25
1403,225,225, 25
1404,225,225, 25
1405,225,225, 25
1406,225,225, 25
1407,225,225, 25
1408,225,225, 25
1409,224,224, 26
1410,224,224, 26
1411,224,224, 26
1412,224,224, 26
1413,224,224, 26
1414,224,224, 26
1415,224,224, 26
1416,224,224, 26
1417,224,224, 26
1418,224,224, 26
1419,224,224, 26
1420,224,224, 26
1421,224,224, 26
1422,224,224, 26
1423,224,224, 26
1424,224,224, 26
1425,224,224, 26
1426,224,224, 26
1427,224,224, 26
1428,224,224, 26
1429,224,224, 26
1430,224,224, 26
1431,224,224, 26
1432,224,224, 26
1433,224,224, 26
1434,224,224, 26
1435,224,224, 26
1436,224,224, 26
1437,224,224, 26
1438,224,224, 26
1439,224,224, 26
1440,224,224, 26
1441,224,224, 26
1442,224,224, 26
1443,224,224, 26
1444,224,224, 26
1445,224,224, 26
1446,224,224, 26
1447,224,224, 26
1448,224,224, 26
1449,224,224, 26
1450,224,224, 26
1451,224,224, 26
1452,224,224, 26
1453,224,224, 26
1454,224,224, 26
1455,224,224, 26
1456,224,224, 26
1457,224,224, 26
1458,224,224, 26
1459,224,224, 26
1460,224,224, 26
1461,224,224, 26
1462,224,224, 26
1463,224,224, 26
1464,224,224, 26
1465,224,224, 26
1466,224,224, 26
1467,224,224, 26
1468,224,224, 26
1469,224,224, 26
1470,224,224, 26
1471,224,224, 26
1472,224,224, 26
1473,224,224, 26
1474,224,224, 26
1475,224,224, 26
1476,224,224, 26
1477,224,224, 26
1478,224,224, 26
1479,224,224, 26
1480,224,224, 26
1481,224,224, 26
1482,224,224, 26
1483,224,224, 26
1484,224,224, 26
1485,224,224, 26
1486,224,224, 26
1487,224,224, 26
1488,224,224, 26
1489,224,224, 26
1490,224,224, 26
1491,224,224, 26
1492,224,224, 26
1493,224,224, 26
1494,224,224, 26
1495,224,224, 26
1496,224,224, 26
1497,224,224, 26
1498,224,224, 26
1499,224,224, 26
