0,249,249, 1
1,247,247, 3
2,246,246, 4
3,246,246, 4
4,246,246, 4
5,246,246, 4
6,246,246, 4
7,246,246, 4
8,246,246, 4
9,246,246, 4
10,246,246, 4
11,246,246, 4
12,246,246, 4
13,246,246, 4
14,246,246, 4
15,246,246, 4
16,246,246, 4
17,246,246, 4
18,246,246, 4
19,246,246, 4
20,246,246, 4
21,246,246, 4
22,246,246, 4
23,246,246, 4
24,246,246, 4
25,246,246, 4
26,246,246, 4
27,246,246, 4
28,246,246, 4
29,246,246, 4
30,246,246, 4
31,246,246, 4
32,246,246, 4
33,246,246, 4
34,246,246, 4
35,246,246, 4
36,246,246, 4
37,246,246, 4
38,246,246, 4
39,246,246, 4
40,246,246, 4
41,246,246, 4
42,246,246, 4
43,246,246, 4
44,246,246, 4
45,246,246, 4
46,246,246, 4
47,246,246, 4
48,246,246, 4
49,246,246, 4
50,246,246, 4
51,246,246, 4
52,246,246, 4
53,245,245, 5
54,244,244, 6
55,244,244, 6
56,244,244, 6
57,244,244, 6
58,244,244, 6
59,244,244, 6
60,244,244, 6
61,244,244, 6
62,244,244, 6
63,244,244, 6
64,244,244, 6
65,244,244, 6
66,243,243, 7
67,243,243, 7
68,243,243, 7
69,243,243, 7
70,243,243, 7
71,243,243, 7
72,243,243, 7
73,243,243, 7
74,243,243, 7
75,243,243, 7
76,243,243, 7
77,243,243, 7
78,243,243, 7
79,243,243, 7
80,241,241, 9
81,241,241, 9
82,241,241, 9
83,241,241, 9
84,241,241, 9
85,241,241, 9
86,241,241, 9
87,241,241, 9
88,241,241, 9
89,241,241, 9
90,241,241, 9
91,241,241, 9
92,241,241, 9
93,241,241, 9
94,241,241, 9
95,241,241, 9
96,241,241, 9
97,241,241, 9
98,239,239, 11
99,239,239, 11
100,239,239, 11
101,239,239, 11
102,238,238, 12
103,238,238, 12
104,238,238, 12
105,238,238, 12
106,238,238, 12
107,238,238, 12
108,238,238, 12
109,238,238, 12
110,238,238, 12
111,238,238, 12
112,238,238, 12
113,238,238, 12
114,238,238, 12
115,238,238, 12
116,238,238, 12
117,238,238, 12
118,238,238, 12
119,236,236, 14
120,236,236, 14
121,236,236, 14
122,236,236, 14
123,236,236, 14
124,236,236, 14
125,236,236, 14
126,236,236, 14
127,236,236, 14
128,236,236, 14
129,236,236, 14
130,236,236, 14
131,236,236, 14
132,236,236, 14
133,236,236, 14
134,236,236, 14
135,236,236, 14
136,236,236, 14
137,236,236, 14
138,236,236, 14
139,236,236, 14
140,236,236, 14
141,236,236, 14
142,235,235, 15
143,235,235, 15
144,235,235, 15
145,235,235, 15
146,235,235, 15
147,235,235, 15
148,235,235, 15
149,235,235, 15
150,235,235, 15
151,235,235, 15
152,235,235, 15
153,235,235, 15
154,233,233, 17
155,233,233, 17
156,233,233, 17
157,233,233, 17
158,233,233, 17
159,233,233, 17
160,233,233, 17
161,233,233, 17
162,231,231, 19
163,231,231, 19
164,231,231, 19
165,231,231, 19
166,231,231, 19
167,231,231, 19
168,231,231, 19
169,231,231, 19
170,231,231, 19
171,231,231, 19
172,231,231, 19
173,231,231, 19
174,231,231, 19
175,231,231, 19
176,231,231, 19
177,231,231, 19
178,231,231, 19
179,231,231, 19
180,231,231, 19
181,231,231, 19
182,231,231, 19
183,231,231, 19
184,230,230, 20
185,229,229, 21
186,229,229, 21
187,229,229, 21
188,229,229, 21
189,229,229, 21
190,229,229, 21
191,229,229, 21
192,229,229, 21
193,229,229, 21
194,229,229, 21
195,229,229, 21
196,229,229, 21
197,229,229, 21
198,229,229, 21
199,229,229, 21
200,229,229, 21
201,229,229, 21
202,229,229, 21
203,229,229, 21
204,228,228, 22
205,228,228, 22
206,228,228, 22
207,228,228, 22
208,228,228, 22
209,228,228, 22
210,228,228, 22
211,228,228, 22
212,228,228, 22
213,228,228, 22
214,228,228, 22
215,228,228, 22
216,228,228, 22
217,228,228, 22
218,228,228, 22
219,228,228, 22
220,228,228, 22
221,228,228, 22
222,228,228, 22
223,228,228, 22
224,228,228, 22
225,228,228, 22
226,228,228, 22
227,228,228, 22
228,228,228, 22
229,227,227, 23
230,227,227, 23
231,227,227, 23
232,227,227, 23
233,227,227, 23
234,227,227, 23
235,227,227, 23
236,227,227, 23
237,227,227, 23
238,227,227, 23
239,227,227, 23
240,227,227, 23
241,227,227, 23
242,227,227, 23
243,226,226, 24
244,226,226, 24
245,226,226, 24
246,226,226, 24
247,226,226, 24
248,226,226, 24
249,226,226, 24
250,226,226, 24
251,226,226, 24
252,224,224, 26
253,224,224, 26
254,223,223, 27
255,223,223, 27
256,223,223, 27
257,223,223, 27
258,223,223, 27
259,223,223, 27
260,223,223, 27
261,223,223, 27
262,223,223, 27
263,223,223, 27
264,223,223, 27
265,223,223, 27
266,223,223, 27
267,223,223, 27
268,223,223, 27
269,223,223, 27
270,223,223, 27
271,223,223, 27
272,223,223, 27
273,223,223, 27
274,223,223, 27
275,223,223, 27
276,223,223, 27
277,223,223, 27
278,223,223, 27
279,223,223, 27
280,223,223, 27
281,223,223, 27
282,223,223, 27
283,222,222, 28
284,222,222, 28
285,222,222, 28
286,221,221, 29
287,221,221, 29
288,221,221, 29
289,221,221, 29
290,221,221, 29
291,221,221, 29
292,221,221, 29
293,221,221, 29
294,221,221, 29
295,221,221, 29
296,221,221, 29
297,221,221, 29
298,221,221, 29
299,221,221, 29
300,221,221, 29
301,221,221, 29
302,221,221, 29
303,221,221, 29
304,221,221, 29
305,221,221, 29
306,221,221, 29
307,221,221, 29
308,221,221, 29
309,220,220, 30
310,220,220, 30
311,219,219, 31
312,218,218, 32
313,218,218, 32
314,218,218, 32
315,218,218, 32
316,218,218, 32
317,218,218, 32
318,218,218, 32
319,218,218, 32
320,218,218, 32
321,218,218, 32
322,218,218, 32
323,218,218, 32
324,218,218, 32
325,218,218, 32
326,218,218, 32
327,216,216, 34
328,216,216, 34
329,216,216, 34
330,216,216, 34
331,216,216, 34
332,216,216, 34
333,216,216, 34
334,216,216, 34
335,216,216, 34
336,215,215, 35
337,215,215, 35
338,215,215, 35
339,215,215, 35
340,215,215, 35
341,215,215, 35
342,215,215, 35
343,215,215, 35
344,215,215, 35
345,215,215, 35
346,214,214, 36
347,214,214, 36
348,214,214, 36
349,214,214, 36
350,214,214, 36
351,214,214, 36
352,214,214, 36
353,213,213, 37
354,213,213, 37
355,212,212, 38
356,211,211, 39
357,211,211, 39
358,211,211, 39
359,211,211, 39
360,211,211, 39
361,211,211, 39
362,211,211, 39
363,211,211, 39
364,210,210, 40
365,209,209, 41
366,209,209, 41
367,209,209, 41
368,209,209, 41
369,209,209, 41
370,209,209, 41
371,209,209, 41
372,209,209, 41
373,209,209, 41
374,209,209, 41
375,209,209, 41
376,209,209, 41
377,209,209, 41
378,209,209, 41
379,209,209, 41
380,209,209, 41
381,209,209, 41
382,209,209, 41
383,209,209, 41
384,209,209, 41
385,209,209, 41
386,209,209, 41
387,209,209, 41
388,209,209, 41
389,209,209, 41
390,209,209, 41
391,209,209, 41
392,209,209, 41
393,209,209, 41
394,209,209, 41
395,209,209, 41
396,209,209, 41
397,209,209, 41
398,209,209, 41
399,209,209, 41
400,209,209, 41
401,209,209, 41
402,209,209, 41
403,209,209, 41
404,209,209, 41
405,209,209, 41
406,209,209, 41
407,209,209, 41
408,209,209, 41
409,209,209, 41
410,209,209, 41
411,209,209, 41
412,209,209, 41
413,209,209, 41
414,209,209, 41
415,209,209, 41
416,209,209, 41
417,209,209, 41
418,209,209, 41
419,209,209, 41
420,209,209, 41
421,209,209, 41
422,209,209, 41
423,209,209, 41
424,209,209, 41
425,209,209, 41
426,209,209, 41
427,207,207, 43
428,207,207, 43
429,207,207, 43
430,207,207, 43
431,207,207, 43
432,207,207, 43
433,207,207, 43
434,207,207, 43
435,207,207, 43
436,207,207, 43
437,207,207, 43
438,206,206, 44
439,206,206, 44
440,206,206, 44
441,206,206, 44
442,206,206, 44
443,206,206, 44
444,206,206, 44
445,206,206, 44
446,206,206, 44
447,206,206, 44
448,206,206, 44
449,206,206, 44
450,206,206, 44
451,206,206, 44
452,206,206, 44
453,204,204, 46
454,204,204, 46
455,204,204, 46
456,204,204, 46
457,204,204, 46
458,204,204, 46
459,204,204, 46
460,204,204, 46
461,204,204, 46
462,204,204, 46
463,203,203, 47
464,203,203, 47
465,203,203, 47
466,203,203, 47
467,203,203, 47
468,203,203, 47
469,203,203, 47
470,203,203, 47
471,203,203, 47
472,203,203, 47
473,202,202, 48
474,202,202, 48
475,202,202, 48
476,202,202, 48
477,202,202, 48
478,202,202, 48
479,202,202, 48
480,202,202, 48
481,202,202, 48
482,202,202, 48
483,202,202, 48
484,200,200, 50
485,200,200, 50
486,200,200, 50
487,200,200, 50
488,200,200, 50
489,198,198, 52
490,198,198, 52
491,198,198, 52
492,198,198, 52
493,198,198, 52
494,198,198, 52
495,198,198, 52
496,198,198, 52
497,198,198, 52
498,197,197, 53
499,197,197, 53
500,197,197, 53
501,197,197, 53
502,197,197, 53
503,197,197, 53
504,197,197, 53
505,197,197, 53
506,197,197, 53
507,197,197, 53
508,197,197, 53
509,197,197, 53
510,197,197, 53
511,197,197, 53
512,197,197, 53
513,197,197, 53
514,197,197, 53
515,197,197, 53
516,197,197, 53
517,197,197, 53
518,197,197, 53
519,197,197, 53
520,197,197, 53
521,197,197, 53
522,197,197, 53
523,197,197, 53
524,197,197, 53
525,197,197, 53
526,197,197, 53
527,197,197, 53
528,197,197, 53
529,197,197, 53
530,197,197, 53
531,197,197, 53
532,197,197, 53
533,197,197, 53
534,197,197, 53
535,196,196, 54
536,195,195, 55
537,195,195, 55
538,195,195, 55
539,195,195, 55
540,195,195, 55
541,195,195, 55
542,195,195, 55
543,195,195, 55
544,195,195, 55
545,195,195, 55
546,195,195, 55
547,195,195, 55
548,195,195, 55
549,195,195, 55
550,195,195, 55
551,195,195, 55
552,195,195, 55
553,195,195, 55
554,195,195, 55
555,195,195, 55
556,195,195, 55
557,195,195, 55
558,195,195, 55
559,195,195, 55
560,195,195, 55
561,195,195, 55
562,195,195, 55
563,195,195, 55
564,195,195, 55
565,195,195, 55
566,195,195, 55
567,195,195, 55
568,195,195, 55
569,195,195, 55
570,195,195, 55
571,195,195, 55
572,195,195, 55
573,195,195, 55
574,195,195, 55
575,195,195, 55
576,195,195, 55
577,195,195, 55
578,195,195, 55
579,195,195, 55
580,195,195, 55
581,195,195, 55
582,195,195, 55
583,195,195, 55
584,195,195, 55
585,195,195, 55
586,195,195, 55
587,195,195, 55
588,195,195, 55
589,195,195, 55
590,195,195, 55
591,195,195, 55
592,195,195, 55
593,195,195, 55
594,195,195, 55
595,195,195, 55
596,195,195, 55
597,195,195, 55
598,194,194, 56
599,194,194, 56
600,194,194, 56
601,194,194, 56
602,194,194, 56
603,194,194, 56
604,194,194, 56
605,194,194, 56
606,194,194, 56
607,194,194, 56
608,194,194, 56
609,194,194, 56
610,194,194, 56
611,194,194, 56
612,194,194, 56
613,194,194, 56
614,194,194, 56
615,194,194, 56
616,194,194, 56
617,194,194, 56
618,194,194, 56
619,194,194, 56
620,194,194, 56
621,194,194, 56
622,194,194, 56
623,194,194, 56
624,194,194, 56
625,194,194, 56
626,194,194, 56
627,194,194, 56
628,194,194, 56
629,194,194, 56
630,194,194, 56
631,194,194, 56
632,194,194, 56
633,194,194, 56
634,194,194, 56
635,194,194, 56
636,194,194, 56
637,194,194, 56
638,194,194, 56
639,194,194, 56
640,193,193, 57
641,193,193, 57
642,193,193, 57
643,193,193, 57
644,193,193, 57
645,193,193, 57
646,193,193, 57
647,193,193, 57
648,193,193, 57
649,193,193, 57
650,193,193, 57
651,193,193, 57
652,193,193, 57
653,192,192, 58
654,192,192, 58
655,192,192, 58
656,192,192, 58
657,192,192, 58
658,192,192, 58
659,192,192, 58
660,192,192, 58
661,192,192, 58
662,192,192, 58
663,192,192, 58
664,192,192, 58
665,192,192, 58
666,192,192, 58
667,192,192, 58
668,192,192, 58
669,192,192, 58
670,192,192, 58
671,192,192, 58
672,192,192, 58
673,192,192, 58
674,192,192, 58
675,192,192, 58
676,192,192, 58
677,192,192, 58
678,192,192, 58
679,192,192, 58
680,192,192, 58
681,192,192, 58
682,192,192, 58
683,192,192, 58
684,192,192, 58
685,192,192, 58
686,192,192, 58
687,192,192, 58
688,192,192, 58
689,192,192, 58
690,192,192, 58
691,192,192, 58
692,192,192, 58
693,192,192, 58
694,192,192, 58
695,192,192, 58
696,192,192, 58
697,191,191, 59
698,191,191, 59
699,191,191, 59
700,191,191, 59
701,191,191, 59
702,191,191, 59
703,191,191, 59
704,191,191, 59
705,191,191, 59
706,191,191, 59
707,191,191, 59
708,191,191, 59
709,191,191, 59
710,191,191, 59
711,191,191, 59
712,191,191, 59
713,191,191, 59
714,191,191, 59
715,191,191, 59
716,191,191, 59
717,191,191, 59
718,191,191, 59
719,191,191, 59
720,191,191, 59
721,191,191, 59
722,191,191, 59
723,191,191, 59
724,191,191, 59
725,191,191, 59
726,191,191, 59
727,191,191, 59
728,191,191, 59
729,191,191, 59
730,191,191, 59
731,191,191, 59
732,191,191, 59
733,190,190, 60
734,190,190, 60
735,190,190, 60
736,190,190, 60
737,190,190, 60
738,190,190, 60
739,190,190, 60
740,190,190, 60
741,190,190, 60
742,190,190, 60
743,190,190, 60
744,190,190, 60
745,190,190, 60
746,190,190, 60
747,190,190, 60
748,190,190, 60
749,190,190, 60
750,189,189, 61
751,189,189, 61
752,189,189, 61
753,189,189, 61
754,189,189, 61
755,188,188, 62
756,187,187, 63
757,187,187, 63
758,186,186, 64
759,185,185, 65
760,184,184, 66
761,184,184, 66
762,184,184, 66
763,184,184, 66
764,184,184, 66
765,184,184, 66
766,184,184, 66
767,184,184, 66
768,184,184, 66
769,184,184, 66
770,184,184, 66
771,184,184, 66
772,184,184, 66
773,184,184, 66
774,184,184, 66
775,184,184, 66
776,184,184, 66
777,184,184, 66
778,184,184, 66
779,184,184, 66
780,184,184, 66
781,184,184, 66
782,184,184, 66
783,184,184, 66
784,184,184, 66
785,184,184, 66
786,184,184, 66
787,184,184, 66
788,184,184, 66
789,184,184, 66
790,184,184, 66
791,184,184, 66
792,184,184, 66
793,184,184, 66
794,184,184, 66
795,184,184, 66
796,184,184, 66
797,184,184, 66
798,184,184, 66
799,184,184, 66
800,184,184, 66
801,184,184, 66
802,184,184, 66
803,184,184, 66
804,184,184, 66
805,184,184, 66
806,184,184, 66
807,184,184, 66
808,184,184, 66
809,184,184, 66
810,184,184, 66
811,184,184, 66
812,184,184, 66
813,184,184, 66
814,184,184, 66
815,184,184, 66
816,184,184, 66
817,184,184, 66
818,184,184, 66
819,184,184, 66
820,184,184, 66
821,184,184, 66
822,184,184, 66
823,184,184, 66
824,184,184, 66
825,184,184, 66
826,184,184, 66
827,184,184, 66
828,184,184, 66
829,184,184, 66
830,184,184, 66
831,184,184, 66
832,184,184, 66
833,184,184, 66
834,184,184, 66
835,184,184, 66
836,184,184, 66
837,184,184, 66
838,184,184, 66
839,184,184, 66
840,184,184, 66
841,184,184, 66
842,184,184, 66
843,184,184, 66
844,184,184, 66
845,184,184, 66
846,184,184, 66
847,184,184, 66
848,184,184, 66
849,184,184, 66
850,184,184, 66
851,184,184, 66
852,184,184, 66
853,184,184, 66
854,184,184, 66
855,184,184, 66
856,184,184, 66
857,184,184, 66
858,184,184, 66
859,184,184, 66
860,184,184, 66
861,184,184, 66
862,184,184, 66
863,184,184, 66
864,184,184, 66
865,184,184, 66
866,184,184, 66
867,184,184, 66
868,184,184, 66
869,183,183, 67
870,183,183, 67
871,182,182, 68
872,181,181, 69
873,181,181, 69
874,181,181, 69
875,181,181, 69
876,181,181, 69
877,181,181, 69
878,181,181, 69
879,181,181, 69
880,181,181, 69
881,181,181, 69
882,181,181, 69
883,181,181, 69
884,181,181, 69
885,181,181, 69
886,181,181, 69
887,181,181, 69
888,181,181, 69
889,181,181, 69
890,181,181, 69
891,181,181, 69
892,181,181, 69
893,181,181, 69
894,181,181, 69
895,181,181, 69
896,181,181, 69
897,181,181, 69
898,181,181, 69
899,181,181, 69
900,181,181, 69
901,181,181, 69
902,181,181, 69
903,181,181, 69
904,181,181, 69
905,181,181, 69
906,181,181, 69
907,181,181, 69
908,181,181, 69
909,181,181, 69
910,180,180, 70
911,180,180, 70
912,180,180, 70
913,180,180, 70
914,180,180, 70
915,180,180, 70
916,180,180, 70
917,180,180, 70
918,180,180, 70
919,180,180, 70
920,180,180, 70
921,180,180, 70
922,180,180, 70
923,180,180, 70
924,180,180, 70
925,180,180, 70
926,180,180, 70
927,180,180, 70
928,180,180, 70
929,180,180, 70
930,180,180, 70
931,180,180, 70
932,180,180, 70
933,180,180, 70
934,180,180, 70
935,180,180, 70
936,180,180, 70
937,180,180, 70
938,180,180, 70
939,180,180, 70
940,180,180, 70
941,180,180, 70
942,180,180, 70
943,180,180, 70
944,180,180, 70
945,180,180, 70
946,180,180, 70
947,180,180, 70
948,180,180, 70
949,180,180, 70
950,180,180, 70
951,180,180, 70
952,180,180, 70
953,180,180, 70
954,180,180, 70
955,180,180, 70
956,180,180, 70
957,180,180, 70
958,180,180, 70
959,180,180, 70
960,180,180, 70
961,180,180, 70
962,180,180, 70
963,180,180, 70
964,180,180, 70
965,180,180, 70
966,180,180, 70
967,180,180, 70
968,180,180, 70
969,180,180, 70
970,180,180, 70
971,180,180, 70
972,179,179, 71
973,179,179, 71
974,179,179, 71
975,179,179, 71
976,179,179, 71
977,179,179, 71
978,179,179, 71
979,179,179, 71
980,179,179, 71
981,179,179, 71
982,179,179, 71
983,179,179, 71
984,179,179, 71
985,179,179, 71
986,179,179, 71
987,179,179, 71
988,179,179, 71
989,179,179, 71
990,179,179, 71
991,179,179, 71
992,179,179, 71
993,179,179, 71
994,179,179, 71
995,179,179, 71
996,179,179, 71
997,178,178, 72
998,178,178, 72
999,178,178, 72
1000,178,178, 72
1001,178,178, 72
1002,178,178, 72
1003,178,178, 72
1004,178,178, 72
1005,178,178, 72
1006,178,178, 72
1007,178,178, 72
1008,178,178, 72
1009,178,178, 72
1010,178,178, 72
1011,178,178, 72
1012,178,178, 72
1013,178,178, 72
1014,178,178, 72
1015,178,178, 72
1016,177,177, 73
1017,177,177, 73
1018,177,177, 73
1019,177,177, 73
1020,177,177, 73
1021,177,177, 73
1022,177,177, 73
1023,177,177, 73
1024,177,177, 73
1025,177,177, 73
1026,177,177, 73
1027,177,177, 73
1028,177,177, 73
1029,177,177, 73
1030,177,177, 73
1031,177,177, 73
1032,177,177, 73
1033,177,177, 73
1034,177,177, 73
1035,177,177, 73
1036,177,177, 73
1037,177,177, 73
1038,177,177, 73
1039,177,177, 73
1040,177,177, 73
1041,177,177, 73
1042,177,177, 73
1043,177,177, 73
1044,177,177, 73
1045,177,177, 73
1046,177,177, 73
1047,177,177, 73
1048,177,177, 73
1049,177,177, 73
1050,177,177, 73
1051,177,177, 73
1052,177,177, 73
1053,177,177, 73
1054,177,177, 73
1055,177,177, 73
1056,177,177, 73
1057,177,177, 73
1058,177,177, 73
1059,177,177, 73
1060,177,177, 73
1061,177,177, 73
1062,177,177, 73
1063,177,177, 73
1064,177,177, 73
1065,177,177, 73
1066,177,177, 73
1067,177,177, 73
1068,177,177, 73
1069,177,177, 73
1070,177,177, 73
1071,177,177, 73
1072,176,176, 74
1073,176,176, 74
1074,176,176, 74
1075,176,176, 74
1076,176,176, 74
1077,176,176, 74
1078,176,176, 74
1079,176,176, 74
1080,175,175, 75
1081,175,175, 75
1082,175,175, 75
1083,174,174, 76
1084,174,174, 76
1085,174,174, 76
1086,174,174, 76
1087,174,174, 76
1088,174,174, 76
1089,174,174, 76
1090,173,173, 77
1091,173,173, 77
1092,173,173, 77
1093,173,173, 77
1094,173,173, 77
1095,173,173, 77
1096,173,173, 77
1097,173,173, 77
1098,173,173, 77
1099,173,173, 77
1100,173,173, 77
1101,173,173, 77
1102,173,173, 77
1103,173,173, 77
1104,173,173, 77
1105,173,173, 77
1106,173,173, 77
1107,173,173, 77
1108,173,173, 77
1109,173,173, 77
1110,173,173, 77
1111,173,173, 77
1112,173,173, 77
1113,173,173, 77
1114,173,173, 77
1115,173,173, 77
1116,173,173, 77
1117,173,173, 77
1118,173,173, 77
1119,173,173, 77
1120,173,173, 77
1121,173,173, 77
1122,173,173, 77
1123,173,173, 77
1124,173,173, 77
1125,173,173, 77
1126,173,173, 77
1127,173,173, 77
1128,173,173, 77
1129,173,173, 77
1130,173,173, 77
1131,173,173, 77
1132,173,173, 77
1133,173,173, 77
1134,173,173, 77
1135,173,173, 77
1136,173,173, 77
1137,173,173, 77
1138,173,173, 77
1139,173,173, 77
1140,173,173, 77
1141,173,173, 77
1142,173,173, 77
1143,173,173, 77
1144,173,173, 77
1145,173,173, 77
1146,173,173, 77
1147,173,173, 77
1148,173,173, 77
1149,173,173, 77
1150,172,172, 78
1151,172,172, 78
1152,172,172, 78
1153,172,172, 78
1154,172,172, 78
1155,172,172, 78
1156,172,172, 78
1157,172,172, 78
1158,172,172, 78
1159,172,172, 78
1160,172,172, 78
1161,172,172, 78
1162,172,172, 78
1163,172,172, 78
1164,172,172, 78
1165,172,172, 78
1166,172,172, 78
1167,172,172, 78
1168,172,172, 78
1169,172,172, 78
1170,172,172, 78
1171,172,172, 78
1172,172,172, 78
1173,172,172, 78
1174,172,172, 78
1175,172,172, 78
1176,172,172, 78
1177,172,172, 78
1178,172,172, 78
1179,172,172, 78
1180,172,172, 78
1181,172,172, 78
1182,172,172, 78
1183,172,172, 78
1184,172,172, 78
1185,172,172, 78
1186,172,172, 78
1187,172,172, 78
1188,172,172, 78
1189,172,172, 78
1190,172,172, 78
1191,172,172, 78
1192,172,172, 78
1193,172,172, 78
1194,172,172, 78
1195,172,172, 78
1196,172,172, 78
1197,172,172, 78
1198,172,172, 78
1199,172,172, 78
1200,172,172, 78
1201,172,172, 78
1202,172,172, 78
1203,172,172, 78
1204,172,172, 78
1205,172,172, 78
1206,172,172, 78
1207,172,172, 78
1208,172,172, 78
1209,172,172, 78
1210,172,172, 78
1211,172,172, 78
1212,172,172, 78
1213,172,172, 78
1214,172,172, 78
1215,172,172, 78
1216,172,172, 78
1217,172,172, 78
1218,172,172, 78
1219,172,172, 78
1220,172,172, 78
1221,172,172, 78
1222,172,172, 78
1223,172,172, 78
1224,172,172, 78
1225,172,172, 78
1226,172,172, 78
1227,172,172, 78
1228,172,172, 78
1229,172,172, 78
1230,172,172, 78
1231,172,172, 78
1232,172,172, 78
1233,172,172, 78
1234,172,172, 78
1235,172,172, 78
1236,172,172, 78
1237,172,172, 78
1238,172,172, 78
1239,172,172, 78
1240,172,172, 78
1241,172,172, 78
1242,172,172, 78
1243,172,172, 78
1244,172,172, 78
1245,172,172, 78
1246,172,172, 78
1247,172,172, 78
1248,172,172, 78
1249,172,172, 78
1250,172,172, 78
1251,172,172, 78
1252,172,172, 78
1253,172,172, 78
1254,172,172, 78
1255,172,172, 78
1256,172,172, 78
1257,172,172, 78
1258,172,172, 78
1259,172,172, 78
1260,172,172, 78
1261,172,172, 78
1262,172,172, 78
1263,172,172, 78
1264,172,172, 78
1265,172,172, 78
1266,172,172, 78
1267,172,172, 78
1268,172,172, 78
1269,172,172, 78
1270,172,172, 78
1271,172,172, 78
1272,172,172, 78
1273,172,172, 78
1274,172,172, 78
1275,172,172, 78
1276,172,172, 78
1277,172,172, 78
1278,172,172, 78
1279,172,172, 78
1280,172,172, 78
1281,172,172, 78
1282,172,172, 78
1283,172,172, 78
1284,172,172, 78
1285,172,172, 78
1286,172,172, 78
1287,172,172, 78
1288,172,172, 78
1289,172,172, 78
1290,172,172, 78
1291,172,172, 78
1292,172,172, 78
1293,172,172, 78
1294,172,172, 78
1295,172,172, 78
1296,172,172, 78
1297,172,172, 78
1298,172,172, 78
1299,172,172, 78
1300,172,172, 78
1301,172,172, 78
1302,172,172, 78
1303,172,172, 78
1304,172,172, 78
1305,172,172, 78
1306,172,172, 78
1307,172,172, 78
1308,172,172, 78
1309,172,172, 78
1310,172,172, 78
1311,172,172, 78
1312,172,172, 78
1313,172,172, 78
1314,172,172, 78
1315,172,172, 78
1316,172,172, 78
1317,172,172, 78
1318,172,172, 78
1319,172,172, 78
1320,172,172, 78
1321,172,172, 78
1322,172,172, 78
1323,172,172, 78
1324,171,171, 79
1325,171,171, 79
1326,171,171, 79
1327,171,171, 79
1328,171,171, 79
1329,171,171, 79
1330,171,171, 79
1331,171,171, 79
1332,171,171, 79
1333,171,171, 79
1334,171,171, 79
1335,171,171, 79
1336,171,171, 79
1337,171,171, 79
1338,171,171, 79
1339,171,171, 79
1340,171,171, 79
1341,171,171, 79
1342,171,171, 79
1343,171,171, 79
1344,171,171, 79
1345,171,171, 79
1346,171,171, 79
1347,171,171, 79
1348,171,171, 79
1349,171,171, 79
1350,171,171, 79
1351,170,170, 80
1352,170,170, 80
1353,170,170, 80
1354,170,170, 80
1355,170,170, 80
1356,170,170, 80
1357,170,170, 80
1358,170,170, 80
1359,170,170, 80
1360,170,170, 80
1361,170,170, 80
1362,170,170, 80
1363,170,170, 80
1364,170,170, 80
1365,170,170, 80
1366,170,170, 80
1367,170,170, 80
1368,170,170, 80
1369,170,170, 80
1370,170,170, 80
1371,170,170, 80
1372,170,170, 80
1373,170,170, 80
1374,170,170, 80
1375,170,170, 80
1376,170,170, 80
1377,170,170, 80
1378,170,170, 80
1379,170,170, 80
1380,170,170, 80
1381,170,170, 80
1382,170,170, 80
1383,170,170, 80
1384,169,169, 81
1385,169,169, 81
1386,169,169, 81
1387,169,169, 81
1388,169,169, 81
1389,169,169, 81
1390,169,169, 81
1391,169,169, 81
1392,169,169, 81
1393,169,169, 81
1394,169,169, 81
1395,169,169, 81
1396,169,169, 81
1397,169,169, 81
1398,168,168, 82
1399,168,168, 82
1400,168,168, 82
1401,168,168, 82
1402,168,168, 82
1403,168,168, 82
1404,168,168, 82
1405,168,168, 82
1406,168,168, 82
1407,168,168, 82
1408,168,168, 82
1409,168,168, 82
1410,168,168, 82
1411,168,168, 82
1412,168,168, 82
1413,168,168, 82
1414,168,168, 82
1415,168,168, 82
1416,168,168, 82
1417,168,168, 82
1418,168,168, 82
1419,168,168, 82
1420,168,168, 82
1421,168,168, 82
1422,168,168, 82
1423,168,168, 82
1424,168,168, 82
1425,168,168, 82
1426,168,168, 82
1427,168,168, 82
1428,168,168, 82
1429,168,168, 82
1430,168,168, 82
1431,168,168, 82
1432,168,168, 82
1433,168,168, 82
1434,168,168, 82
1435,168,168, 82
1436,168,168, 82
1437,167,167, 83
1438,167,167, 83
1439,167,167, 83
1440,167,167, 83
1441,167,167, 83
1442,167,167, 83
1443,167,167, 83
1444,167,167, 83
1445,167,167, 83
1446,167,167, 83
1447,167,167, 83
1448,167,167, 83
1449,167,167, 83
1450,167,167, 83
1451,167,167, 83
1452,167,167, 83
1453,166,166, 84
1454,166,166, 84
1455,166,166, 84
1456,164,164, 86
1457,164,164, 86
1458,164,164, 86
1459,164,164, 86
1460,164,164, 86
1461,164,164, 86
1462,164,164, 86
1463,164,164, 86
1464,164,164, 86
1465,164,164, 86
1466,164,164, 86
1467,164,164, 86
1468,164,164, 86
1469,164,164, 86
1470,164,164, 86
1471,164,164, 86
1472,164,164, 86
1473,164,164, 86
1474,164,164, 86
1475,164,164, 86
1476,164,164, 86
1477,164,164, 86
1478,164,164, 86
1479,164,164, 86
1480,164,164, 86
1481,164,164, 86
1482,164,164, 86
1483,164,164, 86
1484,164,164, 86
1485,164,164, 86
1486,164,164, 86
1487,164,164, 86
1488,164,164, 86
1489,164,164, 86
1490,164,164, 86
1491,164,164, 86
1492,164,164, 86
1493,164,164, 86
1494,164,164, 86
1495,164,164, 86
1496,164,164, 86
1497,164,164, 86
1498,164,164, 86
1499,164,164, 86
