0,248,248, 2
1,248,248, 2
2,247,247, 3
3,246,246, 4
4,246,246, 4
5,246,246, 4
6,246,246, 4
7,246,246, 4
8,246,246, 4
9,246,246, 4
10,246,246, 4
11,246,246, 4
12,246,246, 4
13,246,246, 4
14,246,246, 4
15,246,246, 4
16,246,246, 4
17,246,246, 4
18,246,246, 4
19,246,246, 4
20,246,246, 4
21,246,246, 4
22,246,246, 4
23,246,246, 4
24,246,246, 4
25,245,245, 5
26,243,243, 7
27,243,243, 7
28,243,243, 7
29,243,243, 7
30,242,242, 8
31,242,242, 8
32,242,242, 8
33,242,242, 8
34,242,242, 8
35,241,241, 9
36,241,241, 9
37,241,241, 9
38,241,241, 9
39,241,241, 9
40,241,241, 9
41,241,241, 9
42,241,241, 9
43,241,241, 9
44,241,241, 9
45,241,241, 9
46,241,241, 9
47,241,241, 9
48,241,241, 9
49,241,241, 9
50,241,241, 9
51,241,241, 9
52,241,241, 9
53,241,241, 9
54,241,241, 9
55,239,239, 11
56,239,239, 11
57,239,239, 11
58,239,239, 11
59,239,239, 11
60,239,239, 11
61,239,239, 11
62,239,239, 11
63,239,239, 11
64,239,239, 11
65,239,239, 11
66,239,239, 11
67,238,238, 12
68,238,238, 12
69,238,238, 12
70,238,238, 12
71,238,238, 12
72,236,236, 14
73,236,236, 14
74,235,235, 15
75,235,235, 15
76,234,234, 16
77,234,234, 16
78,234,234, 16
79,234,234, 16
80,234,234, 16
81,234,234, 16
82,234,234, 16
83,234,234, 16
84,234,234, 16
85,234,234, 16
86,234,234, 16
87,234,234, 16
88,234,234, 16
89,234,234, 16
90,234,234, 16
91,234,234, 16
92,234,234, 16
93,234,234, 16
94,234,234, 16
95,234,234, 16
96,234,234, 16
97,234,234, 16
98,234,234, 16
99,234,234, 16
100,234,234, 16
101,234,234, 16
102,234,234, 16
103,234,234, 16
104,234,234, 16
105,234,234, 16
106,234,234, 16
107,234,234, 16
108,234,234, 16
109,234,234, 16
110,234,234, 16
111,234,234, 16
112,234,234, 16
113,234,234, 16
114,234,234, 16
115,234,234, 16
116,234,234, 16
117,234,234, 16
118,234,234, 16
119,234,234, 16
120,234,234, 16
121,234,234, 16
122,234,234, 16
123,234,234, 16
124,234,234, 16
125,234,234, 16
126,234,234, 16
127,234,234, 16
128,234,234, 16
129,234,234, 16
130,234,234, 16
131,234,234, 16
132,234,234, 16
133,234,234, 16
134,234,234, 16
135,234,234, 16
136,234,234, 16
137,234,234, 16
138,234,234, 16
139,234,234, 16
140,234,234, 16
141,234,234, 16
142,234,234, 16
143,234,234, 16
144,234,234, 16
145,234,234, 16
146,234,234, 16
147,234,234, 16
148,234,234, 16
149,234,234, 16
150,234,234, 16
151,234,234, 16
152,234,234, 16
153,234,234, 16
154,234,234, 16
155,234,234, 16
156,234,234, 16
157,234,234, 16
158,234,234, 16
159,234,234, 16
160,234,234, 16
161,234,234, 16
162,234,234, 16
163,234,234, 16
164,234,234, 16
165,234,234, 16
166,234,234, 16
167,234,234, 16
168,234,234, 16
169,234,234, 16
170,234,234, 16
171,234,234, 16
172,234,234, 16
173,234,234, 16
174,234,234, 16
175,234,234, 16
176,234,234, 16
177,234,234, 16
178,234,234, 16
179,234,234, 16
180,234,234, 16
181,233,233, 17
182,233,233, 17
183,233,233, 17
184,233,233, 17
185,233,233, 17
186,233,233, 17
187,233,233, 17
188,233,233, 17
189,233,233, 17
190,233,233, 17
191,233,233, 17
192,233,233, 17
193,233,233, 17
194,233,233, 17
195,233,233, 17
196,233,233, 17
197,233,233, 17
198,233,233, 17
199,233,233, 17
200,233,233, 17
201,233,233, 17
202,233,233, 17
203,233,233, 17
204,233,233, 17
205,233,233, 17
206,233,233, 17
207,233,233, 17
208,233,233, 17
209,233,233, 17
210,233,233, 17
211,233,233, 17
212,233,233, 17
213,233,233, 17
214,233,233, 17
215,231,231, 19
216,231,231, 19
217,231,231, 19
218,231,231, 19
219,231,231, 19
220,231,231, 19
221,231,231, 19
222,231,231, 19
223,231,231, 19
224,231,231, 19
225,231,231, 19
226,231,231, 19
227,231,231, 19
228,231,231, 19
229,231,231, 19
230,231,231, 19
231,231,231, 19
232,231,231, 19
233,229,229, 21
234,229,229, 21
235,229,229, 21
236,229,229, 21
237,229,229, 21
238,229,229, 21
239,229,229, 21
240,229,229, 21
241,229,229, 21
242,229,229, 21
243,229,229, 21
244,229,229, 21
245,229,229, 21
246,229,229, 21
247,228,228, 22
248,228,228, 22
249,228,228, 22
250,228,228, 22
251,228,228, 22
252,228,228, 22
253,228,228, 22
254,228,228, 22
255,228,228, 22
256,228,228, 22
257,228,228, 22
258,228,228, 22
259,228,228, 22
260,228,228, 22
261,228,228, 22
262,228,228, 22
263,228,228, 22
264,228,228, 22
265,228,228, 22
266,228,228, 22
267,228,228, 22
268,228,228, 22
269,228,228, 22
270,228,228, 22
271,228,228, 22
272,228,228, 22
273,228,228, 22
274,228,228, 22
275,228,228, 22
276,228,228, 22
277,227,227, 23
278,227,227, 23
279,227,227, 23
280,227,227, 23
281,227,227, 23
282,227,227, 23
283,227,227, 23
284,227,227, 23
285,227,227, 23
286,227,227, 23
287,227,227, 23
288,227,227, 23
289,227,227, 23
290,227,227, 23
291,227,227, 23
292,227,227, 23
293,227,227, 23
294,227,227, 23
295,227,227, 23
296,227,227, 23
297,227,227, 23
298,227,227, 23
299,227,227, 23
300,227,227, 23
301,227,227, 23
302,227,227, 23
303,227,227, 23
304,226,226, 24
305,225,225, 25
306,225,225, 25
307,225,225, 25
308,225,225, 25
309,225,225, 25
310,225,225, 25
311,225,225, 25
312,225,225, 25
313,225,225, 25
314,225,225, 25
315,225,225, 25
316,225,225, 25
317,225,225, 25
318,225,225, 25
319,225,225, 25
320,225,225, 25
321,225,225, 25
322,225,225, 25
323,225,225, 25
324,225,225, 25
325,225,225, 25
326,225,225, 25
327,225,225, 25
328,225,225, 25
329,225,225, 25
330,225,225, 25
331,225,225, 25
332,225,225, 25
333,225,225, 25
334,225,225, 25
335,225,225, 25
336,225,225, 25
337,225,225, 25
338,225,225, 25
339,225,225, 25
340,225,225, 25
341,225,225, 25
342,225,225, 25
343,225,225, 25
344,225,225, 25
345,225,225, 25
346,225,225, 25
347,225,225, 25
348,225,225, 25
349,225,225, 25
350,225,225, 25
351,225,225, 25
352,225,225, 25
353,225,225, 25
354,225,225, 25
355,225,225, 25
356,225,225, 25
357,225,225, 25
358,225,225, 25
359,225,225, 25
360,225,225, 25
361,224,224, 26
362,223,223, 27
363,223,223, 27
364,223,223, 27
365,223,223, 27
366,223,223, 27
367,223,223, 27
368,223,223, 27
369,223,223, 27
370,223,223, 27
371,223,223, 27
372,223,223, 27
373,223,223, 27
374,223,223, 27
375,223,223, 27
376,223,223, 27
377,223,223, 27
378,223,223, 27
379,222,222, 28
380,222,222, 28
381,222,222, 28
382,222,222, 28
383,222,222, 28
384,222,222, 28
385,222,222, 28
386,222,222, 28
387,222,222, 28
388,222,222, 28
389,222,222, 28
390,222,222, 28
391,222,222, 28
392,222,222, 28
393,222,222, 28
394,222,222, 28
395,222,222, 28
396,222,222, 28
397,222,222, 28
398,222,222, 28
399,222,222, 28
400,222,222, 28
401,222,222, 28
402,222,222, 28
403,221,221, 29
404,221,221, 29
405,221,221, 29
406,221,221, 29
407,221,221, 29
408,221,221, 29
409,221,221, 29
410,221,221, 29
411,221,221, 29
412,221,221, 29
413,221,221, 29
414,221,221, 29
415,221,221, 29
416,221,221, 29
417,221,221, 29
418,221,221, 29
419,221,221, 29
420,220,220, 30
421,220,220, 30
422,220,220, 30
423,220,220, 30
424,220,220, 30
425,220,220, 30
426,220,220, 30
427,220,220, 30
428,220,220, 30
429,220,220, 30
430,220,220, 30
431,220,220, 30
432,220,220, 30
433,220,220, 30
434,220,220, 30
435,220,220, 30
436,220,220, 30
437,220,220, 30
438,220,220, 30
439,220,220, 30
440,220,220, 30
441,220,220, 30
442,220,220, 30
443,220,220, 30
444,220,220, 30
445,220,220, 30
446,220,220, 30
447,220,220, 30
448,220,220, 30
449,220,220, 30
450,220,220, 30
451,220,220, 30
452,218,218, 32
453,218,218, 32
454,218,218, 32
455,218,218, 32
456,218,218, 32
457,218,218, 32
458,218,218, 32
459,218,218, 32
460,218,218, 32
461,218,218, 32
462,218,218, 32
463,218,218, 32
464,218,218, 32
465,218,218, 32
466,216,216, 34
467,216,216, 34
468,216,216, 34
469,216,216, 34
470,216,216, 34
471,216,216, 34
472,216,216, 34
473,216,216, 34
474,216,216, 34
475,216,216, 34
476,216,216, 34
477,216,216, 34
478,216,216, 34
479,216,216, 34
480,215,215, 35
481,214,214, 36
482,214,214, 36
483,214,214, 36
484,214,214, 36
485,214,214, 36
486,214,214, 36
487,214,214, 36
488,214,214, 36
489,214,214, 36
490,214,214, 36
491,214,214, 36
492,214,214, 36
493,214,214, 36
494,214,214, 36
495,214,214, 36
496,214,214, 36
497,214,214, 36
498,214,214, 36
499,214,214, 36
500,214,214, 36
501,214,214, 36
502,214,214, 36
503,214,214, 36
504,214,214, 36
505,214,214, 36
506,214,214, 36
507,214,214, 36
508,214,214, 36
509,214,214, 36
510,214,214, 36
511,214,214, 36
512,214,214, 36
513,214,214, 36
514,214,214, 36
515,214,214, 36
516,214,214, 36
517,214,214, 36
518,214,214, 36
519,214,214, 36
520,214,214, 36
521,214,214, 36
522,214,214, 36
523,214,214, 36
524,214,214, 36
525,214,214, 36
526,214,214, 36
527,214,214, 36
528,214,214, 36
529,214,214, 36
530,214,214, 36
531,214,214, 36
532,214,214, 36
533,214,214, 36
534,214,214, 36
535,214,214, 36
536,214,214, 36
537,214,214, 36
538,214,214, 36
539,214,214, 36
540,214,214, 36
541,214,214, 36
542,214,214, 36
543,214,214, 36
544,214,214, 36
545,214,214, 36
546,214,214, 36
547,214,214, 36
548,214,214, 36
549,214,214, 36
550,214,214, 36
551,214,214, 36
552,214,214, 36
553,214,214, 36
554,214,214, 36
555,214,214, 36
556,214,214, 36
557,214,214, 36
558,214,214, 36
559,214,214, 36
560,214,214, 36
561,214,214, 36
562,214,214, 36
563,214,214, 36
564,214,214, 36
565,214,214, 36
566,214,214, 36
567,214,214, 36
568,214,214, 36
569,214,214, 36
570,214,214, 36
571,214,214, 36
572,214,214, 36
573,214,214, 36
574,214,214, 36
575,214,214, 36
576,214,214, 36
577,213,213, 37
578,212,212, 38
579,212,212, 38
580,212,212, 38
581,212,212, 38
582,212,212, 38
583,212,212, 38
584,212,212, 38
585,212,212, 38
586,212,212, 38
587,212,212, 38
588,212,212, 38
589,212,212, 38
590,212,212, 38
591,212,212, 38
592,212,212, 38
593,212,212, 38
594,212,212, 38
595,212,212, 38
596,212,212, 38
597,212,212, 38
598,212,212, 38
599,212,212, 38
600,212,212, 38
601,211,211, 39
602,210,210, 40
603,210,210, 40
604,210,210, 40
605,210,210, 40
606,210,210, 40
607,210,210, 40
608,210,210, 40
609,210,210, 40
610,210,210, 40
611,210,210, 40
612,210,210, 40
613,210,210, 40
614,210,210, 40
615,210,210, 40
616,210,210, 40
617,210,210, 40
618,210,210, 40
619,210,210, 40
620,210,210, 40
621,210,210, 40
622,210,210, 40
623,210,210, 40
624,210,210, 40
625,210,210, 40
626,210,210, 40
627,210,210, 40
628,210,210, 40
629,210,210, 40
630,210,210, 40
631,210,210, 40
632,210,210, 40
633,210,210, 40
634,210,210, 40
635,210,210, 40
636,210,210, 40
637,210,210, 40
638,210,210, 40
639,210,210, 40
640,210,210, 40
641,210,210, 40
642,210,210, 40
643,210,210, 40
644,210,210, 40
645,210,210, 40
646,210,210, 40
647,210,210, 40
648,210,210, 40
649,210,210, 40
650,210,210, 40
651,210,210, 40
652,210,210, 40
653,210,210, 40
654,210,210, 40
655,210,210, 40
656,210,210, 40
657,210,210, 40
658,210,210, 40
659,210,210, 40
660,210,210, 40
661,210,210, 40
662,210,210, 40
663,210,210, 40
664,210,210, 40
665,210,210, 40
666,210,210, 40
667,210,210, 40
668,210,210, 40
669,210,210, 40
670,210,210, 40
671,210,210, 40
672,210,210, 40
673,210,210, 40
674,210,210, 40
675,210,210, 40
676,210,210, 40
677,210,210, 40
678,210,210, 40
679,210,210, 40
680,210,210, 40
681,210,210, 40
682,210,210, 40
683,210,210, 40
684,210,210, 40
685,210,210, 40
686,210,210, 40
687,210,210, 40
688,210,210, 40
689,210,210, 40
690,210,210, 40
691,210,210, 40
692,210,210, 40
693,210,210, 40
694,210,210, 40
695,210,210, 40
696,210,210, 40
697,210,210, 40
698,210,210, 40
699,210,210, 40
700,210,210, 40
701,210,210, 40
702,210,210, 40
703,210,210, 40
704,210,210, 40
705,210,210, 40
706,210,210, 40
707,210,210, 40
708,210,210, 40
709,210,210, 40
710,210,210, 40
711,210,210, 40
712,210,210, 40
713,210,210, 40
714,210,210, 40
715,210,210, 40
716,210,210, 40
717,210,210, 40
718,210,210, 40
719,210,210, 40
720,210,210, 40
721,210,210, 40
722,210,210, 40
723,210,210, 40
724,210,210, 40
725,210,210, 40
726,210,210, 40
727,210,210, 40
728,210,210, 40
729,210,210, 40
730,210,210, 40
731,210,210, 40
732,210,210, 40
733,210,210, 40
734,210,210, 40
735,210,210, 40
736,210,210, 40
737,210,210, 40
738,210,210, 40
739,210,210, 40
740,210,210, 40
741,210,210, 40
742,210,210, 40
743,210,210, 40
744,210,210, 40
745,210,210, 40
746,210,210, 40
747,210,210, 40
748,210,210, 40
749,210,210, 40
750,210,210, 40
751,210,210, 40
752,210,210, 40
753,210,210, 40
754,210,210, 40
755,210,210, 40
756,210,210, 40
757,210,210, 40
758,210,210, 40
759,210,210, 40
760,210,210, 40
761,210,210, 40
762,210,210, 40
763,210,210, 40
764,210,210, 40
765,210,210, 40
766,210,210, 40
767,210,210, 40
768,210,210, 40
769,210,210, 40
770,210,210, 40
771,210,210, 40
772,210,210, 40
773,210,210, 40
774,210,210, 40
775,210,210, 40
776,210,210, 40
777,210,210, 40
778,210,210, 40
779,210,210, 40
780,210,210, 40
781,210,210, 40
782,210,210, 40
783,210,210, 40
784,210,210, 40
785,210,210, 40
786,210,210, 40
787,210,210, 40
788,210,210, 40
789,210,210, 40
790,210,210, 40
791,210,210, 40
792,210,210, 40
793,210,210, 40
794,210,210, 40
795,210,210, 40
796,210,210, 40
797,210,210, 40
798,210,210, 40
799,210,210, 40
800,210,210, 40
801,210,210, 40
802,210,210, 40
803,210,210, 40
804,210,210, 40
805,210,210, 40
806,210,210, 40
807,210,210, 40
808,210,210, 40
809,210,210, 40
810,210,210, 40
811,210,210, 40
812,210,210, 40
813,210,210, 40
814,210,210, 40
815,210,210, 40
816,210,210, 40
817,210,210, 40
818,210,210, 40
819,210,210, 40
820,210,210, 40
821,210,210, 40
822,210,210, 40
823,210,210, 40
824,210,210, 40
825,210,210, 40
826,210,210, 40
827,210,210, 40
828,210,210, 40
829,210,210, 40
830,210,210, 40
831,210,210, 40
832,210,210, 40
833,210,210, 40
834,210,210, 40
835,210,210, 40
836,210,210, 40
837,210,210, 40
838,210,210, 40
839,210,210, 40
840,210,210, 40
841,210,210, 40
842,210,210, 40
843,210,210, 40
844,210,210, 40
845,210,210, 40
846,210,210, 40
847,210,210, 40
848,210,210, 40
849,210,210, 40
850,210,210, 40
851,210,210, 40
852,210,210, 40
853,210,210, 40
854,210,210, 40
855,210,210, 40
856,210,210, 40
857,210,210, 40
858,210,210, 40
859,210,210, 40
860,210,210, 40
861,210,210, 40
862,210,210, 40
863,210,210, 40
864,210,210, 40
865,210,210, 40
866,210,210, 40
867,210,210, 40
868,210,210, 40
869,210,210, 40
870,210,210, 40
871,210,210, 40
872,210,210, 40
873,210,210, 40
874,210,210, 40
875,210,210, 40
876,210,210, 40
877,210,210, 40
878,210,210, 40
879,210,210, 40
880,210,210, 40
881,210,210, 40
882,210,210, 40
883,210,210, 40
884,210,210, 40
885,210,210, 40
886,210,210, 40
887,210,210, 40
888,210,210, 40
889,210,210, 40
890,210,210, 40
891,210,210, 40
892,210,210, 40
893,210,210, 40
894,210,210, 40
895,210,210, 40
896,210,210, 40
897,210,210, 40
898,210,210, 40
899,210,210, 40
900,210,210, 40
901,210,210, 40
902,210,210, 40
903,210,210, 40
904,210,210, 40
905,210,210, 40
906,210,210, 40
907,210,210, 40
908,210,210, 40
909,210,210, 40
910,210,210, 40
911,210,210, 40
912,210,210, 40
913,210,210, 40
914,210,210, 40
915,210,210, 40
916,210,210, 40
917,210,210, 40
918,210,210, 40
919,210,210, 40
920,210,210, 40
921,210,210, 40
922,210,210, 40
923,210,210, 40
924,210,210, 40
925,210,210, 40
926,210,210, 40
927,210,210, 40
928,210,210, 40
929,210,210, 40
930,210,210, 40
931,210,210, 40
932,210,210, 40
933,210,210, 40
934,210,210, 40
935,210,210, 40
936,210,210, 40
937,210,210, 40
938,210,210, 40
939,210,210, 40
940,210,210, 40
941,210,210, 40
942,210,210, 40
943,210,210, 40
944,210,210, 40
945,210,210, 40
946,208,208, 42
947,208,208, 42
948,208,208, 42
949,208,208, 42
950,208,208, 42
951,208,208, 42
952,208,208, 42
953,208,208, 42
954,208,208, 42
955,208,208, 42
956,208,208, 42
957,208,208, 42
958,208,208, 42
959,208,208, 42
960,208,208, 42
961,208,208, 42
962,208,208, 42
963,208,208, 42
964,208,208, 42
965,208,208, 42
966,206,206, 44
967,206,206, 44
968,206,206, 44
969,206,206, 44
970,206,206, 44
971,206,206, 44
972,206,206, 44
973,206,206, 44
974,206,206, 44
975,206,206, 44
976,206,206, 44
977,206,206, 44
978,206,206, 44
979,206,206, 44
980,206,206, 44
981,206,206, 44
982,206,206, 44
983,206,206, 44
984,206,206, 44
985,206,206, 44
986,206,206, 44
987,206,206, 44
988,206,206, 44
989,206,206, 44
990,206,206, 44
991,206,206, 44
992,206,206, 44
993,206,206, 44
994,206,206, 44
995,206,206, 44
996,206,206, 44
997,206,206, 44
998,206,206, 44
999,206,206, 44
1000,206,206, 44
1001,206,206, 44
1002,206,206, 44
1003,206,206, 44
1004,206,206, 44
1005,206,206, 44
1006,206,206, 44
1007,206,206, 44
1008,206,206, 44
1009,206,206, 44
1010,206,206, 44
1011,206,206, 44
1012,206,206, 44
1013,205,205, 45
1014,204,204, 46
1015,204,204, 46
1016,204,204, 46
1017,204,204, 46
1018,204,204, 46
1019,204,204, 46
1020,204,204, 46
1021,204,204, 46
1022,204,204, 46
1023,204,204, 46
1024,204,204, 46
1025,204,204, 46
1026,204,204, 46
1027,204,204, 46
1028,204,204, 46
1029,204,204, 46
1030,204,204, 46
1031,204,204, 46
1032,204,204, 46
1033,204,204, 46
1034,204,204, 46
1035,204,204, 46
1036,204,204, 46
1037,204,204, 46
1038,204,204, 46
1039,204,204, 46
1040,204,204, 46
1041,204,204, 46
1042,204,204, 46
1043,204,204, 46
1044,204,204, 46
1045,204,204, 46
1046,204,204, 46
1047,204,204, 46
1048,204,204, 46
1049,204,204, 46
1050,204,204, 46
1051,204,204, 46
1052,204,204, 46
1053,204,204, 46
1054,204,204, 46
1055,204,204, 46
1056,204,204, 46
1057,204,204, 46
1058,204,204, 46
1059,204,204, 46
1060,204,204, 46
1061,204,204, 46
1062,204,204, 46
1063,204,204, 46
1064,204,204, 46
1065,204,204, 46
1066,204,204, 46
1067,204,204, 46
1068,204,204, 46
1069,204,204, 46
1070,204,204, 46
1071,204,204, 46
1072,204,204, 46
1073,204,204, 46
1074,204,204, 46
1075,204,204, 46
1076,204,204, 46
1077,204,204, 46
1078,204,204, 46
1079,204,204, 46
1080,204,204, 46
1081,204,204, 46
1082,204,204, 46
1083,204,204, 46
1084,204,204, 46
1085,204,204, 46
1086,204,204, 46
1087,204,204, 46
1088,204,204, 46
1089,204,204, 46
1090,204,204, 46
1091,204,204, 46
1092,204,204, 46
1093,204,204, 46
1094,204,204, 46
1095,204,204, 46
1096,204,204, 46
1097,204,204, 46
1098,204,204, 46
1099,204,204, 46
1100,204,204, 46
1101,204,204, 46
1102,204,204, 46
1103,204,204, 46
1104,204,204, 46
1105,204,204, 46
1106,204,204, 46
1107,204,204, 46
1108,204,204, 46
1109,204,204, 46
1110,204,204, 46
1111,204,204, 46
1112,204,204, 46
1113,204,204, 46
1114,204,204, 46
1115,204,204, 46
1116,204,204, 46
1117,204,204, 46
1118,204,204, 46
1119,204,204, 46
1120,204,204, 46
1121,204,204, 46
1122,204,204, 46
1123,204,204, 46
1124,204,204, 46
1125,204,204, 46
1126,204,204, 46
1127,204,204, 46
1128,204,204, 46
1129,204,204, 46
1130,204,204, 46
1131,204,204, 46
1132,204,204, 46
1133,204,204, 46
1134,204,204, 46
1135,204,204, 46
1136,204,204, 46
1137,204,204, 46
1138,204,204, 46
1139,204,204, 46
1140,204,204, 46
1141,204,204, 46
1142,204,204, 46
1143,204,204, 46
1144,204,204, 46
1145,204,204, 46
1146,204,204, 46
1147,204,204, 46
1148,204,204, 46
1149,204,204, 46
1150,204,204, 46
1151,204,204, 46
1152,204,204, 46
1153,204,204, 46
1154,204,204, 46
1155,204,204, 46
1156,204,204, 46
1157,204,204, 46
1158,204,204, 46
1159,204,204, 46
1160,204,204, 46
1161,204,204, 46
1162,204,204, 46
1163,204,204, 46
1164,204,204, 46
1165,204,204, 46
1166,204,204, 46
1167,204,204, 46
1168,204,204, 46
1169,204,204, 46
1170,204,204, 46
1171,204,204, 46
1172,204,204, 46
1173,204,204, 46
1174,204,204, 46
1175,204,204, 46
1176,204,204, 46
1177,204,204, 46
1178,204,204, 46
1179,204,204, 46
1180,204,204, 46
1181,204,204, 46
1182,204,204, 46
1183,204,204, 46
1184,204,204, 46
1185,204,204, 46
1186,204,204, 46
1187,204,204, 46
1188,204,204, 46
1189,204,204, 46
1190,204,204, 46
1191,204,204, 46
1192,204,204, 46
1193,204,204, 46
1194,204,204, 46
1195,204,204, 46
1196,204,204, 46
1197,204,204, 46
1198,204,204, 46
1199,204,204, 46
1200,204,204, 46
1201,204,204, 46
1202,204,204, 46
1203,204,204, 46
1204,204,204, 46
1205,204,204, 46
1206,204,204, 46
1207,204,204, 46
1208,204,204, 46
1209,204,204, 46
1210,204,204, 46
1211,204,204, 46
1212,204,204, 46
1213,204,204, 46
1214,204,204, 46
1215,204,204, 46
1216,204,204, 46
1217,204,204, 46
1218,204,204, 46
1219,204,204, 46
1220,204,204, 46
1221,204,204, 46
1222,204,204, 46
1223,204,204, 46
1224,204,204, 46
1225,204,204, 46
1226,204,204, 46
1227,204,204, 46
1228,204,204, 46
1229,204,204, 46
1230,204,204, 46
1231,204,204, 46
1232,204,204, 46
1233,204,204, 46
1234,204,204, 46
1235,204,204, 46
1236,204,204, 46
1237,204,204, 46
1238,204,204, 46
1239,204,204, 46
1240,204,204, 46
1241,204,204, 46
1242,204,204, 46
1243,204,204, 46
1244,204,204, 46
1245,204,204, 46
1246,204,204, 46
1247,204,204, 46
1248,204,204, 46
1249,204,204, 46
1250,204,204, 46
1251,204,204, 46
1252,204,204, 46
1253,204,204, 46
1254,204,204, 46
1255,204,204, 46
1256,204,204, 46
1257,204,204, 46
1258,204,204, 46
1259,204,204, 46
1260,204,204, 46
1261,204,204, 46
1262,204,204, 46
1263,204,204, 46
1264,204,204, 46
1265,204,204, 46
1266,204,204, 46
1267,204,204, 46
1268,204,204, 46
1269,204,204, 46
1270,204,204, 46
1271,204,204, 46
1272,204,204, 46
1273,204,204, 46
1274,204,204, 46
1275,204,204, 46
1276,204,204, 46
1277,204,204, 46
1278,204,204, 46
1279,204,204, 46
1280,204,204, 46
1281,204,204, 46
1282,204,204, 46
1283,204,204, 46
1284,204,204, 46
1285,204,204, 46
1286,204,204, 46
1287,204,204, 46
1288,204,204, 46
1289,204,204, 46
1290,204,204, 46
1291,204,204, 46
1292,204,204, 46
1293,204,204, 46
1294,204,204, 46
1295,204,204, 46
1296,204,204, 46
1297,204,204, 46
1298,204,204, 46
1299,204,204, 46
1300,204,204, 46
1301,204,204, 46
1302,204,204, 46
1303,204,204, 46
1304,204,204, 46
1305,204,204, 46
1306,204,204, 46
1307,204,204, 46
1308,204,204, 46
1309,204,204, 46
1310,204,204, 46
1311,204,204, 46
1312,204,204, 46
1313,204,204, 46
1314,204,204, 46
1315,204,204, 46
1316,204,204, 46
1317,204,204, 46
1318,204,204, 46
1319,204,204, 46
1320,204,204, 46
1321,204,204, 46
1322,204,204, 46
1323,204,204, 46
1324,204,204, 46
1325,204,204, 46
1326,204,204, 46
1327,204,204, 46
1328,204,204, 46
1329,204,204, 46
1330,204,204, 46
1331,204,204, 46
1332,204,204, 46
1333,204,204, 46
1334,204,204, 46
1335,204,204, 46
1336,204,204, 46
1337,204,204, 46
1338,204,204, 46
1339,204,204, 46
1340,204,204, 46
1341,204,204, 46
1342,204,204, 46
1343,204,204, 46
1344,204,204, 46
1345,204,204, 46
1346,204,204, 46
1347,204,204, 46
1348,204,204, 46
1349,204,204, 46
1350,204,204, 46
1351,204,204, 46
1352,204,204, 46
1353,204,204, 46
1354,204,204, 46
1355,204,204, 46
1356,204,204, 46
1357,204,204, 46
1358,204,204, 46
1359,204,204, 46
1360,204,204, 46
1361,204,204, 46
1362,204,204, 46
1363,204,204, 46
1364,204,204, 46
1365,204,204, 46
1366,204,204, 46
1367,204,204, 46
1368,204,204, 46
1369,204,204, 46
1370,204,204, 46
1371,204,204, 46
1372,204,204, 46
1373,204,204, 46
1374,204,204, 46
1375,204,204, 46
1376,204,204, 46
1377,204,204, 46
1378,204,204, 46
1379,204,204, 46
1380,204,204, 46
1381,204,204, 46
1382,204,204, 46
1383,204,204, 46
1384,204,204, 46
1385,204,204, 46
1386,204,204, 46
1387,204,204, 46
1388,204,204, 46
1389,204,204, 46
1390,204,204, 46
1391,204,204, 46
1392,204,204, 46
1393,204,204, 46
1394,204,204, 46
1395,204,204, 46
1396,204,204, 46
1397,204,204, 46
1398,204,204, 46
1399,204,204, 46
1400,204,204, 46
1401,204,204, 46
1402,204,204, 46
1403,204,204, 46
1404,204,204, 46
1405,204,204, 46
1406,204,204, 46
1407,204,204, 46
1408,204,204, 46
1409,204,204, 46
1410,204,204, 46
1411,204,204, 46
1412,204,204, 46
1413,204,204, 46
1414,204,204, 46
1415,204,204, 46
1416,204,204, 46
1417,204,204, 46
1418,204,204, 46
1419,204,204, 46
1420,204,204, 46
1421,204,204, 46
1422,204,204, 46
1423,204,204, 46
1424,204,204, 46
1425,204,204, 46
1426,204,204, 46
1427,204,204, 46
1428,204,204, 46
1429,204,204, 46
1430,204,204, 46
1431,204,204, 46
1432,204,204, 46
1433,204,204, 46
1434,204,204, 46
1435,204,204, 46
1436,204,204, 46
1437,204,204, 46
1438,204,204, 46
1439,204,204, 46
1440,204,204, 46
1441,204,204, 46
1442,204,204, 46
1443,204,204, 46
1444,204,204, 46
1445,204,204, 46
1446,204,204, 46
1447,204,204, 46
1448,204,204, 46
1449,204,204, 46
1450,204,204, 46
1451,204,204, 46
1452,204,204, 46
1453,204,204, 46
1454,204,204, 46
1455,204,204, 46
1456,204,204, 46
1457,204,204, 46
1458,204,204, 46
1459,204,204, 46
1460,204,204, 46
1461,204,204, 46
1462,204,204, 46
1463,204,204, 46
1464,204,204, 46
1465,204,204, 46
1466,204,204, 46
1467,204,204, 46
1468,204,204, 46
1469,204,204, 46
1470,204,204, 46
1471,204,204, 46
1472,204,204, 46
1473,204,204, 46
1474,202,202, 48
1475,202,202, 48
1476,202,202, 48
1477,202,202, 48
1478,202,202, 48
1479,202,202, 48
1480,202,202, 48
1481,202,202, 48
1482,202,202, 48
1483,202,202, 48
1484,202,202, 48
1485,202,202, 48
1486,202,202, 48
1487,202,202, 48
1488,202,202, 48
1489,202,202, 48
1490,202,202, 48
1491,202,202, 48
1492,202,202, 48
1493,202,202, 48
1494,202,202, 48
1495,202,202, 48
1496,202,202, 48
1497,202,202, 48
1498,202,202, 48
1499,202,202, 48
