0,250,250, 0
1,250,250, 0
2,250,250, 0
3,250,250, 0
4,250,250, 0
5,250,250, 0
6,250,250, 0
7,250,250, 0
8,250,250, 0
9,250,250, 0
10,250,250, 0
11,250,250, 0
12,250,250, 0
13,250,250, 0
14,250,250, 0
15,250,250, 0
16,250,250, 0
17,250,250, 0
18,250,250, 0
19,250,250, 0
20,250,250, 0
21,250,250, 0
22,250,250, 0
23,250,250, 0
24,250,250, 0
25,250,250, 0
26,250,250, 0
27,250,250, 0
28,250,250, 0
29,249,249, 1
30,249,249, 1
31,249,249, 1
32,249,249, 1
33,249,249, 1
34,249,249, 1
35,249,249, 1
36,249,249, 1
37,249,249, 1
38,249,249, 1
39,249,249, 1
40,249,249, 1
41,249,249, 1
42,249,249, 1
43,249,249, 1
44,249,249, 1
45,249,249, 1
46,249,249, 1
47,249,249, 1
48,249,249, 1
49,249,249, 1
50,249,249, 1
51,249,249, 1
52,249,249, 1
53,249,249, 1
54,249,249, 1
55,249,249, 1
56,248,248, 2
57,248,248, 2
58,248,248, 2
59,248,248, 2
60,248,248, 2
61,248,248, 2
62,248,248, 2
63,248,248, 2
64,248,248, 2
65,248,248, 2
66,248,248, 2
67,248,248, 2
68,247,247, 3
69,247,247, 3
70,247,247, 3
71,247,247, 3
72,247,247, 3
73,247,247, 3
74,246,246, 4
75,246,246, 4
76,246,246, 4
77,246,246, 4
78,246,246, 4
79,246,246, 4
80,246,246, 4
81,246,246, 4
82,246,246, 4
83,246,246, 4
84,246,246, 4
85,246,246, 4
86,246,246, 4
87,246,246, 4
88,246,246, 4
89,246,246, 4
90,246,246, 4
91,246,246, 4
92,246,246, 4
93,246,246, 4
94,246,246, 4
95,246,246, 4
96,246,246, 4
97,246,246, 4
98,246,246, 4
99,246,246, 4
100,246,246, 4
101,246,246, 4
102,246,246, 4
103,246,246, 4
104,246,246, 4
105,246,246, 4
106,246,246, 4
107,246,246, 4
108,246,246, 4
109,246,246, 4
110,246,246, 4
111,246,246, 4
112,246,246, 4
113,245,245, 5
114,245,245, 5
115,245,245, 5
116,245,245, 5
117,245,245, 5
118,245,245, 5
119,245,245, 5
120,245,245, 5
121,245,245, 5
122,245,245, 5
123,245,245, 5
124,245,245, 5
125,245,245, 5
126,245,245, 5
127,245,245, 5
128,245,245, 5
129,245,245, 5
130,245,245, 5
131,245,245, 5
132,245,245, 5
133,245,245, 5
134,245,245, 5
135,245,245, 5
136,244,244, 6
137,244,244, 6
138,244,244, 6
139,244,244, 6
140,243,243, 7
141,242,242, 8
142,242,242, 8
143,242,242, 8
144,242,242, 8
145,242,242, 8
146,242,242, 8
147,242,242, 8
148,242,242, 8
149,242,242, 8
150,242,242, 8
151,242,242, 8
152,242,242, 8
153,242,242, 8
154,242,242, 8
155,242,242, 8
156,242,242, 8
157,242,242, 8
158,242,242, 8
159,242,242, 8
160,242,242, 8
161,242,242, 8
162,242,242, 8
163,242,242, 8
164,242,242, 8
165,242,242, 8
166,242,242, 8
167,242,242, 8
168,242,242, 8
169,242,242, 8
170,242,242, 8
171,242,242, 8
172,242,242, 8
173,242,242, 8
174,242,242, 8
175,242,242, 8
176,242,242, 8
177,242,242, 8
178,242,242, 8
179,242,242, 8
180,242,242, 8
181,242,242, 8
182,242,242, 8
183,241,241, 9
184,241,241, 9
185,241,241, 9
186,241,241, 9
187,241,241, 9
188,241,241, 9
189,241,241, 9
190,241,241, 9
191,241,241, 9
192,241,241, 9
193,241,241, 9
194,241,241, 9
195,241,241, 9
196,241,241, 9
197,241,241, 9
198,241,241, 9
199,241,241, 9
200,241,241, 9
201,241,241, 9
202,241,241, 9
203,241,241, 9
204,241,241, 9
205,241,241, 9
206,241,241, 9
207,241,241, 9
208,241,241, 9
209,241,241, 9
210,240,240, 10
211,240,240, 10
212,240,240, 10
213,240,240, 10
214,240,240, 10
215,240,240, 10
216,240,240, 10
217,240,240, 10
218,240,240, 10
219,239,239, 11
220,239,239, 11
221,239,239, 11
222,239,239, 11
223,239,239, 11
224,239,239, 11
225,239,239, 11
226,239,239, 11
227,239,239, 11
228,239,239, 11
229,239,239, 11
230,239,239, 11
231,239,239, 11
232,239,239, 11
233,239,239, 11
234,239,239, 11
235,239,239, 11
236,239,239, 11
237,239,239, 11
238,239,239, 11
239,239,239, 11
240,239,239, 11
241,238,238, 12
242,238,238, 12
243,238,238, 12
244,238,238, 12
245,238,238, 12
246,238,238, 12
247,238,238, 12
248,238,238, 12
249,238,238, 12
250,238,238, 12
251,238,238, 12
252,238,238, 12
253,238,238, 12
254,238,238, 12
255,238,238, 12
256,238,238, 12
257,238,238, 12
258,238,238, 12
259,238,238, 12
260,238,238, 12
261,238,238, 12
262,238,238, 12
263,238,238, 12
264,238,238, 12
265,238,238, 12
266,238,238, 12
267,238,238, 12
268,238,238, 12
269,238,238, 12
270,238,238, 12
271,238,238, 12
272,238,238, 12
273,238,238, 12
274,238,238, 12
275,238,238, 12
276,238,238, 12
277,238,238, 12
278,238,238, 12
279,238,238, 12
280,238,238, 12
281,238,238, 12
282,238,238, 12
283,238,238, 12
284,238,238, 12
285,238,238, 12
286,238,238, 12
287,238,238, 12
288,238,238, 12
289,238,238, 12
290,238,238, 12
291,238,238, 12
292,238,238, 12
293,238,238, 12
294,238,238, 12
295,238,238, 12
296,238,238, 12
297,238,238, 12
298,238,238, 12
299,238,238, 12
300,238,238, 12
301,238,238, 12
302,238,238, 12
303,238,238, 12
304,238,238, 12
305,238,238, 12
306,238,238, 12
307,238,238, 12
308,238,238, 12
309,238,238, 12
310,238,238, 12
311,238,238, 12
312,238,238, 12
313,238,238, 12
314,238,238, 12
315,238,238, 12
316,238,238, 12
317,238,238, 12
318,238,238, 12
319,238,238, 12
320,238,238, 12
321,238,238, 12
322,238,238, 12
323,238,238, 12
324,238,238, 12
325,238,238, 12
326,238,238, 12
327,238,238, 12
328,238,238, 12
329,238,238, 12
330,238,238, 12
331,238,238, 12
332,238,238, 12
333,238,238, 12
334,238,238, 12
335,238,238, 12
336,238,238, 12
337,238,238, 12
338,238,238, 12
339,238,238, 12
340,238,238, 12
341,238,238, 12
342,238,238, 12
343,238,238, 12
344,238,238, 12
345,238,238, 12
346,238,238, 12
347,238,238, 12
348,238,238, 12
349,238,238, 12
350,238,238, 12
351,238,238, 12
352,238,238, 12
353,238,238, 12
354,238,238, 12
355,238,238, 12
356,238,238, 12
357,238,238, 12
358,238,238, 12
359,238,238, 12
360,238,238, 12
361,238,238, 12
362,238,238, 12
363,238,238, 12
364,238,238, 12
365,238,238, 12
366,238,238, 12
367,238,238, 12
368,238,238, 12
369,238,238, 12
370,238,238, 12
371,238,238, 12
372,238,238, 12
373,238,238, 12
374,238,238, 12
375,238,238, 12
376,238,238, 12
377,238,238, 12
378,238,238, 12
379,238,238, 12
380,238,238, 12
381,238,238, 12
382,238,238, 12
383,238,238, 12
384,238,238, 12
385,238,238, 12
386,238,238, 12
387,238,238, 12
388,238,238, 12
389,238,238, 12
390,238,238, 12
391,238,238, 12
392,238,238, 12
393,238,238, 12
394,238,238, 12
395,238,238, 12
396,238,238, 12
397,238,238, 12
398,238,238, 12
399,238,238, 12
400,238,238, 12
401,238,238, 12
402,238,238, 12
403,238,238, 12
404,238,238, 12
405,238,238, 12
406,238,238, 12
407,238,238, 12
408,238,238, 12
409,238,238, 12
410,238,238, 12
411,238,238, 12
412,238,238, 12
413,238,238, 12
414,238,238, 12
415,238,238, 12
416,238,238, 12
417,238,238, 12
418,238,238, 12
419,238,238, 12
420,238,238, 12
421,238,238, 12
422,238,238, 12
423,238,238, 12
424,238,238, 12
425,237,237, 13
426,237,237, 13
427,237,237, 13
428,237,237, 13
429,237,237, 13
430,237,237, 13
431,237,237, 13
432,237,237, 13
433,237,237, 13
434,237,237, 13
435,237,237, 13
436,237,237, 13
437,237,237, 13
438,237,237, 13
439,237,237, 13
440,237,237, 13
441,237,237, 13
442,237,237, 13
443,237,237, 13
444,237,237, 13
445,237,237, 13
446,236,236, 14
447,236,236, 14
448,236,236, 14
449,236,236, 14
450,236,236, 14
451,236,236, 14
452,236,236, 14
453,236,236, 14
454,236,236, 14
455,236,236, 14
456,236,236, 14
457,236,236, 14
458,236,236, 14
459,236,236, 14
460,236,236, 14
461,236,236, 14
462,236,236, 14
463,236,236, 14
464,236,236, 14
465,236,236, 14
466,236,236, 14
467,236,236, 14
468,236,236, 14
469,236,236, 14
470,236,236, 14
471,236,236, 14
472,236,236, 14
473,236,236, 14
474,236,236, 14
475,236,236, 14
476,236,236, 14
477,236,236, 14
478,236,236, 14
479,236,236, 14
480,236,236, 14
481,236,236, 14
482,236,236, 14
483,236,236, 14
484,236,236, 14
485,236,236, 14
486,236,236, 14
487,236,236, 14
488,236,236, 14
489,236,236, 14
490,236,236, 14
491,236,236, 14
492,236,236, 14
493,236,236, 14
494,236,236, 14
495,236,236, 14
496,236,236, 14
497,236,236, 14
498,236,236, 14
499,236,236, 14
500,236,236, 14
501,236,236, 14
502,236,236, 14
503,236,236, 14
504,236,236, 14
505,236,236, 14
506,236,236, 14
507,236,236, 14
508,236,236, 14
509,236,236, 14
510,236,236, 14
511,235,235, 15
512,235,235, 15
513,235,235, 15
514,235,235, 15
515,235,235, 15
516,235,235, 15
517,235,235, 15
518,235,235, 15
519,235,235, 15
520,235,235, 15
521,235,235, 15
522,235,235, 15
523,235,235, 15
524,235,235, 15
525,235,235, 15
526,235,235, 15
527,235,235, 15
528,235,235, 15
529,235,235, 15
530,235,235, 15
531,235,235, 15
532,235,235, 15
533,235,235, 15
534,235,235, 15
535,235,235, 15
536,235,235, 15
537,235,235, 15
538,235,235, 15
539,235,235, 15
540,235,235, 15
541,235,235, 15
542,235,235, 15
543,235,235, 15
544,235,235, 15
545,235,235, 15
546,235,235, 15
547,235,235, 15
548,235,235, 15
549,235,235, 15
550,235,235, 15
551,235,235, 15
552,235,235, 15
553,235,235, 15
554,235,235, 15
555,235,235, 15
556,235,235, 15
557,235,235, 15
558,235,235, 15
559,235,235, 15
560,235,235, 15
561,235,235, 15
562,235,235, 15
563,235,235, 15
564,235,235, 15
565,235,235, 15
566,235,235, 15
567,235,235, 15
568,235,235, 15
569,235,235, 15
570,235,235, 15
571,235,235, 15
572,234,234, 16
573,234,234, 16
574,234,234, 16
575,234,234, 16
576,234,234, 16
577,234,234, 16
578,234,234, 16
579,234,234, 16
580,234,234, 16
581,234,234, 16
582,234,234, 16
583,234,234, 16
584,234,234, 16
585,234,234, 16
586,234,234, 16
587,234,234, 16
588,234,234, 16
589,234,234, 16
590,234,234, 16
591,234,234, 16
592,234,234, 16
593,234,234, 16
594,234,234, 16
595,234,234, 16
596,234,234, 16
597,234,234, 16
598,234,234, 16
599,234,234, 16
600,234,234, 16
601,234,234, 16
602,234,234, 16
603,234,234, 16
604,234,234, 16
605,234,234, 16
606,234,234, 16
607,233,233, 17
608,233,233, 17
609,233,233, 17
610,233,233, 17
611,233,233, 17
612,233,233, 17
613,233,233, 17
614,233,233, 17
615,233,233, 17
616,233,233, 17
617,233,233, 17
618,233,233, 17
619,233,233, 17
620,233,233, 17
621,233,233, 17
622,233,233, 17
623,233,233, 17
624,233,233, 17
625,233,233, 17
626,233,233, 17
627,233,233, 17
628,233,233, 17
629,233,233, 17
630,233,233, 17
631,233,233, 17
632,233,233, 17
633,233,233, 17
634,233,233, 17
635,233,233, 17
636,233,233, 17
637,233,233, 17
638,233,233, 17
639,233,233, 17
640,233,233, 17
641,233,233, 17
642,233,233, 17
643,233,233, 17
644,233,233, 17
645,233,233, 17
646,233,233, 17
647,233,233, 17
648,233,233, 17
649,233,233, 17
650,232,232, 18
651,232,232, 18
652,232,232, 18
653,232,232, 18
654,232,232, 18
655,232,232, 18
656,232,232, 18
657,232,232, 18
658,232,232, 18
659,232,232, 18
660,232,232, 18
661,232,232, 18
662,232,232, 18
663,232,232, 18
664,232,232, 18
665,232,232, 18
666,232,232, 18
667,232,232, 18
668,232,232, 18
669,232,232, 18
670,232,232, 18
671,232,232, 18
672,232,232, 18
673,232,232, 18
674,232,232, 18
675,232,232, 18
676,232,232, 18
677,232,232, 18
678,232,232, 18
679,232,232, 18
680,232,232, 18
681,232,232, 18
682,232,232, 18
683,232,232, 18
684,232,232, 18
685,232,232, 18
686,232,232, 18
687,232,232, 18
688,232,232, 18
689,232,232, 18
690,232,232, 18
691,232,232, 18
692,232,232, 18
693,232,232, 18
694,232,232, 18
695,232,232, 18
696,232,232, 18
697,232,232, 18
698,232,232, 18
699,232,232, 18
700,232,232, 18
701,232,232, 18
702,232,232, 18
703,232,232, 18
704,232,232, 18
705,232,232, 18
706,232,232, 18
707,232,232, 18
708,232,232, 18
709,232,232, 18
710,232,232, 18
711,232,232, 18
712,232,232, 18
713,232,232, 18
714,232,232, 18
715,232,232, 18
716,232,232, 18
717,232,232, 18
718,232,232, 18
719,232,232, 18
720,232,232, 18
721,232,232, 18
722,232,232, 18
723,232,232, 18
724,232,232, 18
725,232,232, 18
726,232,232, 18
727,232,232, 18
728,232,232, 18
729,232,232, 18
730,232,232, 18
731,232,232, 18
732,232,232, 18
733,232,232, 18
734,232,232, 18
735,232,232, 18
736,232,232, 18
737,232,232, 18
738,232,232, 18
739,232,232, 18
740,232,232, 18
741,232,232, 18
742,232,232, 18
743,232,232, 18
744,232,232, 18
745,232,232, 18
746,232,232, 18
747,232,232, 18
748,232,232, 18
749,232,232, 18
750,232,232, 18
751,232,232, 18
752,232,232, 18
753,232,232, 18
754,232,232, 18
755,232,232, 18
756,232,232, 18
757,232,232, 18
758,232,232, 18
759,232,232, 18
760,232,232, 18
761,232,232, 18
762,232,232, 18
763,232,232, 18
764,232,232, 18
765,232,232, 18
766,232,232, 18
767,232,232, 18
768,232,232, 18
769,232,232, 18
770,232,232, 18
771,232,232, 18
772,232,232, 18
773,232,232, 18
774,232,232, 18
775,232,232, 18
776,232,232, 18
777,232,232, 18
778,232,232, 18
779,232,232, 18
780,232,232, 18
781,232,232, 18
782,232,232, 18
783,232,232, 18
784,232,232, 18
785,232,232, 18
786,232,232, 18
787,232,232, 18
788,232,232, 18
789,232,232, 18
790,232,232, 18
791,232,232, 18
792,232,232, 18
793,232,232, 18
794,232,232, 18
795,232,232, 18
796,232,232, 18
797,232,232, 18
798,232,232, 18
799,232,232, 18
800,232,232, 18
801,232,232, 18
802,232,232, 18
803,232,232, 18
804,232,232, 18
805,232,232, 18
806,232,232, 18
807,232,232, 18
808,232,232, 18
809,232,232, 18
810,232,232, 18
811,232,232, 18
812,232,232, 18
813,232,232, 18
814,232,232, 18
815,232,232, 18
816,232,232, 18
817,232,232, 18
818,232,232, 18
819,232,232, 18
820,232,232, 18
821,232,232, 18
822,232,232, 18
823,232,232, 18
824,232,232, 18
825,232,232, 18
826,232,232, 18
827,232,232, 18
828,232,232, 18
829,232,232, 18
830,232,232, 18
831,232,232, 18
832,232,232, 18
833,232,232, 18
834,232,232, 18
835,232,232, 18
836,232,232, 18
837,232,232, 18
838,232,232, 18
839,232,232, 18
840,232,232, 18
841,232,232, 18
842,232,232, 18
843,232,232, 18
844,232,232, 18
845,232,232, 18
846,232,232, 18
847,232,232, 18
848,232,232, 18
849,232,232, 18
850,232,232, 18
851,231,231, 19
852,231,231, 19
853,231,231, 19
854,231,231, 19
855,231,231, 19
856,231,231, 19
857,231,231, 19
858,231,231, 19
859,231,231, 19
860,231,231, 19
861,231,231, 19
862,231,231, 19
863,231,231, 19
864,231,231, 19
865,231,231, 19
866,231,231, 19
867,231,231, 19
868,231,231, 19
869,231,231, 19
870,231,231, 19
871,231,231, 19
872,231,231, 19
873,231,231, 19
874,231,231, 19
875,231,231, 19
876,231,231, 19
877,231,231, 19
878,231,231, 19
879,231,231, 19
880,231,231, 19
881,231,231, 19
882,231,231, 19
883,231,231, 19
884,231,231, 19
885,231,231, 19
886,231,231, 19
887,231,231, 19
888,231,231, 19
889,231,231, 19
890,231,231, 19
891,231,231, 19
892,231,231, 19
893,231,231, 19
894,231,231, 19
895,231,231, 19
896,231,231, 19
897,231,231, 19
898,231,231, 19
899,231,231, 19
900,231,231, 19
901,231,231, 19
902,231,231, 19
903,231,231, 19
904,231,231, 19
905,231,231, 19
906,231,231, 19
907,231,231, 19
908,231,231, 19
909,231,231, 19
910,231,231, 19
911,231,231, 19
912,231,231, 19
913,231,231, 19
914,231,231, 19
915,231,231, 19
916,231,231, 19
917,231,231, 19
918,231,231, 19
919,231,231, 19
920,231,231, 19
921,231,231, 19
922,231,231, 19
923,231,231, 19
924,231,231, 19
925,231,231, 19
926,231,231, 19
927,231,231, 19
928,231,231, 19
929,231,231, 19
930,231,231, 19
931,231,231, 19
932,231,231, 19
933,231,231, 19
934,231,231, 19
935,231,231, 19
936,231,231, 19
937,231,231, 19
938,231,231, 19
939,231,231, 19
940,231,231, 19
941,231,231, 19
942,231,231, 19
943,231,231, 19
944,231,231, 19
945,231,231, 19
946,231,231, 19
947,231,231, 19
948,231,231, 19
949,231,231, 19
950,231,231, 19
951,231,231, 19
952,231,231, 19
953,231,231, 19
954,231,231, 19
955,231,231, 19
956,231,231, 19
957,231,231, 19
958,231,231, 19
959,231,231, 19
960,231,231, 19
961,231,231, 19
962,231,231, 19
963,231,231, 19
964,231,231, 19
965,231,231, 19
966,231,231, 19
967,231,231, 19
968,231,231, 19
969,231,231, 19
970,231,231, 19
971,231,231, 19
972,231,231, 19
973,231,231, 19
974,231,231, 19
975,231,231, 19
976,231,231, 19
977,231,231, 19
978,231,231, 19
979,231,231, 19
980,231,231, 19
981,231,231, 19
982,231,231, 19
983,231,231, 19
984,231,231, 19
985,231,231, 19
986,231,231, 19
987,231,231, 19
988,231,231, 19
989,231,231, 19
990,231,231, 19
991,231,231, 19
992,231,231, 19
993,231,231, 19
994,231,231, 19
995,231,231, 19
996,231,231, 19
997,231,231, 19
998,231,231, 19
999,231,231, 19
1000,231,231, 19
1001,231,231, 19
1002,231,231, 19
1003,231,231, 19
1004,231,231, 19
1005,231,231, 19
1006,231,231, 19
1007,231,231, 19
1008,231,231, 19
1009,231,231, 19
1010,231,231, 19
1011,231,231, 19
1012,231,231, 19
1013,231,231, 19
1014,231,231, 19
1015,231,231, 19
1016,231,231, 19
1017,231,231, 19
1018,231,231, 19
1019,231,231, 19
1020,231,231, 19
1021,231,231, 19
1022,231,231, 19
1023,231,231, 19
1024,231,231, 19
1025,231,231, 19
1026,230,230, 20
1027,230,230, 20
1028,230,230, 20
1029,230,230, 20
1030,230,230, 20
1031,230,230, 20
1032,230,230, 20
1033,230,230, 20
1034,230,230, 20
1035,230,230, 20
1036,230,230, 20
1037,230,230, 20
1038,230,230, 20
1039,230,230, 20
1040,230,230, 20
1041,230,230, 20
1042,230,230, 20
1043,230,230, 20
1044,230,230, 20
1045,230,230, 20
1046,230,230, 20
1047,230,230, 20
1048,230,230, 20
1049,230,230, 20
1050,230,230, 20
1051,230,230, 20
1052,230,230, 20
1053,230,230, 20
1054,230,230, 20
1055,230,230, 20
1056,230,230, 20
1057,230,230, 20
1058,230,230, 20
1059,230,230, 20
1060,230,230, 20
1061,230,230, 20
1062,230,230, 20
1063,230,230, 20
1064,230,230, 20
1065,230,230, 20
1066,230,230, 20
1067,230,230, 20
1068,230,230, 20
1069,230,230, 20
1070,230,230, 20
1071,230,230, 20
1072,230,230, 20
1073,230,230, 20
1074,230,230, 20
1075,230,230, 20
1076,230,230, 20
1077,229,229, 21
1078,229,229, 21
1079,229,229, 21
1080,229,229, 21
1081,229,229, 21
1082,229,229, 21
1083,229,229, 21
1084,229,229, 21
1085,229,229, 21
1086,229,229, 21
1087,229,229, 21
1088,229,229, 21
1089,229,229, 21
1090,229,229, 21
1091,229,229, 21
1092,229,229, 21
1093,229,229, 21
1094,229,229, 21
1095,229,229, 21
1096,229,229, 21
1097,229,229, 21
1098,229,229, 21
1099,229,229, 21
1100,229,229, 21
1101,229,229, 21
1102,229,229, 21
1103,229,229, 21
1104,229,229, 21
1105,229,229, 21
1106,229,229, 21
1107,229,229, 21
1108,229,229, 21
1109,229,229, 21
1110,229,229, 21
1111,229,229, 21
1112,229,229, 21
1113,229,229, 21
1114,229,229, 21
1115,229,229, 21
1116,229,229, 21
1117,229,229, 21
1118,229,229, 21
1119,229,229, 21
1120,229,229, 21
1121,229,229, 21
1122,229,229, 21
1123,229,229, 21
1124,229,229, 21
1125,229,229, 21
1126,229,229, 21
1127,229,229, 21
1128,229,229, 21
1129,229,229, 21
1130,229,229, 21
1131,229,229, 21
1132,229,229, 21
1133,229,229, 21
1134,229,229, 21
1135,229,229, 21
1136,229,229, 21
1137,229,229, 21
1138,229,229, 21
1139,229,229, 21
1140,229,229, 21
1141,229,229, 21
1142,229,229, 21
1143,229,229, 21
1144,229,229, 21
1145,229,229, 21
1146,229,229, 21
1147,229,229, 21
1148,229,229, 21
1149,229,229, 21
1150,229,229, 21
1151,229,229, 21
1152,229,229, 21
1153,229,229, 21
1154,229,229, 21
1155,229,229, 21
1156,229,229, 21
1157,229,229, 21
1158,229,229, 21
1159,229,229, 21
1160,229,229, 21
1161,229,229, 21
1162,229,229, 21
1163,229,229, 21
1164,229,229, 21
1165,229,229, 21
1166,229,229, 21
1167,229,229, 21
1168,229,229, 21
1169,229,229, 21
1170,229,229, 21
1171,229,229, 21
1172,229,229, 21
1173,229,229, 21
1174,229,229, 21
1175,229,229, 21
1176,229,229, 21
1177,229,229, 21
1178,229,229, 21
1179,229,229, 21
1180,229,229, 21
1181,229,229, 21
1182,229,229, 21
1183,229,229, 21
1184,229,229, 21
1185,229,229, 21
1186,229,229, 21
1187,229,229, 21
1188,229,229, 21
1189,229,229, 21
1190,229,229, 21
1191,229,229, 21
1192,229,229, 21
1193,229,229, 21
1194,229,229, 21
1195,229,229, 21
1196,229,229, 21
1197,229,229, 21
1198,229,229, 21
1199,229,229, 21
1200,229,229, 21
1201,229,229, 21
1202,229,229, 21
1203,229,229, 21
1204,229,229, 21
1205,229,229, 21
1206,229,229, 21
1207,229,229, 21
1208,229,229, 21
1209,229,229, 21
1210,229,229, 21
1211,229,229, 21
1212,229,229, 21
1213,229,229, 21
1214,229,229, 21
1215,229,229, 21
1216,229,229, 21
1217,229,229, 21
1218,229,229, 21
1219,229,229, 21
1220,229,229, 21
1221,229,229, 21
1222,229,229, 21
1223,229,229, 21
1224,229,229, 21
1225,229,229, 21
1226,229,229, 21
1227,229,229, 21
1228,229,229, 21
1229,229,229, 21
1230,229,229, 21
1231,229,229, 21
1232,229,229, 21
1233,229,229, 21
1234,229,229, 21
1235,229,229, 21
1236,229,229, 21
1237,229,229, 21
1238,229,229, 21
1239,229,229, 21
1240,229,229, 21
1241,229,229, 21
1242,229,229, 21
1243,229,229, 21
1244,229,229, 21
1245,229,229, 21
1246,229,229, 21
1247,229,229, 21
1248,229,229, 21
1249,229,229, 21
1250,229,229, 21
1251,229,229, 21
1252,229,229, 21
1253,229,229, 21
1254,229,229, 21
1255,229,229, 21
1256,229,229, 21
1257,229,229, 21
1258,229,229, 21
1259,229,229, 21
1260,229,229, 21
1261,229,229, 21
1262,229,229, 21
1263,229,229, 21
1264,229,229, 21
1265,229,229, 21
1266,229,229, 21
1267,229,229, 21
1268,229,229, 21
1269,229,229, 21
1270,229,229, 21
1271,229,229, 21
1272,229,229, 21
1273,229,229, 21
1274,229,229, 21
1275,229,229, 21
1276,229,229, 21
1277,229,229, 21
1278,229,229, 21
1279,229,229, 21
1280,229,229, 21
1281,229,229, 21
1282,229,229, 21
1283,229,229, 21
1284,229,229, 21
1285,229,229, 21
1286,229,229, 21
1287,229,229, 21
1288,229,229, 21
1289,229,229, 21
1290,229,229, 21
1291,229,229, 21
1292,229,229, 21
1293,229,229, 21
1294,229,229, 21
1295,229,229, 21
1296,229,229, 21
1297,229,229, 21
1298,229,229, 21
1299,229,229, 21
1300,229,229, 21
1301,229,229, 21
1302,229,229, 21
1303,229,229, 21
1304,229,229, 21
1305,229,229, 21
1306,229,229, 21
1307,229,229, 21
1308,229,229, 21
1309,229,229, 21
1310,229,229, 21
1311,229,229, 21
1312,229,229, 21
1313,229,229, 21
1314,229,229, 21
1315,229,229, 21
1316,229,229, 21
1317,229,229, 21
1318,229,229, 21
1319,229,229, 21
1320,229,229, 21
1321,229,229, 21
1322,229,229, 21
1323,229,229, 21
1324,229,229, 21
1325,229,229, 21
1326,229,229, 21
1327,229,229, 21
1328,229,229, 21
1329,229,229, 21
1330,229,229, 21
1331,229,229, 21
1332,229,229, 21
1333,229,229, 21
1334,229,229, 21
1335,229,229, 21
1336,229,229, 21
1337,229,229, 21
1338,229,229, 21
1339,229,229, 21
1340,229,229, 21
1341,229,229, 21
1342,229,229, 21
1343,229,229, 21
1344,229,229, 21
1345,229,229, 21
1346,229,229, 21
1347,229,229, 21
1348,229,229, 21
1349,229,229, 21
1350,229,229, 21
1351,229,229, 21
1352,229,229, 21
1353,229,229, 21
1354,229,229, 21
1355,229,229, 21
1356,229,229, 21
1357,229,229, 21
1358,229,229, 21
1359,229,229, 21
1360,229,229, 21
1361,229,229, 21
1362,229,229, 21
1363,229,229, 21
1364,229,229, 21
1365,229,229, 21
1366,229,229, 21
1367,229,229, 21
1368,229,229, 21
1369,229,229, 21
1370,229,229, 21
1371,229,229, 21
1372,229,229, 21
1373,229,229, 21
1374,229,229, 21
1375,229,229, 21
1376,229,229, 21
1377,229,229, 21
1378,229,229, 21
1379,229,229, 21
1380,229,229, 21
1381,229,229, 21
1382,229,229, 21
1383,229,229, 21
1384,229,229, 21
1385,229,229, 21
1386,229,229, 21
1387,229,229, 21
1388,229,229, 21
1389,229,229, 21
1390,229,229, 21
1391,229,229, 21
1392,229,229, 21
1393,229,229, 21
1394,229,229, 21
1395,229,229, 21
1396,229,229, 21
1397,229,229, 21
1398,229,229, 21
1399,229,229, 21
1400,229,229, 21
1401,229,229, 21
1402,229,229, 21
1403,229,229, 21
1404,229,229, 21
1405,229,229, 21
1406,229,229, 21
1407,229,229, 21
1408,229,229, 21
1409,229,229, 21
1410,229,229, 21
1411,229,229, 21
1412,229,229, 21
1413,229,229, 21
1414,229,229, 21
1415,229,229, 21
1416,229,229, 21
1417,229,229, 21
1418,229,229, 21
1419,229,229, 21
1420,229,229, 21
1421,229,229, 21
1422,229,229, 21
1423,229,229, 21
1424,229,229, 21
1425,229,229, 21
1426,229,229, 21
1427,229,229, 21
1428,229,229, 21
1429,229,229, 21
1430,229,229, 21
1431,229,229, 21
1432,229,229, 21
1433,229,229, 21
1434,229,229, 21
1435,229,229, 21
1436,229,229, 21
1437,229,229, 21
1438,229,229, 21
1439,229,229, 21
1440,229,229, 21
1441,229,229, 21
1442,229,229, 21
1443,229,229, 21
1444,229,229, 21
1445,229,229, 21
1446,229,229, 21
1447,229,229, 21
1448,229,229, 21
1449,229,229, 21
1450,229,229, 21
1451,229,229, 21
1452,229,229, 21
1453,229,229, 21
1454,229,229, 21
1455,229,229, 21
1456,229,229, 21
1457,229,229, 21
1458,229,229, 21
1459,229,229, 21
1460,229,229, 21
1461,229,229, 21
1462,229,229, 21
1463,229,229, 21
1464,229,229, 21
1465,229,229, 21
1466,229,229, 21
1467,229,229, 21
1468,229,229, 21
1469,229,229, 21
1470,229,229, 21
1471,229,229, 21
1472,229,229, 21
1473,229,229, 21
1474,229,229, 21
1475,229,229, 21
1476,229,229, 21
1477,229,229, 21
1478,229,229, 21
1479,229,229, 21
1480,229,229, 21
1481,229,229, 21
1482,229,229, 21
1483,229,229, 21
1484,229,229, 21
1485,229,229, 21
1486,229,229, 21
1487,229,229, 21
1488,229,229, 21
1489,229,229, 21
1490,229,229, 21
1491,229,229, 21
1492,229,229, 21
1493,229,229, 21
1494,229,229, 21
1495,229,229, 21
1496,229,229, 21
1497,229,229, 21
1498,229,229, 21
1499,229,229, 21
