0,248,248, 2
1,248,248, 2
2,248,248, 2
3,248,248, 2
4,248,248, 2
5,248,248, 2
6,248,248, 2
7,248,248, 2
8,248,248, 2
9,246,246, 4
10,246,246, 4
11,246,246, 4
12,246,246, 4
13,246,246, 4
14,246,246, 4
15,246,246, 4
16,246,246, 4
17,246,246, 4
18,246,246, 4
19,246,246, 4
20,246,246, 4
21,246,246, 4
22,246,246, 4
23,246,246, 4
24,246,246, 4
25,246,246, 4
26,246,246, 4
27,246,246, 4
28,246,246, 4
29,246,246, 4
30,246,246, 4
31,246,246, 4
32,246,246, 4
33,246,246, 4
34,246,246, 4
35,246,246, 4
36,246,246, 4
37,246,246, 4
38,246,246, 4
39,246,246, 4
40,246,246, 4
41,246,246, 4
42,246,246, 4
43,246,246, 4
44,246,246, 4
45,245,245, 5
46,243,243, 7
47,243,243, 7
48,243,243, 7
49,243,243, 7
50,243,243, 7
51,243,243, 7
52,243,243, 7
53,243,243, 7
54,243,243, 7
55,243,243, 7
56,243,243, 7
57,243,243, 7
58,243,243, 7
59,243,243, 7
60,243,243, 7
61,243,243, 7
62,243,243, 7
63,243,243, 7
64,243,243, 7
65,243,243, 7
66,243,243, 7
67,243,243, 7
68,242,242, 8
69,241,241, 9
70,241,241, 9
71,241,241, 9
72,241,241, 9
73,240,240, 10
74,240,240, 10
75,239,239, 11
76,239,239, 11
77,239,239, 11
78,239,239, 11
79,239,239, 11
80,239,239, 11
81,239,239, 11
82,239,239, 11
83,239,239, 11
84,239,239, 11
85,239,239, 11
86,237,237, 13
87,237,237, 13
88,237,237, 13
89,237,237, 13
90,237,237, 13
91,237,237, 13
92,237,237, 13
93,237,237, 13
94,237,237, 13
95,237,237, 13
96,237,237, 13
97,237,237, 13
98,237,237, 13
99,237,237, 13
100,237,237, 13
101,237,237, 13
102,237,237, 13
103,237,237, 13
104,237,237, 13
105,237,237, 13
106,237,237, 13
107,237,237, 13
108,237,237, 13
109,237,237, 13
110,237,237, 13
111,237,237, 13
112,237,237, 13
113,237,237, 13
114,237,237, 13
115,237,237, 13
116,237,237, 13
117,237,237, 13
118,237,237, 13
119,237,237, 13
120,237,237, 13
121,237,237, 13
122,237,237, 13
123,237,237, 13
124,237,237, 13
125,237,237, 13
126,237,237, 13
127,237,237, 13
128,237,237, 13
129,237,237, 13
130,237,237, 13
131,237,237, 13
132,237,237, 13
133,237,237, 13
134,237,237, 13
135,237,237, 13
136,237,237, 13
137,237,237, 13
138,237,237, 13
139,237,237, 13
140,237,237, 13
141,237,237, 13
142,237,237, 13
143,237,237, 13
144,236,236, 14
145,236,236, 14
146,236,236, 14
147,234,234, 16
148,234,234, 16
149,234,234, 16
150,234,234, 16
151,234,234, 16
152,234,234, 16
153,234,234, 16
154,234,234, 16
155,234,234, 16
156,234,234, 16
157,234,234, 16
158,234,234, 16
159,234,234, 16
160,234,234, 16
161,234,234, 16
162,234,234, 16
163,234,234, 16
164,234,234, 16
165,234,234, 16
166,234,234, 16
167,234,234, 16
168,234,234, 16
169,234,234, 16
170,234,234, 16
171,234,234, 16
172,234,234, 16
173,234,234, 16
174,234,234, 16
175,234,234, 16
176,234,234, 16
177,234,234, 16
178,234,234, 16
179,234,234, 16
180,234,234, 16
181,234,234, 16
182,234,234, 16
183,234,234, 16
184,234,234, 16
185,234,234, 16
186,234,234, 16
187,234,234, 16
188,234,234, 16
189,234,234, 16
190,234,234, 16
191,234,234, 16
192,234,234, 16
193,234,234, 16
194,234,234, 16
195,234,234, 16
196,234,234, 16
197,234,234, 16
198,234,234, 16
199,234,234, 16
200,234,234, 16
201,234,234, 16
202,234,234, 16
203,234,234, 16
204,233,233, 17
205,232,232, 18
206,232,232, 18
207,232,232, 18
208,232,232, 18
209,232,232, 18
210,232,232, 18
211,232,232, 18
212,232,232, 18
213,232,232, 18
214,232,232, 18
215,232,232, 18
216,232,232, 18
217,230,230, 20
218,230,230, 20
219,230,230, 20
220,229,229, 21
221,229,229, 21
222,229,229, 21
223,229,229, 21
224,229,229, 21
225,229,229, 21
226,229,229, 21
227,229,229, 21
228,229,229, 21
229,229,229, 21
230,228,228, 22
231,228,228, 22
232,228,228, 22
233,228,228, 22
234,228,228, 22
235,228,228, 22
236,228,228, 22
237,228,228, 22
238,228,228, 22
239,228,228, 22
240,228,228, 22
241,228,228, 22
242,228,228, 22
243,228,228, 22
244,227,227, 23
245,227,227, 23
246,227,227, 23
247,227,227, 23
248,227,227, 23
249,227,227, 23
250,227,227, 23
251,227,227, 23
252,227,227, 23
253,227,227, 23
254,227,227, 23
255,227,227, 23
256,227,227, 23
257,227,227, 23
258,227,227, 23
259,227,227, 23
260,227,227, 23
261,227,227, 23
262,227,227, 23
263,227,227, 23
264,227,227, 23
265,227,227, 23
266,227,227, 23
267,227,227, 23
268,227,227, 23
269,227,227, 23
270,227,227, 23
271,227,227, 23
272,227,227, 23
273,227,227, 23
274,227,227, 23
275,227,227, 23
276,227,227, 23
277,227,227, 23
278,226,226, 24
279,226,226, 24
280,226,226, 24
281,226,226, 24
282,226,226, 24
283,226,226, 24
284,226,226, 24
285,226,226, 24
286,226,226, 24
287,226,226, 24
288,226,226, 24
289,226,226, 24
290,226,226, 24
291,226,226, 24
292,226,226, 24
293,226,226, 24
294,226,226, 24
295,226,226, 24
296,226,226, 24
297,226,226, 24
298,226,226, 24
299,226,226, 24
300,226,226, 24
301,226,226, 24
302,226,226, 24
303,226,226, 24
304,226,226, 24
305,226,226, 24
306,226,226, 24
307,226,226, 24
308,226,226, 24
309,226,226, 24
310,226,226, 24
311,226,226, 24
312,226,226, 24
313,226,226, 24
314,226,226, 24
315,226,226, 24
316,226,226, 24
317,226,226, 24
318,226,226, 24
319,226,226, 24
320,226,226, 24
321,226,226, 24
322,226,226, 24
323,226,226, 24
324,226,226, 24
325,226,226, 24
326,226,226, 24
327,226,226, 24
328,226,226, 24
329,226,226, 24
330,226,226, 24
331,226,226, 24
332,226,226, 24
333,226,226, 24
334,226,226, 24
335,226,226, 24
336,226,226, 24
337,226,226, 24
338,226,226, 24
339,226,226, 24
340,226,226, 24
341,226,226, 24
342,226,226, 24
343,226,226, 24
344,226,226, 24
345,226,226, 24
346,226,226, 24
347,226,226, 24
348,226,226, 24
349,226,226, 24
350,226,226, 24
351,226,226, 24
352,226,226, 24
353,226,226, 24
354,226,226, 24
355,226,226, 24
356,226,226, 24
357,226,226, 24
358,225,225, 25
359,225,225, 25
360,225,225, 25
361,225,225, 25
362,223,223, 27
363,223,223, 27
364,223,223, 27
365,223,223, 27
366,223,223, 27
367,223,223, 27
368,223,223, 27
369,223,223, 27
370,223,223, 27
371,223,223, 27
372,223,223, 27
373,223,223, 27
374,223,223, 27
375,222,222, 28
376,222,222, 28
377,222,222, 28
378,222,222, 28
379,222,222, 28
380,222,222, 28
381,222,222, 28
382,222,222, 28
383,222,222, 28
384,222,222, 28
385,222,222, 28
386,222,222, 28
387,222,222, 28
388,222,222, 28
389,222,222, 28
390,222,222, 28
391,222,222, 28
392,220,220, 30
393,220,220, 30
394,220,220, 30
395,220,220, 30
396,220,220, 30
397,220,220, 30
398,220,220, 30
399,220,220, 30
400,220,220, 30
401,220,220, 30
402,220,220, 30
403,220,220, 30
404,220,220, 30
405,220,220, 30
406,219,219, 31
407,218,218, 32
408,218,218, 32
409,217,217, 33
410,217,217, 33
411,217,217, 33
412,217,217, 33
413,216,216, 34
414,216,216, 34
415,216,216, 34
416,216,216, 34
417,216,216, 34
418,216,216, 34
419,216,216, 34
420,216,216, 34
421,216,216, 34
422,216,216, 34
423,216,216, 34
424,216,216, 34
425,216,216, 34
426,216,216, 34
427,216,216, 34
428,216,216, 34
429,216,216, 34
430,216,216, 34
431,216,216, 34
432,216,216, 34
433,216,216, 34
434,216,216, 34
435,216,216, 34
436,216,216, 34
437,216,216, 34
438,216,216, 34
439,216,216, 34
440,216,216, 34
441,216,216, 34
442,216,216, 34
443,216,216, 34
444,216,216, 34
445,216,216, 34
446,216,216, 34
447,215,215, 35
448,215,215, 35
449,215,215, 35
450,215,215, 35
451,215,215, 35
452,215,215, 35
453,215,215, 35
454,215,215, 35
455,215,215, 35
456,215,215, 35
457,215,215, 35
458,215,215, 35
459,215,215, 35
460,215,215, 35
461,215,215, 35
462,215,215, 35
463,215,215, 35
464,215,215, 35
465,215,215, 35
466,215,215, 35
467,215,215, 35
468,215,215, 35
469,215,215, 35
470,215,215, 35
471,215,215, 35
472,215,215, 35
473,215,215, 35
474,215,215, 35
475,215,215, 35
476,215,215, 35
477,214,214, 36
478,214,214, 36
479,214,214, 36
480,214,214, 36
481,214,214, 36
482,214,214, 36
483,214,214, 36
484,214,214, 36
485,214,214, 36
486,214,214, 36
487,214,214, 36
488,214,214, 36
489,214,214, 36
490,214,214, 36
491,214,214, 36
492,214,214, 36
493,214,214, 36
494,214,214, 36
495,214,214, 36
496,214,214, 36
497,214,214, 36
498,214,214, 36
499,214,214, 36
500,214,214, 36
501,214,214, 36
502,213,213, 37
503,212,212, 38
504,212,212, 38
505,212,212, 38
506,212,212, 38
507,212,212, 38
508,212,212, 38
509,211,211, 39
510,210,210, 40
511,210,210, 40
512,210,210, 40
513,210,210, 40
514,210,210, 40
515,210,210, 40
516,210,210, 40
517,210,210, 40
518,210,210, 40
519,210,210, 40
520,210,210, 40
521,210,210, 40
522,210,210, 40
523,210,210, 40
524,210,210, 40
525,210,210, 40
526,210,210, 40
527,210,210, 40
528,210,210, 40
529,209,209, 41
530,209,209, 41
531,209,209, 41
532,209,209, 41
533,209,209, 41
534,209,209, 41
535,209,209, 41
536,209,209, 41
537,209,209, 41
538,209,209, 41
539,209,209, 41
540,209,209, 41
541,209,209, 41
542,209,209, 41
543,209,209, 41
544,209,209, 41
545,209,209, 41
546,209,209, 41
547,209,209, 41
548,209,209, 41
549,209,209, 41
550,209,209, 41
551,209,209, 41
552,209,209, 41
553,209,209, 41
554,209,209, 41
555,209,209, 41
556,209,209, 41
557,209,209, 41
558,209,209, 41
559,209,209, 41
560,209,209, 41
561,209,209, 41
562,209,209, 41
563,209,209, 41
564,209,209, 41
565,209,209, 41
566,209,209, 41
567,209,209, 41
568,209,209, 41
569,209,209, 41
570,209,209, 41
571,209,209, 41
572,209,209, 41
573,209,209, 41
574,209,209, 41
575,209,209, 41
576,209,209, 41
577,209,209, 41
578,209,209, 41
579,209,209, 41
580,209,209, 41
581,209,209, 41
582,209,209, 41
583,209,209, 41
584,209,209, 41
585,209,209, 41
586,209,209, 41
587,209,209, 41
588,209,209, 41
589,209,209, 41
590,209,209, 41
591,209,209, 41
592,209,209, 41
593,209,209, 41
594,209,209, 41
595,209,209, 41
596,209,209, 41
597,209,209, 41
598,209,209, 41
599,209,209, 41
600,209,209, 41
601,209,209, 41
602,209,209, 41
603,209,209, 41
604,209,209, 41
605,209,209, 41
606,209,209, 41
607,209,209, 41
608,209,209, 41
609,209,209, 41
610,209,209, 41
611,209,209, 41
612,209,209, 41
613,209,209, 41
614,209,209, 41
615,209,209, 41
616,209,209, 41
617,209,209, 41
618,209,209, 41
619,209,209, 41
620,209,209, 41
621,209,209, 41
622,209,209, 41
623,209,209, 41
624,209,209, 41
625,209,209, 41
626,209,209, 41
627,209,209, 41
628,209,209, 41
629,209,209, 41
630,209,209, 41
631,209,209, 41
632,208,208, 42
633,208,208, 42
634,208,208, 42
635,208,208, 42
636,208,208, 42
637,208,208, 42
638,208,208, 42
639,208,208, 42
640,208,208, 42
641,208,208, 42
642,208,208, 42
643,208,208, 42
644,208,208, 42
645,208,208, 42
646,208,208, 42
647,208,208, 42
648,208,208, 42
649,208,208, 42
650,208,208, 42
651,206,206, 44
652,206,206, 44
653,206,206, 44
654,206,206, 44
655,206,206, 44
656,206,206, 44
657,206,206, 44
658,206,206, 44
659,206,206, 44
660,206,206, 44
661,206,206, 44
662,206,206, 44
663,206,206, 44
664,206,206, 44
665,206,206, 44
666,206,206, 44
667,206,206, 44
668,205,205, 45
669,205,205, 45
670,205,205, 45
671,205,205, 45
672,205,205, 45
673,205,205, 45
674,205,205, 45
675,205,205, 45
676,205,205, 45
677,205,205, 45
678,205,205, 45
679,205,205, 45
680,205,205, 45
681,205,205, 45
682,205,205, 45
683,205,205, 45
684,205,205, 45
685,205,205, 45
686,205,205, 45
687,205,205, 45
688,205,205, 45
689,205,205, 45
690,205,205, 45
691,205,205, 45
692,205,205, 45
693,205,205, 45
694,205,205, 45
695,205,205, 45
696,205,205, 45
697,205,205, 45
698,205,205, 45
699,205,205, 45
700,205,205, 45
701,205,205, 45
702,205,205, 45
703,205,205, 45
704,205,205, 45
705,205,205, 45
706,205,205, 45
707,205,205, 45
708,205,205, 45
709,205,205, 45
710,205,205, 45
711,205,205, 45
712,205,205, 45
713,205,205, 45
714,205,205, 45
715,205,205, 45
716,205,205, 45
717,205,205, 45
718,205,205, 45
719,205,205, 45
720,205,205, 45
721,205,205, 45
722,205,205, 45
723,205,205, 45
724,205,205, 45
725,205,205, 45
726,205,205, 45
727,205,205, 45
728,205,205, 45
729,205,205, 45
730,205,205, 45
731,205,205, 45
732,205,205, 45
733,205,205, 45
734,205,205, 45
735,205,205, 45
736,205,205, 45
737,205,205, 45
738,205,205, 45
739,205,205, 45
740,205,205, 45
741,205,205, 45
742,205,205, 45
743,205,205, 45
744,205,205, 45
745,205,205, 45
746,205,205, 45
747,205,205, 45
748,205,205, 45
749,205,205, 45
750,205,205, 45
751,205,205, 45
752,205,205, 45
753,205,205, 45
754,205,205, 45
755,205,205, 45
756,205,205, 45
757,205,205, 45
758,205,205, 45
759,205,205, 45
760,205,205, 45
761,205,205, 45
762,205,205, 45
763,205,205, 45
764,205,205, 45
765,205,205, 45
766,205,205, 45
767,205,205, 45
768,205,205, 45
769,205,205, 45
770,205,205, 45
771,205,205, 45
772,205,205, 45
773,205,205, 45
774,205,205, 45
775,205,205, 45
776,205,205, 45
777,205,205, 45
778,205,205, 45
779,205,205, 45
780,205,205, 45
781,205,205, 45
782,205,205, 45
783,205,205, 45
784,205,205, 45
785,205,205, 45
786,205,205, 45
787,205,205, 45
788,205,205, 45
789,205,205, 45
790,205,205, 45
791,205,205, 45
792,205,205, 45
793,205,205, 45
794,205,205, 45
795,205,205, 45
796,205,205, 45
797,205,205, 45
798,205,205, 45
799,205,205, 45
800,205,205, 45
801,205,205, 45
802,205,205, 45
803,205,205, 45
804,205,205, 45
805,205,205, 45
806,205,205, 45
807,205,205, 45
808,205,205, 45
809,205,205, 45
810,205,205, 45
811,205,205, 45
812,205,205, 45
813,205,205, 45
814,205,205, 45
815,205,205, 45
816,205,205, 45
817,205,205, 45
818,205,205, 45
819,205,205, 45
820,205,205, 45
821,205,205, 45
822,205,205, 45
823,205,205, 45
824,205,205, 45
825,205,205, 45
826,205,205, 45
827,205,205, 45
828,205,205, 45
829,205,205, 45
830,205,205, 45
831,205,205, 45
832,205,205, 45
833,205,205, 45
834,205,205, 45
835,205,205, 45
836,205,205, 45
837,205,205, 45
838,205,205, 45
839,205,205, 45
840,205,205, 45
841,205,205, 45
842,205,205, 45
843,205,205, 45
844,205,205, 45
845,205,205, 45
846,205,205, 45
847,205,205, 45
848,205,205, 45
849,205,205, 45
850,205,205, 45
851,205,205, 45
852,205,205, 45
853,205,205, 45
854,205,205, 45
855,205,205, 45
856,205,205, 45
857,205,205, 45
858,205,205, 45
859,205,205, 45
860,205,205, 45
861,205,205, 45
862,205,205, 45
863,205,205, 45
864,205,205, 45
865,205,205, 45
866,205,205, 45
867,205,205, 45
868,205,205, 45
869,205,205, 45
870,205,205, 45
871,205,205, 45
872,204,204, 46
873,204,204, 46
874,204,204, 46
875,204,204, 46
876,204,204, 46
877,204,204, 46
878,204,204, 46
879,204,204, 46
880,204,204, 46
881,204,204, 46
882,204,204, 46
883,204,204, 46
884,204,204, 46
885,204,204, 46
886,204,204, 46
887,204,204, 46
888,204,204, 46
889,204,204, 46
890,204,204, 46
891,204,204, 46
892,204,204, 46
893,204,204, 46
894,204,204, 46
895,204,204, 46
896,204,204, 46
897,204,204, 46
898,204,204, 46
899,204,204, 46
900,204,204, 46
901,204,204, 46
902,203,203, 47
903,202,202, 48
904,202,202, 48
905,202,202, 48
906,202,202, 48
907,202,202, 48
908,202,202, 48
909,202,202, 48
910,202,202, 48
911,202,202, 48
912,202,202, 48
913,202,202, 48
914,202,202, 48
915,202,202, 48
916,202,202, 48
917,202,202, 48
918,202,202, 48
919,202,202, 48
920,202,202, 48
921,202,202, 48
922,202,202, 48
923,202,202, 48
924,202,202, 48
925,202,202, 48
926,202,202, 48
927,202,202, 48
928,202,202, 48
929,202,202, 48
930,202,202, 48
931,202,202, 48
932,202,202, 48
933,202,202, 48
934,202,202, 48
935,202,202, 48
936,202,202, 48
937,202,202, 48
938,202,202, 48
939,202,202, 48
940,202,202, 48
941,202,202, 48
942,202,202, 48
943,202,202, 48
944,202,202, 48
945,202,202, 48
946,202,202, 48
947,202,202, 48
948,202,202, 48
949,202,202, 48
950,202,202, 48
951,202,202, 48
952,202,202, 48
953,202,202, 48
954,202,202, 48
955,202,202, 48
956,202,202, 48
957,202,202, 48
958,202,202, 48
959,202,202, 48
960,202,202, 48
961,202,202, 48
962,202,202, 48
963,202,202, 48
964,202,202, 48
965,202,202, 48
966,202,202, 48
967,202,202, 48
968,202,202, 48
969,202,202, 48
970,202,202, 48
971,202,202, 48
972,202,202, 48
973,202,202, 48
974,202,202, 48
975,202,202, 48
976,202,202, 48
977,202,202, 48
978,202,202, 48
979,202,202, 48
980,202,202, 48
981,202,202, 48
982,202,202, 48
983,202,202, 48
984,202,202, 48
985,202,202, 48
986,202,202, 48
987,202,202, 48
988,202,202, 48
989,201,201, 49
990,201,201, 49
991,201,201, 49
992,201,201, 49
993,201,201, 49
994,201,201, 49
995,201,201, 49
996,201,201, 49
997,201,201, 49
998,201,201, 49
999,201,201, 49
1000,201,201, 49
1001,201,201, 49
1002,201,201, 49
1003,201,201, 49
1004,201,201, 49
1005,201,201, 49
1006,201,201, 49
1007,201,201, 49
1008,201,201, 49
1009,201,201, 49
1010,201,201, 49
1011,201,201, 49
1012,201,201, 49
1013,201,201, 49
1014,201,201, 49
1015,201,201, 49
1016,201,201, 49
1017,201,201, 49
1018,201,201, 49
1019,201,201, 49
1020,201,201, 49
1021,201,201, 49
1022,201,201, 49
1023,201,201, 49
1024,200,200, 50
1025,200,200, 50
1026,200,200, 50
1027,200,200, 50
1028,200,200, 50
1029,200,200, 50
1030,200,200, 50
1031,200,200, 50
1032,200,200, 50
1033,200,200, 50
1034,200,200, 50
1035,200,200, 50
1036,200,200, 50
1037,200,200, 50
1038,200,200, 50
1039,200,200, 50
1040,200,200, 50
1041,200,200, 50
1042,200,200, 50
1043,200,200, 50
1044,200,200, 50
1045,200,200, 50
1046,200,200, 50
1047,200,200, 50
1048,200,200, 50
1049,200,200, 50
1050,200,200, 50
1051,200,200, 50
1052,200,200, 50
1053,200,200, 50
1054,200,200, 50
1055,200,200, 50
1056,200,200, 50
1057,200,200, 50
1058,200,200, 50
1059,200,200, 50
1060,200,200, 50
1061,200,200, 50
1062,200,200, 50
1063,200,200, 50
1064,200,200, 50
1065,200,200, 50
1066,200,200, 50
1067,200,200, 50
1068,200,200, 50
1069,200,200, 50
1070,200,200, 50
1071,200,200, 50
1072,200,200, 50
1073,200,200, 50
1074,200,200, 50
1075,200,200, 50
1076,200,200, 50
1077,200,200, 50
1078,200,200, 50
1079,200,200, 50
1080,200,200, 50
1081,200,200, 50
1082,200,200, 50
1083,200,200, 50
1084,200,200, 50
1085,200,200, 50
1086,200,200, 50
1087,200,200, 50
1088,200,200, 50
1089,200,200, 50
1090,200,200, 50
1091,200,200, 50
1092,200,200, 50
1093,200,200, 50
1094,200,200, 50
1095,200,200, 50
1096,200,200, 50
1097,200,200, 50
1098,200,200, 50
1099,200,200, 50
1100,200,200, 50
1101,200,200, 50
1102,200,200, 50
1103,200,200, 50
1104,200,200, 50
1105,200,200, 50
1106,200,200, 50
1107,200,200, 50
1108,200,200, 50
1109,200,200, 50
1110,200,200, 50
1111,200,200, 50
1112,200,200, 50
1113,200,200, 50
1114,200,200, 50
1115,200,200, 50
1116,200,200, 50
1117,200,200, 50
1118,200,200, 50
1119,200,200, 50
1120,200,200, 50
1121,200,200, 50
1122,200,200, 50
1123,199,199, 51
1124,199,199, 51
1125,199,199, 51
1126,199,199, 51
1127,199,199, 51
1128,199,199, 51
1129,199,199, 51
1130,199,199, 51
1131,199,199, 51
1132,199,199, 51
1133,199,199, 51
1134,199,199, 51
1135,199,199, 51
1136,199,199, 51
1137,199,199, 51
1138,199,199, 51
1139,199,199, 51
1140,199,199, 51
1141,199,199, 51
1142,199,199, 51
1143,199,199, 51
1144,199,199, 51
1145,199,199, 51
1146,199,199, 51
1147,199,199, 51
1148,199,199, 51
1149,199,199, 51
1150,199,199, 51
1151,199,199, 51
1152,199,199, 51
1153,199,199, 51
1154,199,199, 51
1155,199,199, 51
1156,199,199, 51
1157,198,198, 52
1158,198,198, 52
1159,198,198, 52
1160,198,198, 52
1161,198,198, 52
1162,197,197, 53
1163,197,197, 53
1164,197,197, 53
1165,197,197, 53
1166,197,197, 53
1167,197,197, 53
1168,197,197, 53
1169,197,197, 53
1170,197,197, 53
1171,197,197, 53
1172,197,197, 53
1173,197,197, 53
1174,197,197, 53
1175,197,197, 53
1176,197,197, 53
1177,197,197, 53
1178,197,197, 53
1179,197,197, 53
1180,197,197, 53
1181,197,197, 53
1182,197,197, 53
1183,197,197, 53
1184,197,197, 53
1185,197,197, 53
1186,197,197, 53
1187,197,197, 53
1188,197,197, 53
1189,197,197, 53
1190,197,197, 53
1191,197,197, 53
1192,197,197, 53
1193,197,197, 53
1194,197,197, 53
1195,197,197, 53
1196,197,197, 53
1197,197,197, 53
1198,197,197, 53
1199,197,197, 53
1200,197,197, 53
1201,197,197, 53
1202,197,197, 53
1203,196,196, 54
1204,196,196, 54
1205,196,196, 54
1206,196,196, 54
1207,196,196, 54
1208,196,196, 54
1209,196,196, 54
1210,196,196, 54
1211,196,196, 54
1212,196,196, 54
1213,196,196, 54
1214,196,196, 54
1215,196,196, 54
1216,196,196, 54
1217,196,196, 54
1218,196,196, 54
1219,196,196, 54
1220,196,196, 54
1221,196,196, 54
1222,196,196, 54
1223,196,196, 54
1224,195,195, 55
1225,195,195, 55
1226,195,195, 55
1227,194,194, 56
1228,194,194, 56
1229,194,194, 56
1230,194,194, 56
1231,194,194, 56
1232,194,194, 56
1233,194,194, 56
1234,194,194, 56
1235,194,194, 56
1236,194,194, 56
1237,194,194, 56
1238,194,194, 56
1239,194,194, 56
1240,194,194, 56
1241,194,194, 56
1242,194,194, 56
1243,194,194, 56
1244,194,194, 56
1245,194,194, 56
1246,194,194, 56
1247,193,193, 57
1248,193,193, 57
1249,193,193, 57
1250,193,193, 57
1251,193,193, 57
1252,193,193, 57
1253,193,193, 57
1254,193,193, 57
1255,193,193, 57
1256,193,193, 57
1257,193,193, 57
1258,193,193, 57
1259,193,193, 57
1260,193,193, 57
1261,193,193, 57
1262,193,193, 57
1263,193,193, 57
1264,193,193, 57
1265,193,193, 57
1266,193,193, 57
1267,193,193, 57
1268,193,193, 57
1269,193,193, 57
1270,193,193, 57
1271,193,193, 57
1272,193,193, 57
1273,193,193, 57
1274,193,193, 57
1275,193,193, 57
1276,193,193, 57
1277,193,193, 57
1278,193,193, 57
1279,193,193, 57
1280,193,193, 57
1281,193,193, 57
1282,193,193, 57
1283,193,193, 57
1284,193,193, 57
1285,193,193, 57
1286,193,193, 57
1287,193,193, 57
1288,193,193, 57
1289,193,193, 57
1290,193,193, 57
1291,193,193, 57
1292,193,193, 57
1293,193,193, 57
1294,193,193, 57
1295,193,193, 57
1296,193,193, 57
1297,193,193, 57
1298,193,193, 57
1299,193,193, 57
1300,193,193, 57
1301,193,193, 57
1302,193,193, 57
1303,193,193, 57
1304,192,192, 58
1305,191,191, 59
1306,191,191, 59
1307,191,191, 59
1308,190,190, 60
1309,190,190, 60
1310,190,190, 60
1311,190,190, 60
1312,190,190, 60
1313,190,190, 60
1314,190,190, 60
1315,190,190, 60
1316,190,190, 60
1317,190,190, 60
1318,190,190, 60
1319,190,190, 60
1320,190,190, 60
1321,190,190, 60
1322,190,190, 60
1323,190,190, 60
1324,190,190, 60
1325,190,190, 60
1326,190,190, 60
1327,190,190, 60
1328,190,190, 60
1329,190,190, 60
1330,190,190, 60
1331,190,190, 60
1332,190,190, 60
1333,190,190, 60
1334,190,190, 60
1335,190,190, 60
1336,190,190, 60
1337,190,190, 60
1338,190,190, 60
1339,190,190, 60
1340,190,190, 60
1341,190,190, 60
1342,190,190, 60
1343,190,190, 60
1344,190,190, 60
1345,190,190, 60
1346,190,190, 60
1347,190,190, 60
1348,190,190, 60
1349,190,190, 60
1350,190,190, 60
1351,190,190, 60
1352,190,190, 60
1353,190,190, 60
1354,190,190, 60
1355,190,190, 60
1356,190,190, 60
1357,190,190, 60
1358,190,190, 60
1359,190,190, 60
1360,190,190, 60
1361,190,190, 60
1362,190,190, 60
1363,190,190, 60
1364,190,190, 60
1365,190,190, 60
1366,190,190, 60
1367,190,190, 60
1368,190,190, 60
1369,190,190, 60
1370,190,190, 60
1371,190,190, 60
1372,190,190, 60
1373,190,190, 60
1374,190,190, 60
1375,190,190, 60
1376,190,190, 60
1377,190,190, 60
1378,190,190, 60
1379,190,190, 60
1380,190,190, 60
1381,190,190, 60
1382,190,190, 60
1383,190,190, 60
1384,190,190, 60
1385,190,190, 60
1386,190,190, 60
1387,190,190, 60
1388,190,190, 60
1389,190,190, 60
1390,190,190, 60
1391,190,190, 60
1392,190,190, 60
1393,190,190, 60
1394,190,190, 60
1395,190,190, 60
1396,190,190, 60
1397,190,190, 60
1398,190,190, 60
1399,190,190, 60
1400,190,190, 60
1401,190,190, 60
1402,190,190, 60
1403,190,190, 60
1404,190,190, 60
1405,190,190, 60
1406,190,190, 60
1407,190,190, 60
1408,190,190, 60
1409,189,189, 61
1410,189,189, 61
1411,189,189, 61
1412,189,189, 61
1413,189,189, 61
1414,189,189, 61
1415,189,189, 61
1416,189,189, 61
1417,189,189, 61
1418,189,189, 61
1419,189,189, 61
1420,189,189, 61
1421,189,189, 61
1422,189,189, 61
1423,189,189, 61
1424,189,189, 61
1425,189,189, 61
1426,189,189, 61
1427,189,189, 61
1428,189,189, 61
1429,189,189, 61
1430,189,189, 61
1431,189,189, 61
1432,189,189, 61
1433,189,189, 61
1434,189,189, 61
1435,189,189, 61
1436,189,189, 61
1437,189,189, 61
1438,189,189, 61
1439,189,189, 61
1440,189,189, 61
1441,189,189, 61
1442,189,189, 61
1443,189,189, 61
1444,189,189, 61
1445,189,189, 61
1446,189,189, 61
1447,189,189, 61
1448,189,189, 61
1449,189,189, 61
1450,189,189, 61
1451,189,189, 61
1452,189,189, 61
1453,189,189, 61
1454,189,189, 61
1455,189,189, 61
1456,189,189, 61
1457,189,189, 61
1458,189,189, 61
1459,189,189, 61
1460,189,189, 61
1461,189,189, 61
1462,189,189, 61
1463,189,189, 61
1464,189,189, 61
1465,189,189, 61
1466,189,189, 61
1467,189,189, 61
1468,189,189, 61
1469,189,189, 61
1470,189,189, 61
1471,189,189, 61
1472,189,189, 61
1473,189,189, 61
1474,189,189, 61
1475,189,189, 61
1476,189,189, 61
1477,189,189, 61
1478,189,189, 61
1479,189,189, 61
1480,189,189, 61
1481,189,189, 61
1482,189,189, 61
1483,189,189, 61
1484,189,189, 61
1485,189,189, 61
1486,189,189, 61
1487,189,189, 61
1488,189,189, 61
1489,189,189, 61
1490,189,189, 61
1491,189,189, 61
1492,189,189, 61
1493,189,189, 61
1494,189,189, 61
1495,189,189, 61
1496,189,189, 61
1497,189,189, 61
1498,189,189, 61
1499,189,189, 61
