0,250,250, 0
1,250,250, 0
2,250,250, 0
3,250,250, 0
4,250,250, 0
5,250,250, 0
6,250,250, 0
7,250,250, 0
8,250,250, 0
9,250,250, 0
10,250,250, 0
11,250,250, 0
12,250,250, 0
13,250,250, 0
14,250,250, 0
15,250,250, 0
16,250,250, 0
17,250,250, 0
18,250,250, 0
19,250,250, 0
20,250,250, 0
21,250,250, 0
22,250,250, 0
23,250,250, 0
24,250,250, 0
25,250,250, 0
26,250,250, 0
27,250,250, 0
28,250,250, 0
29,250,250, 0
30,250,250, 0
31,250,250, 0
32,250,250, 0
33,250,250, 0
34,250,250, 0
35,250,250, 0
36,250,250, 0
37,249,249, 1
38,249,249, 1
39,249,249, 1
40,249,249, 1
41,249,249, 1
42,249,249, 1
43,249,249, 1
44,248,248, 2
45,248,248, 2
46,248,248, 2
47,248,248, 2
48,248,248, 2
49,248,248, 2
50,248,248, 2
51,247,247, 3
52,247,247, 3
53,247,247, 3
54,247,247, 3
55,247,247, 3
56,247,247, 3
57,247,247, 3
58,247,247, 3
59,247,247, 3
60,247,247, 3
61,247,247, 3
62,247,247, 3
63,247,247, 3
64,247,247, 3
65,247,247, 3
66,247,247, 3
67,247,247, 3
68,247,247, 3
69,247,247, 3
70,247,247, 3
71,247,247, 3
72,247,247, 3
73,247,247, 3
74,247,247, 3
75,247,247, 3
76,247,247, 3
77,247,247, 3
78,247,247, 3
79,247,247, 3
80,247,247, 3
81,247,247, 3
82,246,246, 4
83,246,246, 4
84,246,246, 4
85,246,246, 4
86,246,246, 4
87,246,246, 4
88,246,246, 4
89,246,246, 4
90,246,246, 4
91,246,246, 4
92,246,246, 4
93,246,246, 4
94,246,246, 4
95,245,245, 5
96,245,245, 5
97,245,245, 5
98,245,245, 5
99,245,245, 5
100,245,245, 5
101,245,245, 5
102,245,245, 5
103,245,245, 5
104,245,245, 5
105,245,245, 5
106,245,245, 5
107,245,245, 5
108,245,245, 5
109,245,245, 5
110,245,245, 5
111,245,245, 5
112,245,245, 5
113,244,244, 6
114,244,244, 6
115,244,244, 6
116,244,244, 6
117,244,244, 6
118,244,244, 6
119,244,244, 6
120,244,244, 6
121,244,244, 6
122,244,244, 6
123,243,243, 7
124,243,243, 7
125,243,243, 7
126,243,243, 7
127,243,243, 7
128,243,243, 7
129,243,243, 7
130,243,243, 7
131,243,243, 7
132,243,243, 7
133,243,243, 7
134,243,243, 7
135,243,243, 7
136,243,243, 7
137,243,243, 7
138,243,243, 7
139,243,243, 7
140,243,243, 7
141,243,243, 7
142,243,243, 7
143,243,243, 7
144,243,243, 7
145,243,243, 7
146,242,242, 8
147,242,242, 8
148,242,242, 8
149,242,242, 8
150,242,242, 8
151,242,242, 8
152,242,242, 8
153,242,242, 8
154,242,242, 8
155,242,242, 8
156,242,242, 8
157,242,242, 8
158,242,242, 8
159,242,242, 8
160,242,242, 8
161,242,242, 8
162,242,242, 8
163,242,242, 8
164,242,242, 8
165,242,242, 8
166,242,242, 8
167,242,242, 8
168,242,242, 8
169,242,242, 8
170,242,242, 8
171,241,241, 9
172,241,241, 9
173,241,241, 9
174,241,241, 9
175,241,241, 9
176,241,241, 9
177,241,241, 9
178,241,241, 9
179,241,241, 9
180,241,241, 9
181,241,241, 9
182,241,241, 9
183,241,241, 9
184,241,241, 9
185,241,241, 9
186,241,241, 9
187,241,241, 9
188,241,241, 9
189,241,241, 9
190,241,241, 9
191,241,241, 9
192,241,241, 9
193,241,241, 9
194,241,241, 9
195,241,241, 9
196,241,241, 9
197,241,241, 9
198,241,241, 9
199,241,241, 9
200,240,240, 10
201,240,240, 10
202,240,240, 10
203,240,240, 10
204,239,239, 11
205,239,239, 11
206,239,239, 11
207,239,239, 11
208,239,239, 11
209,239,239, 11
210,239,239, 11
211,239,239, 11
212,239,239, 11
213,239,239, 11
214,239,239, 11
215,239,239, 11
216,239,239, 11
217,239,239, 11
218,239,239, 11
219,239,239, 11
220,239,239, 11
221,239,239, 11
222,239,239, 11
223,239,239, 11
224,239,239, 11
225,239,239, 11
226,239,239, 11
227,239,239, 11
228,239,239, 11
229,239,239, 11
230,239,239, 11
231,239,239, 11
232,239,239, 11
233,239,239, 11
234,239,239, 11
235,239,239, 11
236,238,238, 12
237,238,238, 12
238,238,238, 12
239,237,237, 13
240,237,237, 13
241,237,237, 13
242,237,237, 13
243,237,237, 13
244,237,237, 13
245,237,237, 13
246,237,237, 13
247,237,237, 13
248,237,237, 13
249,237,237, 13
250,237,237, 13
251,236,236, 14
252,236,236, 14
253,236,236, 14
254,236,236, 14
255,236,236, 14
256,236,236, 14
257,236,236, 14
258,236,236, 14
259,236,236, 14
260,236,236, 14
261,236,236, 14
262,236,236, 14
263,236,236, 14
264,236,236, 14
265,236,236, 14
266,236,236, 14
267,236,236, 14
268,236,236, 14
269,236,236, 14
270,236,236, 14
271,236,236, 14
272,236,236, 14
273,236,236, 14
274,236,236, 14
275,234,234, 16
276,234,234, 16
277,234,234, 16
278,234,234, 16
279,234,234, 16
280,234,234, 16
281,234,234, 16
282,234,234, 16
283,234,234, 16
284,234,234, 16
285,234,234, 16
286,234,234, 16
287,234,234, 16
288,234,234, 16
289,234,234, 16
290,234,234, 16
291,234,234, 16
292,234,234, 16
293,234,234, 16
294,234,234, 16
295,234,234, 16
296,234,234, 16
297,234,234, 16
298,234,234, 16
299,234,234, 16
300,234,234, 16
301,234,234, 16
302,234,234, 16
303,234,234, 16
304,234,234, 16
305,234,234, 16
306,234,234, 16
307,234,234, 16
308,234,234, 16
309,233,233, 17
310,233,233, 17
311,233,233, 17
312,233,233, 17
313,233,233, 17
314,233,233, 17
315,233,233, 17
316,233,233, 17
317,233,233, 17
318,233,233, 17
319,233,233, 17
320,233,233, 17
321,233,233, 17
322,233,233, 17
323,233,233, 17
324,233,233, 17
325,233,233, 17
326,233,233, 17
327,233,233, 17
328,233,233, 17
329,233,233, 17
330,233,233, 17
331,233,233, 17
332,233,233, 17
333,233,233, 17
334,233,233, 17
335,233,233, 17
336,233,233, 17
337,233,233, 17
338,233,233, 17
339,233,233, 17
340,233,233, 17
341,233,233, 17
342,233,233, 17
343,233,233, 17
344,233,233, 17
345,233,233, 17
346,233,233, 17
347,233,233, 17
348,233,233, 17
349,233,233, 17
350,233,233, 17
351,233,233, 17
352,233,233, 17
353,233,233, 17
354,233,233, 17
355,233,233, 17
356,233,233, 17
357,233,233, 17
358,233,233, 17
359,233,233, 17
360,233,233, 17
361,233,233, 17
362,233,233, 17
363,233,233, 17
364,233,233, 17
365,233,233, 17
366,233,233, 17
367,233,233, 17
368,233,233, 17
369,233,233, 17
370,233,233, 17
371,233,233, 17
372,233,233, 17
373,233,233, 17
374,233,233, 17
375,233,233, 17
376,233,233, 17
377,233,233, 17
378,233,233, 17
379,233,233, 17
380,233,233, 17
381,233,233, 17
382,233,233, 17
383,233,233, 17
384,233,233, 17
385,233,233, 17
386,233,233, 17
387,233,233, 17
388,233,233, 17
389,233,233, 17
390,233,233, 17
391,233,233, 17
392,233,233, 17
393,233,233, 17
394,233,233, 17
395,233,233, 17
396,233,233, 17
397,233,233, 17
398,233,233, 17
399,233,233, 17
400,233,233, 17
401,233,233, 17
402,233,233, 17
403,233,233, 17
404,233,233, 17
405,233,233, 17
406,232,232, 18
407,232,232, 18
408,232,232, 18
409,232,232, 18
410,232,232, 18
411,232,232, 18
412,232,232, 18
413,232,232, 18
414,232,232, 18
415,232,232, 18
416,232,232, 18
417,232,232, 18
418,232,232, 18
419,232,232, 18
420,232,232, 18
421,232,232, 18
422,232,232, 18
423,232,232, 18
424,232,232, 18
425,232,232, 18
426,232,232, 18
427,232,232, 18
428,232,232, 18
429,232,232, 18
430,232,232, 18
431,232,232, 18
432,232,232, 18
433,232,232, 18
434,232,232, 18
435,232,232, 18
436,232,232, 18
437,232,232, 18
438,232,232, 18
439,232,232, 18
440,232,232, 18
441,232,232, 18
442,232,232, 18
443,232,232, 18
444,232,232, 18
445,232,232, 18
446,232,232, 18
447,232,232, 18
448,232,232, 18
449,232,232, 18
450,232,232, 18
451,232,232, 18
452,232,232, 18
453,232,232, 18
454,232,232, 18
455,232,232, 18
456,232,232, 18
457,232,232, 18
458,232,232, 18
459,232,232, 18
460,232,232, 18
461,232,232, 18
462,232,232, 18
463,232,232, 18
464,232,232, 18
465,232,232, 18
466,232,232, 18
467,232,232, 18
468,232,232, 18
469,232,232, 18
470,232,232, 18
471,232,232, 18
472,231,231, 19
473,231,231, 19
474,231,231, 19
475,231,231, 19
476,231,231, 19
477,231,231, 19
478,231,231, 19
479,231,231, 19
480,231,231, 19
481,231,231, 19
482,231,231, 19
483,231,231, 19
484,231,231, 19
485,231,231, 19
486,231,231, 19
487,231,231, 19
488,231,231, 19
489,231,231, 19
490,231,231, 19
491,231,231, 19
492,231,231, 19
493,231,231, 19
494,231,231, 19
495,231,231, 19
496,231,231, 19
497,231,231, 19
498,231,231, 19
499,231,231, 19
500,231,231, 19
501,231,231, 19
502,231,231, 19
503,231,231, 19
504,231,231, 19
505,231,231, 19
506,231,231, 19
507,231,231, 19
508,231,231, 19
509,231,231, 19
510,231,231, 19
511,231,231, 19
512,231,231, 19
513,231,231, 19
514,231,231, 19
515,231,231, 19
516,231,231, 19
517,231,231, 19
518,231,231, 19
519,231,231, 19
520,231,231, 19
521,231,231, 19
522,231,231, 19
523,231,231, 19
524,231,231, 19
525,231,231, 19
526,231,231, 19
527,231,231, 19
528,231,231, 19
529,231,231, 19
530,231,231, 19
531,231,231, 19
532,231,231, 19
533,231,231, 19
534,231,231, 19
535,231,231, 19
536,231,231, 19
537,231,231, 19
538,231,231, 19
539,231,231, 19
540,231,231, 19
541,231,231, 19
542,231,231, 19
543,231,231, 19
544,231,231, 19
545,231,231, 19
546,231,231, 19
547,231,231, 19
548,231,231, 19
549,231,231, 19
550,231,231, 19
551,231,231, 19
552,231,231, 19
553,231,231, 19
554,231,231, 19
555,231,231, 19
556,231,231, 19
557,231,231, 19
558,231,231, 19
559,231,231, 19
560,231,231, 19
561,231,231, 19
562,231,231, 19
563,231,231, 19
564,231,231, 19
565,231,231, 19
566,231,231, 19
567,231,231, 19
568,231,231, 19
569,231,231, 19
570,231,231, 19
571,231,231, 19
572,231,231, 19
573,231,231, 19
574,231,231, 19
575,231,231, 19
576,231,231, 19
577,231,231, 19
578,231,231, 19
579,231,231, 19
580,231,231, 19
581,231,231, 19
582,231,231, 19
583,231,231, 19
584,231,231, 19
585,231,231, 19
586,231,231, 19
587,231,231, 19
588,231,231, 19
589,231,231, 19
590,231,231, 19
591,231,231, 19
592,231,231, 19
593,231,231, 19
594,231,231, 19
595,231,231, 19
596,231,231, 19
597,231,231, 19
598,231,231, 19
599,231,231, 19
600,231,231, 19
601,231,231, 19
602,231,231, 19
603,231,231, 19
604,231,231, 19
605,231,231, 19
606,231,231, 19
607,231,231, 19
608,231,231, 19
609,231,231, 19
610,231,231, 19
611,231,231, 19
612,231,231, 19
613,231,231, 19
614,231,231, 19
615,231,231, 19
616,231,231, 19
617,231,231, 19
618,231,231, 19
619,231,231, 19
620,231,231, 19
621,231,231, 19
622,231,231, 19
623,231,231, 19
624,231,231, 19
625,231,231, 19
626,231,231, 19
627,231,231, 19
628,231,231, 19
629,231,231, 19
630,231,231, 19
631,231,231, 19
632,231,231, 19
633,231,231, 19
634,231,231, 19
635,231,231, 19
636,231,231, 19
637,231,231, 19
638,231,231, 19
639,231,231, 19
640,231,231, 19
641,231,231, 19
642,231,231, 19
643,231,231, 19
644,231,231, 19
645,231,231, 19
646,231,231, 19
647,231,231, 19
648,231,231, 19
649,231,231, 19
650,231,231, 19
651,231,231, 19
652,231,231, 19
653,231,231, 19
654,231,231, 19
655,231,231, 19
656,231,231, 19
657,231,231, 19
658,231,231, 19
659,231,231, 19
660,231,231, 19
661,231,231, 19
662,231,231, 19
663,231,231, 19
664,231,231, 19
665,231,231, 19
666,231,231, 19
667,231,231, 19
668,231,231, 19
669,231,231, 19
670,231,231, 19
671,231,231, 19
672,231,231, 19
673,231,231, 19
674,231,231, 19
675,231,231, 19
676,231,231, 19
677,231,231, 19
678,231,231, 19
679,231,231, 19
680,231,231, 19
681,231,231, 19
682,231,231, 19
683,231,231, 19
684,231,231, 19
685,231,231, 19
686,231,231, 19
687,231,231, 19
688,231,231, 19
689,231,231, 19
690,231,231, 19
691,231,231, 19
692,231,231, 19
693,231,231, 19
694,231,231, 19
695,231,231, 19
696,231,231, 19
697,231,231, 19
698,231,231, 19
699,231,231, 19
700,231,231, 19
701,231,231, 19
702,231,231, 19
703,231,231, 19
704,231,231, 19
705,231,231, 19
706,231,231, 19
707,231,231, 19
708,231,231, 19
709,231,231, 19
710,231,231, 19
711,231,231, 19
712,231,231, 19
713,231,231, 19
714,231,231, 19
715,231,231, 19
716,231,231, 19
717,231,231, 19
718,231,231, 19
719,231,231, 19
720,231,231, 19
721,231,231, 19
722,231,231, 19
723,231,231, 19
724,231,231, 19
725,231,231, 19
726,231,231, 19
727,231,231, 19
728,231,231, 19
729,231,231, 19
730,231,231, 19
731,231,231, 19
732,231,231, 19
733,231,231, 19
734,231,231, 19
735,231,231, 19
736,231,231, 19
737,231,231, 19
738,231,231, 19
739,231,231, 19
740,231,231, 19
741,231,231, 19
742,231,231, 19
743,231,231, 19
744,231,231, 19
745,231,231, 19
746,231,231, 19
747,231,231, 19
748,231,231, 19
749,231,231, 19
750,231,231, 19
751,231,231, 19
752,231,231, 19
753,231,231, 19
754,231,231, 19
755,231,231, 19
756,231,231, 19
757,231,231, 19
758,231,231, 19
759,231,231, 19
760,231,231, 19
761,231,231, 19
762,231,231, 19
763,231,231, 19
764,231,231, 19
765,231,231, 19
766,231,231, 19
767,231,231, 19
768,231,231, 19
769,231,231, 19
770,231,231, 19
771,231,231, 19
772,231,231, 19
773,231,231, 19
774,231,231, 19
775,231,231, 19
776,231,231, 19
777,231,231, 19
778,231,231, 19
779,231,231, 19
780,231,231, 19
781,231,231, 19
782,231,231, 19
783,231,231, 19
784,231,231, 19
785,231,231, 19
786,231,231, 19
787,231,231, 19
788,231,231, 19
789,231,231, 19
790,231,231, 19
791,231,231, 19
792,231,231, 19
793,231,231, 19
794,231,231, 19
795,231,231, 19
796,231,231, 19
797,231,231, 19
798,231,231, 19
799,231,231, 19
800,231,231, 19
801,231,231, 19
802,231,231, 19
803,231,231, 19
804,231,231, 19
805,231,231, 19
806,231,231, 19
807,231,231, 19
808,231,231, 19
809,231,231, 19
810,231,231, 19
811,231,231, 19
812,231,231, 19
813,231,231, 19
814,231,231, 19
815,231,231, 19
816,231,231, 19
817,231,231, 19
818,231,231, 19
819,231,231, 19
820,231,231, 19
821,231,231, 19
822,231,231, 19
823,231,231, 19
824,231,231, 19
825,231,231, 19
826,231,231, 19
827,231,231, 19
828,231,231, 19
829,231,231, 19
830,231,231, 19
831,231,231, 19
832,231,231, 19
833,231,231, 19
834,231,231, 19
835,231,231, 19
836,231,231, 19
837,231,231, 19
838,231,231, 19
839,231,231, 19
840,231,231, 19
841,231,231, 19
842,231,231, 19
843,231,231, 19
844,231,231, 19
845,231,231, 19
846,231,231, 19
847,231,231, 19
848,231,231, 19
849,231,231, 19
850,231,231, 19
851,231,231, 19
852,231,231, 19
853,231,231, 19
854,231,231, 19
855,231,231, 19
856,231,231, 19
857,231,231, 19
858,231,231, 19
859,231,231, 19
860,231,231, 19
861,231,231, 19
862,231,231, 19
863,231,231, 19
864,231,231, 19
865,231,231, 19
866,231,231, 19
867,231,231, 19
868,231,231, 19
869,231,231, 19
870,231,231, 19
871,231,231, 19
872,231,231, 19
873,231,231, 19
874,231,231, 19
875,231,231, 19
876,231,231, 19
877,231,231, 19
878,231,231, 19
879,231,231, 19
880,231,231, 19
881,231,231, 19
882,231,231, 19
883,231,231, 19
884,231,231, 19
885,231,231, 19
886,231,231, 19
887,231,231, 19
888,231,231, 19
889,231,231, 19
890,231,231, 19
891,231,231, 19
892,231,231, 19
893,231,231, 19
894,231,231, 19
895,231,231, 19
896,231,231, 19
897,231,231, 19
898,231,231, 19
899,231,231, 19
900,230,230, 20
901,230,230, 20
902,230,230, 20
903,230,230, 20
904,230,230, 20
905,230,230, 20
906,230,230, 20
907,230,230, 20
908,230,230, 20
909,230,230, 20
910,230,230, 20
911,230,230, 20
912,230,230, 20
913,230,230, 20
914,230,230, 20
915,230,230, 20
916,230,230, 20
917,230,230, 20
918,230,230, 20
919,230,230, 20
920,230,230, 20
921,230,230, 20
922,230,230, 20
923,230,230, 20
924,230,230, 20
925,230,230, 20
926,230,230, 20
927,230,230, 20
928,230,230, 20
929,230,230, 20
930,230,230, 20
931,230,230, 20
932,230,230, 20
933,230,230, 20
934,230,230, 20
935,230,230, 20
936,230,230, 20
937,230,230, 20
938,230,230, 20
939,230,230, 20
940,230,230, 20
941,230,230, 20
942,230,230, 20
943,230,230, 20
944,230,230, 20
945,230,230, 20
946,230,230, 20
947,230,230, 20
948,230,230, 20
949,230,230, 20
950,230,230, 20
951,230,230, 20
952,230,230, 20
953,230,230, 20
954,230,230, 20
955,230,230, 20
956,230,230, 20
957,230,230, 20
958,230,230, 20
959,230,230, 20
960,230,230, 20
961,230,230, 20
962,230,230, 20
963,230,230, 20
964,230,230, 20
965,230,230, 20
966,230,230, 20
967,230,230, 20
968,230,230, 20
969,230,230, 20
970,230,230, 20
971,230,230, 20
972,230,230, 20
973,230,230, 20
974,230,230, 20
975,230,230, 20
976,230,230, 20
977,230,230, 20
978,230,230, 20
979,230,230, 20
980,230,230, 20
981,230,230, 20
982,230,230, 20
983,230,230, 20
984,230,230, 20
985,230,230, 20
986,230,230, 20
987,230,230, 20
988,230,230, 20
989,230,230, 20
990,230,230, 20
991,230,230, 20
992,230,230, 20
993,230,230, 20
994,230,230, 20
995,230,230, 20
996,230,230, 20
997,230,230, 20
998,230,230, 20
999,230,230, 20
1000,230,230, 20
1001,230,230, 20
1002,230,230, 20
1003,230,230, 20
1004,230,230, 20
1005,230,230, 20
1006,230,230, 20
1007,230,230, 20
1008,230,230, 20
1009,230,230, 20
1010,230,230, 20
1011,230,230, 20
1012,230,230, 20
1013,230,230, 20
1014,230,230, 20
1015,230,230, 20
1016,230,230, 20
1017,230,230, 20
1018,230,230, 20
1019,230,230, 20
1020,230,230, 20
1021,230,230, 20
1022,230,230, 20
1023,230,230, 20
1024,230,230, 20
1025,230,230, 20
1026,230,230, 20
1027,230,230, 20
1028,230,230, 20
1029,230,230, 20
1030,230,230, 20
1031,230,230, 20
1032,230,230, 20
1033,230,230, 20
1034,230,230, 20
1035,230,230, 20
1036,230,230, 20
1037,230,230, 20
1038,230,230, 20
1039,230,230, 20
1040,230,230, 20
1041,230,230, 20
1042,230,230, 20
1043,230,230, 20
1044,230,230, 20
1045,230,230, 20
1046,230,230, 20
1047,230,230, 20
1048,230,230, 20
1049,230,230, 20
1050,230,230, 20
1051,230,230, 20
1052,230,230, 20
1053,230,230, 20
1054,230,230, 20
1055,230,230, 20
1056,230,230, 20
1057,230,230, 20
1058,230,230, 20
1059,230,230, 20
1060,230,230, 20
1061,230,230, 20
1062,230,230, 20
1063,230,230, 20
1064,230,230, 20
1065,230,230, 20
1066,230,230, 20
1067,230,230, 20
1068,230,230, 20
1069,230,230, 20
1070,230,230, 20
1071,230,230, 20
1072,230,230, 20
1073,230,230, 20
1074,230,230, 20
1075,230,230, 20
1076,230,230, 20
1077,230,230, 20
1078,230,230, 20
1079,230,230, 20
1080,230,230, 20
1081,230,230, 20
1082,230,230, 20
1083,230,230, 20
1084,230,230, 20
1085,230,230, 20
1086,230,230, 20
1087,230,230, 20
1088,230,230, 20
1089,230,230, 20
1090,230,230, 20
1091,230,230, 20
1092,230,230, 20
1093,230,230, 20
1094,230,230, 20
1095,230,230, 20
1096,230,230, 20
1097,230,230, 20
1098,230,230, 20
1099,230,230, 20
1100,230,230, 20
1101,230,230, 20
1102,230,230, 20
1103,230,230, 20
1104,230,230, 20
1105,230,230, 20
1106,230,230, 20
1107,230,230, 20
1108,230,230, 20
1109,230,230, 20
1110,230,230, 20
1111,230,230, 20
1112,230,230, 20
1113,230,230, 20
1114,230,230, 20
1115,230,230, 20
1116,230,230, 20
1117,230,230, 20
1118,230,230, 20
1119,230,230, 20
1120,230,230, 20
1121,230,230, 20
1122,230,230, 20
1123,230,230, 20
1124,230,230, 20
1125,230,230, 20
1126,230,230, 20
1127,230,230, 20
1128,230,230, 20
1129,230,230, 20
1130,230,230, 20
1131,230,230, 20
1132,230,230, 20
1133,230,230, 20
1134,230,230, 20
1135,230,230, 20
1136,230,230, 20
1137,230,230, 20
1138,230,230, 20
1139,230,230, 20
1140,230,230, 20
1141,230,230, 20
1142,230,230, 20
1143,230,230, 20
1144,230,230, 20
1145,230,230, 20
1146,230,230, 20
1147,230,230, 20
1148,230,230, 20
1149,230,230, 20
1150,230,230, 20
1151,230,230, 20
1152,230,230, 20
1153,230,230, 20
1154,230,230, 20
1155,230,230, 20
1156,230,230, 20
1157,230,230, 20
1158,230,230, 20
1159,230,230, 20
1160,230,230, 20
1161,230,230, 20
1162,230,230, 20
1163,230,230, 20
1164,230,230, 20
1165,230,230, 20
1166,230,230, 20
1167,230,230, 20
1168,230,230, 20
1169,230,230, 20
1170,230,230, 20
1171,230,230, 20
1172,230,230, 20
1173,230,230, 20
1174,230,230, 20
1175,230,230, 20
1176,230,230, 20
1177,230,230, 20
1178,230,230, 20
1179,230,230, 20
1180,230,230, 20
1181,230,230, 20
1182,230,230, 20
1183,230,230, 20
1184,230,230, 20
1185,230,230, 20
1186,230,230, 20
1187,230,230, 20
1188,230,230, 20
1189,230,230, 20
1190,230,230, 20
1191,230,230, 20
1192,230,230, 20
1193,230,230, 20
1194,230,230, 20
1195,230,230, 20
1196,230,230, 20
1197,230,230, 20
1198,230,230, 20
1199,230,230, 20
1200,230,230, 20
1201,230,230, 20
1202,230,230, 20
1203,230,230, 20
1204,230,230, 20
1205,230,230, 20
1206,230,230, 20
1207,230,230, 20
1208,230,230, 20
1209,230,230, 20
1210,230,230, 20
1211,230,230, 20
1212,230,230, 20
1213,230,230, 20
1214,230,230, 20
1215,230,230, 20
1216,230,230, 20
1217,230,230, 20
1218,230,230, 20
1219,230,230, 20
1220,230,230, 20
1221,230,230, 20
1222,230,230, 20
1223,230,230, 20
1224,230,230, 20
1225,230,230, 20
1226,230,230, 20
1227,230,230, 20
1228,230,230, 20
1229,230,230, 20
1230,230,230, 20
1231,230,230, 20
1232,230,230, 20
1233,230,230, 20
1234,230,230, 20
1235,230,230, 20
1236,230,230, 20
1237,230,230, 20
1238,230,230, 20
1239,230,230, 20
1240,230,230, 20
1241,230,230, 20
1242,230,230, 20
1243,230,230, 20
1244,230,230, 20
1245,230,230, 20
1246,230,230, 20
1247,230,230, 20
1248,230,230, 20
1249,230,230, 20
1250,230,230, 20
1251,230,230, 20
1252,230,230, 20
1253,230,230, 20
1254,230,230, 20
1255,230,230, 20
1256,230,230, 20
1257,230,230, 20
1258,230,230, 20
1259,230,230, 20
1260,230,230, 20
1261,230,230, 20
1262,230,230, 20
1263,230,230, 20
1264,230,230, 20
1265,230,230, 20
1266,230,230, 20
1267,230,230, 20
1268,230,230, 20
1269,230,230, 20
1270,230,230, 20
1271,230,230, 20
1272,230,230, 20
1273,230,230, 20
1274,230,230, 20
1275,230,230, 20
1276,230,230, 20
1277,230,230, 20
1278,230,230, 20
1279,230,230, 20
1280,230,230, 20
1281,230,230, 20
1282,230,230, 20
1283,230,230, 20
1284,230,230, 20
1285,230,230, 20
1286,230,230, 20
1287,230,230, 20
1288,230,230, 20
1289,230,230, 20
1290,230,230, 20
1291,230,230, 20
1292,230,230, 20
1293,230,230, 20
1294,230,230, 20
1295,230,230, 20
1296,230,230, 20
1297,230,230, 20
1298,230,230, 20
1299,230,230, 20
1300,230,230, 20
1301,230,230, 20
1302,230,230, 20
1303,230,230, 20
1304,230,230, 20
1305,230,230, 20
1306,230,230, 20
1307,230,230, 20
1308,230,230, 20
1309,230,230, 20
1310,230,230, 20
1311,230,230, 20
1312,230,230, 20
1313,230,230, 20
1314,230,230, 20
1315,230,230, 20
1316,230,230, 20
1317,230,230, 20
1318,230,230, 20
1319,230,230, 20
1320,230,230, 20
1321,230,230, 20
1322,230,230, 20
1323,230,230, 20
1324,230,230, 20
1325,230,230, 20
1326,230,230, 20
1327,230,230, 20
1328,230,230, 20
1329,230,230, 20
1330,230,230, 20
1331,230,230, 20
1332,230,230, 20
1333,230,230, 20
1334,230,230, 20
1335,230,230, 20
1336,230,230, 20
1337,230,230, 20
1338,230,230, 20
1339,230,230, 20
1340,230,230, 20
1341,230,230, 20
1342,230,230, 20
1343,230,230, 20
1344,230,230, 20
1345,230,230, 20
1346,230,230, 20
1347,230,230, 20
1348,230,230, 20
1349,230,230, 20
1350,230,230, 20
1351,230,230, 20
1352,230,230, 20
1353,230,230, 20
1354,230,230, 20
1355,230,230, 20
1356,230,230, 20
1357,230,230, 20
1358,230,230, 20
1359,230,230, 20
1360,230,230, 20
1361,230,230, 20
1362,230,230, 20
1363,230,230, 20
1364,230,230, 20
1365,230,230, 20
1366,230,230, 20
1367,230,230, 20
1368,230,230, 20
1369,230,230, 20
1370,230,230, 20
1371,230,230, 20
1372,230,230, 20
1373,230,230, 20
1374,230,230, 20
1375,230,230, 20
1376,230,230, 20
1377,230,230, 20
1378,230,230, 20
1379,230,230, 20
1380,230,230, 20
1381,230,230, 20
1382,230,230, 20
1383,230,230, 20
1384,230,230, 20
1385,230,230, 20
1386,230,230, 20
1387,230,230, 20
1388,230,230, 20
1389,230,230, 20
1390,230,230, 20
1391,230,230, 20
1392,230,230, 20
1393,230,230, 20
1394,230,230, 20
1395,230,230, 20
1396,230,230, 20
1397,230,230, 20
1398,230,230, 20
1399,230,230, 20
1400,230,230, 20
1401,230,230, 20
1402,230,230, 20
1403,230,230, 20
1404,230,230, 20
1405,230,230, 20
1406,230,230, 20
1407,230,230, 20
1408,230,230, 20
1409,230,230, 20
1410,230,230, 20
1411,230,230, 20
1412,230,230, 20
1413,230,230, 20
1414,230,230, 20
1415,230,230, 20
1416,230,230, 20
1417,230,230, 20
1418,230,230, 20
1419,230,230, 20
1420,230,230, 20
1421,230,230, 20
1422,230,230, 20
1423,230,230, 20
1424,230,230, 20
1425,230,230, 20
1426,230,230, 20
1427,230,230, 20
1428,230,230, 20
1429,230,230, 20
1430,230,230, 20
1431,230,230, 20
1432,230,230, 20
1433,230,230, 20
1434,230,230, 20
1435,230,230, 20
1436,230,230, 20
1437,230,230, 20
1438,230,230, 20
1439,230,230, 20
1440,230,230, 20
1441,230,230, 20
1442,230,230, 20
1443,230,230, 20
1444,230,230, 20
1445,230,230, 20
1446,230,230, 20
1447,230,230, 20
1448,230,230, 20
1449,230,230, 20
1450,230,230, 20
1451,230,230, 20
1452,230,230, 20
1453,230,230, 20
1454,230,230, 20
1455,230,230, 20
1456,230,230, 20
1457,230,230, 20
1458,230,230, 20
1459,230,230, 20
1460,230,230, 20
1461,230,230, 20
1462,230,230, 20
1463,230,230, 20
1464,230,230, 20
1465,230,230, 20
1466,230,230, 20
1467,230,230, 20
1468,230,230, 20
1469,230,230, 20
1470,230,230, 20
1471,230,230, 20
1472,230,230, 20
1473,230,230, 20
1474,230,230, 20
1475,230,230, 20
1476,230,230, 20
1477,230,230, 20
1478,230,230, 20
1479,230,230, 20
1480,230,230, 20
1481,230,230, 20
1482,230,230, 20
1483,230,230, 20
1484,230,230, 20
1485,230,230, 20
1486,230,230, 20
1487,230,230, 20
1488,230,230, 20
1489,230,230, 20
1490,230,230, 20
1491,230,230, 20
1492,230,230, 20
1493,230,230, 20
1494,230,230, 20
1495,230,230, 20
1496,230,230, 20
1497,230,230, 20
1498,230,230, 20
1499,230,230, 20
