0,250,250, 0
1,250,250, 0
2,250,250, 0
3,250,250, 0
4,250,250, 0
5,250,250, 0
6,250,250, 0
7,250,250, 0
8,250,250, 0
9,250,250, 0
10,250,250, 0
11,250,250, 0
12,250,250, 0
13,250,250, 0
14,250,250, 0
15,250,250, 0
16,250,250, 0
17,250,250, 0
18,250,250, 0
19,250,250, 0
20,250,250, 0
21,249,249, 1
22,249,249, 1
23,249,249, 1
24,249,249, 1
25,249,249, 1
26,249,249, 1
27,248,248, 2
28,248,248, 2
29,248,248, 2
30,248,248, 2
31,248,248, 2
32,248,248, 2
33,248,248, 2
34,248,248, 2
35,248,248, 2
36,248,248, 2
37,248,248, 2
38,247,247, 3
39,247,247, 3
40,247,247, 3
41,247,247, 3
42,247,247, 3
43,246,246, 4
44,246,246, 4
45,246,246, 4
46,246,246, 4
47,246,246, 4
48,246,246, 4
49,246,246, 4
50,246,246, 4
51,246,246, 4
52,246,246, 4
53,246,246, 4
54,245,245, 5
55,245,245, 5
56,245,245, 5
57,245,245, 5
58,245,245, 5
59,245,245, 5
60,245,245, 5
61,245,245, 5
62,245,245, 5
63,245,245, 5
64,245,245, 5
65,244,244, 6
66,244,244, 6
67,244,244, 6
68,244,244, 6
69,244,244, 6
70,244,244, 6
71,243,243, 7
72,243,243, 7
73,243,243, 7
74,243,243, 7
75,243,243, 7
76,243,243, 7
77,243,243, 7
78,243,243, 7
79,243,243, 7
80,243,243, 7
81,243,243, 7
82,243,243, 7
83,243,243, 7
84,243,243, 7
85,243,243, 7
86,243,243, 7
87,243,243, 7
88,243,243, 7
89,243,243, 7
90,243,243, 7
91,243,243, 7
92,243,243, 7
93,243,243, 7
94,243,243, 7
95,243,243, 7
96,243,243, 7
97,243,243, 7
98,243,243, 7
99,243,243, 7
100,243,243, 7
101,243,243, 7
102,243,243, 7
103,243,243, 7
104,243,243, 7
105,243,243, 7
106,243,243, 7
107,243,243, 7
108,243,243, 7
109,243,243, 7
110,241,241, 9
111,241,241, 9
112,241,241, 9
113,241,241, 9
114,241,241, 9
115,241,241, 9
116,241,241, 9
117,241,241, 9
118,241,241, 9
119,241,241, 9
120,241,241, 9
121,241,241, 9
122,241,241, 9
123,241,241, 9
124,241,241, 9
125,241,241, 9
126,241,241, 9
127,241,241, 9
128,240,240, 10
129,240,240, 10
130,240,240, 10
131,240,240, 10
132,240,240, 10
133,240,240, 10
134,240,240, 10
135,240,240, 10
136,240,240, 10
137,240,240, 10
138,240,240, 10
139,240,240, 10
140,240,240, 10
141,240,240, 10
142,240,240, 10
143,240,240, 10
144,240,240, 10
145,240,240, 10
146,240,240, 10
147,239,239, 11
148,239,239, 11
149,239,239, 11
150,239,239, 11
151,239,239, 11
152,239,239, 11
153,239,239, 11
154,239,239, 11
155,239,239, 11
156,239,239, 11
157,239,239, 11
158,239,239, 11
159,239,239, 11
160,239,239, 11
161,239,239, 11
162,238,238, 12
163,238,238, 12
164,238,238, 12
165,238,238, 12
166,238,238, 12
167,238,238, 12
168,238,238, 12
169,238,238, 12
170,238,238, 12
171,238,238, 12
172,238,238, 12
173,238,238, 12
174,238,238, 12
175,238,238, 12
176,238,238, 12
177,238,238, 12
178,238,238, 12
179,238,238, 12
180,238,238, 12
181,238,238, 12
182,238,238, 12
183,238,238, 12
184,238,238, 12
185,238,238, 12
186,238,238, 12
187,238,238, 12
188,238,238, 12
189,238,238, 12
190,238,238, 12
191,238,238, 12
192,238,238, 12
193,238,238, 12
194,238,238, 12
195,238,238, 12
196,238,238, 12
197,238,238, 12
198,238,238, 12
199,238,238, 12
200,238,238, 12
201,238,238, 12
202,238,238, 12
203,238,238, 12
204,238,238, 12
205,238,238, 12
206,238,238, 12
207,238,238, 12
208,238,238, 12
209,238,238, 12
210,238,238, 12
211,238,238, 12
212,238,238, 12
213,238,238, 12
214,238,238, 12
215,238,238, 12
216,238,238, 12
217,238,238, 12
218,238,238, 12
219,238,238, 12
220,238,238, 12
221,238,238, 12
222,238,238, 12
223,238,238, 12
224,238,238, 12
225,238,238, 12
226,238,238, 12
227,238,238, 12
228,238,238, 12
229,238,238, 12
230,238,238, 12
231,237,237, 13
232,237,237, 13
233,237,237, 13
234,237,237, 13
235,236,236, 14
236,236,236, 14
237,236,236, 14
238,236,236, 14
239,236,236, 14
240,236,236, 14
241,236,236, 14
242,236,236, 14
243,236,236, 14
244,236,236, 14
245,236,236, 14
246,236,236, 14
247,236,236, 14
248,236,236, 14
249,236,236, 14
250,236,236, 14
251,236,236, 14
252,236,236, 14
253,236,236, 14
254,236,236, 14
255,236,236, 14
256,236,236, 14
257,236,236, 14
258,236,236, 14
259,236,236, 14
260,236,236, 14
261,236,236, 14
262,236,236, 14
263,236,236, 14
264,236,236, 14
265,236,236, 14
266,236,236, 14
267,236,236, 14
268,236,236, 14
269,236,236, 14
270,236,236, 14
271,236,236, 14
272,236,236, 14
273,236,236, 14
274,236,236, 14
275,236,236, 14
276,236,236, 14
277,236,236, 14
278,236,236, 14
279,236,236, 14
280,236,236, 14
281,236,236, 14
282,236,236, 14
283,236,236, 14
284,236,236, 14
285,236,236, 14
286,236,236, 14
287,236,236, 14
288,236,236, 14
289,236,236, 14
290,235,235, 15
291,235,235, 15
292,235,235, 15
293,235,235, 15
294,235,235, 15
295,235,235, 15
296,235,235, 15
297,235,235, 15
298,235,235, 15
299,235,235, 15
300,235,235, 15
301,235,235, 15
302,235,235, 15
303,235,235, 15
304,235,235, 15
305,235,235, 15
306,235,235, 15
307,235,235, 15
308,235,235, 15
309,235,235, 15
310,235,235, 15
311,235,235, 15
312,235,235, 15
313,235,235, 15
314,235,235, 15
315,235,235, 15
316,235,235, 15
317,235,235, 15
318,235,235, 15
319,235,235, 15
320,235,235, 15
321,235,235, 15
322,235,235, 15
323,235,235, 15
324,235,235, 15
325,235,235, 15
326,235,235, 15
327,235,235, 15
328,235,235, 15
329,235,235, 15
330,235,235, 15
331,235,235, 15
332,235,235, 15
333,235,235, 15
334,235,235, 15
335,235,235, 15
336,235,235, 15
337,235,235, 15
338,235,235, 15
339,235,235, 15
340,235,235, 15
341,234,234, 16
342,234,234, 16
343,234,234, 16
344,234,234, 16
345,234,234, 16
346,234,234, 16
347,234,234, 16
348,233,233, 17
349,233,233, 17
350,233,233, 17
351,233,233, 17
352,233,233, 17
353,233,233, 17
354,233,233, 17
355,233,233, 17
356,232,232, 18
357,232,232, 18
358,232,232, 18
359,232,232, 18
360,232,232, 18
361,232,232, 18
362,232,232, 18
363,232,232, 18
364,232,232, 18
365,232,232, 18
366,232,232, 18
367,232,232, 18
368,232,232, 18
369,232,232, 18
370,232,232, 18
371,232,232, 18
372,232,232, 18
373,232,232, 18
374,232,232, 18
375,232,232, 18
376,232,232, 18
377,232,232, 18
378,232,232, 18
379,232,232, 18
380,232,232, 18
381,232,232, 18
382,232,232, 18
383,232,232, 18
384,232,232, 18
385,232,232, 18
386,232,232, 18
387,232,232, 18
388,232,232, 18
389,232,232, 18
390,232,232, 18
391,232,232, 18
392,232,232, 18
393,232,232, 18
394,232,232, 18
395,232,232, 18
396,232,232, 18
397,232,232, 18
398,232,232, 18
399,232,232, 18
400,232,232, 18
401,232,232, 18
402,232,232, 18
403,232,232, 18
404,232,232, 18
405,232,232, 18
406,232,232, 18
407,232,232, 18
408,232,232, 18
409,232,232, 18
410,232,232, 18
411,232,232, 18
412,232,232, 18
413,232,232, 18
414,232,232, 18
415,232,232, 18
416,232,232, 18
417,232,232, 18
418,232,232, 18
419,232,232, 18
420,232,232, 18
421,232,232, 18
422,232,232, 18
423,232,232, 18
424,232,232, 18
425,232,232, 18
426,232,232, 18
427,232,232, 18
428,232,232, 18
429,232,232, 18
430,232,232, 18
431,232,232, 18
432,232,232, 18
433,232,232, 18
434,232,232, 18
435,232,232, 18
436,232,232, 18
437,232,232, 18
438,232,232, 18
439,232,232, 18
440,232,232, 18
441,232,232, 18
442,232,232, 18
443,232,232, 18
444,232,232, 18
445,232,232, 18
446,232,232, 18
447,232,232, 18
448,232,232, 18
449,232,232, 18
450,232,232, 18
451,232,232, 18
452,232,232, 18
453,232,232, 18
454,232,232, 18
455,232,232, 18
456,232,232, 18
457,232,232, 18
458,232,232, 18
459,232,232, 18
460,232,232, 18
461,232,232, 18
462,232,232, 18
463,232,232, 18
464,232,232, 18
465,232,232, 18
466,232,232, 18
467,232,232, 18
468,232,232, 18
469,232,232, 18
470,232,232, 18
471,232,232, 18
472,232,232, 18
473,232,232, 18
474,232,232, 18
475,232,232, 18
476,232,232, 18
477,232,232, 18
478,232,232, 18
479,232,232, 18
480,232,232, 18
481,232,232, 18
482,232,232, 18
483,232,232, 18
484,232,232, 18
485,232,232, 18
486,232,232, 18
487,232,232, 18
488,232,232, 18
489,232,232, 18
490,232,232, 18
491,232,232, 18
492,232,232, 18
493,232,232, 18
494,232,232, 18
495,232,232, 18
496,232,232, 18
497,232,232, 18
498,232,232, 18
499,232,232, 18
500,232,232, 18
501,232,232, 18
502,232,232, 18
503,232,232, 18
504,232,232, 18
505,232,232, 18
506,232,232, 18
507,232,232, 18
508,232,232, 18
509,232,232, 18
510,232,232, 18
511,231,231, 19
512,231,231, 19
513,231,231, 19
514,231,231, 19
515,231,231, 19
516,231,231, 19
517,231,231, 19
518,231,231, 19
519,231,231, 19
520,231,231, 19
521,231,231, 19
522,231,231, 19
523,231,231, 19
524,231,231, 19
525,231,231, 19
526,231,231, 19
527,231,231, 19
528,231,231, 19
529,231,231, 19
530,231,231, 19
531,231,231, 19
532,231,231, 19
533,231,231, 19
534,231,231, 19
535,231,231, 19
536,231,231, 19
537,231,231, 19
538,231,231, 19
539,231,231, 19
540,231,231, 19
541,231,231, 19
542,231,231, 19
543,231,231, 19
544,231,231, 19
545,231,231, 19
546,231,231, 19
547,231,231, 19
548,231,231, 19
549,231,231, 19
550,231,231, 19
551,231,231, 19
552,231,231, 19
553,231,231, 19
554,231,231, 19
555,231,231, 19
556,231,231, 19
557,231,231, 19
558,231,231, 19
559,231,231, 19
560,231,231, 19
561,231,231, 19
562,231,231, 19
563,231,231, 19
564,231,231, 19
565,231,231, 19
566,231,231, 19
567,231,231, 19
568,231,231, 19
569,231,231, 19
570,231,231, 19
571,231,231, 19
572,231,231, 19
573,231,231, 19
574,231,231, 19
575,231,231, 19
576,231,231, 19
577,231,231, 19
578,231,231, 19
579,231,231, 19
580,231,231, 19
581,231,231, 19
582,231,231, 19
583,231,231, 19
584,231,231, 19
585,231,231, 19
586,231,231, 19
587,231,231, 19
588,231,231, 19
589,231,231, 19
590,231,231, 19
591,231,231, 19
592,231,231, 19
593,231,231, 19
594,231,231, 19
595,231,231, 19
596,231,231, 19
597,231,231, 19
598,231,231, 19
599,231,231, 19
600,231,231, 19
601,231,231, 19
602,231,231, 19
603,231,231, 19
604,230,230, 20
605,230,230, 20
606,230,230, 20
607,230,230, 20
608,230,230, 20
609,230,230, 20
610,230,230, 20
611,230,230, 20
612,230,230, 20
613,230,230, 20
614,230,230, 20
615,230,230, 20
616,230,230, 20
617,230,230, 20
618,230,230, 20
619,230,230, 20
620,230,230, 20
621,230,230, 20
622,230,230, 20
623,230,230, 20
624,230,230, 20
625,230,230, 20
626,230,230, 20
627,230,230, 20
628,230,230, 20
629,230,230, 20
630,230,230, 20
631,230,230, 20
632,230,230, 20
633,230,230, 20
634,230,230, 20
635,230,230, 20
636,230,230, 20
637,230,230, 20
638,230,230, 20
639,230,230, 20
640,230,230, 20
641,230,230, 20
642,230,230, 20
643,230,230, 20
644,230,230, 20
645,230,230, 20
646,230,230, 20
647,230,230, 20
648,230,230, 20
649,230,230, 20
650,230,230, 20
651,230,230, 20
652,230,230, 20
653,230,230, 20
654,230,230, 20
655,230,230, 20
656,230,230, 20
657,230,230, 20
658,230,230, 20
659,230,230, 20
660,230,230, 20
661,230,230, 20
662,230,230, 20
663,230,230, 20
664,230,230, 20
665,229,229, 21
666,229,229, 21
667,229,229, 21
668,229,229, 21
669,229,229, 21
670,229,229, 21
671,229,229, 21
672,229,229, 21
673,229,229, 21
674,229,229, 21
675,229,229, 21
676,229,229, 21
677,229,229, 21
678,229,229, 21
679,229,229, 21
680,229,229, 21
681,229,229, 21
682,229,229, 21
683,229,229, 21
684,229,229, 21
685,229,229, 21
686,229,229, 21
687,229,229, 21
688,229,229, 21
689,229,229, 21
690,229,229, 21
691,229,229, 21
692,229,229, 21
693,229,229, 21
694,229,229, 21
695,229,229, 21
696,229,229, 21
697,229,229, 21
698,229,229, 21
699,229,229, 21
700,229,229, 21
701,229,229, 21
702,229,229, 21
703,229,229, 21
704,229,229, 21
705,229,229, 21
706,229,229, 21
707,229,229, 21
708,229,229, 21
709,229,229, 21
710,229,229, 21
711,229,229, 21
712,229,229, 21
713,229,229, 21
714,229,229, 21
715,229,229, 21
716,229,229, 21
717,229,229, 21
718,229,229, 21
719,229,229, 21
720,229,229, 21
721,229,229, 21
722,229,229, 21
723,229,229, 21
724,229,229, 21
725,229,229, 21
726,229,229, 21
727,229,229, 21
728,229,229, 21
729,229,229, 21
730,229,229, 21
731,229,229, 21
732,229,229, 21
733,229,229, 21
734,229,229, 21
735,229,229, 21
736,229,229, 21
737,229,229, 21
738,229,229, 21
739,229,229, 21
740,229,229, 21
741,229,229, 21
742,229,229, 21
743,229,229, 21
744,229,229, 21
745,229,229, 21
746,229,229, 21
747,229,229, 21
748,229,229, 21
749,229,229, 21
750,229,229, 21
751,229,229, 21
752,229,229, 21
753,229,229, 21
754,229,229, 21
755,229,229, 21
756,229,229, 21
757,229,229, 21
758,229,229, 21
759,229,229, 21
760,229,229, 21
761,229,229, 21
762,229,229, 21
763,229,229, 21
764,229,229, 21
765,229,229, 21
766,229,229, 21
767,229,229, 21
768,229,229, 21
769,229,229, 21
770,229,229, 21
771,229,229, 21
772,229,229, 21
773,229,229, 21
774,229,229, 21
775,229,229, 21
776,229,229, 21
777,229,229, 21
778,229,229, 21
779,229,229, 21
780,229,229, 21
781,229,229, 21
782,229,229, 21
783,229,229, 21
784,229,229, 21
785,229,229, 21
786,229,229, 21
787,229,229, 21
788,229,229, 21
789,229,229, 21
790,229,229, 21
791,229,229, 21
792,229,229, 21
793,229,229, 21
794,229,229, 21
795,229,229, 21
796,229,229, 21
797,229,229, 21
798,229,229, 21
799,229,229, 21
800,229,229, 21
801,229,229, 21
802,229,229, 21
803,229,229, 21
804,229,229, 21
805,229,229, 21
806,229,229, 21
807,229,229, 21
808,229,229, 21
809,229,229, 21
810,229,229, 21
811,229,229, 21
812,229,229, 21
813,229,229, 21
814,229,229, 21
815,229,229, 21
816,229,229, 21
817,229,229, 21
818,229,229, 21
819,229,229, 21
820,229,229, 21
821,229,229, 21
822,228,228, 22
823,228,228, 22
824,228,228, 22
825,228,228, 22
826,228,228, 22
827,228,228, 22
828,228,228, 22
829,228,228, 22
830,228,228, 22
831,228,228, 22
832,228,228, 22
833,228,228, 22
834,228,228, 22
835,228,228, 22
836,228,228, 22
837,228,228, 22
838,228,228, 22
839,228,228, 22
840,228,228, 22
841,228,228, 22
842,228,228, 22
843,228,228, 22
844,228,228, 22
845,228,228, 22
846,228,228, 22
847,228,228, 22
848,228,228, 22
849,228,228, 22
850,226,226, 24
851,226,226, 24
852,226,226, 24
853,226,226, 24
854,226,226, 24
855,226,226, 24
856,226,226, 24
857,226,226, 24
858,226,226, 24
859,226,226, 24
860,226,226, 24
861,226,226, 24
862,226,226, 24
863,226,226, 24
864,226,226, 24
865,226,226, 24
866,226,226, 24
867,226,226, 24
868,226,226, 24
869,226,226, 24
870,226,226, 24
871,226,226, 24
872,226,226, 24
873,226,226, 24
874,226,226, 24
875,226,226, 24
876,226,226, 24
877,226,226, 24
878,226,226, 24
879,226,226, 24
880,226,226, 24
881,226,226, 24
882,226,226, 24
883,226,226, 24
884,226,226, 24
885,226,226, 24
886,226,226, 24
887,226,226, 24
888,226,226, 24
889,226,226, 24
890,226,226, 24
891,226,226, 24
892,226,226, 24
893,226,226, 24
894,226,226, 24
895,226,226, 24
896,226,226, 24
897,226,226, 24
898,226,226, 24
899,226,226, 24
900,226,226, 24
901,226,226, 24
902,226,226, 24
903,226,226, 24
904,226,226, 24
905,226,226, 24
906,226,226, 24
907,226,226, 24
908,226,226, 24
909,226,226, 24
910,226,226, 24
911,226,226, 24
912,226,226, 24
913,226,226, 24
914,226,226, 24
915,225,225, 25
916,225,225, 25
917,225,225, 25
918,225,225, 25
919,225,225, 25
920,225,225, 25
921,225,225, 25
922,224,224, 26
923,224,224, 26
924,224,224, 26
925,224,224, 26
926,224,224, 26
927,224,224, 26
928,224,224, 26
929,224,224, 26
930,224,224, 26
931,224,224, 26
932,224,224, 26
933,224,224, 26
934,224,224, 26
935,224,224, 26
936,224,224, 26
937,224,224, 26
938,224,224, 26
939,223,223, 27
940,223,223, 27
941,223,223, 27
942,223,223, 27
943,223,223, 27
944,223,223, 27
945,223,223, 27
946,223,223, 27
947,223,223, 27
948,223,223, 27
949,223,223, 27
950,223,223, 27
951,223,223, 27
952,223,223, 27
953,223,223, 27
954,223,223, 27
955,223,223, 27
956,223,223, 27
957,223,223, 27
958,223,223, 27
959,223,223, 27
960,223,223, 27
961,223,223, 27
962,223,223, 27
963,223,223, 27
964,223,223, 27
965,223,223, 27
966,223,223, 27
967,223,223, 27
968,223,223, 27
969,223,223, 27
970,223,223, 27
971,223,223, 27
972,223,223, 27
973,223,223, 27
974,223,223, 27
975,223,223, 27
976,223,223, 27
977,223,223, 27
978,223,223, 27
979,223,223, 27
980,223,223, 27
981,223,223, 27
982,223,223, 27
983,223,223, 27
984,223,223, 27
985,223,223, 27
986,223,223, 27
987,223,223, 27
988,223,223, 27
989,223,223, 27
990,223,223, 27
991,223,223, 27
992,223,223, 27
993,223,223, 27
994,223,223, 27
995,223,223, 27
996,223,223, 27
997,223,223, 27
998,223,223, 27
999,223,223, 27
1000,223,223, 27
1001,223,223, 27
1002,223,223, 27
1003,223,223, 27
1004,223,223, 27
1005,222,222, 28
1006,222,222, 28
1007,222,222, 28
1008,222,222, 28
1009,222,222, 28
1010,222,222, 28
1011,222,222, 28
1012,222,222, 28
1013,222,222, 28
1014,222,222, 28
1015,222,222, 28
1016,222,222, 28
1017,222,222, 28
1018,222,222, 28
1019,222,222, 28
1020,222,222, 28
1021,222,222, 28
1022,222,222, 28
1023,222,222, 28
1024,222,222, 28
1025,222,222, 28
1026,222,222, 28
1027,222,222, 28
1028,222,222, 28
1029,222,222, 28
1030,222,222, 28
1031,222,222, 28
1032,222,222, 28
1033,222,222, 28
1034,222,222, 28
1035,222,222, 28
1036,222,222, 28
1037,222,222, 28
1038,222,222, 28
1039,222,222, 28
1040,222,222, 28
1041,222,222, 28
1042,222,222, 28
1043,222,222, 28
1044,222,222, 28
1045,221,221, 29
1046,221,221, 29
1047,221,221, 29
1048,221,221, 29
1049,221,221, 29
1050,221,221, 29
1051,221,221, 29
1052,221,221, 29
1053,221,221, 29
1054,221,221, 29
1055,221,221, 29
1056,221,221, 29
1057,221,221, 29
1058,221,221, 29
1059,221,221, 29
1060,221,221, 29
1061,221,221, 29
1062,221,221, 29
1063,221,221, 29
1064,221,221, 29
1065,221,221, 29
1066,221,221, 29
1067,221,221, 29
1068,221,221, 29
1069,221,221, 29
1070,221,221, 29
1071,221,221, 29
1072,221,221, 29
1073,221,221, 29
1074,221,221, 29
1075,221,221, 29
1076,221,221, 29
1077,221,221, 29
1078,221,221, 29
1079,221,221, 29
1080,221,221, 29
1081,221,221, 29
1082,221,221, 29
1083,221,221, 29
1084,221,221, 29
1085,221,221, 29
1086,221,221, 29
1087,221,221, 29
1088,221,221, 29
1089,221,221, 29
1090,221,221, 29
1091,221,221, 29
1092,221,221, 29
1093,221,221, 29
1094,221,221, 29
1095,221,221, 29
1096,221,221, 29
1097,221,221, 29
1098,221,221, 29
1099,221,221, 29
1100,221,221, 29
1101,221,221, 29
1102,221,221, 29
1103,221,221, 29
1104,221,221, 29
1105,221,221, 29
1106,221,221, 29
1107,221,221, 29
1108,221,221, 29
1109,221,221, 29
1110,221,221, 29
1111,221,221, 29
1112,221,221, 29
1113,221,221, 29
1114,221,221, 29
1115,221,221, 29
1116,221,221, 29
1117,221,221, 29
1118,221,221, 29
1119,221,221, 29
1120,221,221, 29
1121,221,221, 29
1122,221,221, 29
1123,221,221, 29
1124,221,221, 29
1125,221,221, 29
1126,221,221, 29
1127,221,221, 29
1128,221,221, 29
1129,221,221, 29
1130,221,221, 29
1131,221,221, 29
1132,221,221, 29
1133,221,221, 29
1134,221,221, 29
1135,221,221, 29
1136,221,221, 29
1137,221,221, 29
1138,221,221, 29
1139,221,221, 29
1140,221,221, 29
1141,221,221, 29
1142,220,220, 30
1143,220,220, 30
1144,220,220, 30
1145,220,220, 30
1146,220,220, 30
1147,219,219, 31
1148,219,219, 31
1149,219,219, 31
1150,219,219, 31
1151,219,219, 31
1152,219,219, 31
1153,219,219, 31
1154,219,219, 31
1155,219,219, 31
1156,219,219, 31
1157,219,219, 31
1158,219,219, 31
1159,219,219, 31
1160,219,219, 31
1161,219,219, 31
1162,219,219, 31
1163,219,219, 31
1164,219,219, 31
1165,219,219, 31
1166,219,219, 31
1167,219,219, 31
1168,219,219, 31
1169,219,219, 31
1170,219,219, 31
1171,219,219, 31
1172,219,219, 31
1173,219,219, 31
1174,219,219, 31
1175,219,219, 31
1176,219,219, 31
1177,219,219, 31
1178,219,219, 31
1179,219,219, 31
1180,219,219, 31
1181,219,219, 31
1182,219,219, 31
1183,219,219, 31
1184,219,219, 31
1185,219,219, 31
1186,219,219, 31
1187,219,219, 31
1188,219,219, 31
1189,219,219, 31
1190,219,219, 31
1191,219,219, 31
1192,219,219, 31
1193,219,219, 31
1194,219,219, 31
1195,219,219, 31
1196,219,219, 31
1197,219,219, 31
1198,219,219, 31
1199,218,218, 32
1200,218,218, 32
1201,218,218, 32
1202,218,218, 32
1203,218,218, 32
1204,218,218, 32
1205,218,218, 32
1206,218,218, 32
1207,218,218, 32
1208,218,218, 32
1209,218,218, 32
1210,218,218, 32
1211,218,218, 32
1212,218,218, 32
1213,218,218, 32
1214,218,218, 32
1215,218,218, 32
1216,218,218, 32
1217,218,218, 32
1218,218,218, 32
1219,218,218, 32
1220,218,218, 32
1221,218,218, 32
1222,218,218, 32
1223,218,218, 32
1224,218,218, 32
1225,218,218, 32
1226,218,218, 32
1227,218,218, 32
1228,218,218, 32
1229,218,218, 32
1230,218,218, 32
1231,218,218, 32
1232,218,218, 32
1233,218,218, 32
1234,218,218, 32
1235,218,218, 32
1236,218,218, 32
1237,218,218, 32
1238,218,218, 32
1239,218,218, 32
1240,218,218, 32
1241,218,218, 32
1242,218,218, 32
1243,218,218, 32
1244,218,218, 32
1245,218,218, 32
1246,218,218, 32
1247,218,218, 32
1248,218,218, 32
1249,218,218, 32
1250,218,218, 32
1251,218,218, 32
1252,218,218, 32
1253,218,218, 32
1254,218,218, 32
1255,218,218, 32
1256,218,218, 32
1257,218,218, 32
1258,218,218, 32
1259,218,218, 32
1260,218,218, 32
1261,218,218, 32
1262,218,218, 32
1263,218,218, 32
1264,218,218, 32
1265,218,218, 32
1266,218,218, 32
1267,218,218, 32
1268,218,218, 32
1269,218,218, 32
1270,218,218, 32
1271,218,218, 32
1272,218,218, 32
1273,218,218, 32
1274,218,218, 32
1275,218,218, 32
1276,218,218, 32
1277,218,218, 32
1278,218,218, 32
1279,218,218, 32
1280,218,218, 32
1281,218,218, 32
1282,218,218, 32
1283,218,218, 32
1284,218,218, 32
1285,218,218, 32
1286,218,218, 32
1287,218,218, 32
1288,218,218, 32
1289,218,218, 32
1290,218,218, 32
1291,218,218, 32
1292,218,218, 32
1293,218,218, 32
1294,218,218, 32
1295,218,218, 32
1296,218,218, 32
1297,218,218, 32
1298,218,218, 32
1299,218,218, 32
1300,217,217, 33
1301,217,217, 33
1302,217,217, 33
1303,217,217, 33
1304,217,217, 33
1305,217,217, 33
1306,217,217, 33
1307,217,217, 33
1308,217,217, 33
1309,217,217, 33
1310,217,217, 33
1311,217,217, 33
1312,217,217, 33
1313,217,217, 33
1314,217,217, 33
1315,217,217, 33
1316,217,217, 33
1317,217,217, 33
1318,217,217, 33
1319,217,217, 33
1320,217,217, 33
1321,217,217, 33
1322,217,217, 33
1323,217,217, 33
1324,217,217, 33
1325,217,217, 33
1326,217,217, 33
1327,217,217, 33
1328,217,217, 33
1329,217,217, 33
1330,217,217, 33
1331,217,217, 33
1332,217,217, 33
1333,217,217, 33
1334,217,217, 33
1335,217,217, 33
1336,217,217, 33
1337,217,217, 33
1338,217,217, 33
1339,217,217, 33
1340,217,217, 33
1341,217,217, 33
1342,217,217, 33
1343,217,217, 33
1344,217,217, 33
1345,217,217, 33
1346,217,217, 33
1347,217,217, 33
1348,217,217, 33
1349,217,217, 33
1350,217,217, 33
1351,217,217, 33
1352,217,217, 33
1353,217,217, 33
1354,217,217, 33
1355,217,217, 33
1356,217,217, 33
1357,217,217, 33
1358,217,217, 33
1359,217,217, 33
1360,217,217, 33
1361,217,217, 33
1362,217,217, 33
1363,217,217, 33
1364,217,217, 33
1365,217,217, 33
1366,217,217, 33
1367,217,217, 33
1368,217,217, 33
1369,217,217, 33
1370,217,217, 33
1371,217,217, 33
1372,217,217, 33
1373,217,217, 33
1374,217,217, 33
1375,217,217, 33
1376,217,217, 33
1377,217,217, 33
1378,217,217, 33
1379,217,217, 33
1380,217,217, 33
1381,217,217, 33
1382,217,217, 33
1383,217,217, 33
1384,217,217, 33
1385,217,217, 33
1386,217,217, 33
1387,217,217, 33
1388,217,217, 33
1389,217,217, 33
1390,217,217, 33
1391,217,217, 33
1392,217,217, 33
1393,217,217, 33
1394,217,217, 33
1395,217,217, 33
1396,217,217, 33
1397,217,217, 33
1398,217,217, 33
1399,217,217, 33
1400,217,217, 33
1401,217,217, 33
1402,217,217, 33
1403,217,217, 33
1404,217,217, 33
1405,217,217, 33
1406,217,217, 33
1407,217,217, 33
1408,217,217, 33
1409,217,217, 33
1410,217,217, 33
1411,217,217, 33
1412,217,217, 33
1413,217,217, 33
1414,217,217, 33
1415,217,217, 33
1416,217,217, 33
1417,217,217, 33
1418,217,217, 33
1419,217,217, 33
1420,217,217, 33
1421,217,217, 33
1422,217,217, 33
1423,217,217, 33
1424,217,217, 33
1425,217,217, 33
1426,217,217, 33
1427,217,217, 33
1428,217,217, 33
1429,217,217, 33
1430,217,217, 33
1431,217,217, 33
1432,217,217, 33
1433,217,217, 33
1434,217,217, 33
1435,217,217, 33
1436,217,217, 33
1437,217,217, 33
1438,217,217, 33
1439,217,217, 33
1440,217,217, 33
1441,217,217, 33
1442,217,217, 33
1443,217,217, 33
1444,217,217, 33
1445,217,217, 33
1446,217,217, 33
1447,217,217, 33
1448,217,217, 33
1449,217,217, 33
1450,217,217, 33
1451,217,217, 33
1452,217,217, 33
1453,217,217, 33
1454,217,217, 33
1455,217,217, 33
1456,217,217, 33
1457,217,217, 33
1458,217,217, 33
1459,217,217, 33
1460,217,217, 33
1461,217,217, 33
1462,217,217, 33
1463,217,217, 33
1464,217,217, 33
1465,217,217, 33
1466,217,217, 33
1467,217,217, 33
1468,217,217, 33
1469,217,217, 33
1470,217,217, 33
1471,217,217, 33
1472,217,217, 33
1473,217,217, 33
1474,217,217, 33
1475,217,217, 33
1476,217,217, 33
1477,217,217, 33
1478,217,217, 33
1479,217,217, 33
1480,217,217, 33
1481,217,217, 33
1482,217,217, 33
1483,217,217, 33
1484,217,217, 33
1485,217,217, 33
1486,216,216, 34
1487,216,216, 34
1488,216,216, 34
1489,216,216, 34
1490,216,216, 34
1491,216,216, 34
1492,216,216, 34
1493,216,216, 34
1494,216,216, 34
1495,216,216, 34
1496,216,216, 34
1497,216,216, 34
1498,216,216, 34
1499,216,216, 34
