0,250,250, 0
1,250,250, 0
2,250,250, 0
3,249,249, 1
4,249,249, 1
5,249,249, 1
6,249,249, 1
7,249,249, 1
8,249,249, 1
9,249,249, 1
10,249,249, 1
11,249,249, 1
12,249,249, 1
13,249,249, 1
14,249,249, 1
15,249,249, 1
16,249,249, 1
17,249,249, 1
18,249,249, 1
19,249,249, 1
20,248,248, 2
21,248,248, 2
22,248,248, 2
23,248,248, 2
24,248,248, 2
25,248,248, 2
26,248,248, 2
27,247,247, 3
28,247,247, 3
29,247,247, 3
30,247,247, 3
31,247,247, 3
32,247,247, 3
33,247,247, 3
34,247,247, 3
35,247,247, 3
36,246,246, 4
37,246,246, 4
38,246,246, 4
39,246,246, 4
40,246,246, 4
41,246,246, 4
42,246,246, 4
43,245,245, 5
44,245,245, 5
45,245,245, 5
46,245,245, 5
47,245,245, 5
48,245,245, 5
49,245,245, 5
50,245,245, 5
51,245,245, 5
52,245,245, 5
53,245,245, 5
54,245,245, 5
55,245,245, 5
56,245,245, 5
57,245,245, 5
58,245,245, 5
59,245,245, 5
60,245,245, 5
61,245,245, 5
62,245,245, 5
63,245,245, 5
64,245,245, 5
65,245,245, 5
66,245,245, 5
67,245,245, 5
68,244,244, 6
69,244,244, 6
70,244,244, 6
71,244,244, 6
72,244,244, 6
73,244,244, 6
74,244,244, 6
75,244,244, 6
76,244,244, 6
77,244,244, 6
78,244,244, 6
79,244,244, 6
80,244,244, 6
81,244,244, 6
82,244,244, 6
83,244,244, 6
84,244,244, 6
85,244,244, 6
86,244,244, 6
87,243,243, 7
88,243,243, 7
89,243,243, 7
90,243,243, 7
91,243,243, 7
92,243,243, 7
93,243,243, 7
94,243,243, 7
95,243,243, 7
96,243,243, 7
97,243,243, 7
98,243,243, 7
99,243,243, 7
100,243,243, 7
101,243,243, 7
102,243,243, 7
103,243,243, 7
104,243,243, 7
105,243,243, 7
106,243,243, 7
107,243,243, 7
108,243,243, 7
109,243,243, 7
110,243,243, 7
111,243,243, 7
112,243,243, 7
113,243,243, 7
114,243,243, 7
115,243,243, 7
116,243,243, 7
117,243,243, 7
118,243,243, 7
119,243,243, 7
120,243,243, 7
121,243,243, 7
122,243,243, 7
123,243,243, 7
124,243,243, 7
125,243,243, 7
126,243,243, 7
127,243,243, 7
128,243,243, 7
129,243,243, 7
130,243,243, 7
131,243,243, 7
132,243,243, 7
133,243,243, 7
134,243,243, 7
135,243,243, 7
136,243,243, 7
137,243,243, 7
138,243,243, 7
139,243,243, 7
140,243,243, 7
141,243,243, 7
142,243,243, 7
143,243,243, 7
144,243,243, 7
145,243,243, 7
146,243,243, 7
147,243,243, 7
148,243,243, 7
149,243,243, 7
150,243,243, 7
151,243,243, 7
152,243,243, 7
153,243,243, 7
154,243,243, 7
155,243,243, 7
156,243,243, 7
157,243,243, 7
158,243,243, 7
159,243,243, 7
160,243,243, 7
161,242,242, 8
162,242,242, 8
163,242,242, 8
164,242,242, 8
165,242,242, 8
166,242,242, 8
167,242,242, 8
168,242,242, 8
169,242,242, 8
170,242,242, 8
171,242,242, 8
172,242,242, 8
173,242,242, 8
174,242,242, 8
175,242,242, 8
176,242,242, 8
177,242,242, 8
178,242,242, 8
179,242,242, 8
180,242,242, 8
181,242,242, 8
182,242,242, 8
183,242,242, 8
184,242,242, 8
185,242,242, 8
186,242,242, 8
187,242,242, 8
188,241,241, 9
189,241,241, 9
190,241,241, 9
191,241,241, 9
192,241,241, 9
193,240,240, 10
194,240,240, 10
195,240,240, 10
196,240,240, 10
197,240,240, 10
198,240,240, 10
199,240,240, 10
200,239,239, 11
201,239,239, 11
202,239,239, 11
203,239,239, 11
204,239,239, 11
205,239,239, 11
206,239,239, 11
207,239,239, 11
208,239,239, 11
209,239,239, 11
210,239,239, 11
211,239,239, 11
212,239,239, 11
213,239,239, 11
214,239,239, 11
215,239,239, 11
216,239,239, 11
217,239,239, 11
218,239,239, 11
219,239,239, 11
220,239,239, 11
221,239,239, 11
222,239,239, 11
223,239,239, 11
224,239,239, 11
225,239,239, 11
226,239,239, 11
227,239,239, 11
228,239,239, 11
229,239,239, 11
230,239,239, 11
231,239,239, 11
232,239,239, 11
233,239,239, 11
234,239,239, 11
235,239,239, 11
236,239,239, 11
237,239,239, 11
238,239,239, 11
239,239,239, 11
240,239,239, 11
241,239,239, 11
242,239,239, 11
243,239,239, 11
244,239,239, 11
245,239,239, 11
246,239,239, 11
247,239,239, 11
248,239,239, 11
249,239,239, 11
250,239,239, 11
251,239,239, 11
252,239,239, 11
253,238,238, 12
254,238,238, 12
255,238,238, 12
256,238,238, 12
257,238,238, 12
258,238,238, 12
259,238,238, 12
260,238,238, 12
261,238,238, 12
262,238,238, 12
263,238,238, 12
264,238,238, 12
265,238,238, 12
266,238,238, 12
267,238,238, 12
268,238,238, 12
269,238,238, 12
270,238,238, 12
271,238,238, 12
272,238,238, 12
273,238,238, 12
274,238,238, 12
275,238,238, 12
276,238,238, 12
277,238,238, 12
278,238,238, 12
279,238,238, 12
280,238,238, 12
281,238,238, 12
282,238,238, 12
283,238,238, 12
284,238,238, 12
285,238,238, 12
286,238,238, 12
287,238,238, 12
288,238,238, 12
289,238,238, 12
290,238,238, 12
291,238,238, 12
292,238,238, 12
293,238,238, 12
294,238,238, 12
295,238,238, 12
296,238,238, 12
297,238,238, 12
298,238,238, 12
299,238,238, 12
300,238,238, 12
301,238,238, 12
302,238,238, 12
303,238,238, 12
304,238,238, 12
305,238,238, 12
306,238,238, 12
307,238,238, 12
308,238,238, 12
309,238,238, 12
310,237,237, 13
311,237,237, 13
312,237,237, 13
313,237,237, 13
314,237,237, 13
315,237,237, 13
316,237,237, 13
317,237,237, 13
318,237,237, 13
319,237,237, 13
320,237,237, 13
321,237,237, 13
322,237,237, 13
323,237,237, 13
324,237,237, 13
325,237,237, 13
326,237,237, 13
327,237,237, 13
328,237,237, 13
329,237,237, 13
330,237,237, 13
331,237,237, 13
332,237,237, 13
333,237,237, 13
334,237,237, 13
335,237,237, 13
336,237,237, 13
337,237,237, 13
338,237,237, 13
339,237,237, 13
340,237,237, 13
341,237,237, 13
342,237,237, 13
343,237,237, 13
344,237,237, 13
345,237,237, 13
346,237,237, 13
347,237,237, 13
348,237,237, 13
349,237,237, 13
350,237,237, 13
351,237,237, 13
352,237,237, 13
353,237,237, 13
354,237,237, 13
355,236,236, 14
356,236,236, 14
357,236,236, 14
358,236,236, 14
359,236,236, 14
360,236,236, 14
361,236,236, 14
362,236,236, 14
363,236,236, 14
364,236,236, 14
365,236,236, 14
366,236,236, 14
367,236,236, 14
368,236,236, 14
369,236,236, 14
370,236,236, 14
371,236,236, 14
372,236,236, 14
373,236,236, 14
374,236,236, 14
375,236,236, 14
376,236,236, 14
377,236,236, 14
378,236,236, 14
379,236,236, 14
380,236,236, 14
381,236,236, 14
382,236,236, 14
383,236,236, 14
384,236,236, 14
385,236,236, 14
386,236,236, 14
387,236,236, 14
388,236,236, 14
389,236,236, 14
390,236,236, 14
391,236,236, 14
392,236,236, 14
393,236,236, 14
394,236,236, 14
395,236,236, 14
396,236,236, 14
397,236,236, 14
398,236,236, 14
399,236,236, 14
400,236,236, 14
401,236,236, 14
402,236,236, 14
403,236,236, 14
404,236,236, 14
405,236,236, 14
406,236,236, 14
407,236,236, 14
408,236,236, 14
409,236,236, 14
410,236,236, 14
411,236,236, 14
412,236,236, 14
413,236,236, 14
414,236,236, 14
415,236,236, 14
416,236,236, 14
417,236,236, 14
418,236,236, 14
419,236,236, 14
420,236,236, 14
421,236,236, 14
422,236,236, 14
423,236,236, 14
424,236,236, 14
425,236,236, 14
426,236,236, 14
427,236,236, 14
428,236,236, 14
429,236,236, 14
430,236,236, 14
431,236,236, 14
432,236,236, 14
433,236,236, 14
434,236,236, 14
435,236,236, 14
436,236,236, 14
437,236,236, 14
438,236,236, 14
439,236,236, 14
440,236,236, 14
441,236,236, 14
442,236,236, 14
443,236,236, 14
444,235,235, 15
445,235,235, 15
446,235,235, 15
447,235,235, 15
448,235,235, 15
449,235,235, 15
450,235,235, 15
451,235,235, 15
452,235,235, 15
453,235,235, 15
454,235,235, 15
455,235,235, 15
456,235,235, 15
457,235,235, 15
458,235,235, 15
459,235,235, 15
460,235,235, 15
461,235,235, 15
462,235,235, 15
463,235,235, 15
464,235,235, 15
465,235,235, 15
466,235,235, 15
467,234,234, 16
468,234,234, 16
469,234,234, 16
470,234,234, 16
471,234,234, 16
472,234,234, 16
473,234,234, 16
474,234,234, 16
475,234,234, 16
476,234,234, 16
477,234,234, 16
478,234,234, 16
479,234,234, 16
480,234,234, 16
481,234,234, 16
482,234,234, 16
483,234,234, 16
484,233,233, 17
485,233,233, 17
486,233,233, 17
487,233,233, 17
488,233,233, 17
489,233,233, 17
490,233,233, 17
491,233,233, 17
492,233,233, 17
493,233,233, 17
494,233,233, 17
495,233,233, 17
496,233,233, 17
497,233,233, 17
498,233,233, 17
499,233,233, 17
500,233,233, 17
501,233,233, 17
502,233,233, 17
503,233,233, 17
504,233,233, 17
505,233,233, 17
506,233,233, 17
507,233,233, 17
508,233,233, 17
509,233,233, 17
510,233,233, 17
511,233,233, 17
512,233,233, 17
513,233,233, 17
514,233,233, 17
515,233,233, 17
516,233,233, 17
517,233,233, 17
518,233,233, 17
519,233,233, 17
520,233,233, 17
521,233,233, 17
522,233,233, 17
523,233,233, 17
524,233,233, 17
525,233,233, 17
526,233,233, 17
527,233,233, 17
528,233,233, 17
529,233,233, 17
530,233,233, 17
531,233,233, 17
532,233,233, 17
533,233,233, 17
534,233,233, 17
535,233,233, 17
536,233,233, 17
537,233,233, 17
538,233,233, 17
539,233,233, 17
540,233,233, 17
541,233,233, 17
542,233,233, 17
543,233,233, 17
544,233,233, 17
545,233,233, 17
546,233,233, 17
547,233,233, 17
548,233,233, 17
549,233,233, 17
550,233,233, 17
551,233,233, 17
552,233,233, 17
553,233,233, 17
554,233,233, 17
555,233,233, 17
556,233,233, 17
557,233,233, 17
558,233,233, 17
559,233,233, 17
560,233,233, 17
561,233,233, 17
562,233,233, 17
563,233,233, 17
564,233,233, 17
565,233,233, 17
566,233,233, 17
567,233,233, 17
568,233,233, 17
569,233,233, 17
570,233,233, 17
571,233,233, 17
572,233,233, 17
573,233,233, 17
574,233,233, 17
575,233,233, 17
576,233,233, 17
577,233,233, 17
578,233,233, 17
579,233,233, 17
580,233,233, 17
581,233,233, 17
582,233,233, 17
583,233,233, 17
584,233,233, 17
585,233,233, 17
586,233,233, 17
587,233,233, 17
588,233,233, 17
589,233,233, 17
590,233,233, 17
591,233,233, 17
592,233,233, 17
593,233,233, 17
594,233,233, 17
595,233,233, 17
596,233,233, 17
597,233,233, 17
598,233,233, 17
599,233,233, 17
600,233,233, 17
601,233,233, 17
602,233,233, 17
603,233,233, 17
604,233,233, 17
605,233,233, 17
606,233,233, 17
607,233,233, 17
608,233,233, 17
609,233,233, 17
610,233,233, 17
611,233,233, 17
612,233,233, 17
613,233,233, 17
614,233,233, 17
615,233,233, 17
616,233,233, 17
617,233,233, 17
618,233,233, 17
619,233,233, 17
620,233,233, 17
621,233,233, 17
622,233,233, 17
623,233,233, 17
624,233,233, 17
625,233,233, 17
626,233,233, 17
627,233,233, 17
628,233,233, 17
629,233,233, 17
630,233,233, 17
631,233,233, 17
632,233,233, 17
633,233,233, 17
634,233,233, 17
635,233,233, 17
636,233,233, 17
637,233,233, 17
638,233,233, 17
639,233,233, 17
640,233,233, 17
641,233,233, 17
642,233,233, 17
643,233,233, 17
644,233,233, 17
645,233,233, 17
646,233,233, 17
647,233,233, 17
648,233,233, 17
649,233,233, 17
650,233,233, 17
651,233,233, 17
652,233,233, 17
653,233,233, 17
654,233,233, 17
655,233,233, 17
656,233,233, 17
657,233,233, 17
658,233,233, 17
659,233,233, 17
660,233,233, 17
661,233,233, 17
662,233,233, 17
663,233,233, 17
664,233,233, 17
665,233,233, 17
666,233,233, 17
667,233,233, 17
668,233,233, 17
669,233,233, 17
670,233,233, 17
671,233,233, 17
672,233,233, 17
673,233,233, 17
674,233,233, 17
675,233,233, 17
676,233,233, 17
677,233,233, 17
678,233,233, 17
679,233,233, 17
680,233,233, 17
681,233,233, 17
682,233,233, 17
683,233,233, 17
684,233,233, 17
685,233,233, 17
686,233,233, 17
687,233,233, 17
688,233,233, 17
689,233,233, 17
690,233,233, 17
691,233,233, 17
692,233,233, 17
693,233,233, 17
694,233,233, 17
695,233,233, 17
696,233,233, 17
697,233,233, 17
698,233,233, 17
699,233,233, 17
700,233,233, 17
701,233,233, 17
702,233,233, 17
703,233,233, 17
704,233,233, 17
705,233,233, 17
706,233,233, 17
707,233,233, 17
708,233,233, 17
709,233,233, 17
710,233,233, 17
711,233,233, 17
712,233,233, 17
713,233,233, 17
714,233,233, 17
715,233,233, 17
716,233,233, 17
717,233,233, 17
718,233,233, 17
719,233,233, 17
720,233,233, 17
721,233,233, 17
722,233,233, 17
723,233,233, 17
724,233,233, 17
725,233,233, 17
726,232,232, 18
727,232,232, 18
728,232,232, 18
729,232,232, 18
730,232,232, 18
731,232,232, 18
732,232,232, 18
733,232,232, 18
734,232,232, 18
735,232,232, 18
736,232,232, 18
737,232,232, 18
738,232,232, 18
739,232,232, 18
740,232,232, 18
741,232,232, 18
742,232,232, 18
743,232,232, 18
744,232,232, 18
745,232,232, 18
746,232,232, 18
747,232,232, 18
748,232,232, 18
749,232,232, 18
750,232,232, 18
751,232,232, 18
752,232,232, 18
753,231,231, 19
754,231,231, 19
755,231,231, 19
756,231,231, 19
757,231,231, 19
758,231,231, 19
759,231,231, 19
760,231,231, 19
761,231,231, 19
762,231,231, 19
763,231,231, 19
764,231,231, 19
765,231,231, 19
766,231,231, 19
767,231,231, 19
768,231,231, 19
769,231,231, 19
770,231,231, 19
771,231,231, 19
772,231,231, 19
773,231,231, 19
774,231,231, 19
775,231,231, 19
776,231,231, 19
777,231,231, 19
778,231,231, 19
779,231,231, 19
780,231,231, 19
781,231,231, 19
782,231,231, 19
783,231,231, 19
784,231,231, 19
785,231,231, 19
786,231,231, 19
787,231,231, 19
788,231,231, 19
789,231,231, 19
790,231,231, 19
791,231,231, 19
792,231,231, 19
793,231,231, 19
794,231,231, 19
795,231,231, 19
796,231,231, 19
797,231,231, 19
798,231,231, 19
799,231,231, 19
800,231,231, 19
801,231,231, 19
802,231,231, 19
803,231,231, 19
804,231,231, 19
805,231,231, 19
806,231,231, 19
807,231,231, 19
808,231,231, 19
809,231,231, 19
810,231,231, 19
811,231,231, 19
812,231,231, 19
813,231,231, 19
814,231,231, 19
815,231,231, 19
816,231,231, 19
817,231,231, 19
818,231,231, 19
819,231,231, 19
820,231,231, 19
821,231,231, 19
822,231,231, 19
823,231,231, 19
824,231,231, 19
825,231,231, 19
826,231,231, 19
827,231,231, 19
828,231,231, 19
829,231,231, 19
830,231,231, 19
831,231,231, 19
832,231,231, 19
833,231,231, 19
834,231,231, 19
835,231,231, 19
836,231,231, 19
837,231,231, 19
838,231,231, 19
839,231,231, 19
840,231,231, 19
841,231,231, 19
842,231,231, 19
843,231,231, 19
844,231,231, 19
845,231,231, 19
846,231,231, 19
847,231,231, 19
848,231,231, 19
849,231,231, 19
850,231,231, 19
851,231,231, 19
852,231,231, 19
853,231,231, 19
854,231,231, 19
855,231,231, 19
856,231,231, 19
857,231,231, 19
858,231,231, 19
859,231,231, 19
860,231,231, 19
861,231,231, 19
862,231,231, 19
863,231,231, 19
864,231,231, 19
865,231,231, 19
866,231,231, 19
867,231,231, 19
868,231,231, 19
869,231,231, 19
870,231,231, 19
871,231,231, 19
872,231,231, 19
873,231,231, 19
874,231,231, 19
875,231,231, 19
876,231,231, 19
877,231,231, 19
878,231,231, 19
879,231,231, 19
880,231,231, 19
881,231,231, 19
882,231,231, 19
883,231,231, 19
884,231,231, 19
885,231,231, 19
886,231,231, 19
887,231,231, 19
888,231,231, 19
889,231,231, 19
890,231,231, 19
891,231,231, 19
892,231,231, 19
893,231,231, 19
894,231,231, 19
895,231,231, 19
896,231,231, 19
897,231,231, 19
898,231,231, 19
899,231,231, 19
900,231,231, 19
901,231,231, 19
902,231,231, 19
903,231,231, 19
904,231,231, 19
905,231,231, 19
906,231,231, 19
907,231,231, 19
908,231,231, 19
909,231,231, 19
910,231,231, 19
911,231,231, 19
912,231,231, 19
913,231,231, 19
914,231,231, 19
915,231,231, 19
916,231,231, 19
917,231,231, 19
918,231,231, 19
919,231,231, 19
920,231,231, 19
921,231,231, 19
922,231,231, 19
923,231,231, 19
924,231,231, 19
925,231,231, 19
926,231,231, 19
927,231,231, 19
928,231,231, 19
929,231,231, 19
930,231,231, 19
931,231,231, 19
932,231,231, 19
933,231,231, 19
934,231,231, 19
935,231,231, 19
936,231,231, 19
937,231,231, 19
938,231,231, 19
939,231,231, 19
940,231,231, 19
941,231,231, 19
942,231,231, 19
943,231,231, 19
944,231,231, 19
945,231,231, 19
946,231,231, 19
947,231,231, 19
948,231,231, 19
949,231,231, 19
950,231,231, 19
951,231,231, 19
952,231,231, 19
953,231,231, 19
954,231,231, 19
955,231,231, 19
956,231,231, 19
957,231,231, 19
958,231,231, 19
959,231,231, 19
960,231,231, 19
961,231,231, 19
962,231,231, 19
963,231,231, 19
964,231,231, 19
965,231,231, 19
966,231,231, 19
967,231,231, 19
968,231,231, 19
969,231,231, 19
970,231,231, 19
971,231,231, 19
972,231,231, 19
973,231,231, 19
974,231,231, 19
975,231,231, 19
976,231,231, 19
977,231,231, 19
978,231,231, 19
979,231,231, 19
980,231,231, 19
981,231,231, 19
982,231,231, 19
983,231,231, 19
984,231,231, 19
985,231,231, 19
986,231,231, 19
987,231,231, 19
988,231,231, 19
989,231,231, 19
990,231,231, 19
991,231,231, 19
992,231,231, 19
993,231,231, 19
994,231,231, 19
995,231,231, 19
996,231,231, 19
997,231,231, 19
998,231,231, 19
999,231,231, 19
1000,231,231, 19
1001,231,231, 19
1002,231,231, 19
1003,231,231, 19
1004,231,231, 19
1005,231,231, 19
1006,231,231, 19
1007,231,231, 19
1008,231,231, 19
1009,231,231, 19
1010,231,231, 19
1011,231,231, 19
1012,231,231, 19
1013,231,231, 19
1014,231,231, 19
1015,231,231, 19
1016,231,231, 19
1017,231,231, 19
1018,231,231, 19
1019,231,231, 19
1020,231,231, 19
1021,231,231, 19
1022,231,231, 19
1023,231,231, 19
1024,231,231, 19
1025,231,231, 19
1026,231,231, 19
1027,231,231, 19
1028,231,231, 19
1029,231,231, 19
1030,231,231, 19
1031,231,231, 19
1032,231,231, 19
1033,231,231, 19
1034,231,231, 19
1035,231,231, 19
1036,231,231, 19
1037,231,231, 19
1038,231,231, 19
1039,231,231, 19
1040,231,231, 19
1041,231,231, 19
1042,231,231, 19
1043,231,231, 19
1044,231,231, 19
1045,231,231, 19
1046,231,231, 19
1047,231,231, 19
1048,231,231, 19
1049,231,231, 19
1050,231,231, 19
1051,231,231, 19
1052,231,231, 19
1053,231,231, 19
1054,231,231, 19
1055,231,231, 19
1056,231,231, 19
1057,231,231, 19
1058,231,231, 19
1059,231,231, 19
1060,231,231, 19
1061,231,231, 19
1062,231,231, 19
1063,231,231, 19
1064,231,231, 19
1065,231,231, 19
1066,231,231, 19
1067,231,231, 19
1068,231,231, 19
1069,231,231, 19
1070,231,231, 19
1071,231,231, 19
1072,231,231, 19
1073,231,231, 19
1074,231,231, 19
1075,231,231, 19
1076,231,231, 19
1077,231,231, 19
1078,231,231, 19
1079,231,231, 19
1080,231,231, 19
1081,231,231, 19
1082,231,231, 19
1083,231,231, 19
1084,231,231, 19
1085,231,231, 19
1086,231,231, 19
1087,231,231, 19
1088,231,231, 19
1089,231,231, 19
1090,231,231, 19
1091,231,231, 19
1092,231,231, 19
1093,231,231, 19
1094,231,231, 19
1095,231,231, 19
1096,231,231, 19
1097,231,231, 19
1098,231,231, 19
1099,231,231, 19
1100,231,231, 19
1101,231,231, 19
1102,231,231, 19
1103,231,231, 19
1104,231,231, 19
1105,231,231, 19
1106,231,231, 19
1107,231,231, 19
1108,231,231, 19
1109,231,231, 19
1110,231,231, 19
1111,231,231, 19
1112,231,231, 19
1113,231,231, 19
1114,231,231, 19
1115,231,231, 19
1116,231,231, 19
1117,231,231, 19
1118,231,231, 19
1119,231,231, 19
1120,231,231, 19
1121,231,231, 19
1122,231,231, 19
1123,231,231, 19
1124,231,231, 19
1125,231,231, 19
1126,231,231, 19
1127,231,231, 19
1128,231,231, 19
1129,231,231, 19
1130,231,231, 19
1131,231,231, 19
1132,231,231, 19
1133,231,231, 19
1134,231,231, 19
1135,231,231, 19
1136,231,231, 19
1137,231,231, 19
1138,231,231, 19
1139,231,231, 19
1140,231,231, 19
1141,231,231, 19
1142,231,231, 19
1143,231,231, 19
1144,231,231, 19
1145,231,231, 19
1146,231,231, 19
1147,231,231, 19
1148,231,231, 19
1149,231,231, 19
1150,231,231, 19
1151,231,231, 19
1152,231,231, 19
1153,230,230, 20
1154,230,230, 20
1155,230,230, 20
1156,230,230, 20
1157,230,230, 20
1158,230,230, 20
1159,230,230, 20
1160,230,230, 20
1161,230,230, 20
1162,230,230, 20
1163,230,230, 20
1164,230,230, 20
1165,230,230, 20
1166,230,230, 20
1167,230,230, 20
1168,230,230, 20
1169,230,230, 20
1170,230,230, 20
1171,230,230, 20
1172,230,230, 20
1173,230,230, 20
1174,230,230, 20
1175,230,230, 20
1176,230,230, 20
1177,230,230, 20
1178,230,230, 20
1179,230,230, 20
1180,230,230, 20
1181,230,230, 20
1182,230,230, 20
1183,230,230, 20
1184,230,230, 20
1185,230,230, 20
1186,230,230, 20
1187,230,230, 20
1188,230,230, 20
1189,230,230, 20
1190,230,230, 20
1191,230,230, 20
1192,230,230, 20
1193,230,230, 20
1194,230,230, 20
1195,230,230, 20
1196,230,230, 20
1197,230,230, 20
1198,230,230, 20
1199,230,230, 20
1200,230,230, 20
1201,230,230, 20
1202,230,230, 20
1203,230,230, 20
1204,230,230, 20
1205,230,230, 20
1206,230,230, 20
1207,230,230, 20
1208,230,230, 20
1209,230,230, 20
1210,230,230, 20
1211,230,230, 20
1212,230,230, 20
1213,230,230, 20
1214,230,230, 20
1215,230,230, 20
1216,230,230, 20
1217,230,230, 20
1218,230,230, 20
1219,230,230, 20
1220,230,230, 20
1221,230,230, 20
1222,230,230, 20
1223,230,230, 20
1224,230,230, 20
1225,230,230, 20
1226,230,230, 20
1227,230,230, 20
1228,230,230, 20
1229,230,230, 20
1230,230,230, 20
1231,230,230, 20
1232,230,230, 20
1233,230,230, 20
1234,230,230, 20
1235,230,230, 20
1236,230,230, 20
1237,230,230, 20
1238,230,230, 20
1239,230,230, 20
1240,230,230, 20
1241,230,230, 20
1242,230,230, 20
1243,230,230, 20
1244,230,230, 20
1245,230,230, 20
1246,230,230, 20
1247,230,230, 20
1248,230,230, 20
1249,230,230, 20
1250,230,230, 20
1251,230,230, 20
1252,230,230, 20
1253,230,230, 20
1254,230,230, 20
1255,230,230, 20
1256,230,230, 20
1257,230,230, 20
1258,230,230, 20
1259,230,230, 20
1260,230,230, 20
1261,230,230, 20
1262,230,230, 20
1263,230,230, 20
1264,230,230, 20
1265,230,230, 20
1266,230,230, 20
1267,230,230, 20
1268,230,230, 20
1269,230,230, 20
1270,230,230, 20
1271,230,230, 20
1272,230,230, 20
1273,230,230, 20
1274,230,230, 20
1275,230,230, 20
1276,230,230, 20
1277,230,230, 20
1278,230,230, 20
1279,230,230, 20
1280,230,230, 20
1281,230,230, 20
1282,230,230, 20
1283,230,230, 20
1284,230,230, 20
1285,230,230, 20
1286,230,230, 20
1287,230,230, 20
1288,230,230, 20
1289,230,230, 20
1290,230,230, 20
1291,230,230, 20
1292,230,230, 20
1293,230,230, 20
1294,230,230, 20
1295,230,230, 20
1296,230,230, 20
1297,230,230, 20
1298,230,230, 20
1299,230,230, 20
1300,230,230, 20
1301,230,230, 20
1302,230,230, 20
1303,230,230, 20
1304,230,230, 20
1305,230,230, 20
1306,230,230, 20
1307,230,230, 20
1308,230,230, 20
1309,230,230, 20
1310,230,230, 20
1311,230,230, 20
1312,230,230, 20
1313,230,230, 20
1314,230,230, 20
1315,230,230, 20
1316,230,230, 20
1317,230,230, 20
1318,230,230, 20
1319,230,230, 20
1320,230,230, 20
1321,230,230, 20
1322,230,230, 20
1323,230,230, 20
1324,230,230, 20
1325,230,230, 20
1326,230,230, 20
1327,230,230, 20
1328,230,230, 20
1329,230,230, 20
1330,230,230, 20
1331,230,230, 20
1332,230,230, 20
1333,230,230, 20
1334,230,230, 20
1335,230,230, 20
1336,230,230, 20
1337,230,230, 20
1338,229,229, 21
1339,229,229, 21
1340,229,229, 21
1341,229,229, 21
1342,229,229, 21
1343,229,229, 21
1344,229,229, 21
1345,229,229, 21
1346,229,229, 21
1347,229,229, 21
1348,229,229, 21
1349,229,229, 21
1350,229,229, 21
1351,229,229, 21
1352,229,229, 21
1353,229,229, 21
1354,229,229, 21
1355,229,229, 21
1356,229,229, 21
1357,229,229, 21
1358,229,229, 21
1359,229,229, 21
1360,229,229, 21
1361,229,229, 21
1362,229,229, 21
1363,229,229, 21
1364,229,229, 21
1365,229,229, 21
1366,229,229, 21
1367,229,229, 21
1368,229,229, 21
1369,229,229, 21
1370,229,229, 21
1371,229,229, 21
1372,229,229, 21
1373,229,229, 21
1374,229,229, 21
1375,229,229, 21
1376,229,229, 21
1377,229,229, 21
1378,229,229, 21
1379,229,229, 21
1380,229,229, 21
1381,229,229, 21
1382,229,229, 21
1383,229,229, 21
1384,229,229, 21
1385,229,229, 21
1386,229,229, 21
1387,229,229, 21
1388,228,228, 22
1389,228,228, 22
1390,227,227, 23
1391,227,227, 23
1392,227,227, 23
1393,227,227, 23
1394,227,227, 23
1395,227,227, 23
1396,227,227, 23
1397,227,227, 23
1398,227,227, 23
1399,227,227, 23
1400,227,227, 23
1401,227,227, 23
1402,227,227, 23
1403,227,227, 23
1404,227,227, 23
1405,227,227, 23
1406,227,227, 23
1407,227,227, 23
1408,227,227, 23
1409,227,227, 23
1410,227,227, 23
1411,227,227, 23
1412,227,227, 23
1413,227,227, 23
1414,227,227, 23
1415,227,227, 23
1416,227,227, 23
1417,227,227, 23
1418,227,227, 23
1419,227,227, 23
1420,227,227, 23
1421,227,227, 23
1422,227,227, 23
1423,227,227, 23
1424,227,227, 23
1425,227,227, 23
1426,227,227, 23
1427,227,227, 23
1428,227,227, 23
1429,227,227, 23
1430,227,227, 23
1431,227,227, 23
1432,227,227, 23
1433,227,227, 23
1434,227,227, 23
1435,227,227, 23
1436,227,227, 23
1437,227,227, 23
1438,227,227, 23
1439,227,227, 23
1440,227,227, 23
1441,227,227, 23
1442,227,227, 23
1443,227,227, 23
1444,227,227, 23
1445,227,227, 23
1446,227,227, 23
1447,227,227, 23
1448,227,227, 23
1449,227,227, 23
1450,227,227, 23
1451,227,227, 23
1452,227,227, 23
1453,227,227, 23
1454,227,227, 23
1455,227,227, 23
1456,227,227, 23
1457,227,227, 23
1458,227,227, 23
1459,227,227, 23
1460,227,227, 23
1461,227,227, 23
1462,227,227, 23
1463,227,227, 23
1464,227,227, 23
1465,227,227, 23
1466,227,227, 23
1467,227,227, 23
1468,227,227, 23
1469,227,227, 23
1470,227,227, 23
1471,227,227, 23
1472,227,227, 23
1473,227,227, 23
1474,227,227, 23
1475,227,227, 23
1476,227,227, 23
1477,227,227, 23
1478,227,227, 23
1479,227,227, 23
1480,227,227, 23
1481,227,227, 23
1482,227,227, 23
1483,227,227, 23
1484,227,227, 23
1485,227,227, 23
1486,227,227, 23
1487,227,227, 23
1488,227,227, 23
1489,227,227, 23
1490,227,227, 23
1491,227,227, 23
1492,227,227, 23
1493,227,227, 23
1494,227,227, 23
1495,227,227, 23
1496,227,227, 23
1497,227,227, 23
1498,227,227, 23
1499,227,227, 23
