0,250,250, 0
1,250,250, 0
2,250,250, 0
3,250,250, 0
4,250,250, 0
5,250,250, 0
6,250,250, 0
7,250,250, 0
8,250,250, 0
9,250,250, 0
10,250,250, 0
11,250,250, 0
12,250,250, 0
13,250,250, 0
14,250,250, 0
15,250,250, 0
16,250,250, 0
17,250,250, 0
18,250,250, 0
19,249,249, 1
20,249,249, 1
21,249,249, 1
22,248,248, 2
23,248,248, 2
24,248,248, 2
25,248,248, 2
26,248,248, 2
27,248,248, 2
28,248,248, 2
29,248,248, 2
30,248,248, 2
31,248,248, 2
32,248,248, 2
33,248,248, 2
34,248,248, 2
35,248,248, 2
36,248,248, 2
37,248,248, 2
38,248,248, 2
39,248,248, 2
40,248,248, 2
41,248,248, 2
42,248,248, 2
43,248,248, 2
44,248,248, 2
45,248,248, 2
46,248,248, 2
47,248,248, 2
48,248,248, 2
49,248,248, 2
50,248,248, 2
51,248,248, 2
52,248,248, 2
53,248,248, 2
54,248,248, 2
55,248,248, 2
56,248,248, 2
57,248,248, 2
58,248,248, 2
59,248,248, 2
60,248,248, 2
61,248,248, 2
62,248,248, 2
63,248,248, 2
64,248,248, 2
65,248,248, 2
66,248,248, 2
67,248,248, 2
68,248,248, 2
69,248,248, 2
70,248,248, 2
71,248,248, 2
72,248,248, 2
73,248,248, 2
74,248,248, 2
75,248,248, 2
76,248,248, 2
77,248,248, 2
78,248,248, 2
79,248,248, 2
80,248,248, 2
81,248,248, 2
82,248,248, 2
83,248,248, 2
84,248,248, 2
85,248,248, 2
86,248,248, 2
87,248,248, 2
88,247,247, 3
89,247,247, 3
90,247,247, 3
91,247,247, 3
92,247,247, 3
93,247,247, 3
94,247,247, 3
95,247,247, 3
96,246,246, 4
97,246,246, 4
98,246,246, 4
99,246,246, 4
100,246,246, 4
101,246,246, 4
102,246,246, 4
103,246,246, 4
104,246,246, 4
105,246,246, 4
106,246,246, 4
107,246,246, 4
108,246,246, 4
109,246,246, 4
110,246,246, 4
111,246,246, 4
112,246,246, 4
113,246,246, 4
114,246,246, 4
115,246,246, 4
116,246,246, 4
117,246,246, 4
118,246,246, 4
119,246,246, 4
120,246,246, 4
121,246,246, 4
122,246,246, 4
123,246,246, 4
124,246,246, 4
125,246,246, 4
126,246,246, 4
127,246,246, 4
128,246,246, 4
129,246,246, 4
130,246,246, 4
131,246,246, 4
132,246,246, 4
133,246,246, 4
134,246,246, 4
135,246,246, 4
136,246,246, 4
137,246,246, 4
138,246,246, 4
139,246,246, 4
140,246,246, 4
141,246,246, 4
142,246,246, 4
143,246,246, 4
144,246,246, 4
145,246,246, 4
146,246,246, 4
147,246,246, 4
148,246,246, 4
149,246,246, 4
150,246,246, 4
151,246,246, 4
152,246,246, 4
153,246,246, 4
154,246,246, 4
155,246,246, 4
156,246,246, 4
157,246,246, 4
158,246,246, 4
159,246,246, 4
160,246,246, 4
161,246,246, 4
162,246,246, 4
163,246,246, 4
164,246,246, 4
165,246,246, 4
166,246,246, 4
167,246,246, 4
168,246,246, 4
169,246,246, 4
170,246,246, 4
171,246,246, 4
172,246,246, 4
173,246,246, 4
174,246,246, 4
175,246,246, 4
176,246,246, 4
177,246,246, 4
178,246,246, 4
179,246,246, 4
180,246,246, 4
181,246,246, 4
182,246,246, 4
183,246,246, 4
184,246,246, 4
185,246,246, 4
186,246,246, 4
187,246,246, 4
188,246,246, 4
189,246,246, 4
190,246,246, 4
191,246,246, 4
192,246,246, 4
193,246,246, 4
194,246,246, 4
195,246,246, 4
196,246,246, 4
197,246,246, 4
198,246,246, 4
199,246,246, 4
200,246,246, 4
201,246,246, 4
202,246,246, 4
203,246,246, 4
204,246,246, 4
205,246,246, 4
206,246,246, 4
207,246,246, 4
208,246,246, 4
209,246,246, 4
210,246,246, 4
211,246,246, 4
212,246,246, 4
213,246,246, 4
214,246,246, 4
215,246,246, 4
216,246,246, 4
217,246,246, 4
218,246,246, 4
219,245,245, 5
220,245,245, 5
221,245,245, 5
222,245,245, 5
223,245,245, 5
224,245,245, 5
225,245,245, 5
226,245,245, 5
227,245,245, 5
228,245,245, 5
229,244,244, 6
230,244,244, 6
231,244,244, 6
232,244,244, 6
233,244,244, 6
234,244,244, 6
235,244,244, 6
236,244,244, 6
237,244,244, 6
238,243,243, 7
239,243,243, 7
240,243,243, 7
241,243,243, 7
242,243,243, 7
243,243,243, 7
244,243,243, 7
245,243,243, 7
246,243,243, 7
247,243,243, 7
248,243,243, 7
249,243,243, 7
250,243,243, 7
251,243,243, 7
252,243,243, 7
253,243,243, 7
254,243,243, 7
255,242,242, 8
256,242,242, 8
257,242,242, 8
258,242,242, 8
259,242,242, 8
260,242,242, 8
261,242,242, 8
262,242,242, 8
263,242,242, 8
264,242,242, 8
265,242,242, 8
266,242,242, 8
267,242,242, 8
268,242,242, 8
269,242,242, 8
270,242,242, 8
271,242,242, 8
272,242,242, 8
273,242,242, 8
274,242,242, 8
275,242,242, 8
276,242,242, 8
277,242,242, 8
278,242,242, 8
279,242,242, 8
280,242,242, 8
281,242,242, 8
282,242,242, 8
283,242,242, 8
284,242,242, 8
285,242,242, 8
286,242,242, 8
287,242,242, 8
288,242,242, 8
289,242,242, 8
290,242,242, 8
291,242,242, 8
292,242,242, 8
293,242,242, 8
294,242,242, 8
295,242,242, 8
296,242,242, 8
297,242,242, 8
298,242,242, 8
299,242,242, 8
300,242,242, 8
301,242,242, 8
302,242,242, 8
303,242,242, 8
304,242,242, 8
305,242,242, 8
306,242,242, 8
307,242,242, 8
308,242,242, 8
309,242,242, 8
310,242,242, 8
311,242,242, 8
312,242,242, 8
313,242,242, 8
314,242,242, 8
315,242,242, 8
316,242,242, 8
317,242,242, 8
318,242,242, 8
319,242,242, 8
320,242,242, 8
321,242,242, 8
322,242,242, 8
323,242,242, 8
324,242,242, 8
325,242,242, 8
326,242,242, 8
327,242,242, 8
328,242,242, 8
329,242,242, 8
330,242,242, 8
331,242,242, 8
332,242,242, 8
333,242,242, 8
334,242,242, 8
335,242,242, 8
336,242,242, 8
337,242,242, 8
338,242,242, 8
339,242,242, 8
340,242,242, 8
341,242,242, 8
342,242,242, 8
343,242,242, 8
344,242,242, 8
345,242,242, 8
346,242,242, 8
347,242,242, 8
348,242,242, 8
349,242,242, 8
350,242,242, 8
351,241,241, 9
352,241,241, 9
353,241,241, 9
354,241,241, 9
355,241,241, 9
356,241,241, 9
357,241,241, 9
358,241,241, 9
359,241,241, 9
360,241,241, 9
361,240,240, 10
362,239,239, 11
363,239,239, 11
364,239,239, 11
365,239,239, 11
366,239,239, 11
367,239,239, 11
368,239,239, 11
369,239,239, 11
370,239,239, 11
371,239,239, 11
372,239,239, 11
373,239,239, 11
374,239,239, 11
375,239,239, 11
376,239,239, 11
377,239,239, 11
378,239,239, 11
379,239,239, 11
380,239,239, 11
381,239,239, 11
382,239,239, 11
383,239,239, 11
384,239,239, 11
385,239,239, 11
386,239,239, 11
387,239,239, 11
388,239,239, 11
389,239,239, 11
390,239,239, 11
391,239,239, 11
392,239,239, 11
393,239,239, 11
394,239,239, 11
395,238,238, 12
396,238,238, 12
397,238,238, 12
398,238,238, 12
399,238,238, 12
400,238,238, 12
401,238,238, 12
402,238,238, 12
403,238,238, 12
404,238,238, 12
405,238,238, 12
406,238,238, 12
407,238,238, 12
408,238,238, 12
409,238,238, 12
410,238,238, 12
411,238,238, 12
412,238,238, 12
413,238,238, 12
414,238,238, 12
415,238,238, 12
416,238,238, 12
417,238,238, 12
418,238,238, 12
419,238,238, 12
420,238,238, 12
421,238,238, 12
422,238,238, 12
423,238,238, 12
424,238,238, 12
425,238,238, 12
426,238,238, 12
427,237,237, 13
428,237,237, 13
429,237,237, 13
430,237,237, 13
431,236,236, 14
432,236,236, 14
433,236,236, 14
434,236,236, 14
435,236,236, 14
436,236,236, 14
437,236,236, 14
438,236,236, 14
439,236,236, 14
440,236,236, 14
441,236,236, 14
442,236,236, 14
443,236,236, 14
444,236,236, 14
445,236,236, 14
446,236,236, 14
447,236,236, 14
448,236,236, 14
449,236,236, 14
450,236,236, 14
451,236,236, 14
452,236,236, 14
453,236,236, 14
454,236,236, 14
455,236,236, 14
456,236,236, 14
457,236,236, 14
458,236,236, 14
459,236,236, 14
460,236,236, 14
461,236,236, 14
462,236,236, 14
463,236,236, 14
464,236,236, 14
465,236,236, 14
466,236,236, 14
467,236,236, 14
468,236,236, 14
469,236,236, 14
470,236,236, 14
471,236,236, 14
472,236,236, 14
473,236,236, 14
474,236,236, 14
475,236,236, 14
476,236,236, 14
477,236,236, 14
478,236,236, 14
479,236,236, 14
480,236,236, 14
481,236,236, 14
482,236,236, 14
483,236,236, 14
484,236,236, 14
485,236,236, 14
486,236,236, 14
487,236,236, 14
488,236,236, 14
489,236,236, 14
490,236,236, 14
491,236,236, 14
492,236,236, 14
493,236,236, 14
494,236,236, 14
495,236,236, 14
496,236,236, 14
497,236,236, 14
498,236,236, 14
499,236,236, 14
500,236,236, 14
501,236,236, 14
502,236,236, 14
503,236,236, 14
504,236,236, 14
505,236,236, 14
506,236,236, 14
507,236,236, 14
508,236,236, 14
509,236,236, 14
510,236,236, 14
511,236,236, 14
512,236,236, 14
513,236,236, 14
514,236,236, 14
515,236,236, 14
516,236,236, 14
517,236,236, 14
518,236,236, 14
519,236,236, 14
520,236,236, 14
521,236,236, 14
522,236,236, 14
523,236,236, 14
524,236,236, 14
525,236,236, 14
526,236,236, 14
527,236,236, 14
528,236,236, 14
529,236,236, 14
530,236,236, 14
531,236,236, 14
532,236,236, 14
533,236,236, 14
534,236,236, 14
535,236,236, 14
536,236,236, 14
537,236,236, 14
538,236,236, 14
539,236,236, 14
540,236,236, 14
541,236,236, 14
542,236,236, 14
543,236,236, 14
544,236,236, 14
545,236,236, 14
546,236,236, 14
547,236,236, 14
548,236,236, 14
549,236,236, 14
550,236,236, 14
551,236,236, 14
552,236,236, 14
553,236,236, 14
554,236,236, 14
555,236,236, 14
556,236,236, 14
557,236,236, 14
558,236,236, 14
559,236,236, 14
560,236,236, 14
561,236,236, 14
562,236,236, 14
563,236,236, 14
564,236,236, 14
565,236,236, 14
566,236,236, 14
567,236,236, 14
568,236,236, 14
569,236,236, 14
570,236,236, 14
571,236,236, 14
572,236,236, 14
573,236,236, 14
574,236,236, 14
575,236,236, 14
576,236,236, 14
577,236,236, 14
578,236,236, 14
579,236,236, 14
580,236,236, 14
581,236,236, 14
582,236,236, 14
583,236,236, 14
584,236,236, 14
585,236,236, 14
586,236,236, 14
587,236,236, 14
588,236,236, 14
589,236,236, 14
590,235,235, 15
591,235,235, 15
592,235,235, 15
593,235,235, 15
594,235,235, 15
595,235,235, 15
596,235,235, 15
597,235,235, 15
598,235,235, 15
599,235,235, 15
600,235,235, 15
601,235,235, 15
602,235,235, 15
603,235,235, 15
604,235,235, 15
605,235,235, 15
606,235,235, 15
607,235,235, 15
608,235,235, 15
609,235,235, 15
610,235,235, 15
611,235,235, 15
612,235,235, 15
613,235,235, 15
614,235,235, 15
615,235,235, 15
616,235,235, 15
617,235,235, 15
618,235,235, 15
619,235,235, 15
620,235,235, 15
621,235,235, 15
622,235,235, 15
623,235,235, 15
624,235,235, 15
625,235,235, 15
626,235,235, 15
627,235,235, 15
628,235,235, 15
629,235,235, 15
630,235,235, 15
631,235,235, 15
632,235,235, 15
633,235,235, 15
634,235,235, 15
635,235,235, 15
636,235,235, 15
637,235,235, 15
638,235,235, 15
639,235,235, 15
640,235,235, 15
641,235,235, 15
642,235,235, 15
643,235,235, 15
644,235,235, 15
645,235,235, 15
646,235,235, 15
647,235,235, 15
648,235,235, 15
649,235,235, 15
650,235,235, 15
651,235,235, 15
652,235,235, 15
653,235,235, 15
654,235,235, 15
655,235,235, 15
656,235,235, 15
657,235,235, 15
658,235,235, 15
659,235,235, 15
660,235,235, 15
661,235,235, 15
662,235,235, 15
663,235,235, 15
664,235,235, 15
665,235,235, 15
666,235,235, 15
667,235,235, 15
668,235,235, 15
669,235,235, 15
670,235,235, 15
671,235,235, 15
672,235,235, 15
673,235,235, 15
674,235,235, 15
675,235,235, 15
676,235,235, 15
677,235,235, 15
678,235,235, 15
679,235,235, 15
680,235,235, 15
681,235,235, 15
682,235,235, 15
683,235,235, 15
684,234,234, 16
685,234,234, 16
686,234,234, 16
687,234,234, 16
688,234,234, 16
689,234,234, 16
690,234,234, 16
691,234,234, 16
692,234,234, 16
693,234,234, 16
694,234,234, 16
695,234,234, 16
696,234,234, 16
697,234,234, 16
698,234,234, 16
699,234,234, 16
700,234,234, 16
701,234,234, 16
702,234,234, 16
703,234,234, 16
704,234,234, 16
705,234,234, 16
706,234,234, 16
707,234,234, 16
708,234,234, 16
709,234,234, 16
710,234,234, 16
711,234,234, 16
712,234,234, 16
713,234,234, 16
714,234,234, 16
715,234,234, 16
716,234,234, 16
717,234,234, 16
718,234,234, 16
719,234,234, 16
720,234,234, 16
721,234,234, 16
722,234,234, 16
723,234,234, 16
724,234,234, 16
725,234,234, 16
726,234,234, 16
727,234,234, 16
728,234,234, 16
729,234,234, 16
730,234,234, 16
731,234,234, 16
732,234,234, 16
733,234,234, 16
734,234,234, 16
735,234,234, 16
736,234,234, 16
737,234,234, 16
738,234,234, 16
739,234,234, 16
740,234,234, 16
741,234,234, 16
742,234,234, 16
743,234,234, 16
744,234,234, 16
745,234,234, 16
746,234,234, 16
747,234,234, 16
748,234,234, 16
749,234,234, 16
750,234,234, 16
751,234,234, 16
752,234,234, 16
753,234,234, 16
754,234,234, 16
755,234,234, 16
756,234,234, 16
757,234,234, 16
758,234,234, 16
759,234,234, 16
760,234,234, 16
761,234,234, 16
762,234,234, 16
763,234,234, 16
764,234,234, 16
765,234,234, 16
766,234,234, 16
767,234,234, 16
768,234,234, 16
769,234,234, 16
770,234,234, 16
771,234,234, 16
772,234,234, 16
773,234,234, 16
774,233,233, 17
775,233,233, 17
776,233,233, 17
777,233,233, 17
778,233,233, 17
779,233,233, 17
780,233,233, 17
781,233,233, 17
782,233,233, 17
783,233,233, 17
784,233,233, 17
785,233,233, 17
786,233,233, 17
787,233,233, 17
788,233,233, 17
789,233,233, 17
790,233,233, 17
791,233,233, 17
792,233,233, 17
793,233,233, 17
794,233,233, 17
795,233,233, 17
796,233,233, 17
797,233,233, 17
798,233,233, 17
799,233,233, 17
800,233,233, 17
801,233,233, 17
802,233,233, 17
803,233,233, 17
804,233,233, 17
805,233,233, 17
806,233,233, 17
807,233,233, 17
808,233,233, 17
809,233,233, 17
810,233,233, 17
811,233,233, 17
812,233,233, 17
813,233,233, 17
814,233,233, 17
815,233,233, 17
816,233,233, 17
817,233,233, 17
818,233,233, 17
819,233,233, 17
820,233,233, 17
821,233,233, 17
822,233,233, 17
823,233,233, 17
824,233,233, 17
825,233,233, 17
826,233,233, 17
827,233,233, 17
828,233,233, 17
829,233,233, 17
830,233,233, 17
831,233,233, 17
832,233,233, 17
833,233,233, 17
834,233,233, 17
835,233,233, 17
836,233,233, 17
837,233,233, 17
838,233,233, 17
839,233,233, 17
840,233,233, 17
841,233,233, 17
842,233,233, 17
843,233,233, 17
844,233,233, 17
845,233,233, 17
846,233,233, 17
847,233,233, 17
848,233,233, 17
849,233,233, 17
850,233,233, 17
851,233,233, 17
852,233,233, 17
853,233,233, 17
854,233,233, 17
855,233,233, 17
856,233,233, 17
857,233,233, 17
858,233,233, 17
859,233,233, 17
860,233,233, 17
861,233,233, 17
862,233,233, 17
863,233,233, 17
864,233,233, 17
865,233,233, 17
866,233,233, 17
867,233,233, 17
868,233,233, 17
869,233,233, 17
870,233,233, 17
871,233,233, 17
872,233,233, 17
873,233,233, 17
874,233,233, 17
875,233,233, 17
876,233,233, 17
877,233,233, 17
878,233,233, 17
879,233,233, 17
880,233,233, 17
881,233,233, 17
882,233,233, 17
883,233,233, 17
884,233,233, 17
885,233,233, 17
886,233,233, 17
887,233,233, 17
888,233,233, 17
889,233,233, 17
890,233,233, 17
891,233,233, 17
892,233,233, 17
893,233,233, 17
894,233,233, 17
895,233,233, 17
896,233,233, 17
897,233,233, 17
898,233,233, 17
899,233,233, 17
900,233,233, 17
901,233,233, 17
902,233,233, 17
903,233,233, 17
904,233,233, 17
905,233,233, 17
906,233,233, 17
907,233,233, 17
908,233,233, 17
909,233,233, 17
910,233,233, 17
911,233,233, 17
912,233,233, 17
913,233,233, 17
914,233,233, 17
915,233,233, 17
916,233,233, 17
917,233,233, 17
918,233,233, 17
919,233,233, 17
920,233,233, 17
921,233,233, 17
922,232,232, 18
923,232,232, 18
924,232,232, 18
925,232,232, 18
926,232,232, 18
927,232,232, 18
928,232,232, 18
929,232,232, 18
930,232,232, 18
931,232,232, 18
932,232,232, 18
933,232,232, 18
934,232,232, 18
935,232,232, 18
936,232,232, 18
937,232,232, 18
938,232,232, 18
939,232,232, 18
940,232,232, 18
941,232,232, 18
942,232,232, 18
943,232,232, 18
944,232,232, 18
945,232,232, 18
946,232,232, 18
947,232,232, 18
948,232,232, 18
949,232,232, 18
950,232,232, 18
951,232,232, 18
952,232,232, 18
953,232,232, 18
954,232,232, 18
955,232,232, 18
956,232,232, 18
957,232,232, 18
958,232,232, 18
959,232,232, 18
960,232,232, 18
961,232,232, 18
962,232,232, 18
963,232,232, 18
964,232,232, 18
965,232,232, 18
966,232,232, 18
967,232,232, 18
968,232,232, 18
969,232,232, 18
970,232,232, 18
971,232,232, 18
972,232,232, 18
973,232,232, 18
974,232,232, 18
975,232,232, 18
976,232,232, 18
977,232,232, 18
978,232,232, 18
979,232,232, 18
980,232,232, 18
981,232,232, 18
982,232,232, 18
983,232,232, 18
984,232,232, 18
985,232,232, 18
986,232,232, 18
987,232,232, 18
988,232,232, 18
989,232,232, 18
990,232,232, 18
991,232,232, 18
992,232,232, 18
993,232,232, 18
994,232,232, 18
995,232,232, 18
996,232,232, 18
997,232,232, 18
998,232,232, 18
999,232,232, 18
1000,232,232, 18
1001,232,232, 18
1002,232,232, 18
1003,232,232, 18
1004,232,232, 18
1005,232,232, 18
1006,232,232, 18
1007,232,232, 18
1008,232,232, 18
1009,232,232, 18
1010,232,232, 18
1011,232,232, 18
1012,232,232, 18
1013,232,232, 18
1014,232,232, 18
1015,232,232, 18
1016,232,232, 18
1017,232,232, 18
1018,232,232, 18
1019,232,232, 18
1020,232,232, 18
1021,232,232, 18
1022,232,232, 18
1023,231,231, 19
1024,231,231, 19
1025,231,231, 19
1026,231,231, 19
1027,231,231, 19
1028,231,231, 19
1029,231,231, 19
1030,231,231, 19
1031,231,231, 19
1032,231,231, 19
1033,231,231, 19
1034,231,231, 19
1035,231,231, 19
1036,231,231, 19
1037,231,231, 19
1038,231,231, 19
1039,231,231, 19
1040,231,231, 19
1041,231,231, 19
1042,231,231, 19
1043,231,231, 19
1044,231,231, 19
1045,231,231, 19
1046,231,231, 19
1047,231,231, 19
1048,231,231, 19
1049,231,231, 19
1050,231,231, 19
1051,231,231, 19
1052,231,231, 19
1053,231,231, 19
1054,231,231, 19
1055,231,231, 19
1056,231,231, 19
1057,231,231, 19
1058,231,231, 19
1059,231,231, 19
1060,231,231, 19
1061,231,231, 19
1062,231,231, 19
1063,231,231, 19
1064,231,231, 19
1065,231,231, 19
1066,231,231, 19
1067,231,231, 19
1068,231,231, 19
1069,231,231, 19
1070,231,231, 19
1071,231,231, 19
1072,231,231, 19
1073,231,231, 19
1074,231,231, 19
1075,231,231, 19
1076,231,231, 19
1077,231,231, 19
1078,231,231, 19
1079,231,231, 19
1080,231,231, 19
1081,231,231, 19
1082,231,231, 19
1083,231,231, 19
1084,231,231, 19
1085,231,231, 19
1086,231,231, 19
1087,231,231, 19
1088,231,231, 19
1089,231,231, 19
1090,231,231, 19
1091,231,231, 19
1092,231,231, 19
1093,231,231, 19
1094,231,231, 19
1095,231,231, 19
1096,231,231, 19
1097,231,231, 19
1098,231,231, 19
1099,231,231, 19
1100,231,231, 19
1101,231,231, 19
1102,231,231, 19
1103,231,231, 19
1104,231,231, 19
1105,231,231, 19
1106,231,231, 19
1107,231,231, 19
1108,231,231, 19
1109,231,231, 19
1110,231,231, 19
1111,231,231, 19
1112,231,231, 19
1113,231,231, 19
1114,231,231, 19
1115,231,231, 19
1116,231,231, 19
1117,231,231, 19
1118,231,231, 19
1119,231,231, 19
1120,231,231, 19
1121,231,231, 19
1122,231,231, 19
1123,231,231, 19
1124,231,231, 19
1125,231,231, 19
1126,231,231, 19
1127,231,231, 19
1128,231,231, 19
1129,231,231, 19
1130,231,231, 19
1131,231,231, 19
1132,231,231, 19
1133,231,231, 19
1134,231,231, 19
1135,231,231, 19
1136,231,231, 19
1137,231,231, 19
1138,231,231, 19
1139,231,231, 19
1140,231,231, 19
1141,231,231, 19
1142,231,231, 19
1143,231,231, 19
1144,231,231, 19
1145,231,231, 19
1146,231,231, 19
1147,231,231, 19
1148,231,231, 19
1149,231,231, 19
1150,231,231, 19
1151,231,231, 19
1152,231,231, 19
1153,231,231, 19
1154,231,231, 19
1155,231,231, 19
1156,231,231, 19
1157,231,231, 19
1158,231,231, 19
1159,231,231, 19
1160,231,231, 19
1161,231,231, 19
1162,231,231, 19
1163,231,231, 19
1164,231,231, 19
1165,231,231, 19
1166,231,231, 19
1167,231,231, 19
1168,231,231, 19
1169,231,231, 19
1170,231,231, 19
1171,231,231, 19
1172,231,231, 19
1173,231,231, 19
1174,231,231, 19
1175,231,231, 19
1176,231,231, 19
1177,231,231, 19
1178,231,231, 19
1179,231,231, 19
1180,231,231, 19
1181,231,231, 19
1182,231,231, 19
1183,231,231, 19
1184,231,231, 19
1185,231,231, 19
1186,231,231, 19
1187,231,231, 19
1188,231,231, 19
1189,231,231, 19
1190,231,231, 19
1191,231,231, 19
1192,231,231, 19
1193,231,231, 19
1194,231,231, 19
1195,231,231, 19
1196,231,231, 19
1197,231,231, 19
1198,231,231, 19
1199,231,231, 19
1200,231,231, 19
1201,231,231, 19
1202,231,231, 19
1203,231,231, 19
1204,231,231, 19
1205,231,231, 19
1206,231,231, 19
1207,231,231, 19
1208,231,231, 19
1209,231,231, 19
1210,231,231, 19
1211,231,231, 19
1212,231,231, 19
1213,231,231, 19
1214,231,231, 19
1215,231,231, 19
1216,231,231, 19
1217,231,231, 19
1218,231,231, 19
1219,231,231, 19
1220,231,231, 19
1221,231,231, 19
1222,231,231, 19
1223,231,231, 19
1224,231,231, 19
1225,231,231, 19
1226,231,231, 19
1227,231,231, 19
1228,231,231, 19
1229,231,231, 19
1230,231,231, 19
1231,231,231, 19
1232,231,231, 19
1233,231,231, 19
1234,231,231, 19
1235,231,231, 19
1236,231,231, 19
1237,231,231, 19
1238,231,231, 19
1239,231,231, 19
1240,231,231, 19
1241,231,231, 19
1242,231,231, 19
1243,231,231, 19
1244,231,231, 19
1245,231,231, 19
1246,231,231, 19
1247,231,231, 19
1248,231,231, 19
1249,231,231, 19
1250,231,231, 19
1251,230,230, 20
1252,230,230, 20
1253,230,230, 20
1254,230,230, 20
1255,230,230, 20
1256,230,230, 20
1257,230,230, 20
1258,230,230, 20
1259,230,230, 20
1260,230,230, 20
1261,230,230, 20
1262,230,230, 20
1263,230,230, 20
1264,230,230, 20
1265,230,230, 20
1266,230,230, 20
1267,230,230, 20
1268,230,230, 20
1269,230,230, 20
1270,230,230, 20
1271,230,230, 20
1272,230,230, 20
1273,230,230, 20
1274,230,230, 20
1275,230,230, 20
1276,230,230, 20
1277,230,230, 20
1278,230,230, 20
1279,230,230, 20
1280,230,230, 20
1281,230,230, 20
1282,230,230, 20
1283,230,230, 20
1284,230,230, 20
1285,230,230, 20
1286,230,230, 20
1287,230,230, 20
1288,230,230, 20
1289,230,230, 20
1290,230,230, 20
1291,230,230, 20
1292,230,230, 20
1293,230,230, 20
1294,230,230, 20
1295,230,230, 20
1296,230,230, 20
1297,230,230, 20
1298,230,230, 20
1299,230,230, 20
1300,230,230, 20
1301,230,230, 20
1302,230,230, 20
1303,230,230, 20
1304,230,230, 20
1305,230,230, 20
1306,230,230, 20
1307,230,230, 20
1308,230,230, 20
1309,230,230, 20
1310,230,230, 20
1311,230,230, 20
1312,230,230, 20
1313,230,230, 20
1314,230,230, 20
1315,230,230, 20
1316,230,230, 20
1317,230,230, 20
1318,230,230, 20
1319,230,230, 20
1320,230,230, 20
1321,230,230, 20
1322,230,230, 20
1323,230,230, 20
1324,230,230, 20
1325,230,230, 20
1326,230,230, 20
1327,230,230, 20
1328,230,230, 20
1329,230,230, 20
1330,230,230, 20
1331,230,230, 20
1332,230,230, 20
1333,230,230, 20
1334,230,230, 20
1335,230,230, 20
1336,230,230, 20
1337,230,230, 20
1338,230,230, 20
1339,230,230, 20
1340,230,230, 20
1341,230,230, 20
1342,230,230, 20
1343,229,229, 21
1344,229,229, 21
1345,229,229, 21
1346,229,229, 21
1347,229,229, 21
1348,229,229, 21
1349,229,229, 21
1350,229,229, 21
1351,229,229, 21
1352,229,229, 21
1353,229,229, 21
1354,229,229, 21
1355,229,229, 21
1356,229,229, 21
1357,229,229, 21
1358,229,229, 21
1359,229,229, 21
1360,229,229, 21
1361,229,229, 21
1362,229,229, 21
1363,229,229, 21
1364,229,229, 21
1365,229,229, 21
1366,229,229, 21
1367,229,229, 21
1368,229,229, 21
1369,229,229, 21
1370,229,229, 21
1371,229,229, 21
1372,229,229, 21
1373,229,229, 21
1374,229,229, 21
1375,229,229, 21
1376,229,229, 21
1377,229,229, 21
1378,229,229, 21
1379,229,229, 21
1380,229,229, 21
1381,229,229, 21
1382,229,229, 21
1383,229,229, 21
1384,229,229, 21
1385,229,229, 21
1386,229,229, 21
1387,229,229, 21
1388,229,229, 21
1389,229,229, 21
1390,229,229, 21
1391,229,229, 21
1392,229,229, 21
1393,229,229, 21
1394,229,229, 21
1395,229,229, 21
1396,229,229, 21
1397,228,228, 22
1398,228,228, 22
1399,228,228, 22
1400,228,228, 22
1401,228,228, 22
1402,228,228, 22
1403,228,228, 22
1404,228,228, 22
1405,228,228, 22
1406,228,228, 22
1407,228,228, 22
1408,228,228, 22
1409,228,228, 22
1410,228,228, 22
1411,228,228, 22
1412,228,228, 22
1413,228,228, 22
1414,228,228, 22
1415,228,228, 22
1416,228,228, 22
1417,228,228, 22
1418,228,228, 22
1419,228,228, 22
1420,228,228, 22
1421,228,228, 22
1422,228,228, 22
1423,228,228, 22
1424,228,228, 22
1425,228,228, 22
1426,228,228, 22
1427,228,228, 22
1428,228,228, 22
1429,228,228, 22
1430,228,228, 22
1431,228,228, 22
1432,228,228, 22
1433,228,228, 22
1434,228,228, 22
1435,228,228, 22
1436,228,228, 22
1437,228,228, 22
1438,228,228, 22
1439,228,228, 22
1440,228,228, 22
1441,228,228, 22
1442,228,228, 22
1443,228,228, 22
1444,228,228, 22
1445,228,228, 22
1446,228,228, 22
1447,228,228, 22
1448,228,228, 22
1449,228,228, 22
1450,228,228, 22
1451,228,228, 22
1452,228,228, 22
1453,228,228, 22
1454,228,228, 22
1455,228,228, 22
1456,228,228, 22
1457,228,228, 22
1458,228,228, 22
1459,228,228, 22
1460,228,228, 22
1461,228,228, 22
1462,228,228, 22
1463,228,228, 22
1464,228,228, 22
1465,228,228, 22
1466,228,228, 22
1467,228,228, 22
1468,228,228, 22
1469,228,228, 22
1470,228,228, 22
1471,228,228, 22
1472,228,228, 22
1473,228,228, 22
1474,228,228, 22
1475,228,228, 22
1476,228,228, 22
1477,228,228, 22
1478,228,228, 22
1479,228,228, 22
1480,228,228, 22
1481,228,228, 22
1482,228,228, 22
1483,228,228, 22
1484,228,228, 22
1485,228,228, 22
1486,228,228, 22
1487,228,228, 22
1488,228,228, 22
1489,228,228, 22
1490,228,228, 22
1491,228,228, 22
1492,228,228, 22
1493,228,228, 22
1494,228,228, 22
1495,228,228, 22
1496,228,228, 22
1497,228,228, 22
1498,228,228, 22
1499,228,228, 22
