0,250,250, 0
1,250,250, 0
2,250,250, 0
3,250,250, 0
4,250,250, 0
5,249,249, 1
6,249,249, 1
7,249,249, 1
8,249,249, 1
9,249,249, 1
10,249,249, 1
11,249,249, 1
12,249,249, 1
13,249,249, 1
14,249,249, 1
15,249,249, 1
16,249,249, 1
17,249,249, 1
18,249,249, 1
19,248,248, 2
20,248,248, 2
21,248,248, 2
22,248,248, 2
23,248,248, 2
24,248,248, 2
25,247,247, 3
26,247,247, 3
27,247,247, 3
28,247,247, 3
29,247,247, 3
30,247,247, 3
31,247,247, 3
32,247,247, 3
33,247,247, 3
34,247,247, 3
35,247,247, 3
36,247,247, 3
37,246,246, 4
38,245,245, 5
39,245,245, 5
40,245,245, 5
41,245,245, 5
42,245,245, 5
43,245,245, 5
44,245,245, 5
45,245,245, 5
46,245,245, 5
47,245,245, 5
48,245,245, 5
49,245,245, 5
50,245,245, 5
51,245,245, 5
52,245,245, 5
53,245,245, 5
54,245,245, 5
55,245,245, 5
56,245,245, 5
57,245,245, 5
58,245,245, 5
59,245,245, 5
60,245,245, 5
61,245,245, 5
62,244,244, 6
63,244,244, 6
64,244,244, 6
65,244,244, 6
66,244,244, 6
67,244,244, 6
68,244,244, 6
69,244,244, 6
70,244,244, 6
71,244,244, 6
72,244,244, 6
73,244,244, 6
74,243,243, 7
75,243,243, 7
76,243,243, 7
77,243,243, 7
78,243,243, 7
79,243,243, 7
80,243,243, 7
81,243,243, 7
82,243,243, 7
83,243,243, 7
84,243,243, 7
85,243,243, 7
86,243,243, 7
87,243,243, 7
88,243,243, 7
89,243,243, 7
90,243,243, 7
91,243,243, 7
92,243,243, 7
93,243,243, 7
94,243,243, 7
95,243,243, 7
96,243,243, 7
97,243,243, 7
98,242,242, 8
99,242,242, 8
100,242,242, 8
101,242,242, 8
102,242,242, 8
103,242,242, 8
104,242,242, 8
105,242,242, 8
106,242,242, 8
107,242,242, 8
108,242,242, 8
109,242,242, 8
110,242,242, 8
111,242,242, 8
112,242,242, 8
113,242,242, 8
114,242,242, 8
115,242,242, 8
116,242,242, 8
117,242,242, 8
118,242,242, 8
119,242,242, 8
120,242,242, 8
121,242,242, 8
122,242,242, 8
123,242,242, 8
124,242,242, 8
125,242,242, 8
126,242,242, 8
127,242,242, 8
128,242,242, 8
129,242,242, 8
130,242,242, 8
131,242,242, 8
132,242,242, 8
133,242,242, 8
134,242,242, 8
135,242,242, 8
136,242,242, 8
137,242,242, 8
138,242,242, 8
139,242,242, 8
140,242,242, 8
141,242,242, 8
142,242,242, 8
143,242,242, 8
144,242,242, 8
145,242,242, 8
146,242,242, 8
147,242,242, 8
148,242,242, 8
149,242,242, 8
150,242,242, 8
151,242,242, 8
152,242,242, 8
153,242,242, 8
154,242,242, 8
155,242,242, 8
156,242,242, 8
157,242,242, 8
158,242,242, 8
159,242,242, 8
160,242,242, 8
161,242,242, 8
162,242,242, 8
163,242,242, 8
164,242,242, 8
165,242,242, 8
166,241,241, 9
167,241,241, 9
168,241,241, 9
169,241,241, 9
170,240,240, 10
171,240,240, 10
172,240,240, 10
173,240,240, 10
174,240,240, 10
175,240,240, 10
176,240,240, 10
177,240,240, 10
178,240,240, 10
179,240,240, 10
180,240,240, 10
181,240,240, 10
182,240,240, 10
183,240,240, 10
184,240,240, 10
185,239,239, 11
186,239,239, 11
187,239,239, 11
188,239,239, 11
189,239,239, 11
190,239,239, 11
191,239,239, 11
192,239,239, 11
193,239,239, 11
194,239,239, 11
195,239,239, 11
196,239,239, 11
197,239,239, 11
198,239,239, 11
199,239,239, 11
200,239,239, 11
201,239,239, 11
202,239,239, 11
203,239,239, 11
204,239,239, 11
205,239,239, 11
206,239,239, 11
207,239,239, 11
208,239,239, 11
209,239,239, 11
210,239,239, 11
211,239,239, 11
212,239,239, 11
213,239,239, 11
214,239,239, 11
215,239,239, 11
216,239,239, 11
217,239,239, 11
218,239,239, 11
219,239,239, 11
220,239,239, 11
221,239,239, 11
222,239,239, 11
223,239,239, 11
224,239,239, 11
225,239,239, 11
226,239,239, 11
227,239,239, 11
228,239,239, 11
229,239,239, 11
230,239,239, 11
231,239,239, 11
232,238,238, 12
233,238,238, 12
234,238,238, 12
235,238,238, 12
236,238,238, 12
237,238,238, 12
238,238,238, 12
239,238,238, 12
240,237,237, 13
241,237,237, 13
242,237,237, 13
243,237,237, 13
244,237,237, 13
245,237,237, 13
246,237,237, 13
247,237,237, 13
248,237,237, 13
249,236,236, 14
250,236,236, 14
251,236,236, 14
252,236,236, 14
253,236,236, 14
254,236,236, 14
255,236,236, 14
256,236,236, 14
257,236,236, 14
258,236,236, 14
259,236,236, 14
260,236,236, 14
261,236,236, 14
262,236,236, 14
263,236,236, 14
264,236,236, 14
265,236,236, 14
266,236,236, 14
267,236,236, 14
268,236,236, 14
269,236,236, 14
270,236,236, 14
271,236,236, 14
272,236,236, 14
273,236,236, 14
274,236,236, 14
275,236,236, 14
276,236,236, 14
277,236,236, 14
278,236,236, 14
279,236,236, 14
280,236,236, 14
281,236,236, 14
282,236,236, 14
283,236,236, 14
284,236,236, 14
285,236,236, 14
286,236,236, 14
287,236,236, 14
288,235,235, 15
289,235,235, 15
290,234,234, 16
291,234,234, 16
292,234,234, 16
293,234,234, 16
294,234,234, 16
295,234,234, 16
296,234,234, 16
297,234,234, 16
298,234,234, 16
299,234,234, 16
300,234,234, 16
301,234,234, 16
302,234,234, 16
303,233,233, 17
304,233,233, 17
305,233,233, 17
306,233,233, 17
307,233,233, 17
308,232,232, 18
309,232,232, 18
310,232,232, 18
311,232,232, 18
312,232,232, 18
313,232,232, 18
314,232,232, 18
315,232,232, 18
316,232,232, 18
317,232,232, 18
318,232,232, 18
319,232,232, 18
320,232,232, 18
321,232,232, 18
322,232,232, 18
323,232,232, 18
324,232,232, 18
325,232,232, 18
326,232,232, 18
327,232,232, 18
328,232,232, 18
329,232,232, 18
330,232,232, 18
331,232,232, 18
332,232,232, 18
333,232,232, 18
334,232,232, 18
335,232,232, 18
336,232,232, 18
337,232,232, 18
338,232,232, 18
339,232,232, 18
340,232,232, 18
341,232,232, 18
342,232,232, 18
343,232,232, 18
344,232,232, 18
345,232,232, 18
346,232,232, 18
347,232,232, 18
348,232,232, 18
349,232,232, 18
350,232,232, 18
351,232,232, 18
352,232,232, 18
353,232,232, 18
354,232,232, 18
355,232,232, 18
356,232,232, 18
357,232,232, 18
358,232,232, 18
359,232,232, 18
360,232,232, 18
361,232,232, 18
362,232,232, 18
363,232,232, 18
364,232,232, 18
365,232,232, 18
366,232,232, 18
367,232,232, 18
368,232,232, 18
369,232,232, 18
370,232,232, 18
371,232,232, 18
372,232,232, 18
373,232,232, 18
374,232,232, 18
375,232,232, 18
376,232,232, 18
377,232,232, 18
378,232,232, 18
379,232,232, 18
380,232,232, 18
381,232,232, 18
382,232,232, 18
383,232,232, 18
384,232,232, 18
385,232,232, 18
386,232,232, 18
387,232,232, 18
388,232,232, 18
389,232,232, 18
390,232,232, 18
391,232,232, 18
392,232,232, 18
393,232,232, 18
394,232,232, 18
395,232,232, 18
396,232,232, 18
397,232,232, 18
398,232,232, 18
399,232,232, 18
400,232,232, 18
401,232,232, 18
402,232,232, 18
403,232,232, 18
404,232,232, 18
405,232,232, 18
406,232,232, 18
407,232,232, 18
408,232,232, 18
409,232,232, 18
410,232,232, 18
411,232,232, 18
412,232,232, 18
413,232,232, 18
414,232,232, 18
415,232,232, 18
416,232,232, 18
417,232,232, 18
418,232,232, 18
419,232,232, 18
420,232,232, 18
421,232,232, 18
422,232,232, 18
423,232,232, 18
424,232,232, 18
425,232,232, 18
426,232,232, 18
427,232,232, 18
428,232,232, 18
429,232,232, 18
430,232,232, 18
431,232,232, 18
432,232,232, 18
433,232,232, 18
434,232,232, 18
435,232,232, 18
436,232,232, 18
437,232,232, 18
438,232,232, 18
439,232,232, 18
440,232,232, 18
441,232,232, 18
442,232,232, 18
443,232,232, 18
444,232,232, 18
445,232,232, 18
446,232,232, 18
447,232,232, 18
448,232,232, 18
449,232,232, 18
450,232,232, 18
451,232,232, 18
452,232,232, 18
453,232,232, 18
454,232,232, 18
455,232,232, 18
456,232,232, 18
457,232,232, 18
458,232,232, 18
459,232,232, 18
460,232,232, 18
461,232,232, 18
462,232,232, 18
463,232,232, 18
464,232,232, 18
465,232,232, 18
466,232,232, 18
467,232,232, 18
468,232,232, 18
469,232,232, 18
470,232,232, 18
471,232,232, 18
472,232,232, 18
473,232,232, 18
474,232,232, 18
475,232,232, 18
476,232,232, 18
477,232,232, 18
478,232,232, 18
479,232,232, 18
480,232,232, 18
481,232,232, 18
482,232,232, 18
483,232,232, 18
484,232,232, 18
485,232,232, 18
486,232,232, 18
487,232,232, 18
488,232,232, 18
489,232,232, 18
490,232,232, 18
491,232,232, 18
492,232,232, 18
493,232,232, 18
494,232,232, 18
495,232,232, 18
496,232,232, 18
497,232,232, 18
498,232,232, 18
499,232,232, 18
500,232,232, 18
501,232,232, 18
502,232,232, 18
503,232,232, 18
504,232,232, 18
505,232,232, 18
506,232,232, 18
507,232,232, 18
508,232,232, 18
509,232,232, 18
510,232,232, 18
511,232,232, 18
512,232,232, 18
513,232,232, 18
514,232,232, 18
515,232,232, 18
516,232,232, 18
517,232,232, 18
518,232,232, 18
519,232,232, 18
520,232,232, 18
521,232,232, 18
522,232,232, 18
523,232,232, 18
524,232,232, 18
525,232,232, 18
526,232,232, 18
527,232,232, 18
528,232,232, 18
529,232,232, 18
530,232,232, 18
531,232,232, 18
532,232,232, 18
533,232,232, 18
534,232,232, 18
535,232,232, 18
536,232,232, 18
537,232,232, 18
538,232,232, 18
539,232,232, 18
540,232,232, 18
541,232,232, 18
542,232,232, 18
543,232,232, 18
544,232,232, 18
545,232,232, 18
546,232,232, 18
547,232,232, 18
548,232,232, 18
549,232,232, 18
550,232,232, 18
551,232,232, 18
552,232,232, 18
553,232,232, 18
554,232,232, 18
555,232,232, 18
556,232,232, 18
557,232,232, 18
558,232,232, 18
559,232,232, 18
560,232,232, 18
561,232,232, 18
562,232,232, 18
563,232,232, 18
564,232,232, 18
565,232,232, 18
566,232,232, 18
567,232,232, 18
568,232,232, 18
569,232,232, 18
570,232,232, 18
571,232,232, 18
572,232,232, 18
573,232,232, 18
574,232,232, 18
575,232,232, 18
576,232,232, 18
577,232,232, 18
578,232,232, 18
579,232,232, 18
580,232,232, 18
581,232,232, 18
582,232,232, 18
583,232,232, 18
584,232,232, 18
585,232,232, 18
586,232,232, 18
587,232,232, 18
588,232,232, 18
589,232,232, 18
590,232,232, 18
591,232,232, 18
592,232,232, 18
593,232,232, 18
594,232,232, 18
595,232,232, 18
596,232,232, 18
597,232,232, 18
598,232,232, 18
599,232,232, 18
600,232,232, 18
601,232,232, 18
602,232,232, 18
603,232,232, 18
604,232,232, 18
605,232,232, 18
606,232,232, 18
607,232,232, 18
608,232,232, 18
609,232,232, 18
610,232,232, 18
611,232,232, 18
612,232,232, 18
613,232,232, 18
614,232,232, 18
615,232,232, 18
616,232,232, 18
617,232,232, 18
618,232,232, 18
619,232,232, 18
620,232,232, 18
621,232,232, 18
622,232,232, 18
623,232,232, 18
624,232,232, 18
625,232,232, 18
626,232,232, 18
627,232,232, 18
628,232,232, 18
629,232,232, 18
630,232,232, 18
631,232,232, 18
632,232,232, 18
633,232,232, 18
634,232,232, 18
635,232,232, 18
636,232,232, 18
637,232,232, 18
638,232,232, 18
639,232,232, 18
640,232,232, 18
641,232,232, 18
642,232,232, 18
643,232,232, 18
644,232,232, 18
645,232,232, 18
646,232,232, 18
647,232,232, 18
648,232,232, 18
649,232,232, 18
650,232,232, 18
651,232,232, 18
652,232,232, 18
653,232,232, 18
654,232,232, 18
655,232,232, 18
656,232,232, 18
657,232,232, 18
658,232,232, 18
659,232,232, 18
660,232,232, 18
661,232,232, 18
662,232,232, 18
663,232,232, 18
664,232,232, 18
665,232,232, 18
666,232,232, 18
667,232,232, 18
668,232,232, 18
669,232,232, 18
670,232,232, 18
671,232,232, 18
672,232,232, 18
673,232,232, 18
674,232,232, 18
675,232,232, 18
676,232,232, 18
677,232,232, 18
678,232,232, 18
679,232,232, 18
680,232,232, 18
681,232,232, 18
682,232,232, 18
683,232,232, 18
684,232,232, 18
685,232,232, 18
686,232,232, 18
687,232,232, 18
688,232,232, 18
689,232,232, 18
690,232,232, 18
691,232,232, 18
692,232,232, 18
693,232,232, 18
694,232,232, 18
695,232,232, 18
696,232,232, 18
697,232,232, 18
698,232,232, 18
699,232,232, 18
700,232,232, 18
701,232,232, 18
702,232,232, 18
703,232,232, 18
704,232,232, 18
705,232,232, 18
706,232,232, 18
707,232,232, 18
708,232,232, 18
709,232,232, 18
710,232,232, 18
711,232,232, 18
712,232,232, 18
713,232,232, 18
714,232,232, 18
715,232,232, 18
716,232,232, 18
717,232,232, 18
718,232,232, 18
719,232,232, 18
720,232,232, 18
721,232,232, 18
722,232,232, 18
723,232,232, 18
724,232,232, 18
725,232,232, 18
726,232,232, 18
727,232,232, 18
728,232,232, 18
729,232,232, 18
730,232,232, 18
731,232,232, 18
732,232,232, 18
733,232,232, 18
734,232,232, 18
735,232,232, 18
736,232,232, 18
737,232,232, 18
738,232,232, 18
739,232,232, 18
740,232,232, 18
741,232,232, 18
742,232,232, 18
743,232,232, 18
744,232,232, 18
745,232,232, 18
746,232,232, 18
747,232,232, 18
748,232,232, 18
749,232,232, 18
750,232,232, 18
751,232,232, 18
752,232,232, 18
753,232,232, 18
754,232,232, 18
755,232,232, 18
756,232,232, 18
757,232,232, 18
758,232,232, 18
759,232,232, 18
760,232,232, 18
761,232,232, 18
762,232,232, 18
763,232,232, 18
764,232,232, 18
765,232,232, 18
766,232,232, 18
767,232,232, 18
768,232,232, 18
769,232,232, 18
770,232,232, 18
771,232,232, 18
772,232,232, 18
773,232,232, 18
774,232,232, 18
775,232,232, 18
776,232,232, 18
777,232,232, 18
778,232,232, 18
779,232,232, 18
780,232,232, 18
781,232,232, 18
782,232,232, 18
783,232,232, 18
784,232,232, 18
785,232,232, 18
786,232,232, 18
787,232,232, 18
788,232,232, 18
789,232,232, 18
790,232,232, 18
791,232,232, 18
792,232,232, 18
793,232,232, 18
794,232,232, 18
795,232,232, 18
796,232,232, 18
797,232,232, 18
798,232,232, 18
799,232,232, 18
800,232,232, 18
801,232,232, 18
802,232,232, 18
803,232,232, 18
804,232,232, 18
805,232,232, 18
806,232,232, 18
807,232,232, 18
808,232,232, 18
809,232,232, 18
810,232,232, 18
811,232,232, 18
812,232,232, 18
813,232,232, 18
814,232,232, 18
815,232,232, 18
816,232,232, 18
817,232,232, 18
818,232,232, 18
819,232,232, 18
820,232,232, 18
821,232,232, 18
822,232,232, 18
823,232,232, 18
824,232,232, 18
825,232,232, 18
826,232,232, 18
827,232,232, 18
828,232,232, 18
829,232,232, 18
830,232,232, 18
831,232,232, 18
832,232,232, 18
833,232,232, 18
834,232,232, 18
835,232,232, 18
836,232,232, 18
837,232,232, 18
838,232,232, 18
839,232,232, 18
840,232,232, 18
841,232,232, 18
842,232,232, 18
843,232,232, 18
844,232,232, 18
845,232,232, 18
846,232,232, 18
847,232,232, 18
848,232,232, 18
849,232,232, 18
850,232,232, 18
851,232,232, 18
852,232,232, 18
853,232,232, 18
854,232,232, 18
855,232,232, 18
856,232,232, 18
857,232,232, 18
858,232,232, 18
859,232,232, 18
860,232,232, 18
861,232,232, 18
862,232,232, 18
863,232,232, 18
864,232,232, 18
865,232,232, 18
866,232,232, 18
867,232,232, 18
868,232,232, 18
869,232,232, 18
870,232,232, 18
871,232,232, 18
872,232,232, 18
873,232,232, 18
874,232,232, 18
875,232,232, 18
876,232,232, 18
877,232,232, 18
878,232,232, 18
879,232,232, 18
880,232,232, 18
881,232,232, 18
882,232,232, 18
883,232,232, 18
884,232,232, 18
885,232,232, 18
886,232,232, 18
887,232,232, 18
888,232,232, 18
889,232,232, 18
890,232,232, 18
891,232,232, 18
892,232,232, 18
893,232,232, 18
894,232,232, 18
895,232,232, 18
896,232,232, 18
897,232,232, 18
898,232,232, 18
899,232,232, 18
900,232,232, 18
901,232,232, 18
902,232,232, 18
903,232,232, 18
904,232,232, 18
905,232,232, 18
906,232,232, 18
907,232,232, 18
908,232,232, 18
909,232,232, 18
910,232,232, 18
911,232,232, 18
912,232,232, 18
913,232,232, 18
914,232,232, 18
915,232,232, 18
916,232,232, 18
917,232,232, 18
918,232,232, 18
919,232,232, 18
920,232,232, 18
921,232,232, 18
922,232,232, 18
923,232,232, 18
924,232,232, 18
925,232,232, 18
926,232,232, 18
927,232,232, 18
928,232,232, 18
929,232,232, 18
930,232,232, 18
931,232,232, 18
932,232,232, 18
933,232,232, 18
934,232,232, 18
935,232,232, 18
936,232,232, 18
937,232,232, 18
938,232,232, 18
939,232,232, 18
940,232,232, 18
941,232,232, 18
942,232,232, 18
943,232,232, 18
944,232,232, 18
945,232,232, 18
946,232,232, 18
947,232,232, 18
948,232,232, 18
949,232,232, 18
950,232,232, 18
951,232,232, 18
952,232,232, 18
953,232,232, 18
954,232,232, 18
955,232,232, 18
956,232,232, 18
957,232,232, 18
958,232,232, 18
959,232,232, 18
960,232,232, 18
961,232,232, 18
962,232,232, 18
963,232,232, 18
964,232,232, 18
965,232,232, 18
966,232,232, 18
967,232,232, 18
968,232,232, 18
969,232,232, 18
970,232,232, 18
971,232,232, 18
972,232,232, 18
973,232,232, 18
974,232,232, 18
975,232,232, 18
976,232,232, 18
977,232,232, 18
978,232,232, 18
979,232,232, 18
980,232,232, 18
981,232,232, 18
982,232,232, 18
983,232,232, 18
984,232,232, 18
985,232,232, 18
986,232,232, 18
987,232,232, 18
988,232,232, 18
989,232,232, 18
990,232,232, 18
991,232,232, 18
992,232,232, 18
993,232,232, 18
994,232,232, 18
995,232,232, 18
996,232,232, 18
997,232,232, 18
998,232,232, 18
999,232,232, 18
1000,232,232, 18
1001,232,232, 18
1002,232,232, 18
1003,232,232, 18
1004,232,232, 18
1005,232,232, 18
1006,232,232, 18
1007,232,232, 18
1008,232,232, 18
1009,232,232, 18
1010,232,232, 18
1011,232,232, 18
1012,232,232, 18
1013,232,232, 18
1014,232,232, 18
1015,232,232, 18
1016,232,232, 18
1017,232,232, 18
1018,232,232, 18
1019,232,232, 18
1020,232,232, 18
1021,232,232, 18
1022,232,232, 18
1023,232,232, 18
1024,232,232, 18
1025,232,232, 18
1026,232,232, 18
1027,232,232, 18
1028,232,232, 18
1029,232,232, 18
1030,232,232, 18
1031,232,232, 18
1032,232,232, 18
1033,232,232, 18
1034,232,232, 18
1035,232,232, 18
1036,232,232, 18
1037,232,232, 18
1038,232,232, 18
1039,232,232, 18
1040,232,232, 18
1041,232,232, 18
1042,232,232, 18
1043,232,232, 18
1044,232,232, 18
1045,232,232, 18
1046,232,232, 18
1047,232,232, 18
1048,232,232, 18
1049,232,232, 18
1050,232,232, 18
1051,232,232, 18
1052,232,232, 18
1053,232,232, 18
1054,232,232, 18
1055,232,232, 18
1056,232,232, 18
1057,232,232, 18
1058,232,232, 18
1059,232,232, 18
1060,232,232, 18
1061,232,232, 18
1062,232,232, 18
1063,232,232, 18
1064,232,232, 18
1065,232,232, 18
1066,232,232, 18
1067,232,232, 18
1068,232,232, 18
1069,232,232, 18
1070,232,232, 18
1071,232,232, 18
1072,232,232, 18
1073,232,232, 18
1074,232,232, 18
1075,232,232, 18
1076,232,232, 18
1077,232,232, 18
1078,232,232, 18
1079,232,232, 18
1080,232,232, 18
1081,232,232, 18
1082,232,232, 18
1083,232,232, 18
1084,232,232, 18
1085,232,232, 18
1086,232,232, 18
1087,232,232, 18
1088,232,232, 18
1089,232,232, 18
1090,232,232, 18
1091,232,232, 18
1092,232,232, 18
1093,232,232, 18
1094,232,232, 18
1095,232,232, 18
1096,232,232, 18
1097,232,232, 18
1098,232,232, 18
1099,232,232, 18
1100,232,232, 18
1101,232,232, 18
1102,232,232, 18
1103,232,232, 18
1104,232,232, 18
1105,232,232, 18
1106,232,232, 18
1107,232,232, 18
1108,232,232, 18
1109,232,232, 18
1110,232,232, 18
1111,232,232, 18
1112,232,232, 18
1113,232,232, 18
1114,232,232, 18
1115,232,232, 18
1116,232,232, 18
1117,232,232, 18
1118,232,232, 18
1119,232,232, 18
1120,232,232, 18
1121,232,232, 18
1122,232,232, 18
1123,232,232, 18
1124,232,232, 18
1125,232,232, 18
1126,232,232, 18
1127,232,232, 18
1128,232,232, 18
1129,232,232, 18
1130,232,232, 18
1131,232,232, 18
1132,232,232, 18
1133,232,232, 18
1134,232,232, 18
1135,232,232, 18
1136,232,232, 18
1137,232,232, 18
1138,232,232, 18
1139,232,232, 18
1140,232,232, 18
1141,232,232, 18
1142,232,232, 18
1143,232,232, 18
1144,232,232, 18
1145,232,232, 18
1146,232,232, 18
1147,232,232, 18
1148,232,232, 18
1149,232,232, 18
1150,232,232, 18
1151,232,232, 18
1152,232,232, 18
1153,232,232, 18
1154,232,232, 18
1155,232,232, 18
1156,232,232, 18
1157,232,232, 18
1158,232,232, 18
1159,232,232, 18
1160,232,232, 18
1161,232,232, 18
1162,232,232, 18
1163,232,232, 18
1164,232,232, 18
1165,232,232, 18
1166,232,232, 18
1167,232,232, 18
1168,232,232, 18
1169,232,232, 18
1170,232,232, 18
1171,232,232, 18
1172,232,232, 18
1173,232,232, 18
1174,232,232, 18
1175,232,232, 18
1176,232,232, 18
1177,232,232, 18
1178,232,232, 18
1179,232,232, 18
1180,232,232, 18
1181,232,232, 18
1182,232,232, 18
1183,232,232, 18
1184,232,232, 18
1185,232,232, 18
1186,232,232, 18
1187,232,232, 18
1188,232,232, 18
1189,232,232, 18
1190,232,232, 18
1191,232,232, 18
1192,232,232, 18
1193,232,232, 18
1194,232,232, 18
1195,232,232, 18
1196,232,232, 18
1197,232,232, 18
1198,232,232, 18
1199,232,232, 18
1200,232,232, 18
1201,232,232, 18
1202,232,232, 18
1203,232,232, 18
1204,232,232, 18
1205,232,232, 18
1206,232,232, 18
1207,232,232, 18
1208,232,232, 18
1209,232,232, 18
1210,232,232, 18
1211,232,232, 18
1212,232,232, 18
1213,232,232, 18
1214,232,232, 18
1215,232,232, 18
1216,232,232, 18
1217,232,232, 18
1218,232,232, 18
1219,232,232, 18
1220,232,232, 18
1221,232,232, 18
1222,232,232, 18
1223,232,232, 18
1224,232,232, 18
1225,232,232, 18
1226,232,232, 18
1227,232,232, 18
1228,232,232, 18
1229,232,232, 18
1230,232,232, 18
1231,232,232, 18
1232,232,232, 18
1233,232,232, 18
1234,232,232, 18
1235,232,232, 18
1236,232,232, 18
1237,232,232, 18
1238,232,232, 18
1239,232,232, 18
1240,232,232, 18
1241,232,232, 18
1242,232,232, 18
1243,232,232, 18
1244,232,232, 18
1245,232,232, 18
1246,232,232, 18
1247,232,232, 18
1248,232,232, 18
1249,232,232, 18
1250,232,232, 18
1251,232,232, 18
1252,232,232, 18
1253,232,232, 18
1254,232,232, 18
1255,232,232, 18
1256,232,232, 18
1257,232,232, 18
1258,232,232, 18
1259,232,232, 18
1260,232,232, 18
1261,232,232, 18
1262,232,232, 18
1263,232,232, 18
1264,232,232, 18
1265,232,232, 18
1266,232,232, 18
1267,232,232, 18
1268,232,232, 18
1269,232,232, 18
1270,232,232, 18
1271,232,232, 18
1272,232,232, 18
1273,232,232, 18
1274,232,232, 18
1275,232,232, 18
1276,232,232, 18
1277,232,232, 18
1278,232,232, 18
1279,232,232, 18
1280,232,232, 18
1281,232,232, 18
1282,232,232, 18
1283,232,232, 18
1284,232,232, 18
1285,232,232, 18
1286,232,232, 18
1287,232,232, 18
1288,232,232, 18
1289,232,232, 18
1290,232,232, 18
1291,232,232, 18
1292,232,232, 18
1293,232,232, 18
1294,232,232, 18
1295,232,232, 18
1296,232,232, 18
1297,232,232, 18
1298,232,232, 18
1299,232,232, 18
1300,232,232, 18
1301,232,232, 18
1302,232,232, 18
1303,232,232, 18
1304,232,232, 18
1305,232,232, 18
1306,232,232, 18
1307,232,232, 18
1308,232,232, 18
1309,232,232, 18
1310,232,232, 18
1311,232,232, 18
1312,232,232, 18
1313,232,232, 18
1314,232,232, 18
1315,232,232, 18
1316,232,232, 18
1317,232,232, 18
1318,232,232, 18
1319,232,232, 18
1320,232,232, 18
1321,232,232, 18
1322,232,232, 18
1323,232,232, 18
1324,232,232, 18
1325,232,232, 18
1326,232,232, 18
1327,232,232, 18
1328,232,232, 18
1329,232,232, 18
1330,232,232, 18
1331,232,232, 18
1332,232,232, 18
1333,232,232, 18
1334,232,232, 18
1335,232,232, 18
1336,232,232, 18
1337,232,232, 18
1338,232,232, 18
1339,232,232, 18
1340,232,232, 18
1341,232,232, 18
1342,232,232, 18
1343,232,232, 18
1344,232,232, 18
1345,232,232, 18
1346,232,232, 18
1347,232,232, 18
1348,232,232, 18
1349,232,232, 18
1350,232,232, 18
1351,232,232, 18
1352,232,232, 18
1353,232,232, 18
1354,232,232, 18
1355,232,232, 18
1356,232,232, 18
1357,232,232, 18
1358,232,232, 18
1359,232,232, 18
1360,232,232, 18
1361,232,232, 18
1362,232,232, 18
1363,232,232, 18
1364,232,232, 18
1365,232,232, 18
1366,232,232, 18
1367,232,232, 18
1368,232,232, 18
1369,232,232, 18
1370,232,232, 18
1371,232,232, 18
1372,232,232, 18
1373,232,232, 18
1374,232,232, 18
1375,232,232, 18
1376,232,232, 18
1377,232,232, 18
1378,232,232, 18
1379,232,232, 18
1380,232,232, 18
1381,232,232, 18
1382,232,232, 18
1383,232,232, 18
1384,232,232, 18
1385,232,232, 18
1386,232,232, 18
1387,232,232, 18
1388,232,232, 18
1389,232,232, 18
1390,232,232, 18
1391,232,232, 18
1392,232,232, 18
1393,232,232, 18
1394,232,232, 18
1395,232,232, 18
1396,232,232, 18
1397,232,232, 18
1398,232,232, 18
1399,232,232, 18
1400,232,232, 18
1401,232,232, 18
1402,232,232, 18
1403,232,232, 18
1404,232,232, 18
1405,232,232, 18
1406,232,232, 18
1407,232,232, 18
1408,232,232, 18
1409,232,232, 18
1410,232,232, 18
1411,232,232, 18
1412,232,232, 18
1413,232,232, 18
1414,232,232, 18
1415,232,232, 18
1416,232,232, 18
1417,232,232, 18
1418,232,232, 18
1419,232,232, 18
1420,232,232, 18
1421,232,232, 18
1422,232,232, 18
1423,232,232, 18
1424,232,232, 18
1425,232,232, 18
1426,232,232, 18
1427,232,232, 18
1428,232,232, 18
1429,232,232, 18
1430,232,232, 18
1431,232,232, 18
1432,232,232, 18
1433,232,232, 18
1434,232,232, 18
1435,232,232, 18
1436,232,232, 18
1437,232,232, 18
1438,232,232, 18
1439,232,232, 18
1440,232,232, 18
1441,232,232, 18
1442,232,232, 18
1443,232,232, 18
1444,232,232, 18
1445,232,232, 18
1446,232,232, 18
1447,232,232, 18
1448,232,232, 18
1449,232,232, 18
1450,232,232, 18
1451,232,232, 18
1452,232,232, 18
1453,232,232, 18
1454,232,232, 18
1455,232,232, 18
1456,232,232, 18
1457,232,232, 18
1458,232,232, 18
1459,232,232, 18
1460,232,232, 18
1461,232,232, 18
1462,232,232, 18
1463,232,232, 18
1464,232,232, 18
1465,232,232, 18
1466,232,232, 18
1467,232,232, 18
1468,232,232, 18
1469,232,232, 18
1470,232,232, 18
1471,232,232, 18
1472,232,232, 18
1473,232,232, 18
1474,232,232, 18
1475,232,232, 18
1476,232,232, 18
1477,232,232, 18
1478,232,232, 18
1479,232,232, 18
1480,232,232, 18
1481,232,232, 18
1482,232,232, 18
1483,232,232, 18
1484,232,232, 18
1485,232,232, 18
1486,232,232, 18
1487,232,232, 18
1488,232,232, 18
1489,232,232, 18
1490,232,232, 18
1491,232,232, 18
1492,232,232, 18
1493,232,232, 18
1494,232,232, 18
1495,232,232, 18
1496,232,232, 18
1497,232,232, 18
1498,232,232, 18
1499,232,232, 18
