0,249,249, 1
1,249,249, 1
2,249,249, 1
3,249,249, 1
4,249,249, 1
5,249,249, 1
6,247,247, 3
7,247,247, 3
8,247,247, 3
9,247,247, 3
10,247,247, 3
11,247,247, 3
12,247,247, 3
13,247,247, 3
14,247,247, 3
15,247,247, 3
16,247,247, 3
17,247,247, 3
18,247,247, 3
19,247,247, 3
20,247,247, 3
21,247,247, 3
22,246,246, 4
23,245,245, 5
24,245,245, 5
25,245,245, 5
26,245,245, 5
27,245,245, 5
28,245,245, 5
29,245,245, 5
30,245,245, 5
31,245,245, 5
32,245,245, 5
33,245,245, 5
34,245,245, 5
35,245,245, 5
36,245,245, 5
37,245,245, 5
38,245,245, 5
39,245,245, 5
40,245,245, 5
41,245,245, 5
42,245,245, 5
43,245,245, 5
44,245,245, 5
45,245,245, 5
46,245,245, 5
47,245,245, 5
48,245,245, 5
49,245,245, 5
50,245,245, 5
51,245,245, 5
52,245,245, 5
53,245,245, 5
54,245,245, 5
55,245,245, 5
56,245,245, 5
57,245,245, 5
58,245,245, 5
59,245,245, 5
60,245,245, 5
61,245,245, 5
62,245,245, 5
63,245,245, 5
64,244,244, 6
65,244,244, 6
66,244,244, 6
67,244,244, 6
68,244,244, 6
69,244,244, 6
70,244,244, 6
71,244,244, 6
72,244,244, 6
73,244,244, 6
74,244,244, 6
75,243,243, 7
76,243,243, 7
77,243,243, 7
78,243,243, 7
79,243,243, 7
80,243,243, 7
81,243,243, 7
82,243,243, 7
83,243,243, 7
84,243,243, 7
85,243,243, 7
86,243,243, 7
87,241,241, 9
88,241,241, 9
89,241,241, 9
90,241,241, 9
91,241,241, 9
92,241,241, 9
93,241,241, 9
94,241,241, 9
95,241,241, 9
96,241,241, 9
97,241,241, 9
98,241,241, 9
99,241,241, 9
100,241,241, 9
101,241,241, 9
102,241,241, 9
103,241,241, 9
104,241,241, 9
105,241,241, 9
106,241,241, 9
107,241,241, 9
108,241,241, 9
109,241,241, 9
110,241,241, 9
111,241,241, 9
112,241,241, 9
113,241,241, 9
114,241,241, 9
115,241,241, 9
116,241,241, 9
117,241,241, 9
118,241,241, 9
119,241,241, 9
120,241,241, 9
121,241,241, 9
122,241,241, 9
123,241,241, 9
124,241,241, 9
125,241,241, 9
126,241,241, 9
127,241,241, 9
128,241,241, 9
129,241,241, 9
130,241,241, 9
131,240,240, 10
132,240,240, 10
133,240,240, 10
134,240,240, 10
135,240,240, 10
136,240,240, 10
137,240,240, 10
138,240,240, 10
139,240,240, 10
140,240,240, 10
141,240,240, 10
142,240,240, 10
143,240,240, 10
144,240,240, 10
145,240,240, 10
146,240,240, 10
147,240,240, 10
148,240,240, 10
149,240,240, 10
150,240,240, 10
151,240,240, 10
152,240,240, 10
153,240,240, 10
154,240,240, 10
155,240,240, 10
156,240,240, 10
157,239,239, 11
158,239,239, 11
159,239,239, 11
160,239,239, 11
161,239,239, 11
162,239,239, 11
163,239,239, 11
164,239,239, 11
165,239,239, 11
166,239,239, 11
167,239,239, 11
168,239,239, 11
169,239,239, 11
170,239,239, 11
171,239,239, 11
172,239,239, 11
173,239,239, 11
174,239,239, 11
175,239,239, 11
176,239,239, 11
177,239,239, 11
178,239,239, 11
179,239,239, 11
180,239,239, 11
181,239,239, 11
182,239,239, 11
183,239,239, 11
184,239,239, 11
185,239,239, 11
186,239,239, 11
187,239,239, 11
188,239,239, 11
189,239,239, 11
190,239,239, 11
191,239,239, 11
192,239,239, 11
193,239,239, 11
194,239,239, 11
195,239,239, 11
196,239,239, 11
197,239,239, 11
198,239,239, 11
199,239,239, 11
200,239,239, 11
201,239,239, 11
202,238,238, 12
203,238,238, 12
204,238,238, 12
205,238,238, 12
206,238,238, 12
207,238,238, 12
208,238,238, 12
209,238,238, 12
210,238,238, 12
211,238,238, 12
212,238,238, 12
213,238,238, 12
214,238,238, 12
215,238,238, 12
216,238,238, 12
217,238,238, 12
218,238,238, 12
219,238,238, 12
220,238,238, 12
221,238,238, 12
222,238,238, 12
223,238,238, 12
224,238,238, 12
225,238,238, 12
226,238,238, 12
227,238,238, 12
228,238,238, 12
229,238,238, 12
230,237,237, 13
231,236,236, 14
232,236,236, 14
233,236,236, 14
234,236,236, 14
235,236,236, 14
236,236,236, 14
237,236,236, 14
238,236,236, 14
239,235,235, 15
240,234,234, 16
241,234,234, 16
242,234,234, 16
243,234,234, 16
244,234,234, 16
245,234,234, 16
246,234,234, 16
247,234,234, 16
248,234,234, 16
249,234,234, 16
250,234,234, 16
251,234,234, 16
252,234,234, 16
253,233,233, 17
254,233,233, 17
255,233,233, 17
256,233,233, 17
257,233,233, 17
258,233,233, 17
259,233,233, 17
260,233,233, 17
261,233,233, 17
262,233,233, 17
263,233,233, 17
264,233,233, 17
265,233,233, 17
266,233,233, 17
267,233,233, 17
268,233,233, 17
269,233,233, 17
270,233,233, 17
271,233,233, 17
272,233,233, 17
273,233,233, 17
274,233,233, 17
275,233,233, 17
276,233,233, 17
277,233,233, 17
278,233,233, 17
279,233,233, 17
280,233,233, 17
281,233,233, 17
282,233,233, 17
283,233,233, 17
284,233,233, 17
285,233,233, 17
286,232,232, 18
287,232,232, 18
288,232,232, 18
289,232,232, 18
290,232,232, 18
291,232,232, 18
292,232,232, 18
293,232,232, 18
294,232,232, 18
295,232,232, 18
296,232,232, 18
297,232,232, 18
298,232,232, 18
299,232,232, 18
300,232,232, 18
301,232,232, 18
302,232,232, 18
303,232,232, 18
304,232,232, 18
305,232,232, 18
306,232,232, 18
307,232,232, 18
308,232,232, 18
309,232,232, 18
310,232,232, 18
311,232,232, 18
312,232,232, 18
313,232,232, 18
314,232,232, 18
315,232,232, 18
316,232,232, 18
317,232,232, 18
318,232,232, 18
319,232,232, 18
320,232,232, 18
321,232,232, 18
322,232,232, 18
323,232,232, 18
324,232,232, 18
325,232,232, 18
326,232,232, 18
327,231,231, 19
328,231,231, 19
329,231,231, 19
330,231,231, 19
331,231,231, 19
332,231,231, 19
333,231,231, 19
334,231,231, 19
335,231,231, 19
336,231,231, 19
337,231,231, 19
338,231,231, 19
339,231,231, 19
340,231,231, 19
341,231,231, 19
342,231,231, 19
343,231,231, 19
344,231,231, 19
345,231,231, 19
346,231,231, 19
347,231,231, 19
348,231,231, 19
349,231,231, 19
350,231,231, 19
351,231,231, 19
352,231,231, 19
353,231,231, 19
354,231,231, 19
355,231,231, 19
356,231,231, 19
357,231,231, 19
358,231,231, 19
359,231,231, 19
360,231,231, 19
361,231,231, 19
362,231,231, 19
363,231,231, 19
364,231,231, 19
365,231,231, 19
366,231,231, 19
367,231,231, 19
368,231,231, 19
369,231,231, 19
370,229,229, 21
371,229,229, 21
372,229,229, 21
373,229,229, 21
374,227,227, 23
375,227,227, 23
376,227,227, 23
377,227,227, 23
378,227,227, 23
379,227,227, 23
380,227,227, 23
381,227,227, 23
382,227,227, 23
383,226,226, 24
384,226,226, 24
385,226,226, 24
386,226,226, 24
387,226,226, 24
388,226,226, 24
389,226,226, 24
390,226,226, 24
391,226,226, 24
392,226,226, 24
393,226,226, 24
394,226,226, 24
395,226,226, 24
396,224,224, 26
397,224,224, 26
398,224,224, 26
399,224,224, 26
400,224,224, 26
401,224,224, 26
402,224,224, 26
403,224,224, 26
404,224,224, 26
405,224,224, 26
406,223,223, 27
407,223,223, 27
408,223,223, 27
409,223,223, 27
410,223,223, 27
411,223,223, 27
412,223,223, 27
413,223,223, 27
414,223,223, 27
415,223,223, 27
416,223,223, 27
417,223,223, 27
418,223,223, 27
419,223,223, 27
420,223,223, 27
421,223,223, 27
422,223,223, 27
423,223,223, 27
424,223,223, 27
425,223,223, 27
426,223,223, 27
427,223,223, 27
428,223,223, 27
429,223,223, 27
430,223,223, 27
431,223,223, 27
432,223,223, 27
433,223,223, 27
434,223,223, 27
435,223,223, 27
436,223,223, 27
437,223,223, 27
438,223,223, 27
439,223,223, 27
440,223,223, 27
441,223,223, 27
442,223,223, 27
443,223,223, 27
444,223,223, 27
445,223,223, 27
446,223,223, 27
447,222,222, 28
448,222,222, 28
449,221,221, 29
450,221,221, 29
451,221,221, 29
452,221,221, 29
453,221,221, 29
454,221,221, 29
455,221,221, 29
456,221,221, 29
457,221,221, 29
458,221,221, 29
459,221,221, 29
460,221,221, 29
461,221,221, 29
462,221,221, 29
463,221,221, 29
464,221,221, 29
465,221,221, 29
466,221,221, 29
467,221,221, 29
468,221,221, 29
469,221,221, 29
470,221,221, 29
471,221,221, 29
472,221,221, 29
473,221,221, 29
474,221,221, 29
475,221,221, 29
476,221,221, 29
477,221,221, 29
478,221,221, 29
479,221,221, 29
480,221,221, 29
481,221,221, 29
482,221,221, 29
483,221,221, 29
484,221,221, 29
485,221,221, 29
486,221,221, 29
487,221,221, 29
488,221,221, 29
489,221,221, 29
490,221,221, 29
491,221,221, 29
492,221,221, 29
493,221,221, 29
494,221,221, 29
495,221,221, 29
496,221,221, 29
497,221,221, 29
498,221,221, 29
499,221,221, 29
500,221,221, 29
501,221,221, 29
502,221,221, 29
503,221,221, 29
504,221,221, 29
505,221,221, 29
506,221,221, 29
507,221,221, 29
508,221,221, 29
509,221,221, 29
510,221,221, 29
511,221,221, 29
512,221,221, 29
513,221,221, 29
514,221,221, 29
515,221,221, 29
516,221,221, 29
517,221,221, 29
518,221,221, 29
519,221,221, 29
520,221,221, 29
521,221,221, 29
522,221,221, 29
523,221,221, 29
524,221,221, 29
525,221,221, 29
526,220,220, 30
527,220,220, 30
528,220,220, 30
529,220,220, 30
530,220,220, 30
531,220,220, 30
532,220,220, 30
533,220,220, 30
534,220,220, 30
535,220,220, 30
536,220,220, 30
537,220,220, 30
538,220,220, 30
539,220,220, 30
540,220,220, 30
541,220,220, 30
542,220,220, 30
543,220,220, 30
544,220,220, 30
545,220,220, 30
546,220,220, 30
547,220,220, 30
548,220,220, 30
549,220,220, 30
550,220,220, 30
551,220,220, 30
552,220,220, 30
553,220,220, 30
554,220,220, 30
555,220,220, 30
556,220,220, 30
557,219,219, 31
558,219,219, 31
559,219,219, 31
560,219,219, 31
561,219,219, 31
562,219,219, 31
563,219,219, 31
564,219,219, 31
565,219,219, 31
566,219,219, 31
567,219,219, 31
568,219,219, 31
569,219,219, 31
570,219,219, 31
571,219,219, 31
572,219,219, 31
573,219,219, 31
574,219,219, 31
575,219,219, 31
576,219,219, 31
577,219,219, 31
578,219,219, 31
579,219,219, 31
580,218,218, 32
581,218,218, 32
582,218,218, 32
583,218,218, 32
584,218,218, 32
585,218,218, 32
586,218,218, 32
587,218,218, 32
588,218,218, 32
589,218,218, 32
590,218,218, 32
591,218,218, 32
592,218,218, 32
593,218,218, 32
594,218,218, 32
595,218,218, 32
596,218,218, 32
597,218,218, 32
598,218,218, 32
599,218,218, 32
600,218,218, 32
601,218,218, 32
602,218,218, 32
603,218,218, 32
604,218,218, 32
605,218,218, 32
606,218,218, 32
607,218,218, 32
608,218,218, 32
609,218,218, 32
610,218,218, 32
611,218,218, 32
612,218,218, 32
613,218,218, 32
614,218,218, 32
615,218,218, 32
616,218,218, 32
617,218,218, 32
618,218,218, 32
619,218,218, 32
620,218,218, 32
621,218,218, 32
622,218,218, 32
623,218,218, 32
624,218,218, 32
625,218,218, 32
626,218,218, 32
627,218,218, 32
628,218,218, 32
629,218,218, 32
630,218,218, 32
631,218,218, 32
632,218,218, 32
633,218,218, 32
634,218,218, 32
635,218,218, 32
636,218,218, 32
637,218,218, 32
638,218,218, 32
639,218,218, 32
640,218,218, 32
641,218,218, 32
642,218,218, 32
643,218,218, 32
644,218,218, 32
645,218,218, 32
646,218,218, 32
647,218,218, 32
648,218,218, 32
649,218,218, 32
650,218,218, 32
651,218,218, 32
652,218,218, 32
653,218,218, 32
654,217,217, 33
655,216,216, 34
656,216,216, 34
657,216,216, 34
658,216,216, 34
659,216,216, 34
660,216,216, 34
661,216,216, 34
662,215,215, 35
663,214,214, 36
664,214,214, 36
665,214,214, 36
666,214,214, 36
667,214,214, 36
668,214,214, 36
669,214,214, 36
670,214,214, 36
671,214,214, 36
672,214,214, 36
673,214,214, 36
674,214,214, 36
675,214,214, 36
676,214,214, 36
677,214,214, 36
678,214,214, 36
679,214,214, 36
680,214,214, 36
681,214,214, 36
682,214,214, 36
683,214,214, 36
684,214,214, 36
685,214,214, 36
686,214,214, 36
687,214,214, 36
688,214,214, 36
689,214,214, 36
690,214,214, 36
691,214,214, 36
692,214,214, 36
693,214,214, 36
694,214,214, 36
695,214,214, 36
696,214,214, 36
697,214,214, 36
698,214,214, 36
699,214,214, 36
700,214,214, 36
701,214,214, 36
702,214,214, 36
703,214,214, 36
704,214,214, 36
705,214,214, 36
706,214,214, 36
707,214,214, 36
708,214,214, 36
709,214,214, 36
710,214,214, 36
711,214,214, 36
712,214,214, 36
713,214,214, 36
714,214,214, 36
715,214,214, 36
716,214,214, 36
717,214,214, 36
718,214,214, 36
719,214,214, 36
720,214,214, 36
721,214,214, 36
722,214,214, 36
723,214,214, 36
724,214,214, 36
725,214,214, 36
726,214,214, 36
727,214,214, 36
728,214,214, 36
729,214,214, 36
730,214,214, 36
731,214,214, 36
732,211,211, 39
733,211,211, 39
734,211,211, 39
735,211,211, 39
736,209,209, 41
737,209,209, 41
738,209,209, 41
739,209,209, 41
740,209,209, 41
741,209,209, 41
742,209,209, 41
743,209,209, 41
744,209,209, 41
745,209,209, 41
746,208,208, 42
747,208,208, 42
748,208,208, 42
749,208,208, 42
750,208,208, 42
751,208,208, 42
752,208,208, 42
753,208,208, 42
754,208,208, 42
755,208,208, 42
756,208,208, 42
757,208,208, 42
758,208,208, 42
759,208,208, 42
760,208,208, 42
761,208,208, 42
762,208,208, 42
763,208,208, 42
764,208,208, 42
765,208,208, 42
766,208,208, 42
767,208,208, 42
768,208,208, 42
769,208,208, 42
770,208,208, 42
771,208,208, 42
772,208,208, 42
773,208,208, 42
774,208,208, 42
775,208,208, 42
776,208,208, 42
777,208,208, 42
778,208,208, 42
779,208,208, 42
780,208,208, 42
781,208,208, 42
782,208,208, 42
783,208,208, 42
784,208,208, 42
785,208,208, 42
786,208,208, 42
787,208,208, 42
788,208,208, 42
789,207,207, 43
790,207,207, 43
791,207,207, 43
792,207,207, 43
793,207,207, 43
794,207,207, 43
795,207,207, 43
796,207,207, 43
797,207,207, 43
798,207,207, 43
799,207,207, 43
800,207,207, 43
801,207,207, 43
802,207,207, 43
803,207,207, 43
804,207,207, 43
805,207,207, 43
806,206,206, 44
807,206,206, 44
808,206,206, 44
809,206,206, 44
810,206,206, 44
811,206,206, 44
812,206,206, 44
813,206,206, 44
814,206,206, 44
815,206,206, 44
816,206,206, 44
817,206,206, 44
818,206,206, 44
819,206,206, 44
820,206,206, 44
821,206,206, 44
822,206,206, 44
823,206,206, 44
824,206,206, 44
825,206,206, 44
826,206,206, 44
827,206,206, 44
828,206,206, 44
829,206,206, 44
830,206,206, 44
831,206,206, 44
832,206,206, 44
833,206,206, 44
834,206,206, 44
835,206,206, 44
836,206,206, 44
837,206,206, 44
838,206,206, 44
839,206,206, 44
840,206,206, 44
841,206,206, 44
842,206,206, 44
843,206,206, 44
844,206,206, 44
845,206,206, 44
846,206,206, 44
847,206,206, 44
848,206,206, 44
849,206,206, 44
850,206,206, 44
851,206,206, 44
852,206,206, 44
853,206,206, 44
854,206,206, 44
855,206,206, 44
856,206,206, 44
857,206,206, 44
858,206,206, 44
859,206,206, 44
860,206,206, 44
861,206,206, 44
862,206,206, 44
863,206,206, 44
864,206,206, 44
865,206,206, 44
866,206,206, 44
867,206,206, 44
868,206,206, 44
869,206,206, 44
870,206,206, 44
871,206,206, 44
872,206,206, 44
873,206,206, 44
874,206,206, 44
875,206,206, 44
876,206,206, 44
877,206,206, 44
878,206,206, 44
879,206,206, 44
880,206,206, 44
881,206,206, 44
882,206,206, 44
883,206,206, 44
884,206,206, 44
885,206,206, 44
886,206,206, 44
887,206,206, 44
888,206,206, 44
889,206,206, 44
890,206,206, 44
891,206,206, 44
892,206,206, 44
893,206,206, 44
894,206,206, 44
895,206,206, 44
896,206,206, 44
897,206,206, 44
898,206,206, 44
899,206,206, 44
900,206,206, 44
901,206,206, 44
902,206,206, 44
903,206,206, 44
904,206,206, 44
905,206,206, 44
906,206,206, 44
907,206,206, 44
908,206,206, 44
909,206,206, 44
910,206,206, 44
911,206,206, 44
912,206,206, 44
913,206,206, 44
914,206,206, 44
915,206,206, 44
916,206,206, 44
917,206,206, 44
918,206,206, 44
919,206,206, 44
920,206,206, 44
921,206,206, 44
922,206,206, 44
923,206,206, 44
924,206,206, 44
925,206,206, 44
926,205,205, 45
927,205,205, 45
928,205,205, 45
929,205,205, 45
930,205,205, 45
931,205,205, 45
932,205,205, 45
933,205,205, 45
934,205,205, 45
935,205,205, 45
936,205,205, 45
937,205,205, 45
938,205,205, 45
939,205,205, 45
940,205,205, 45
941,205,205, 45
942,205,205, 45
943,205,205, 45
944,205,205, 45
945,205,205, 45
946,205,205, 45
947,205,205, 45
948,205,205, 45
949,205,205, 45
950,203,203, 47
951,203,203, 47
952,203,203, 47
953,203,203, 47
954,203,203, 47
955,203,203, 47
956,203,203, 47
957,203,203, 47
958,203,203, 47
959,203,203, 47
960,203,203, 47
961,203,203, 47
962,203,203, 47
963,203,203, 47
964,203,203, 47
965,203,203, 47
966,203,203, 47
967,203,203, 47
968,203,203, 47
969,203,203, 47
970,203,203, 47
971,203,203, 47
972,203,203, 47
973,203,203, 47
974,203,203, 47
975,203,203, 47
976,203,203, 47
977,203,203, 47
978,203,203, 47
979,203,203, 47
980,203,203, 47
981,203,203, 47
982,203,203, 47
983,203,203, 47
984,203,203, 47
985,203,203, 47
986,203,203, 47
987,203,203, 47
988,203,203, 47
989,203,203, 47
990,203,203, 47
991,203,203, 47
992,203,203, 47
993,203,203, 47
994,203,203, 47
995,203,203, 47
996,203,203, 47
997,203,203, 47
998,203,203, 47
999,203,203, 47
1000,203,203, 47
1001,203,203, 47
1002,203,203, 47
1003,203,203, 47
1004,203,203, 47
1005,203,203, 47
1006,203,203, 47
1007,203,203, 47
1008,203,203, 47
1009,203,203, 47
1010,203,203, 47
1011,203,203, 47
1012,203,203, 47
1013,203,203, 47
1014,203,203, 47
1015,203,203, 47
1016,203,203, 47
1017,203,203, 47
1018,203,203, 47
1019,203,203, 47
1020,203,203, 47
1021,203,203, 47
1022,203,203, 47
1023,203,203, 47
1024,203,203, 47
1025,203,203, 47
1026,203,203, 47
1027,203,203, 47
1028,203,203, 47
1029,203,203, 47
1030,203,203, 47
1031,203,203, 47
1032,203,203, 47
1033,203,203, 47
1034,203,203, 47
1035,203,203, 47
1036,202,202, 48
1037,201,201, 49
1038,201,201, 49
1039,201,201, 49
1040,201,201, 49
1041,201,201, 49
1042,201,201, 49
1043,201,201, 49
1044,201,201, 49
1045,201,201, 49
1046,201,201, 49
1047,201,201, 49
1048,201,201, 49
1049,201,201, 49
1050,201,201, 49
1051,201,201, 49
1052,201,201, 49
1053,201,201, 49
1054,201,201, 49
1055,201,201, 49
1056,201,201, 49
1057,201,201, 49
1058,201,201, 49
1059,201,201, 49
1060,201,201, 49
1061,201,201, 49
1062,201,201, 49
1063,201,201, 49
1064,201,201, 49
1065,201,201, 49
1066,201,201, 49
1067,201,201, 49
1068,201,201, 49
1069,201,201, 49
1070,201,201, 49
1071,201,201, 49
1072,201,201, 49
1073,201,201, 49
1074,201,201, 49
1075,201,201, 49
1076,201,201, 49
1077,201,201, 49
1078,200,200, 50
1079,200,200, 50
1080,200,200, 50
1081,200,200, 50
1082,200,200, 50
1083,200,200, 50
1084,200,200, 50
1085,200,200, 50
1086,200,200, 50
1087,200,200, 50
1088,200,200, 50
1089,200,200, 50
1090,200,200, 50
1091,200,200, 50
1092,200,200, 50
1093,200,200, 50
1094,200,200, 50
1095,200,200, 50
1096,200,200, 50
1097,200,200, 50
1098,200,200, 50
1099,200,200, 50
1100,200,200, 50
1101,200,200, 50
1102,200,200, 50
1103,200,200, 50
1104,200,200, 50
1105,200,200, 50
1106,200,200, 50
1107,200,200, 50
1108,200,200, 50
1109,200,200, 50
1110,200,200, 50
1111,200,200, 50
1112,200,200, 50
1113,200,200, 50
1114,200,200, 50
1115,200,200, 50
1116,200,200, 50
1117,200,200, 50
1118,200,200, 50
1119,200,200, 50
1120,200,200, 50
1121,200,200, 50
1122,200,200, 50
1123,200,200, 50
1124,200,200, 50
1125,200,200, 50
1126,200,200, 50
1127,200,200, 50
1128,200,200, 50
1129,200,200, 50
1130,200,200, 50
1131,200,200, 50
1132,200,200, 50
1133,200,200, 50
1134,200,200, 50
1135,200,200, 50
1136,199,199, 51
1137,199,199, 51
1138,198,198, 52
1139,198,198, 52
1140,198,198, 52
1141,198,198, 52
1142,198,198, 52
1143,198,198, 52
1144,198,198, 52
1145,198,198, 52
1146,198,198, 52
1147,198,198, 52
1148,198,198, 52
1149,198,198, 52
1150,198,198, 52
1151,197,197, 53
1152,197,197, 53
1153,197,197, 53
1154,197,197, 53
1155,197,197, 53
1156,197,197, 53
1157,197,197, 53
1158,197,197, 53
1159,197,197, 53
1160,197,197, 53
1161,197,197, 53
1162,197,197, 53
1163,197,197, 53
1164,197,197, 53
1165,197,197, 53
1166,197,197, 53
1167,197,197, 53
1168,197,197, 53
1169,197,197, 53
1170,197,197, 53
1171,197,197, 53
1172,197,197, 53
1173,197,197, 53
1174,197,197, 53
1175,197,197, 53
1176,197,197, 53
1177,197,197, 53
1178,197,197, 53
1179,197,197, 53
1180,197,197, 53
1181,197,197, 53
1182,197,197, 53
1183,197,197, 53
1184,197,197, 53
1185,197,197, 53
1186,197,197, 53
1187,197,197, 53
1188,197,197, 53
1189,197,197, 53
1190,197,197, 53
1191,197,197, 53
1192,197,197, 53
1193,197,197, 53
1194,197,197, 53
1195,197,197, 53
1196,197,197, 53
1197,197,197, 53
1198,197,197, 53
1199,197,197, 53
1200,197,197, 53
1201,196,196, 54
1202,196,196, 54
1203,196,196, 54
1204,196,196, 54
1205,196,196, 54
1206,196,196, 54
1207,196,196, 54
1208,195,195, 55
1209,195,195, 55
1210,194,194, 56
1211,194,194, 56
1212,194,194, 56
1213,194,194, 56
1214,194,194, 56
1215,194,194, 56
1216,194,194, 56
1217,194,194, 56
1218,194,194, 56
1219,194,194, 56
1220,194,194, 56
1221,194,194, 56
1222,194,194, 56
1223,194,194, 56
1224,194,194, 56
1225,194,194, 56
1226,194,194, 56
1227,194,194, 56
1228,194,194, 56
1229,194,194, 56
1230,194,194, 56
1231,194,194, 56
1232,194,194, 56
1233,194,194, 56
1234,194,194, 56
1235,194,194, 56
1236,194,194, 56
1237,194,194, 56
1238,194,194, 56
1239,194,194, 56
1240,194,194, 56
1241,194,194, 56
1242,194,194, 56
1243,192,192, 58
1244,192,192, 58
1245,192,192, 58
1246,192,192, 58
1247,192,192, 58
1248,192,192, 58
1249,192,192, 58
1250,192,192, 58
1251,192,192, 58
1252,192,192, 58
1253,192,192, 58
1254,192,192, 58
1255,192,192, 58
1256,192,192, 58
1257,192,192, 58
1258,192,192, 58
1259,192,192, 58
1260,192,192, 58
1261,192,192, 58
1262,192,192, 58
1263,192,192, 58
1264,192,192, 58
1265,192,192, 58
1266,192,192, 58
1267,192,192, 58
1268,192,192, 58
1269,192,192, 58
1270,192,192, 58
1271,192,192, 58
1272,192,192, 58
1273,192,192, 58
1274,192,192, 58
1275,192,192, 58
1276,192,192, 58
1277,192,192, 58
1278,192,192, 58
1279,192,192, 58
1280,192,192, 58
1281,192,192, 58
1282,192,192, 58
1283,192,192, 58
1284,192,192, 58
1285,192,192, 58
1286,192,192, 58
1287,192,192, 58
1288,192,192, 58
1289,192,192, 58
1290,192,192, 58
1291,192,192, 58
1292,192,192, 58
1293,192,192, 58
1294,192,192, 58
1295,192,192, 58
1296,192,192, 58
1297,192,192, 58
1298,192,192, 58
1299,192,192, 58
1300,192,192, 58
1301,192,192, 58
1302,192,192, 58
1303,192,192, 58
1304,192,192, 58
1305,192,192, 58
1306,192,192, 58
1307,192,192, 58
1308,192,192, 58
1309,192,192, 58
1310,192,192, 58
1311,192,192, 58
1312,192,192, 58
1313,192,192, 58
1314,192,192, 58
1315,192,192, 58
1316,192,192, 58
1317,192,192, 58
1318,192,192, 58
1319,192,192, 58
1320,192,192, 58
1321,192,192, 58
1322,192,192, 58
1323,192,192, 58
1324,192,192, 58
1325,192,192, 58
1326,192,192, 58
1327,192,192, 58
1328,192,192, 58
1329,192,192, 58
1330,192,192, 58
1331,192,192, 58
1332,192,192, 58
1333,192,192, 58
1334,192,192, 58
1335,192,192, 58
1336,192,192, 58
1337,192,192, 58
1338,192,192, 58
1339,192,192, 58
1340,192,192, 58
1341,192,192, 58
1342,192,192, 58
1343,192,192, 58
1344,192,192, 58
1345,192,192, 58
1346,192,192, 58
1347,192,192, 58
1348,192,192, 58
1349,192,192, 58
1350,192,192, 58
1351,192,192, 58
1352,192,192, 58
1353,192,192, 58
1354,192,192, 58
1355,192,192, 58
1356,192,192, 58
1357,192,192, 58
1358,192,192, 58
1359,192,192, 58
1360,192,192, 58
1361,192,192, 58
1362,192,192, 58
1363,192,192, 58
1364,192,192, 58
1365,192,192, 58
1366,192,192, 58
1367,192,192, 58
1368,192,192, 58
1369,192,192, 58
1370,192,192, 58
1371,192,192, 58
1372,192,192, 58
1373,192,192, 58
1374,192,192, 58
1375,192,192, 58
1376,192,192, 58
1377,192,192, 58
1378,192,192, 58
1379,192,192, 58
1380,192,192, 58
1381,192,192, 58
1382,192,192, 58
1383,192,192, 58
1384,192,192, 58
1385,192,192, 58
1386,192,192, 58
1387,192,192, 58
1388,192,192, 58
1389,192,192, 58
1390,192,192, 58
1391,192,192, 58
1392,192,192, 58
1393,192,192, 58
1394,192,192, 58
1395,192,192, 58
1396,192,192, 58
1397,192,192, 58
1398,192,192, 58
1399,192,192, 58
1400,192,192, 58
1401,192,192, 58
1402,192,192, 58
1403,192,192, 58
1404,192,192, 58
1405,192,192, 58
1406,192,192, 58
1407,192,192, 58
1408,192,192, 58
1409,192,192, 58
1410,192,192, 58
1411,192,192, 58
1412,192,192, 58
1413,192,192, 58
1414,192,192, 58
1415,192,192, 58
1416,192,192, 58
1417,192,192, 58
1418,192,192, 58
1419,192,192, 58
1420,192,192, 58
1421,192,192, 58
1422,192,192, 58
1423,192,192, 58
1424,192,192, 58
1425,192,192, 58
1426,192,192, 58
1427,192,192, 58
1428,192,192, 58
1429,192,192, 58
1430,192,192, 58
1431,192,192, 58
1432,192,192, 58
1433,192,192, 58
1434,192,192, 58
1435,192,192, 58
1436,190,190, 60
1437,190,190, 60
1438,190,190, 60
1439,190,190, 60
1440,190,190, 60
1441,190,190, 60
1442,190,190, 60
1443,190,190, 60
1444,190,190, 60
1445,190,190, 60
1446,190,190, 60
1447,190,190, 60
1448,190,190, 60
1449,190,190, 60
1450,190,190, 60
1451,190,190, 60
1452,190,190, 60
1453,188,188, 62
1454,188,188, 62
1455,188,188, 62
1456,188,188, 62
1457,188,188, 62
1458,188,188, 62
1459,188,188, 62
1460,188,188, 62
1461,188,188, 62
1462,188,188, 62
1463,188,188, 62
1464,188,188, 62
1465,188,188, 62
1466,188,188, 62
1467,188,188, 62
1468,188,188, 62
1469,188,188, 62
1470,188,188, 62
1471,188,188, 62
1472,188,188, 62
1473,188,188, 62
1474,188,188, 62
1475,188,188, 62
1476,188,188, 62
1477,188,188, 62
1478,188,188, 62
1479,188,188, 62
1480,188,188, 62
1481,188,188, 62
1482,188,188, 62
1483,188,188, 62
1484,188,188, 62
1485,188,188, 62
1486,188,188, 62
1487,188,188, 62
1488,188,188, 62
1489,188,188, 62
1490,188,188, 62
1491,188,188, 62
1492,188,188, 62
1493,188,188, 62
1494,188,188, 62
1495,188,188, 62
1496,188,188, 62
1497,188,188, 62
1498,188,188, 62
1499,188,188, 62
