0,250,250, 0
1,250,250, 0
2,250,250, 0
3,250,250, 0
4,250,250, 0
5,250,250, 0
6,250,250, 0
7,250,250, 0
8,250,250, 0
9,250,250, 0
10,250,250, 0
11,250,250, 0
12,250,250, 0
13,250,250, 0
14,250,250, 0
15,250,250, 0
16,250,250, 0
17,250,250, 0
18,250,250, 0
19,250,250, 0
20,250,250, 0
21,250,250, 0
22,250,250, 0
23,250,250, 0
24,250,250, 0
25,249,249, 1
26,249,249, 1
27,249,249, 1
28,249,249, 1
29,249,249, 1
30,249,249, 1
31,249,249, 1
32,249,249, 1
33,249,249, 1
34,249,249, 1
35,249,249, 1
36,249,249, 1
37,249,249, 1
38,249,249, 1
39,249,249, 1
40,249,249, 1
41,249,249, 1
42,249,249, 1
43,249,249, 1
44,248,248, 2
45,248,248, 2
46,248,248, 2
47,248,248, 2
48,248,248, 2
49,248,248, 2
50,248,248, 2
51,248,248, 2
52,248,248, 2
53,248,248, 2
54,248,248, 2
55,248,248, 2
56,248,248, 2
57,248,248, 2
58,248,248, 2
59,248,248, 2
60,248,248, 2
61,248,248, 2
62,248,248, 2
63,248,248, 2
64,248,248, 2
65,248,248, 2
66,248,248, 2
67,248,248, 2
68,248,248, 2
69,248,248, 2
70,248,248, 2
71,248,248, 2
72,248,248, 2
73,248,248, 2
74,248,248, 2
75,248,248, 2
76,248,248, 2
77,248,248, 2
78,248,248, 2
79,248,248, 2
80,248,248, 2
81,247,247, 3
82,247,247, 3
83,247,247, 3
84,247,247, 3
85,247,247, 3
86,247,247, 3
87,247,247, 3
88,247,247, 3
89,247,247, 3
90,247,247, 3
91,247,247, 3
92,247,247, 3
93,247,247, 3
94,247,247, 3
95,247,247, 3
96,247,247, 3
97,247,247, 3
98,247,247, 3
99,247,247, 3
100,247,247, 3
101,247,247, 3
102,247,247, 3
103,247,247, 3
104,247,247, 3
105,247,247, 3
106,247,247, 3
107,247,247, 3
108,247,247, 3
109,247,247, 3
110,247,247, 3
111,247,247, 3
112,247,247, 3
113,247,247, 3
114,247,247, 3
115,247,247, 3
116,247,247, 3
117,247,247, 3
118,247,247, 3
119,246,246, 4
120,246,246, 4
121,246,246, 4
122,246,246, 4
123,246,246, 4
124,246,246, 4
125,246,246, 4
126,246,246, 4
127,246,246, 4
128,246,246, 4
129,246,246, 4
130,246,246, 4
131,246,246, 4
132,246,246, 4
133,246,246, 4
134,246,246, 4
135,246,246, 4
136,246,246, 4
137,246,246, 4
138,246,246, 4
139,246,246, 4
140,246,246, 4
141,246,246, 4
142,246,246, 4
143,246,246, 4
144,246,246, 4
145,246,246, 4
146,246,246, 4
147,246,246, 4
148,246,246, 4
149,246,246, 4
150,246,246, 4
151,246,246, 4
152,246,246, 4
153,246,246, 4
154,245,245, 5
155,245,245, 5
156,245,245, 5
157,245,245, 5
158,245,245, 5
159,245,245, 5
160,245,245, 5
161,245,245, 5
162,245,245, 5
163,245,245, 5
164,245,245, 5
165,245,245, 5
166,245,245, 5
167,245,245, 5
168,245,245, 5
169,245,245, 5
170,245,245, 5
171,245,245, 5
172,245,245, 5
173,245,245, 5
174,245,245, 5
175,245,245, 5
176,245,245, 5
177,245,245, 5
178,245,245, 5
179,245,245, 5
180,244,244, 6
181,244,244, 6
182,244,244, 6
183,244,244, 6
184,244,244, 6
185,244,244, 6
186,244,244, 6
187,244,244, 6
188,244,244, 6
189,244,244, 6
190,244,244, 6
191,244,244, 6
192,244,244, 6
193,244,244, 6
194,244,244, 6
195,244,244, 6
196,244,244, 6
197,244,244, 6
198,244,244, 6
199,244,244, 6
200,244,244, 6
201,244,244, 6
202,244,244, 6
203,244,244, 6
204,244,244, 6
205,244,244, 6
206,244,244, 6
207,244,244, 6
208,244,244, 6
209,244,244, 6
210,244,244, 6
211,244,244, 6
212,244,244, 6
213,244,244, 6
214,244,244, 6
215,244,244, 6
216,244,244, 6
217,244,244, 6
218,244,244, 6
219,244,244, 6
220,244,244, 6
221,244,244, 6
222,244,244, 6
223,244,244, 6
224,244,244, 6
225,244,244, 6
226,244,244, 6
227,244,244, 6
228,244,244, 6
229,244,244, 6
230,244,244, 6
231,244,244, 6
232,244,244, 6
233,244,244, 6
234,244,244, 6
235,244,244, 6
236,244,244, 6
237,244,244, 6
238,244,244, 6
239,244,244, 6
240,244,244, 6
241,244,244, 6
242,244,244, 6
243,244,244, 6
244,244,244, 6
245,244,244, 6
246,244,244, 6
247,244,244, 6
248,244,244, 6
249,244,244, 6
250,244,244, 6
251,244,244, 6
252,244,244, 6
253,244,244, 6
254,244,244, 6
255,244,244, 6
256,244,244, 6
257,244,244, 6
258,244,244, 6
259,244,244, 6
260,244,244, 6
261,244,244, 6
262,244,244, 6
263,244,244, 6
264,244,244, 6
265,244,244, 6
266,244,244, 6
267,244,244, 6
268,244,244, 6
269,244,244, 6
270,244,244, 6
271,244,244, 6
272,244,244, 6
273,244,244, 6
274,244,244, 6
275,244,244, 6
276,244,244, 6
277,244,244, 6
278,244,244, 6
279,244,244, 6
280,244,244, 6
281,244,244, 6
282,244,244, 6
283,244,244, 6
284,244,244, 6
285,244,244, 6
286,244,244, 6
287,244,244, 6
288,244,244, 6
289,244,244, 6
290,244,244, 6
291,244,244, 6
292,244,244, 6
293,244,244, 6
294,244,244, 6
295,244,244, 6
296,244,244, 6
297,244,244, 6
298,244,244, 6
299,244,244, 6
300,244,244, 6
301,244,244, 6
302,244,244, 6
303,244,244, 6
304,244,244, 6
305,244,244, 6
306,244,244, 6
307,244,244, 6
308,244,244, 6
309,244,244, 6
310,244,244, 6
311,244,244, 6
312,244,244, 6
313,244,244, 6
314,244,244, 6
315,244,244, 6
316,244,244, 6
317,244,244, 6
318,244,244, 6
319,244,244, 6
320,244,244, 6
321,244,244, 6
322,244,244, 6
323,244,244, 6
324,244,244, 6
325,244,244, 6
326,244,244, 6
327,244,244, 6
328,244,244, 6
329,244,244, 6
330,244,244, 6
331,244,244, 6
332,244,244, 6
333,244,244, 6
334,244,244, 6
335,244,244, 6
336,244,244, 6
337,244,244, 6
338,244,244, 6
339,244,244, 6
340,244,244, 6
341,243,243, 7
342,243,243, 7
343,243,243, 7
344,243,243, 7
345,243,243, 7
346,243,243, 7
347,243,243, 7
348,243,243, 7
349,243,243, 7
350,243,243, 7
351,243,243, 7
352,243,243, 7
353,243,243, 7
354,243,243, 7
355,243,243, 7
356,243,243, 7
357,243,243, 7
358,243,243, 7
359,243,243, 7
360,243,243, 7
361,243,243, 7
362,243,243, 7
363,243,243, 7
364,243,243, 7
365,243,243, 7
366,243,243, 7
367,243,243, 7
368,243,243, 7
369,243,243, 7
370,243,243, 7
371,243,243, 7
372,243,243, 7
373,243,243, 7
374,243,243, 7
375,243,243, 7
376,243,243, 7
377,243,243, 7
378,243,243, 7
379,243,243, 7
380,243,243, 7
381,243,243, 7
382,243,243, 7
383,243,243, 7
384,243,243, 7
385,243,243, 7
386,243,243, 7
387,243,243, 7
388,243,243, 7
389,243,243, 7
390,243,243, 7
391,243,243, 7
392,243,243, 7
393,243,243, 7
394,243,243, 7
395,243,243, 7
396,243,243, 7
397,243,243, 7
398,243,243, 7
399,243,243, 7
400,243,243, 7
401,243,243, 7
402,243,243, 7
403,243,243, 7
404,243,243, 7
405,243,243, 7
406,243,243, 7
407,243,243, 7
408,243,243, 7
409,243,243, 7
410,243,243, 7
411,243,243, 7
412,243,243, 7
413,242,242, 8
414,242,242, 8
415,242,242, 8
416,242,242, 8
417,242,242, 8
418,242,242, 8
419,242,242, 8
420,242,242, 8
421,242,242, 8
422,242,242, 8
423,242,242, 8
424,242,242, 8
425,242,242, 8
426,242,242, 8
427,242,242, 8
428,242,242, 8
429,242,242, 8
430,241,241, 9
431,241,241, 9
432,241,241, 9
433,241,241, 9
434,241,241, 9
435,241,241, 9
436,241,241, 9
437,241,241, 9
438,241,241, 9
439,241,241, 9
440,241,241, 9
441,241,241, 9
442,241,241, 9
443,241,241, 9
444,241,241, 9
445,241,241, 9
446,241,241, 9
447,241,241, 9
448,241,241, 9
449,241,241, 9
450,239,239, 11
451,239,239, 11
452,239,239, 11
453,239,239, 11
454,239,239, 11
455,239,239, 11
456,239,239, 11
457,239,239, 11
458,239,239, 11
459,239,239, 11
460,239,239, 11
461,239,239, 11
462,239,239, 11
463,239,239, 11
464,239,239, 11
465,239,239, 11
466,239,239, 11
467,239,239, 11
468,239,239, 11
469,239,239, 11
470,239,239, 11
471,239,239, 11
472,239,239, 11
473,239,239, 11
474,239,239, 11
475,239,239, 11
476,239,239, 11
477,239,239, 11
478,239,239, 11
479,239,239, 11
480,239,239, 11
481,239,239, 11
482,239,239, 11
483,239,239, 11
484,239,239, 11
485,239,239, 11
486,239,239, 11
487,239,239, 11
488,239,239, 11
489,239,239, 11
490,239,239, 11
491,239,239, 11
492,239,239, 11
493,239,239, 11
494,239,239, 11
495,239,239, 11
496,239,239, 11
497,239,239, 11
498,239,239, 11
499,239,239, 11
500,239,239, 11
501,239,239, 11
502,239,239, 11
503,239,239, 11
504,239,239, 11
505,239,239, 11
506,239,239, 11
507,239,239, 11
508,239,239, 11
509,239,239, 11
510,239,239, 11
511,239,239, 11
512,239,239, 11
513,239,239, 11
514,239,239, 11
515,239,239, 11
516,239,239, 11
517,239,239, 11
518,239,239, 11
519,239,239, 11
520,239,239, 11
521,239,239, 11
522,239,239, 11
523,239,239, 11
524,239,239, 11
525,239,239, 11
526,239,239, 11
527,239,239, 11
528,239,239, 11
529,239,239, 11
530,239,239, 11
531,239,239, 11
532,239,239, 11
533,239,239, 11
534,239,239, 11
535,239,239, 11
536,239,239, 11
537,239,239, 11
538,239,239, 11
539,239,239, 11
540,239,239, 11
541,239,239, 11
542,239,239, 11
543,239,239, 11
544,239,239, 11
545,239,239, 11
546,239,239, 11
547,239,239, 11
548,238,238, 12
549,238,238, 12
550,238,238, 12
551,238,238, 12
552,238,238, 12
553,238,238, 12
554,238,238, 12
555,238,238, 12
556,238,238, 12
557,238,238, 12
558,238,238, 12
559,238,238, 12
560,238,238, 12
561,238,238, 12
562,238,238, 12
563,238,238, 12
564,238,238, 12
565,238,238, 12
566,238,238, 12
567,238,238, 12
568,238,238, 12
569,238,238, 12
570,238,238, 12
571,238,238, 12
572,238,238, 12
573,238,238, 12
574,238,238, 12
575,238,238, 12
576,238,238, 12
577,238,238, 12
578,238,238, 12
579,238,238, 12
580,238,238, 12
581,238,238, 12
582,238,238, 12
583,238,238, 12
584,238,238, 12
585,238,238, 12
586,238,238, 12
587,238,238, 12
588,238,238, 12
589,238,238, 12
590,238,238, 12
591,238,238, 12
592,238,238, 12
593,238,238, 12
594,238,238, 12
595,238,238, 12
596,238,238, 12
597,238,238, 12
598,238,238, 12
599,238,238, 12
600,238,238, 12
601,238,238, 12
602,238,238, 12
603,238,238, 12
604,238,238, 12
605,238,238, 12
606,238,238, 12
607,238,238, 12
608,238,238, 12
609,238,238, 12
610,238,238, 12
611,238,238, 12
612,238,238, 12
613,238,238, 12
614,238,238, 12
615,238,238, 12
616,238,238, 12
617,238,238, 12
618,238,238, 12
619,238,238, 12
620,238,238, 12
621,238,238, 12
622,238,238, 12
623,238,238, 12
624,238,238, 12
625,238,238, 12
626,238,238, 12
627,238,238, 12
628,238,238, 12
629,238,238, 12
630,238,238, 12
631,238,238, 12
632,238,238, 12
633,238,238, 12
634,238,238, 12
635,238,238, 12
636,238,238, 12
637,238,238, 12
638,238,238, 12
639,238,238, 12
640,238,238, 12
641,238,238, 12
642,238,238, 12
643,238,238, 12
644,238,238, 12
645,238,238, 12
646,238,238, 12
647,238,238, 12
648,238,238, 12
649,238,238, 12
650,238,238, 12
651,238,238, 12
652,238,238, 12
653,238,238, 12
654,238,238, 12
655,238,238, 12
656,238,238, 12
657,238,238, 12
658,238,238, 12
659,238,238, 12
660,238,238, 12
661,238,238, 12
662,238,238, 12
663,238,238, 12
664,238,238, 12
665,238,238, 12
666,238,238, 12
667,238,238, 12
668,238,238, 12
669,238,238, 12
670,238,238, 12
671,238,238, 12
672,238,238, 12
673,238,238, 12
674,238,238, 12
675,238,238, 12
676,238,238, 12
677,238,238, 12
678,238,238, 12
679,238,238, 12
680,238,238, 12
681,238,238, 12
682,238,238, 12
683,238,238, 12
684,238,238, 12
685,238,238, 12
686,238,238, 12
687,238,238, 12
688,238,238, 12
689,238,238, 12
690,238,238, 12
691,238,238, 12
692,238,238, 12
693,238,238, 12
694,238,238, 12
695,238,238, 12
696,238,238, 12
697,238,238, 12
698,238,238, 12
699,238,238, 12
700,238,238, 12
701,238,238, 12
702,238,238, 12
703,238,238, 12
704,238,238, 12
705,238,238, 12
706,238,238, 12
707,238,238, 12
708,238,238, 12
709,238,238, 12
710,238,238, 12
711,238,238, 12
712,238,238, 12
713,238,238, 12
714,238,238, 12
715,238,238, 12
716,238,238, 12
717,238,238, 12
718,238,238, 12
719,238,238, 12
720,238,238, 12
721,238,238, 12
722,238,238, 12
723,238,238, 12
724,238,238, 12
725,238,238, 12
726,238,238, 12
727,238,238, 12
728,238,238, 12
729,238,238, 12
730,238,238, 12
731,238,238, 12
732,238,238, 12
733,238,238, 12
734,238,238, 12
735,238,238, 12
736,238,238, 12
737,238,238, 12
738,238,238, 12
739,238,238, 12
740,238,238, 12
741,238,238, 12
742,238,238, 12
743,238,238, 12
744,238,238, 12
745,238,238, 12
746,238,238, 12
747,238,238, 12
748,238,238, 12
749,238,238, 12
750,238,238, 12
751,238,238, 12
752,238,238, 12
753,238,238, 12
754,238,238, 12
755,238,238, 12
756,238,238, 12
757,238,238, 12
758,238,238, 12
759,238,238, 12
760,238,238, 12
761,238,238, 12
762,238,238, 12
763,238,238, 12
764,238,238, 12
765,238,238, 12
766,238,238, 12
767,238,238, 12
768,238,238, 12
769,238,238, 12
770,238,238, 12
771,238,238, 12
772,238,238, 12
773,238,238, 12
774,238,238, 12
775,238,238, 12
776,238,238, 12
777,238,238, 12
778,238,238, 12
779,238,238, 12
780,238,238, 12
781,238,238, 12
782,238,238, 12
783,238,238, 12
784,238,238, 12
785,238,238, 12
786,238,238, 12
787,238,238, 12
788,238,238, 12
789,238,238, 12
790,238,238, 12
791,238,238, 12
792,238,238, 12
793,238,238, 12
794,238,238, 12
795,238,238, 12
796,238,238, 12
797,238,238, 12
798,238,238, 12
799,238,238, 12
800,238,238, 12
801,238,238, 12
802,238,238, 12
803,238,238, 12
804,238,238, 12
805,238,238, 12
806,238,238, 12
807,238,238, 12
808,238,238, 12
809,238,238, 12
810,238,238, 12
811,238,238, 12
812,238,238, 12
813,238,238, 12
814,238,238, 12
815,238,238, 12
816,238,238, 12
817,238,238, 12
818,238,238, 12
819,238,238, 12
820,238,238, 12
821,238,238, 12
822,238,238, 12
823,238,238, 12
824,238,238, 12
825,238,238, 12
826,238,238, 12
827,238,238, 12
828,238,238, 12
829,238,238, 12
830,238,238, 12
831,238,238, 12
832,238,238, 12
833,238,238, 12
834,238,238, 12
835,238,238, 12
836,238,238, 12
837,238,238, 12
838,238,238, 12
839,238,238, 12
840,238,238, 12
841,238,238, 12
842,238,238, 12
843,238,238, 12
844,238,238, 12
845,238,238, 12
846,238,238, 12
847,238,238, 12
848,238,238, 12
849,238,238, 12
850,238,238, 12
851,238,238, 12
852,238,238, 12
853,238,238, 12
854,238,238, 12
855,238,238, 12
856,238,238, 12
857,238,238, 12
858,238,238, 12
859,238,238, 12
860,238,238, 12
861,238,238, 12
862,238,238, 12
863,238,238, 12
864,238,238, 12
865,238,238, 12
866,238,238, 12
867,238,238, 12
868,238,238, 12
869,238,238, 12
870,238,238, 12
871,238,238, 12
872,238,238, 12
873,238,238, 12
874,238,238, 12
875,238,238, 12
876,238,238, 12
877,238,238, 12
878,238,238, 12
879,238,238, 12
880,238,238, 12
881,238,238, 12
882,238,238, 12
883,238,238, 12
884,238,238, 12
885,238,238, 12
886,238,238, 12
887,238,238, 12
888,238,238, 12
889,238,238, 12
890,238,238, 12
891,238,238, 12
892,238,238, 12
893,238,238, 12
894,238,238, 12
895,238,238, 12
896,238,238, 12
897,238,238, 12
898,238,238, 12
899,238,238, 12
900,238,238, 12
901,238,238, 12
902,238,238, 12
903,238,238, 12
904,238,238, 12
905,238,238, 12
906,238,238, 12
907,238,238, 12
908,238,238, 12
909,238,238, 12
910,238,238, 12
911,238,238, 12
912,238,238, 12
913,238,238, 12
914,238,238, 12
915,238,238, 12
916,238,238, 12
917,238,238, 12
918,238,238, 12
919,238,238, 12
920,238,238, 12
921,238,238, 12
922,238,238, 12
923,238,238, 12
924,238,238, 12
925,238,238, 12
926,238,238, 12
927,238,238, 12
928,238,238, 12
929,238,238, 12
930,238,238, 12
931,238,238, 12
932,238,238, 12
933,238,238, 12
934,238,238, 12
935,238,238, 12
936,238,238, 12
937,238,238, 12
938,238,238, 12
939,238,238, 12
940,238,238, 12
941,238,238, 12
942,238,238, 12
943,238,238, 12
944,238,238, 12
945,238,238, 12
946,238,238, 12
947,238,238, 12
948,238,238, 12
949,238,238, 12
950,238,238, 12
951,238,238, 12
952,238,238, 12
953,238,238, 12
954,238,238, 12
955,238,238, 12
956,238,238, 12
957,238,238, 12
958,238,238, 12
959,238,238, 12
960,238,238, 12
961,238,238, 12
962,238,238, 12
963,238,238, 12
964,238,238, 12
965,238,238, 12
966,238,238, 12
967,238,238, 12
968,238,238, 12
969,238,238, 12
970,238,238, 12
971,238,238, 12
972,238,238, 12
973,238,238, 12
974,238,238, 12
975,238,238, 12
976,238,238, 12
977,238,238, 12
978,238,238, 12
979,238,238, 12
980,238,238, 12
981,238,238, 12
982,238,238, 12
983,238,238, 12
984,238,238, 12
985,238,238, 12
986,238,238, 12
987,238,238, 12
988,238,238, 12
989,238,238, 12
990,238,238, 12
991,238,238, 12
992,238,238, 12
993,238,238, 12
994,238,238, 12
995,238,238, 12
996,238,238, 12
997,238,238, 12
998,238,238, 12
999,238,238, 12
1000,238,238, 12
1001,238,238, 12
1002,238,238, 12
1003,238,238, 12
1004,238,238, 12
1005,238,238, 12
1006,238,238, 12
1007,238,238, 12
1008,238,238, 12
1009,238,238, 12
1010,238,238, 12
1011,238,238, 12
1012,238,238, 12
1013,238,238, 12
1014,238,238, 12
1015,238,238, 12
1016,238,238, 12
1017,238,238, 12
1018,238,238, 12
1019,238,238, 12
1020,238,238, 12
1021,238,238, 12
1022,238,238, 12
1023,238,238, 12
1024,238,238, 12
1025,238,238, 12
1026,238,238, 12
1027,238,238, 12
1028,238,238, 12
1029,238,238, 12
1030,238,238, 12
1031,238,238, 12
1032,238,238, 12
1033,238,238, 12
1034,238,238, 12
1035,238,238, 12
1036,238,238, 12
1037,238,238, 12
1038,238,238, 12
1039,238,238, 12
1040,238,238, 12
1041,238,238, 12
1042,238,238, 12
1043,238,238, 12
1044,238,238, 12
1045,238,238, 12
1046,238,238, 12
1047,238,238, 12
1048,238,238, 12
1049,238,238, 12
1050,238,238, 12
1051,238,238, 12
1052,238,238, 12
1053,238,238, 12
1054,238,238, 12
1055,238,238, 12
1056,238,238, 12
1057,238,238, 12
1058,238,238, 12
1059,237,237, 13
1060,237,237, 13
1061,237,237, 13
1062,237,237, 13
1063,237,237, 13
1064,237,237, 13
1065,237,237, 13
1066,237,237, 13
1067,237,237, 13
1068,237,237, 13
1069,237,237, 13
1070,237,237, 13
1071,237,237, 13
1072,237,237, 13
1073,237,237, 13
1074,237,237, 13
1075,237,237, 13
1076,237,237, 13
1077,237,237, 13
1078,237,237, 13
1079,237,237, 13
1080,237,237, 13
1081,237,237, 13
1082,237,237, 13
1083,237,237, 13
1084,237,237, 13
1085,237,237, 13
1086,237,237, 13
1087,237,237, 13
1088,237,237, 13
1089,237,237, 13
1090,237,237, 13
1091,237,237, 13
1092,237,237, 13
1093,237,237, 13
1094,237,237, 13
1095,237,237, 13
1096,237,237, 13
1097,237,237, 13
1098,237,237, 13
1099,237,237, 13
1100,237,237, 13
1101,237,237, 13
1102,237,237, 13
1103,237,237, 13
1104,237,237, 13
1105,237,237, 13
1106,237,237, 13
1107,237,237, 13
1108,237,237, 13
1109,237,237, 13
1110,237,237, 13
1111,237,237, 13
1112,237,237, 13
1113,237,237, 13
1114,237,237, 13
1115,237,237, 13
1116,237,237, 13
1117,237,237, 13
1118,237,237, 13
1119,237,237, 13
1120,237,237, 13
1121,237,237, 13
1122,237,237, 13
1123,237,237, 13
1124,237,237, 13
1125,237,237, 13
1126,237,237, 13
1127,237,237, 13
1128,237,237, 13
1129,237,237, 13
1130,237,237, 13
1131,237,237, 13
1132,237,237, 13
1133,237,237, 13
1134,237,237, 13
1135,237,237, 13
1136,237,237, 13
1137,237,237, 13
1138,237,237, 13
1139,237,237, 13
1140,237,237, 13
1141,237,237, 13
1142,237,237, 13
1143,237,237, 13
1144,237,237, 13
1145,237,237, 13
1146,237,237, 13
1147,237,237, 13
1148,237,237, 13
1149,237,237, 13
1150,237,237, 13
1151,237,237, 13
1152,237,237, 13
1153,237,237, 13
1154,237,237, 13
1155,237,237, 13
1156,237,237, 13
1157,237,237, 13
1158,237,237, 13
1159,237,237, 13
1160,237,237, 13
1161,237,237, 13
1162,237,237, 13
1163,237,237, 13
1164,237,237, 13
1165,237,237, 13
1166,237,237, 13
1167,237,237, 13
1168,237,237, 13
1169,237,237, 13
1170,237,237, 13
1171,237,237, 13
1172,237,237, 13
1173,237,237, 13
1174,237,237, 13
1175,237,237, 13
1176,237,237, 13
1177,237,237, 13
1178,237,237, 13
1179,237,237, 13
1180,237,237, 13
1181,237,237, 13
1182,237,237, 13
1183,237,237, 13
1184,237,237, 13
1185,237,237, 13
1186,237,237, 13
1187,237,237, 13
1188,237,237, 13
1189,237,237, 13
1190,237,237, 13
1191,237,237, 13
1192,237,237, 13
1193,237,237, 13
1194,237,237, 13
1195,237,237, 13
1196,237,237, 13
1197,237,237, 13
1198,237,237, 13
1199,237,237, 13
1200,237,237, 13
1201,237,237, 13
1202,237,237, 13
1203,237,237, 13
1204,237,237, 13
1205,237,237, 13
1206,237,237, 13
1207,237,237, 13
1208,237,237, 13
1209,237,237, 13
1210,237,237, 13
1211,237,237, 13
1212,237,237, 13
1213,237,237, 13
1214,237,237, 13
1215,237,237, 13
1216,237,237, 13
1217,237,237, 13
1218,237,237, 13
1219,237,237, 13
1220,237,237, 13
1221,237,237, 13
1222,237,237, 13
1223,237,237, 13
1224,237,237, 13
1225,237,237, 13
1226,237,237, 13
1227,237,237, 13
1228,237,237, 13
1229,237,237, 13
1230,237,237, 13
1231,237,237, 13
1232,237,237, 13
1233,237,237, 13
1234,237,237, 13
1235,237,237, 13
1236,237,237, 13
1237,237,237, 13
1238,237,237, 13
1239,237,237, 13
1240,237,237, 13
1241,237,237, 13
1242,237,237, 13
1243,237,237, 13
1244,237,237, 13
1245,237,237, 13
1246,237,237, 13
1247,237,237, 13
1248,237,237, 13
1249,237,237, 13
1250,237,237, 13
1251,237,237, 13
1252,237,237, 13
1253,237,237, 13
1254,237,237, 13
1255,237,237, 13
1256,237,237, 13
1257,237,237, 13
1258,237,237, 13
1259,237,237, 13
1260,237,237, 13
1261,237,237, 13
1262,237,237, 13
1263,237,237, 13
1264,237,237, 13
1265,237,237, 13
1266,237,237, 13
1267,237,237, 13
1268,237,237, 13
1269,237,237, 13
1270,237,237, 13
1271,237,237, 13
1272,237,237, 13
1273,237,237, 13
1274,237,237, 13
1275,237,237, 13
1276,237,237, 13
1277,237,237, 13
1278,237,237, 13
1279,237,237, 13
1280,237,237, 13
1281,237,237, 13
1282,237,237, 13
1283,237,237, 13
1284,237,237, 13
1285,237,237, 13
1286,237,237, 13
1287,237,237, 13
1288,237,237, 13
1289,237,237, 13
1290,237,237, 13
1291,237,237, 13
1292,237,237, 13
1293,237,237, 13
1294,237,237, 13
1295,237,237, 13
1296,237,237, 13
1297,237,237, 13
1298,237,237, 13
1299,237,237, 13
1300,237,237, 13
1301,237,237, 13
1302,237,237, 13
1303,237,237, 13
1304,237,237, 13
1305,237,237, 13
1306,237,237, 13
1307,237,237, 13
1308,237,237, 13
1309,237,237, 13
1310,237,237, 13
1311,237,237, 13
1312,237,237, 13
1313,237,237, 13
1314,237,237, 13
1315,237,237, 13
1316,237,237, 13
1317,237,237, 13
1318,237,237, 13
1319,237,237, 13
1320,237,237, 13
1321,237,237, 13
1322,237,237, 13
1323,237,237, 13
1324,237,237, 13
1325,237,237, 13
1326,237,237, 13
1327,237,237, 13
1328,237,237, 13
1329,237,237, 13
1330,237,237, 13
1331,237,237, 13
1332,237,237, 13
1333,237,237, 13
1334,237,237, 13
1335,237,237, 13
1336,237,237, 13
1337,237,237, 13
1338,237,237, 13
1339,237,237, 13
1340,237,237, 13
1341,237,237, 13
1342,237,237, 13
1343,237,237, 13
1344,237,237, 13
1345,237,237, 13
1346,237,237, 13
1347,237,237, 13
1348,237,237, 13
1349,237,237, 13
1350,237,237, 13
1351,237,237, 13
1352,237,237, 13
1353,237,237, 13
1354,237,237, 13
1355,237,237, 13
1356,237,237, 13
1357,237,237, 13
1358,237,237, 13
1359,237,237, 13
1360,237,237, 13
1361,237,237, 13
1362,237,237, 13
1363,237,237, 13
1364,237,237, 13
1365,237,237, 13
1366,237,237, 13
1367,237,237, 13
1368,237,237, 13
1369,237,237, 13
1370,237,237, 13
1371,237,237, 13
1372,237,237, 13
1373,237,237, 13
1374,237,237, 13
1375,237,237, 13
1376,237,237, 13
1377,237,237, 13
1378,237,237, 13
1379,237,237, 13
1380,237,237, 13
1381,237,237, 13
1382,237,237, 13
1383,237,237, 13
1384,237,237, 13
1385,237,237, 13
1386,237,237, 13
1387,237,237, 13
1388,237,237, 13
1389,237,237, 13
1390,237,237, 13
1391,237,237, 13
1392,237,237, 13
1393,237,237, 13
1394,237,237, 13
1395,237,237, 13
1396,237,237, 13
1397,237,237, 13
1398,237,237, 13
1399,237,237, 13
1400,237,237, 13
1401,237,237, 13
1402,237,237, 13
1403,237,237, 13
1404,237,237, 13
1405,237,237, 13
1406,237,237, 13
1407,237,237, 13
1408,237,237, 13
1409,237,237, 13
1410,237,237, 13
1411,237,237, 13
1412,237,237, 13
1413,237,237, 13
1414,237,237, 13
1415,237,237, 13
1416,237,237, 13
1417,237,237, 13
1418,237,237, 13
1419,237,237, 13
1420,237,237, 13
1421,237,237, 13
1422,237,237, 13
1423,237,237, 13
1424,237,237, 13
1425,237,237, 13
1426,237,237, 13
1427,237,237, 13
1428,237,237, 13
1429,237,237, 13
1430,237,237, 13
1431,237,237, 13
1432,237,237, 13
1433,237,237, 13
1434,237,237, 13
1435,237,237, 13
1436,237,237, 13
1437,237,237, 13
1438,237,237, 13
1439,237,237, 13
1440,237,237, 13
1441,237,237, 13
1442,237,237, 13
1443,237,237, 13
1444,237,237, 13
1445,237,237, 13
1446,237,237, 13
1447,237,237, 13
1448,237,237, 13
1449,237,237, 13
1450,237,237, 13
1451,237,237, 13
1452,237,237, 13
1453,237,237, 13
1454,237,237, 13
1455,237,237, 13
1456,237,237, 13
1457,237,237, 13
1458,237,237, 13
1459,237,237, 13
1460,237,237, 13
1461,237,237, 13
1462,237,237, 13
1463,237,237, 13
1464,237,237, 13
1465,237,237, 13
1466,237,237, 13
1467,237,237, 13
1468,237,237, 13
1469,237,237, 13
1470,237,237, 13
1471,237,237, 13
1472,237,237, 13
1473,237,237, 13
1474,237,237, 13
1475,237,237, 13
1476,237,237, 13
1477,237,237, 13
1478,237,237, 13
1479,237,237, 13
1480,237,237, 13
1481,237,237, 13
1482,237,237, 13
1483,237,237, 13
1484,236,236, 14
1485,236,236, 14
1486,236,236, 14
1487,236,236, 14
1488,236,236, 14
1489,236,236, 14
1490,236,236, 14
1491,236,236, 14
1492,236,236, 14
1493,236,236, 14
1494,236,236, 14
1495,236,236, 14
1496,236,236, 14
1497,236,236, 14
1498,236,236, 14
1499,236,236, 14
