0,250,250, 0
1,250,250, 0
2,250,250, 0
3,250,250, 0
4,250,250, 0
5,250,250, 0
6,250,250, 0
7,250,250, 0
8,250,250, 0
9,250,250, 0
10,250,250, 0
11,250,250, 0
12,250,250, 0
13,250,250, 0
14,250,250, 0
15,250,250, 0
16,250,250, 0
17,250,250, 0
18,250,250, 0
19,250,250, 0
20,250,250, 0
21,250,250, 0
22,250,250, 0
23,248,248, 2
24,248,248, 2
25,248,248, 2
26,248,248, 2
27,248,248, 2
28,248,248, 2
29,248,248, 2
30,248,248, 2
31,248,248, 2
32,248,248, 2
33,248,248, 2
34,248,248, 2
35,248,248, 2
36,248,248, 2
37,248,248, 2
38,248,248, 2
39,248,248, 2
40,248,248, 2
41,248,248, 2
42,248,248, 2
43,248,248, 2
44,248,248, 2
45,248,248, 2
46,248,248, 2
47,248,248, 2
48,248,248, 2
49,248,248, 2
50,248,248, 2
51,248,248, 2
52,248,248, 2
53,248,248, 2
54,248,248, 2
55,248,248, 2
56,248,248, 2
57,248,248, 2
58,248,248, 2
59,248,248, 2
60,248,248, 2
61,248,248, 2
62,248,248, 2
63,247,247, 3
64,247,247, 3
65,247,247, 3
66,247,247, 3
67,247,247, 3
68,247,247, 3
69,247,247, 3
70,247,247, 3
71,247,247, 3
72,247,247, 3
73,247,247, 3
74,247,247, 3
75,247,247, 3
76,247,247, 3
77,247,247, 3
78,247,247, 3
79,247,247, 3
80,247,247, 3
81,247,247, 3
82,247,247, 3
83,247,247, 3
84,247,247, 3
85,247,247, 3
86,247,247, 3
87,247,247, 3
88,245,245, 5
89,245,245, 5
90,245,245, 5
91,245,245, 5
92,245,245, 5
93,245,245, 5
94,245,245, 5
95,244,244, 6
96,244,244, 6
97,244,244, 6
98,244,244, 6
99,244,244, 6
100,244,244, 6
101,244,244, 6
102,244,244, 6
103,244,244, 6
104,244,244, 6
105,244,244, 6
106,244,244, 6
107,244,244, 6
108,244,244, 6
109,244,244, 6
110,244,244, 6
111,244,244, 6
112,244,244, 6
113,244,244, 6
114,244,244, 6
115,243,243, 7
116,243,243, 7
117,243,243, 7
118,243,243, 7
119,243,243, 7
120,243,243, 7
121,243,243, 7
122,243,243, 7
123,243,243, 7
124,243,243, 7
125,243,243, 7
126,243,243, 7
127,243,243, 7
128,243,243, 7
129,243,243, 7
130,243,243, 7
131,243,243, 7
132,243,243, 7
133,243,243, 7
134,243,243, 7
135,243,243, 7
136,243,243, 7
137,243,243, 7
138,243,243, 7
139,243,243, 7
140,243,243, 7
141,243,243, 7
142,243,243, 7
143,243,243, 7
144,243,243, 7
145,243,243, 7
146,243,243, 7
147,243,243, 7
148,243,243, 7
149,243,243, 7
150,243,243, 7
151,243,243, 7
152,243,243, 7
153,243,243, 7
154,243,243, 7
155,241,241, 9
156,241,241, 9
157,240,240, 10
158,240,240, 10
159,240,240, 10
160,240,240, 10
161,240,240, 10
162,240,240, 10
163,240,240, 10
164,240,240, 10
165,240,240, 10
166,240,240, 10
167,240,240, 10
168,240,240, 10
169,240,240, 10
170,240,240, 10
171,240,240, 10
172,240,240, 10
173,240,240, 10
174,240,240, 10
175,240,240, 10
176,240,240, 10
177,240,240, 10
178,240,240, 10
179,240,240, 10
180,240,240, 10
181,240,240, 10
182,240,240, 10
183,240,240, 10
184,240,240, 10
185,240,240, 10
186,240,240, 10
187,240,240, 10
188,240,240, 10
189,240,240, 10
190,239,239, 11
191,239,239, 11
192,239,239, 11
193,239,239, 11
194,239,239, 11
195,239,239, 11
196,239,239, 11
197,239,239, 11
198,239,239, 11
199,239,239, 11
200,239,239, 11
201,239,239, 11
202,239,239, 11
203,239,239, 11
204,239,239, 11
205,239,239, 11
206,239,239, 11
207,237,237, 13
208,237,237, 13
209,237,237, 13
210,237,237, 13
211,237,237, 13
212,237,237, 13
213,237,237, 13
214,237,237, 13
215,237,237, 13
216,237,237, 13
217,237,237, 13
218,237,237, 13
219,237,237, 13
220,237,237, 13
221,237,237, 13
222,237,237, 13
223,237,237, 13
224,237,237, 13
225,236,236, 14
226,235,235, 15
227,235,235, 15
228,235,235, 15
229,235,235, 15
230,235,235, 15
231,235,235, 15
232,235,235, 15
233,235,235, 15
234,235,235, 15
235,235,235, 15
236,235,235, 15
237,235,235, 15
238,235,235, 15
239,235,235, 15
240,235,235, 15
241,235,235, 15
242,235,235, 15
243,235,235, 15
244,235,235, 15
245,235,235, 15
246,235,235, 15
247,235,235, 15
248,235,235, 15
249,235,235, 15
250,235,235, 15
251,235,235, 15
252,235,235, 15
253,235,235, 15
254,235,235, 15
255,234,234, 16
256,234,234, 16
257,234,234, 16
258,234,234, 16
259,234,234, 16
260,234,234, 16
261,234,234, 16
262,234,234, 16
263,234,234, 16
264,234,234, 16
265,234,234, 16
266,234,234, 16
267,234,234, 16
268,232,232, 18
269,232,232, 18
270,232,232, 18
271,232,232, 18
272,232,232, 18
273,232,232, 18
274,232,232, 18
275,232,232, 18
276,232,232, 18
277,232,232, 18
278,232,232, 18
279,232,232, 18
280,232,232, 18
281,232,232, 18
282,232,232, 18
283,232,232, 18
284,232,232, 18
285,232,232, 18
286,232,232, 18
287,232,232, 18
288,232,232, 18
289,232,232, 18
290,232,232, 18
291,232,232, 18
292,232,232, 18
293,232,232, 18
294,232,232, 18
295,232,232, 18
296,232,232, 18
297,232,232, 18
298,232,232, 18
299,232,232, 18
300,232,232, 18
301,232,232, 18
302,230,230, 20
303,230,230, 20
304,230,230, 20
305,230,230, 20
306,230,230, 20
307,230,230, 20
308,230,230, 20
309,230,230, 20
310,230,230, 20
311,230,230, 20
312,230,230, 20
313,230,230, 20
314,230,230, 20
315,230,230, 20
316,230,230, 20
317,230,230, 20
318,230,230, 20
319,230,230, 20
320,230,230, 20
321,230,230, 20
322,230,230, 20
323,230,230, 20
324,230,230, 20
325,230,230, 20
326,230,230, 20
327,230,230, 20
328,229,229, 21
329,229,229, 21
330,229,229, 21
331,229,229, 21
332,229,229, 21
333,229,229, 21
334,229,229, 21
335,229,229, 21
336,229,229, 21
337,229,229, 21
338,229,229, 21
339,229,229, 21
340,229,229, 21
341,229,229, 21
342,229,229, 21
343,228,228, 22
344,228,228, 22
345,228,228, 22
346,228,228, 22
347,228,228, 22
348,228,228, 22
349,228,228, 22
350,228,228, 22
351,228,228, 22
352,228,228, 22
353,228,228, 22
354,228,228, 22
355,227,227, 23
356,227,227, 23
357,227,227, 23
358,227,227, 23
359,227,227, 23
360,227,227, 23
361,227,227, 23
362,227,227, 23
363,227,227, 23
364,227,227, 23
365,227,227, 23
366,227,227, 23
367,227,227, 23
368,227,227, 23
369,227,227, 23
370,227,227, 23
371,227,227, 23
372,227,227, 23
373,227,227, 23
374,227,227, 23
375,227,227, 23
376,227,227, 23
377,227,227, 23
378,227,227, 23
379,227,227, 23
380,227,227, 23
381,227,227, 23
382,225,225, 25
383,225,225, 25
384,225,225, 25
385,225,225, 25
386,225,225, 25
387,225,225, 25
388,225,225, 25
389,225,225, 25
390,225,225, 25
391,224,224, 26
392,224,224, 26
393,224,224, 26
394,224,224, 26
395,224,224, 26
396,224,224, 26
397,224,224, 26
398,224,224, 26
399,224,224, 26
400,224,224, 26
401,224,224, 26
402,224,224, 26
403,224,224, 26
404,224,224, 26
405,224,224, 26
406,224,224, 26
407,223,223, 27
408,222,222, 28
409,222,222, 28
410,222,222, 28
411,222,222, 28
412,222,222, 28
413,222,222, 28
414,221,221, 29
415,221,221, 29
416,221,221, 29
417,221,221, 29
418,220,220, 30
419,220,220, 30
420,220,220, 30
421,220,220, 30
422,220,220, 30
423,220,220, 30
424,220,220, 30
425,220,220, 30
426,220,220, 30
427,220,220, 30
428,220,220, 30
429,220,220, 30
430,220,220, 30
431,220,220, 30
432,220,220, 30
433,220,220, 30
434,220,220, 30
435,220,220, 30
436,220,220, 30
437,220,220, 30
438,220,220, 30
439,220,220, 30
440,220,220, 30
441,220,220, 30
442,220,220, 30
443,220,220, 30
444,220,220, 30
445,220,220, 30
446,220,220, 30
447,220,220, 30
448,220,220, 30
449,220,220, 30
450,220,220, 30
451,220,220, 30
452,220,220, 30
453,220,220, 30
454,220,220, 30
455,220,220, 30
456,220,220, 30
457,220,220, 30
458,220,220, 30
459,220,220, 30
460,220,220, 30
461,220,220, 30
462,220,220, 30
463,220,220, 30
464,220,220, 30
465,220,220, 30
466,220,220, 30
467,220,220, 30
468,220,220, 30
469,220,220, 30
470,220,220, 30
471,220,220, 30
472,220,220, 30
473,220,220, 30
474,220,220, 30
475,220,220, 30
476,220,220, 30
477,220,220, 30
478,220,220, 30
479,220,220, 30
480,220,220, 30
481,220,220, 30
482,220,220, 30
483,220,220, 30
484,220,220, 30
485,220,220, 30
486,220,220, 30
487,220,220, 30
488,220,220, 30
489,220,220, 30
490,220,220, 30
491,220,220, 30
492,220,220, 30
493,220,220, 30
494,220,220, 30
495,220,220, 30
496,220,220, 30
497,220,220, 30
498,220,220, 30
499,220,220, 30
500,220,220, 30
501,220,220, 30
502,220,220, 30
503,220,220, 30
504,220,220, 30
505,220,220, 30
506,220,220, 30
507,220,220, 30
508,220,220, 30
509,220,220, 30
510,220,220, 30
511,220,220, 30
512,220,220, 30
513,220,220, 30
514,220,220, 30
515,220,220, 30
516,220,220, 30
517,220,220, 30
518,220,220, 30
519,220,220, 30
520,220,220, 30
521,220,220, 30
522,219,219, 31
523,219,219, 31
524,219,219, 31
525,219,219, 31
526,219,219, 31
527,219,219, 31
528,219,219, 31
529,219,219, 31
530,219,219, 31
531,219,219, 31
532,219,219, 31
533,219,219, 31
534,219,219, 31
535,219,219, 31
536,219,219, 31
537,219,219, 31
538,219,219, 31
539,219,219, 31
540,219,219, 31
541,219,219, 31
542,219,219, 31
543,219,219, 31
544,219,219, 31
545,219,219, 31
546,219,219, 31
547,219,219, 31
548,219,219, 31
549,218,218, 32
550,217,217, 33
551,217,217, 33
552,217,217, 33
553,217,217, 33
554,217,217, 33
555,217,217, 33
556,217,217, 33
557,217,217, 33
558,217,217, 33
559,217,217, 33
560,217,217, 33
561,217,217, 33
562,217,217, 33
563,217,217, 33
564,217,217, 33
565,217,217, 33
566,217,217, 33
567,217,217, 33
568,217,217, 33
569,217,217, 33
570,217,217, 33
571,217,217, 33
572,217,217, 33
573,217,217, 33
574,217,217, 33
575,217,217, 33
576,217,217, 33
577,217,217, 33
578,217,217, 33
579,217,217, 33
580,217,217, 33
581,217,217, 33
582,217,217, 33
583,217,217, 33
584,217,217, 33
585,217,217, 33
586,217,217, 33
587,217,217, 33
588,217,217, 33
589,217,217, 33
590,217,217, 33
591,217,217, 33
592,217,217, 33
593,217,217, 33
594,217,217, 33
595,217,217, 33
596,217,217, 33
597,217,217, 33
598,217,217, 33
599,217,217, 33
600,217,217, 33
601,217,217, 33
602,217,217, 33
603,217,217, 33
604,217,217, 33
605,217,217, 33
606,217,217, 33
607,217,217, 33
608,217,217, 33
609,217,217, 33
610,217,217, 33
611,217,217, 33
612,217,217, 33
613,216,216, 34
614,216,216, 34
615,216,216, 34
616,216,216, 34
617,216,216, 34
618,216,216, 34
619,216,216, 34
620,216,216, 34
621,215,215, 35
622,215,215, 35
623,215,215, 35
624,214,214, 36
625,214,214, 36
626,214,214, 36
627,214,214, 36
628,214,214, 36
629,214,214, 36
630,214,214, 36
631,214,214, 36
632,214,214, 36
633,214,214, 36
634,214,214, 36
635,214,214, 36
636,214,214, 36
637,214,214, 36
638,214,214, 36
639,214,214, 36
640,214,214, 36
641,214,214, 36
642,214,214, 36
643,214,214, 36
644,214,214, 36
645,214,214, 36
646,214,214, 36
647,214,214, 36
648,213,213, 37
649,212,212, 38
650,212,212, 38
651,212,212, 38
652,212,212, 38
653,212,212, 38
654,212,212, 38
655,212,212, 38
656,212,212, 38
657,212,212, 38
658,212,212, 38
659,212,212, 38
660,212,212, 38
661,212,212, 38
662,212,212, 38
663,212,212, 38
664,212,212, 38
665,212,212, 38
666,212,212, 38
667,212,212, 38
668,212,212, 38
669,212,212, 38
670,212,212, 38
671,212,212, 38
672,212,212, 38
673,212,212, 38
674,212,212, 38
675,212,212, 38
676,212,212, 38
677,212,212, 38
678,212,212, 38
679,212,212, 38
680,212,212, 38
681,212,212, 38
682,212,212, 38
683,212,212, 38
684,212,212, 38
685,212,212, 38
686,212,212, 38
687,212,212, 38
688,211,211, 39
689,211,211, 39
690,211,211, 39
691,211,211, 39
692,211,211, 39
693,211,211, 39
694,211,211, 39
695,211,211, 39
696,209,209, 41
697,209,209, 41
698,209,209, 41
699,209,209, 41
700,209,209, 41
701,209,209, 41
702,209,209, 41
703,209,209, 41
704,209,209, 41
705,209,209, 41
706,209,209, 41
707,209,209, 41
708,209,209, 41
709,209,209, 41
710,209,209, 41
711,209,209, 41
712,209,209, 41
713,209,209, 41
714,209,209, 41
715,209,209, 41
716,209,209, 41
717,209,209, 41
718,209,209, 41
719,209,209, 41
720,209,209, 41
721,209,209, 41
722,209,209, 41
723,209,209, 41
724,209,209, 41
725,208,208, 42
726,208,208, 42
727,208,208, 42
728,208,208, 42
729,208,208, 42
730,208,208, 42
731,208,208, 42
732,208,208, 42
733,208,208, 42
734,208,208, 42
735,208,208, 42
736,208,208, 42
737,208,208, 42
738,208,208, 42
739,208,208, 42
740,208,208, 42
741,208,208, 42
742,208,208, 42
743,208,208, 42
744,208,208, 42
745,208,208, 42
746,208,208, 42
747,208,208, 42
748,208,208, 42
749,208,208, 42
750,208,208, 42
751,208,208, 42
752,208,208, 42
753,208,208, 42
754,208,208, 42
755,208,208, 42
756,207,207, 43
757,207,207, 43
758,207,207, 43
759,207,207, 43
760,207,207, 43
761,207,207, 43
762,207,207, 43
763,207,207, 43
764,207,207, 43
765,207,207, 43
766,207,207, 43
767,207,207, 43
768,207,207, 43
769,207,207, 43
770,207,207, 43
771,207,207, 43
772,207,207, 43
773,207,207, 43
774,207,207, 43
775,207,207, 43
776,207,207, 43
777,207,207, 43
778,207,207, 43
779,207,207, 43
780,207,207, 43
781,207,207, 43
782,207,207, 43
783,207,207, 43
784,207,207, 43
785,207,207, 43
786,207,207, 43
787,207,207, 43
788,207,207, 43
789,207,207, 43
790,207,207, 43
791,206,206, 44
792,206,206, 44
793,206,206, 44
794,206,206, 44
795,206,206, 44
796,206,206, 44
797,206,206, 44
798,206,206, 44
799,206,206, 44
800,206,206, 44
801,206,206, 44
802,206,206, 44
803,206,206, 44
804,206,206, 44
805,206,206, 44
806,206,206, 44
807,206,206, 44
808,206,206, 44
809,206,206, 44
810,206,206, 44
811,206,206, 44
812,206,206, 44
813,206,206, 44
814,206,206, 44
815,206,206, 44
816,206,206, 44
817,206,206, 44
818,206,206, 44
819,206,206, 44
820,206,206, 44
821,206,206, 44
822,206,206, 44
823,206,206, 44
824,206,206, 44
825,206,206, 44
826,206,206, 44
827,206,206, 44
828,206,206, 44
829,206,206, 44
830,206,206, 44
831,206,206, 44
832,206,206, 44
833,206,206, 44
834,206,206, 44
835,206,206, 44
836,206,206, 44
837,206,206, 44
838,206,206, 44
839,206,206, 44
840,206,206, 44
841,206,206, 44
842,206,206, 44
843,206,206, 44
844,206,206, 44
845,206,206, 44
846,206,206, 44
847,206,206, 44
848,206,206, 44
849,206,206, 44
850,206,206, 44
851,206,206, 44
852,206,206, 44
853,206,206, 44
854,206,206, 44
855,206,206, 44
856,206,206, 44
857,206,206, 44
858,206,206, 44
859,206,206, 44
860,206,206, 44
861,206,206, 44
862,206,206, 44
863,206,206, 44
864,205,205, 45
865,205,205, 45
866,204,204, 46
867,204,204, 46
868,204,204, 46
869,204,204, 46
870,204,204, 46
871,203,203, 47
872,203,203, 47
873,203,203, 47
874,203,203, 47
875,203,203, 47
876,203,203, 47
877,203,203, 47
878,203,203, 47
879,203,203, 47
880,203,203, 47
881,203,203, 47
882,203,203, 47
883,203,203, 47
884,203,203, 47
885,203,203, 47
886,203,203, 47
887,203,203, 47
888,203,203, 47
889,203,203, 47
890,203,203, 47
891,203,203, 47
892,203,203, 47
893,203,203, 47
894,203,203, 47
895,203,203, 47
896,203,203, 47
897,203,203, 47
898,203,203, 47
899,203,203, 47
900,203,203, 47
901,203,203, 47
902,203,203, 47
903,203,203, 47
904,203,203, 47
905,203,203, 47
906,203,203, 47
907,203,203, 47
908,203,203, 47
909,203,203, 47
910,203,203, 47
911,203,203, 47
912,203,203, 47
913,203,203, 47
914,203,203, 47
915,203,203, 47
916,203,203, 47
917,202,202, 48
918,202,202, 48
919,202,202, 48
920,202,202, 48
921,202,202, 48
922,202,202, 48
923,201,201, 49
924,201,201, 49
925,201,201, 49
926,201,201, 49
927,201,201, 49
928,201,201, 49
929,201,201, 49
930,201,201, 49
931,201,201, 49
932,201,201, 49
933,201,201, 49
934,201,201, 49
935,201,201, 49
936,200,200, 50
937,200,200, 50
938,200,200, 50
939,200,200, 50
940,200,200, 50
941,200,200, 50
942,200,200, 50
943,200,200, 50
944,199,199, 51
945,198,198, 52
946,198,198, 52
947,198,198, 52
948,198,198, 52
949,198,198, 52
950,198,198, 52
951,198,198, 52
952,198,198, 52
953,198,198, 52
954,198,198, 52
955,198,198, 52
956,199,199, 51
957,199,199, 51
958,199,199, 51
959,199,199, 51
960,199,199, 51
961,199,199, 51
962,199,199, 51
963,199,199, 51
964,199,199, 51
965,199,199, 51
966,199,199, 51
967,199,199, 51
968,199,199, 51
969,199,199, 51
970,199,199, 51
971,199,199, 51
972,199,199, 51
973,199,199, 51
974,199,199, 51
975,199,199, 51
976,199,199, 51
977,199,199, 51
978,199,199, 51
979,199,199, 51
980,199,199, 51
981,199,199, 51
982,199,199, 51
983,199,199, 51
984,199,199, 51
985,199,199, 51
986,199,199, 51
987,199,199, 51
988,199,199, 51
989,199,199, 51
990,199,199, 51
991,199,199, 51
992,199,199, 51
993,199,199, 51
994,199,199, 51
995,199,199, 51
996,199,199, 51
997,199,199, 51
998,199,199, 51
999,199,199, 51
1000,199,199, 51
1001,199,199, 51
1002,199,199, 51
1003,199,199, 51
1004,199,199, 51
1005,199,199, 51
1006,199,199, 51
1007,199,199, 51
1008,199,199, 51
1009,199,199, 51
1010,199,199, 51
1011,199,199, 51
1012,199,199, 51
1013,199,199, 51
1014,199,199, 51
1015,199,199, 51
1016,199,199, 51
1017,199,199, 51
1018,199,199, 51
1019,199,199, 51
1020,199,199, 51
1021,199,199, 51
1022,199,199, 51
1023,199,199, 51
1024,199,199, 51
1025,199,199, 51
1026,199,199, 51
1027,199,199, 51
1028,199,199, 51
1029,199,199, 51
1030,199,199, 51
1031,199,199, 51
1032,199,199, 51
1033,199,199, 51
1034,199,199, 51
1035,199,199, 51
1036,199,199, 51
1037,199,199, 51
1038,199,199, 51
1039,199,199, 51
1040,199,199, 51
1041,199,199, 51
1042,199,199, 51
1043,199,199, 51
1044,199,199, 51
1045,199,199, 51
1046,199,199, 51
1047,199,199, 51
1048,199,199, 51
1049,199,199, 51
1050,199,199, 51
1051,199,199, 51
1052,199,199, 51
1053,199,199, 51
1054,199,199, 51
1055,199,199, 51
1056,199,199, 51
1057,199,199, 51
1058,199,199, 51
1059,199,199, 51
1060,199,199, 51
1061,199,199, 51
1062,199,199, 51
1063,199,199, 51
1064,199,199, 51
1065,199,199, 51
1066,199,199, 51
1067,199,199, 51
1068,199,199, 51
1069,199,199, 51
1070,199,199, 51
1071,199,199, 51
1072,199,199, 51
1073,199,199, 51
1074,199,199, 51
1075,199,199, 51
1076,199,199, 51
1077,199,199, 51
1078,199,199, 51
1079,199,199, 51
1080,199,199, 51
1081,199,199, 51
1082,199,199, 51
1083,199,199, 51
1084,199,199, 51
1085,199,199, 51
1086,199,199, 51
1087,199,199, 51
1088,199,199, 51
1089,199,199, 51
1090,199,199, 51
1091,199,199, 51
1092,199,199, 51
1093,199,199, 51
1094,199,199, 51
1095,199,199, 51
1096,199,199, 51
1097,199,199, 51
1098,198,198, 52
1099,198,198, 52
1100,198,198, 52
1101,198,198, 52
1102,198,198, 52
1103,198,198, 52
1104,198,198, 52
1105,198,198, 52
1106,198,198, 52
1107,198,198, 52
1108,198,198, 52
1109,198,198, 52
1110,198,198, 52
1111,197,197, 53
1112,197,197, 53
1113,197,197, 53
1114,197,197, 53
1115,197,197, 53
1116,197,197, 53
1117,197,197, 53
1118,197,197, 53
1119,197,197, 53
1120,197,197, 53
1121,197,197, 53
1122,197,197, 53
1123,197,197, 53
1124,197,197, 53
1125,197,197, 53
1126,197,197, 53
1127,197,197, 53
1128,197,197, 53
1129,197,197, 53
1130,197,197, 53
1131,197,197, 53
1132,197,197, 53
1133,197,197, 53
1134,197,197, 53
1135,197,197, 53
1136,197,197, 53
1137,197,197, 53
1138,197,197, 53
1139,197,197, 53
1140,197,197, 53
1141,197,197, 53
1142,197,197, 53
1143,197,197, 53
1144,197,197, 53
1145,197,197, 53
1146,197,197, 53
1147,197,197, 53
1148,197,197, 53
1149,197,197, 53
1150,197,197, 53
1151,197,197, 53
1152,197,197, 53
1153,197,197, 53
1154,197,197, 53
1155,197,197, 53
1156,197,197, 53
1157,197,197, 53
1158,197,197, 53
1159,197,197, 53
1160,197,197, 53
1161,197,197, 53
1162,197,197, 53
1163,197,197, 53
1164,197,197, 53
1165,197,197, 53
1166,197,197, 53
1167,197,197, 53
1168,197,197, 53
1169,197,197, 53
1170,197,197, 53
1171,197,197, 53
1172,197,197, 53
1173,197,197, 53
1174,197,197, 53
1175,197,197, 53
1176,197,197, 53
1177,197,197, 53
1178,197,197, 53
1179,197,197, 53
1180,197,197, 53
1181,197,197, 53
1182,197,197, 53
1183,197,197, 53
1184,197,197, 53
1185,197,197, 53
1186,197,197, 53
1187,197,197, 53
1188,197,197, 53
1189,197,197, 53
1190,197,197, 53
1191,197,197, 53
1192,197,197, 53
1193,197,197, 53
1194,197,197, 53
1195,197,197, 53
1196,197,197, 53
1197,197,197, 53
1198,197,197, 53
1199,197,197, 53
1200,197,197, 53
1201,197,197, 53
1202,197,197, 53
1203,197,197, 53
1204,197,197, 53
1205,197,197, 53
1206,197,197, 53
1207,197,197, 53
1208,197,197, 53
1209,197,197, 53
1210,197,197, 53
1211,197,197, 53
1212,197,197, 53
1213,197,197, 53
1214,197,197, 53
1215,197,197, 53
1216,197,197, 53
1217,197,197, 53
1218,197,197, 53
1219,197,197, 53
1220,197,197, 53
1221,197,197, 53
1222,197,197, 53
1223,197,197, 53
1224,197,197, 53
1225,197,197, 53
1226,197,197, 53
1227,197,197, 53
1228,197,197, 53
1229,197,197, 53
1230,197,197, 53
1231,197,197, 53
1232,197,197, 53
1233,197,197, 53
1234,197,197, 53
1235,197,197, 53
1236,197,197, 53
1237,197,197, 53
1238,197,197, 53
1239,196,196, 54
1240,196,196, 54
1241,196,196, 54
1242,196,196, 54
1243,196,196, 54
1244,196,196, 54
1245,196,196, 54
1246,196,196, 54
1247,196,196, 54
1248,196,196, 54
1249,196,196, 54
1250,196,196, 54
1251,196,196, 54
1252,196,196, 54
1253,196,196, 54
1254,196,196, 54
1255,196,196, 54
1256,196,196, 54
1257,196,196, 54
1258,194,194, 56
1259,194,194, 56
1260,194,194, 56
1261,194,194, 56
1262,194,194, 56
1263,194,194, 56
1264,194,194, 56
1265,194,194, 56
1266,194,194, 56
1267,194,194, 56
1268,194,194, 56
1269,194,194, 56
1270,194,194, 56
1271,194,194, 56
1272,193,193, 57
1273,193,193, 57
1274,193,193, 57
1275,193,193, 57
1276,193,193, 57
1277,193,193, 57
1278,193,193, 57
1279,193,193, 57
1280,193,193, 57
1281,193,193, 57
1282,193,193, 57
1283,193,193, 57
1284,193,193, 57
1285,193,193, 57
1286,193,193, 57
1287,193,193, 57
1288,193,193, 57
1289,193,193, 57
1290,193,193, 57
1291,193,193, 57
1292,193,193, 57
1293,193,193, 57
1294,193,193, 57
1295,193,193, 57
1296,193,193, 57
1297,193,193, 57
1298,193,193, 57
1299,193,193, 57
1300,193,193, 57
1301,193,193, 57
1302,193,193, 57
1303,193,193, 57
1304,193,193, 57
1305,193,193, 57
1306,193,193, 57
1307,193,193, 57
1308,193,193, 57
1309,193,193, 57
1310,193,193, 57
1311,193,193, 57
1312,193,193, 57
1313,193,193, 57
1314,193,193, 57
1315,193,193, 57
1316,193,193, 57
1317,193,193, 57
1318,193,193, 57
1319,193,193, 57
1320,193,193, 57
1321,193,193, 57
1322,193,193, 57
1323,193,193, 57
1324,193,193, 57
1325,193,193, 57
1326,193,193, 57
1327,193,193, 57
1328,193,193, 57
1329,193,193, 57
1330,193,193, 57
1331,193,193, 57
1332,193,193, 57
1333,193,193, 57
1334,193,193, 57
1335,193,193, 57
1336,193,193, 57
1337,193,193, 57
1338,193,193, 57
1339,193,193, 57
1340,193,193, 57
1341,193,193, 57
1342,193,193, 57
1343,193,193, 57
1344,193,193, 57
1345,193,193, 57
1346,193,193, 57
1347,193,193, 57
1348,193,193, 57
1349,193,193, 57
1350,193,193, 57
1351,193,193, 57
1352,193,193, 57
1353,193,193, 57
1354,193,193, 57
1355,193,193, 57
1356,193,193, 57
1357,193,193, 57
1358,193,193, 57
1359,193,193, 57
1360,193,193, 57
1361,193,193, 57
1362,193,193, 57
1363,193,193, 57
1364,193,193, 57
1365,193,193, 57
1366,193,193, 57
1367,193,193, 57
1368,193,193, 57
1369,193,193, 57
1370,193,193, 57
1371,193,193, 57
1372,193,193, 57
1373,193,193, 57
1374,193,193, 57
1375,193,193, 57
1376,193,193, 57
1377,193,193, 57
1378,193,193, 57
1379,193,193, 57
1380,193,193, 57
1381,193,193, 57
1382,193,193, 57
1383,193,193, 57
1384,193,193, 57
1385,193,193, 57
1386,192,192, 58
1387,192,192, 58
1388,192,192, 58
1389,192,192, 58
1390,192,192, 58
1391,192,192, 58
1392,192,192, 58
1393,192,192, 58
1394,192,192, 58
1395,192,192, 58
1396,192,192, 58
1397,192,192, 58
1398,192,192, 58
1399,192,192, 58
1400,192,192, 58
1401,192,192, 58
1402,192,192, 58
1403,192,192, 58
1404,192,192, 58
1405,192,192, 58
1406,192,192, 58
1407,192,192, 58
1408,192,192, 58
1409,192,192, 58
1410,192,192, 58
1411,192,192, 58
1412,192,192, 58
1413,192,192, 58
1414,192,192, 58
1415,192,192, 58
1416,192,192, 58
1417,192,192, 58
1418,192,192, 58
1419,192,192, 58
1420,192,192, 58
1421,192,192, 58
1422,192,192, 58
1423,192,192, 58
1424,192,192, 58
1425,192,192, 58
1426,192,192, 58
1427,192,192, 58
1428,192,192, 58
1429,192,192, 58
1430,192,192, 58
1431,192,192, 58
1432,192,192, 58
1433,192,192, 58
1434,192,192, 58
1435,192,192, 58
1436,192,192, 58
1437,192,192, 58
1438,192,192, 58
1439,192,192, 58
1440,192,192, 58
1441,192,192, 58
1442,192,192, 58
1443,192,192, 58
1444,192,192, 58
1445,192,192, 58
1446,192,192, 58
1447,192,192, 58
1448,192,192, 58
1449,192,192, 58
1450,192,192, 58
1451,192,192, 58
1452,192,192, 58
1453,192,192, 58
1454,192,192, 58
1455,192,192, 58
1456,192,192, 58
1457,192,192, 58
1458,192,192, 58
1459,192,192, 58
1460,192,192, 58
1461,192,192, 58
1462,192,192, 58
1463,192,192, 58
1464,192,192, 58
1465,192,192, 58
1466,192,192, 58
1467,192,192, 58
1468,192,192, 58
1469,192,192, 58
1470,192,192, 58
1471,192,192, 58
1472,192,192, 58
1473,192,192, 58
1474,191,191, 59
1475,191,191, 59
1476,191,191, 59
1477,191,191, 59
1478,191,191, 59
1479,191,191, 59
1480,191,191, 59
1481,191,191, 59
1482,191,191, 59
1483,191,191, 59
1484,191,191, 59
1485,191,191, 59
1486,191,191, 59
1487,191,191, 59
1488,191,191, 59
1489,191,191, 59
1490,190,190, 60
1491,190,190, 60
1492,190,190, 60
1493,190,190, 60
1494,190,190, 60
1495,190,190, 60
1496,190,190, 60
1497,190,190, 60
1498,190,190, 60
1499,190,190, 60
