0,248,248, 2
1,248,248, 2
2,248,248, 2
3,248,248, 2
4,248,248, 2
5,248,248, 2
6,248,248, 2
7,248,248, 2
8,248,248, 2
9,248,248, 2
10,248,248, 2
11,248,248, 2
12,248,248, 2
13,248,248, 2
14,248,248, 2
15,248,248, 2
16,248,248, 2
17,248,248, 2
18,248,248, 2
19,248,248, 2
20,247,247, 3
21,247,247, 3
22,247,247, 3
23,247,247, 3
24,246,246, 4
25,246,246, 4
26,246,246, 4
27,246,246, 4
28,246,246, 4
29,246,246, 4
30,246,246, 4
31,246,246, 4
32,246,246, 4
33,246,246, 4
34,246,246, 4
35,246,246, 4
36,246,246, 4
37,246,246, 4
38,246,246, 4
39,246,246, 4
40,246,246, 4
41,246,246, 4
42,245,245, 5
43,245,245, 5
44,245,245, 5
45,245,245, 5
46,245,245, 5
47,245,245, 5
48,245,245, 5
49,245,245, 5
50,245,245, 5
51,245,245, 5
52,245,245, 5
53,245,245, 5
54,245,245, 5
55,245,245, 5
56,245,245, 5
57,245,245, 5
58,245,245, 5
59,245,245, 5
60,245,245, 5
61,245,245, 5
62,245,245, 5
63,245,245, 5
64,245,245, 5
65,245,245, 5
66,245,245, 5
67,245,245, 5
68,245,245, 5
69,245,245, 5
70,245,245, 5
71,245,245, 5
72,245,245, 5
73,245,245, 5
74,245,245, 5
75,245,245, 5
76,245,245, 5
77,245,245, 5
78,245,245, 5
79,244,244, 6
80,244,244, 6
81,244,244, 6
82,244,244, 6
83,244,244, 6
84,244,244, 6
85,244,244, 6
86,244,244, 6
87,244,244, 6
88,244,244, 6
89,244,244, 6
90,244,244, 6
91,244,244, 6
92,244,244, 6
93,244,244, 6
94,244,244, 6
95,244,244, 6
96,244,244, 6
97,244,244, 6
98,244,244, 6
99,244,244, 6
100,244,244, 6
101,244,244, 6
102,244,244, 6
103,244,244, 6
104,244,244, 6
105,244,244, 6
106,244,244, 6
107,244,244, 6
108,244,244, 6
109,244,244, 6
110,244,244, 6
111,244,244, 6
112,244,244, 6
113,244,244, 6
114,244,244, 6
115,244,244, 6
116,244,244, 6
117,244,244, 6
118,244,244, 6
119,244,244, 6
120,244,244, 6
121,244,244, 6
122,244,244, 6
123,244,244, 6
124,244,244, 6
125,244,244, 6
126,244,244, 6
127,244,244, 6
128,244,244, 6
129,244,244, 6
130,244,244, 6
131,244,244, 6
132,244,244, 6
133,244,244, 6
134,244,244, 6
135,244,244, 6
136,244,244, 6
137,244,244, 6
138,244,244, 6
139,244,244, 6
140,244,244, 6
141,244,244, 6
142,244,244, 6
143,244,244, 6
144,244,244, 6
145,244,244, 6
146,243,243, 7
147,243,243, 7
148,243,243, 7
149,243,243, 7
150,243,243, 7
151,243,243, 7
152,243,243, 7
153,243,243, 7
154,243,243, 7
155,243,243, 7
156,243,243, 7
157,243,243, 7
158,243,243, 7
159,243,243, 7
160,243,243, 7
161,243,243, 7
162,241,241, 9
163,241,241, 9
164,241,241, 9
165,241,241, 9
166,241,241, 9
167,241,241, 9
168,241,241, 9
169,241,241, 9
170,240,240, 10
171,240,240, 10
172,240,240, 10
173,240,240, 10
174,240,240, 10
175,240,240, 10
176,240,240, 10
177,240,240, 10
178,240,240, 10
179,240,240, 10
180,240,240, 10
181,240,240, 10
182,240,240, 10
183,240,240, 10
184,240,240, 10
185,240,240, 10
186,240,240, 10
187,240,240, 10
188,240,240, 10
189,240,240, 10
190,240,240, 10
191,240,240, 10
192,240,240, 10
193,240,240, 10
194,240,240, 10
195,240,240, 10
196,239,239, 11
197,238,238, 12
198,238,238, 12
199,238,238, 12
200,238,238, 12
201,238,238, 12
202,236,236, 14
203,236,236, 14
204,236,236, 14
205,236,236, 14
206,236,236, 14
207,235,235, 15
208,235,235, 15
209,235,235, 15
210,235,235, 15
211,235,235, 15
212,235,235, 15
213,235,235, 15
214,235,235, 15
215,235,235, 15
216,235,235, 15
217,235,235, 15
218,235,235, 15
219,235,235, 15
220,235,235, 15
221,235,235, 15
222,235,235, 15
223,235,235, 15
224,235,235, 15
225,235,235, 15
226,235,235, 15
227,235,235, 15
228,235,235, 15
229,235,235, 15
230,235,235, 15
231,235,235, 15
232,235,235, 15
233,235,235, 15
234,235,235, 15
235,235,235, 15
236,235,235, 15
237,235,235, 15
238,235,235, 15
239,235,235, 15
240,235,235, 15
241,235,235, 15
242,235,235, 15
243,235,235, 15
244,234,234, 16
245,234,234, 16
246,234,234, 16
247,234,234, 16
248,234,234, 16
249,234,234, 16
250,234,234, 16
251,234,234, 16
252,234,234, 16
253,234,234, 16
254,234,234, 16
255,234,234, 16
256,234,234, 16
257,234,234, 16
258,234,234, 16
259,234,234, 16
260,234,234, 16
261,234,234, 16
262,234,234, 16
263,234,234, 16
264,234,234, 16
265,234,234, 16
266,234,234, 16
267,234,234, 16
268,234,234, 16
269,234,234, 16
270,234,234, 16
271,234,234, 16
272,234,234, 16
273,234,234, 16
274,234,234, 16
275,234,234, 16
276,234,234, 16
277,234,234, 16
278,234,234, 16
279,234,234, 16
280,234,234, 16
281,234,234, 16
282,234,234, 16
283,234,234, 16
284,234,234, 16
285,234,234, 16
286,234,234, 16
287,234,234, 16
288,234,234, 16
289,234,234, 16
290,234,234, 16
291,234,234, 16
292,234,234, 16
293,234,234, 16
294,234,234, 16
295,234,234, 16
296,234,234, 16
297,234,234, 16
298,234,234, 16
299,234,234, 16
300,234,234, 16
301,234,234, 16
302,234,234, 16
303,234,234, 16
304,234,234, 16
305,234,234, 16
306,234,234, 16
307,234,234, 16
308,234,234, 16
309,234,234, 16
310,234,234, 16
311,234,234, 16
312,234,234, 16
313,234,234, 16
314,234,234, 16
315,234,234, 16
316,234,234, 16
317,234,234, 16
318,234,234, 16
319,234,234, 16
320,234,234, 16
321,234,234, 16
322,234,234, 16
323,234,234, 16
324,234,234, 16
325,234,234, 16
326,234,234, 16
327,234,234, 16
328,234,234, 16
329,233,233, 17
330,231,231, 19
331,229,229, 21
332,229,229, 21
333,229,229, 21
334,229,229, 21
335,229,229, 21
336,229,229, 21
337,229,229, 21
338,229,229, 21
339,229,229, 21
340,229,229, 21
341,229,229, 21
342,228,228, 22
343,228,228, 22
344,228,228, 22
345,228,228, 22
346,228,228, 22
347,228,228, 22
348,228,228, 22
349,228,228, 22
350,228,228, 22
351,228,228, 22
352,228,228, 22
353,228,228, 22
354,228,228, 22
355,227,227, 23
356,227,227, 23
357,227,227, 23
358,227,227, 23
359,227,227, 23
360,227,227, 23
361,227,227, 23
362,227,227, 23
363,227,227, 23
364,227,227, 23
365,227,227, 23
366,227,227, 23
367,227,227, 23
368,227,227, 23
369,227,227, 23
370,227,227, 23
371,227,227, 23
372,227,227, 23
373,227,227, 23
374,227,227, 23
375,227,227, 23
376,227,227, 23
377,227,227, 23
378,227,227, 23
379,227,227, 23
380,227,227, 23
381,227,227, 23
382,227,227, 23
383,227,227, 23
384,227,227, 23
385,227,227, 23
386,227,227, 23
387,227,227, 23
388,227,227, 23
389,227,227, 23
390,227,227, 23
391,227,227, 23
392,227,227, 23
393,227,227, 23
394,227,227, 23
395,227,227, 23
396,227,227, 23
397,227,227, 23
398,227,227, 23
399,227,227, 23
400,227,227, 23
401,226,226, 24
402,226,226, 24
403,226,226, 24
404,226,226, 24
405,226,226, 24
406,226,226, 24
407,226,226, 24
408,226,226, 24
409,226,226, 24
410,226,226, 24
411,226,226, 24
412,226,226, 24
413,226,226, 24
414,226,226, 24
415,226,226, 24
416,226,226, 24
417,226,226, 24
418,226,226, 24
419,226,226, 24
420,226,226, 24
421,226,226, 24
422,226,226, 24
423,226,226, 24
424,226,226, 24
425,226,226, 24
426,226,226, 24
427,226,226, 24
428,226,226, 24
429,226,226, 24
430,226,226, 24
431,226,226, 24
432,226,226, 24
433,224,224, 26
434,224,224, 26
435,224,224, 26
436,224,224, 26
437,224,224, 26
438,224,224, 26
439,224,224, 26
440,224,224, 26
441,224,224, 26
442,224,224, 26
443,224,224, 26
444,224,224, 26
445,224,224, 26
446,224,224, 26
447,224,224, 26
448,224,224, 26
449,224,224, 26
450,224,224, 26
451,224,224, 26
452,224,224, 26
453,224,224, 26
454,224,224, 26
455,224,224, 26
456,224,224, 26
457,224,224, 26
458,224,224, 26
459,224,224, 26
460,224,224, 26
461,224,224, 26
462,224,224, 26
463,224,224, 26
464,224,224, 26
465,224,224, 26
466,224,224, 26
467,224,224, 26
468,224,224, 26
469,224,224, 26
470,222,222, 28
471,222,222, 28
472,222,222, 28
473,222,222, 28
474,222,222, 28
475,222,222, 28
476,222,222, 28
477,222,222, 28
478,222,222, 28
479,222,222, 28
480,222,222, 28
481,222,222, 28
482,222,222, 28
483,222,222, 28
484,221,221, 29
485,220,220, 30
486,220,220, 30
487,220,220, 30
488,220,220, 30
489,220,220, 30
490,220,220, 30
491,220,220, 30
492,220,220, 30
493,220,220, 30
494,220,220, 30
495,220,220, 30
496,220,220, 30
497,220,220, 30
498,220,220, 30
499,220,220, 30
500,220,220, 30
501,220,220, 30
502,220,220, 30
503,220,220, 30
504,220,220, 30
505,220,220, 30
506,220,220, 30
507,220,220, 30
508,220,220, 30
509,220,220, 30
510,220,220, 30
511,220,220, 30
512,220,220, 30
513,220,220, 30
514,220,220, 30
515,220,220, 30
516,220,220, 30
517,220,220, 30
518,220,220, 30
519,220,220, 30
520,220,220, 30
521,220,220, 30
522,220,220, 30
523,220,220, 30
524,220,220, 30
525,220,220, 30
526,220,220, 30
527,220,220, 30
528,220,220, 30
529,220,220, 30
530,220,220, 30
531,220,220, 30
532,220,220, 30
533,220,220, 30
534,220,220, 30
535,220,220, 30
536,220,220, 30
537,220,220, 30
538,220,220, 30
539,220,220, 30
540,220,220, 30
541,220,220, 30
542,220,220, 30
543,220,220, 30
544,220,220, 30
545,220,220, 30
546,220,220, 30
547,220,220, 30
548,220,220, 30
549,220,220, 30
550,220,220, 30
551,220,220, 30
552,220,220, 30
553,220,220, 30
554,220,220, 30
555,220,220, 30
556,220,220, 30
557,220,220, 30
558,220,220, 30
559,220,220, 30
560,220,220, 30
561,220,220, 30
562,220,220, 30
563,220,220, 30
564,220,220, 30
565,220,220, 30
566,220,220, 30
567,220,220, 30
568,220,220, 30
569,220,220, 30
570,220,220, 30
571,220,220, 30
572,220,220, 30
573,220,220, 30
574,220,220, 30
575,220,220, 30
576,220,220, 30
577,220,220, 30
578,220,220, 30
579,220,220, 30
580,220,220, 30
581,220,220, 30
582,220,220, 30
583,220,220, 30
584,220,220, 30
585,220,220, 30
586,220,220, 30
587,220,220, 30
588,220,220, 30
589,220,220, 30
590,220,220, 30
591,220,220, 30
592,220,220, 30
593,220,220, 30
594,220,220, 30
595,220,220, 30
596,220,220, 30
597,220,220, 30
598,220,220, 30
599,220,220, 30
600,220,220, 30
601,220,220, 30
602,220,220, 30
603,220,220, 30
604,220,220, 30
605,220,220, 30
606,220,220, 30
607,220,220, 30
608,220,220, 30
609,220,220, 30
610,220,220, 30
611,220,220, 30
612,220,220, 30
613,220,220, 30
614,220,220, 30
615,220,220, 30
616,220,220, 30
617,220,220, 30
618,220,220, 30
619,220,220, 30
620,220,220, 30
621,220,220, 30
622,220,220, 30
623,220,220, 30
624,220,220, 30
625,220,220, 30
626,220,220, 30
627,220,220, 30
628,220,220, 30
629,220,220, 30
630,220,220, 30
631,220,220, 30
632,220,220, 30
633,220,220, 30
634,220,220, 30
635,220,220, 30
636,220,220, 30
637,220,220, 30
638,220,220, 30
639,220,220, 30
640,220,220, 30
641,220,220, 30
642,220,220, 30
643,220,220, 30
644,220,220, 30
645,220,220, 30
646,220,220, 30
647,220,220, 30
648,220,220, 30
649,220,220, 30
650,220,220, 30
651,220,220, 30
652,220,220, 30
653,220,220, 30
654,220,220, 30
655,220,220, 30
656,220,220, 30
657,220,220, 30
658,220,220, 30
659,220,220, 30
660,220,220, 30
661,220,220, 30
662,220,220, 30
663,220,220, 30
664,220,220, 30
665,220,220, 30
666,220,220, 30
667,220,220, 30
668,220,220, 30
669,220,220, 30
670,220,220, 30
671,220,220, 30
672,220,220, 30
673,220,220, 30
674,220,220, 30
675,220,220, 30
676,220,220, 30
677,219,219, 31
678,219,219, 31
679,219,219, 31
680,219,219, 31
681,219,219, 31
682,219,219, 31
683,219,219, 31
684,219,219, 31
685,219,219, 31
686,219,219, 31
687,219,219, 31
688,217,217, 33
689,217,217, 33
690,217,217, 33
691,217,217, 33
692,217,217, 33
693,217,217, 33
694,216,216, 34
695,216,216, 34
696,216,216, 34
697,216,216, 34
698,216,216, 34
699,216,216, 34
700,216,216, 34
701,216,216, 34
702,216,216, 34
703,216,216, 34
704,216,216, 34
705,216,216, 34
706,216,216, 34
707,216,216, 34
708,216,216, 34
709,215,215, 35
710,215,215, 35
711,215,215, 35
712,215,215, 35
713,215,215, 35
714,215,215, 35
715,215,215, 35
716,215,215, 35
717,215,215, 35
718,215,215, 35
719,215,215, 35
720,215,215, 35
721,215,215, 35
722,214,214, 36
723,214,214, 36
724,214,214, 36
725,214,214, 36
726,214,214, 36
727,214,214, 36
728,214,214, 36
729,214,214, 36
730,214,214, 36
731,214,214, 36
732,214,214, 36
733,214,214, 36
734,214,214, 36
735,214,214, 36
736,214,214, 36
737,214,214, 36
738,214,214, 36
739,214,214, 36
740,214,214, 36
741,214,214, 36
742,214,214, 36
743,214,214, 36
744,214,214, 36
745,214,214, 36
746,214,214, 36
747,214,214, 36
748,214,214, 36
749,214,214, 36
750,214,214, 36
751,214,214, 36
752,214,214, 36
753,214,214, 36
754,214,214, 36
755,214,214, 36
756,214,214, 36
757,214,214, 36
758,214,214, 36
759,214,214, 36
760,214,214, 36
761,214,214, 36
762,214,214, 36
763,214,214, 36
764,214,214, 36
765,214,214, 36
766,214,214, 36
767,214,214, 36
768,214,214, 36
769,214,214, 36
770,214,214, 36
771,214,214, 36
772,214,214, 36
773,214,214, 36
774,214,214, 36
775,214,214, 36
776,214,214, 36
777,214,214, 36
778,214,214, 36
779,214,214, 36
780,214,214, 36
781,214,214, 36
782,214,214, 36
783,214,214, 36
784,214,214, 36
785,214,214, 36
786,214,214, 36
787,214,214, 36
788,214,214, 36
789,214,214, 36
790,214,214, 36
791,214,214, 36
792,214,214, 36
793,213,213, 37
794,213,213, 37
795,213,213, 37
796,213,213, 37
797,213,213, 37
798,213,213, 37
799,213,213, 37
800,213,213, 37
801,213,213, 37
802,213,213, 37
803,213,213, 37
804,213,213, 37
805,213,213, 37
806,213,213, 37
807,213,213, 37
808,213,213, 37
809,213,213, 37
810,213,213, 37
811,213,213, 37
812,213,213, 37
813,213,213, 37
814,213,213, 37
815,213,213, 37
816,213,213, 37
817,213,213, 37
818,213,213, 37
819,213,213, 37
820,213,213, 37
821,213,213, 37
822,213,213, 37
823,213,213, 37
824,213,213, 37
825,213,213, 37
826,213,213, 37
827,213,213, 37
828,213,213, 37
829,213,213, 37
830,213,213, 37
831,213,213, 37
832,213,213, 37
833,213,213, 37
834,212,212, 38
835,211,211, 39
836,211,211, 39
837,211,211, 39
838,211,211, 39
839,211,211, 39
840,211,211, 39
841,211,211, 39
842,210,210, 40
843,210,210, 40
844,210,210, 40
845,209,209, 41
846,209,209, 41
847,209,209, 41
848,209,209, 41
849,209,209, 41
850,209,209, 41
851,209,209, 41
852,209,209, 41
853,209,209, 41
854,209,209, 41
855,209,209, 41
856,209,209, 41
857,209,209, 41
858,209,209, 41
859,209,209, 41
860,209,209, 41
861,209,209, 41
862,209,209, 41
863,209,209, 41
864,209,209, 41
865,209,209, 41
866,209,209, 41
867,209,209, 41
868,209,209, 41
869,209,209, 41
870,209,209, 41
871,209,209, 41
872,209,209, 41
873,209,209, 41
874,209,209, 41
875,209,209, 41
876,209,209, 41
877,209,209, 41
878,209,209, 41
879,209,209, 41
880,209,209, 41
881,209,209, 41
882,209,209, 41
883,209,209, 41
884,209,209, 41
885,209,209, 41
886,209,209, 41
887,209,209, 41
888,209,209, 41
889,209,209, 41
890,209,209, 41
891,209,209, 41
892,209,209, 41
893,209,209, 41
894,209,209, 41
895,209,209, 41
896,209,209, 41
897,209,209, 41
898,209,209, 41
899,209,209, 41
900,209,209, 41
901,209,209, 41
902,209,209, 41
903,209,209, 41
904,209,209, 41
905,209,209, 41
906,209,209, 41
907,209,209, 41
908,209,209, 41
909,209,209, 41
910,209,209, 41
911,209,209, 41
912,209,209, 41
913,209,209, 41
914,209,209, 41
915,209,209, 41
916,209,209, 41
917,209,209, 41
918,209,209, 41
919,209,209, 41
920,209,209, 41
921,209,209, 41
922,209,209, 41
923,209,209, 41
924,209,209, 41
925,209,209, 41
926,209,209, 41
927,209,209, 41
928,209,209, 41
929,209,209, 41
930,209,209, 41
931,209,209, 41
932,209,209, 41
933,209,209, 41
934,209,209, 41
935,209,209, 41
936,209,209, 41
937,209,209, 41
938,209,209, 41
939,209,209, 41
940,209,209, 41
941,209,209, 41
942,209,209, 41
943,209,209, 41
944,209,209, 41
945,209,209, 41
946,209,209, 41
947,209,209, 41
948,209,209, 41
949,209,209, 41
950,209,209, 41
951,209,209, 41
952,209,209, 41
953,209,209, 41
954,209,209, 41
955,209,209, 41
956,209,209, 41
957,209,209, 41
958,209,209, 41
959,209,209, 41
960,209,209, 41
961,209,209, 41
962,209,209, 41
963,209,209, 41
964,209,209, 41
965,209,209, 41
966,209,209, 41
967,209,209, 41
968,209,209, 41
969,209,209, 41
970,208,208, 42
971,208,208, 42
972,208,208, 42
973,208,208, 42
974,208,208, 42
975,208,208, 42
976,208,208, 42
977,208,208, 42
978,208,208, 42
979,208,208, 42
980,208,208, 42
981,208,208, 42
982,207,207, 43
983,206,206, 44
984,205,205, 45
985,205,205, 45
986,205,205, 45
987,205,205, 45
988,205,205, 45
989,205,205, 45
990,205,205, 45
991,205,205, 45
992,205,205, 45
993,205,205, 45
994,205,205, 45
995,205,205, 45
996,205,205, 45
997,205,205, 45
998,205,205, 45
999,205,205, 45
1000,205,205, 45
1001,205,205, 45
1002,205,205, 45
1003,205,205, 45
1004,205,205, 45
1005,205,205, 45
1006,205,205, 45
1007,205,205, 45
1008,205,205, 45
1009,205,205, 45
1010,204,204, 46
1011,204,204, 46
1012,204,204, 46
1013,204,204, 46
1014,204,204, 46
1015,204,204, 46
1016,204,204, 46
1017,204,204, 46
1018,204,204, 46
1019,204,204, 46
1020,204,204, 46
1021,204,204, 46
1022,204,204, 46
1023,204,204, 46
1024,204,204, 46
1025,204,204, 46
1026,204,204, 46
1027,204,204, 46
1028,204,204, 46
1029,204,204, 46
1030,204,204, 46
1031,204,204, 46
1032,204,204, 46
1033,204,204, 46
1034,204,204, 46
1035,204,204, 46
1036,204,204, 46
1037,204,204, 46
1038,204,204, 46
1039,204,204, 46
1040,204,204, 46
1041,204,204, 46
1042,204,204, 46
1043,204,204, 46
1044,204,204, 46
1045,204,204, 46
1046,204,204, 46
1047,204,204, 46
1048,204,204, 46
1049,204,204, 46
1050,204,204, 46
1051,204,204, 46
1052,204,204, 46
1053,204,204, 46
1054,204,204, 46
1055,204,204, 46
1056,204,204, 46
1057,204,204, 46
1058,204,204, 46
1059,204,204, 46
1060,204,204, 46
1061,204,204, 46
1062,204,204, 46
1063,204,204, 46
1064,204,204, 46
1065,204,204, 46
1066,204,204, 46
1067,204,204, 46
1068,204,204, 46
1069,204,204, 46
1070,204,204, 46
1071,204,204, 46
1072,203,203, 47
1073,203,203, 47
1074,203,203, 47
1075,203,203, 47
1076,203,203, 47
1077,203,203, 47
1078,203,203, 47
1079,203,203, 47
1080,203,203, 47
1081,203,203, 47
1082,203,203, 47
1083,203,203, 47
1084,203,203, 47
1085,202,202, 48
1086,202,202, 48
1087,202,202, 48
1088,202,202, 48
1089,202,202, 48
1090,202,202, 48
1091,202,202, 48
1092,202,202, 48
1093,201,201, 49
1094,201,201, 49
1095,201,201, 49
1096,201,201, 49
1097,201,201, 49
1098,200,200, 50
1099,200,200, 50
1100,200,200, 50
1101,200,200, 50
1102,200,200, 50
1103,200,200, 50
1104,200,200, 50
1105,200,200, 50
1106,200,200, 50
1107,200,200, 50
1108,200,200, 50
1109,200,200, 50
1110,200,200, 50
1111,200,200, 50
1112,200,200, 50
1113,200,200, 50
1114,200,200, 50
1115,200,200, 50
1116,200,200, 50
1117,200,200, 50
1118,200,200, 50
1119,200,200, 50
1120,200,200, 50
1121,200,200, 50
1122,200,200, 50
1123,200,200, 50
1124,200,200, 50
1125,200,200, 50
1126,200,200, 50
1127,200,200, 50
1128,200,200, 50
1129,200,200, 50
1130,200,200, 50
1131,200,200, 50
1132,200,200, 50
1133,200,200, 50
1134,200,200, 50
1135,200,200, 50
1136,200,200, 50
1137,200,200, 50
1138,200,200, 50
1139,200,200, 50
1140,200,200, 50
1141,200,200, 50
1142,200,200, 50
1143,200,200, 50
1144,200,200, 50
1145,200,200, 50
1146,200,200, 50
1147,200,200, 50
1148,200,200, 50
1149,200,200, 50
1150,200,200, 50
1151,200,200, 50
1152,200,200, 50
1153,200,200, 50
1154,200,200, 50
1155,200,200, 50
1156,200,200, 50
1157,200,200, 50
1158,200,200, 50
1159,200,200, 50
1160,200,200, 50
1161,200,200, 50
1162,200,200, 50
1163,200,200, 50
1164,200,200, 50
1165,200,200, 50
1166,200,200, 50
1167,200,200, 50
1168,200,200, 50
1169,200,200, 50
1170,200,200, 50
1171,200,200, 50
1172,200,200, 50
1173,200,200, 50
1174,200,200, 50
1175,200,200, 50
1176,200,200, 50
1177,200,200, 50
1178,200,200, 50
1179,200,200, 50
1180,200,200, 50
1181,200,200, 50
1182,200,200, 50
1183,200,200, 50
1184,200,200, 50
1185,200,200, 50
1186,200,200, 50
1187,200,200, 50
1188,200,200, 50
1189,199,199, 51
1190,199,199, 51
1191,199,199, 51
1192,199,199, 51
1193,199,199, 51
1194,199,199, 51
1195,199,199, 51
1196,199,199, 51
1197,199,199, 51
1198,199,199, 51
1199,199,199, 51
1200,199,199, 51
1201,199,199, 51
1202,199,199, 51
1203,199,199, 51
1204,199,199, 51
1205,199,199, 51
1206,198,198, 52
1207,198,198, 52
1208,198,198, 52
1209,198,198, 52
1210,198,198, 52
1211,198,198, 52
1212,198,198, 52
1213,198,198, 52
1214,198,198, 52
1215,198,198, 52
1216,198,198, 52
1217,198,198, 52
1218,198,198, 52
1219,198,198, 52
1220,198,198, 52
1221,198,198, 52
1222,198,198, 52
1223,198,198, 52
1224,198,198, 52
1225,198,198, 52
1226,198,198, 52
1227,198,198, 52
1228,198,198, 52
1229,198,198, 52
1230,198,198, 52
1231,198,198, 52
1232,198,198, 52
1233,198,198, 52
1234,198,198, 52
1235,198,198, 52
1236,198,198, 52
1237,198,198, 52
1238,198,198, 52
1239,198,198, 52
1240,198,198, 52
1241,198,198, 52
1242,198,198, 52
1243,198,198, 52
1244,198,198, 52
1245,198,198, 52
1246,198,198, 52
1247,198,198, 52
1248,198,198, 52
1249,197,197, 53
1250,197,197, 53
1251,197,197, 53
1252,197,197, 53
1253,197,197, 53
1254,197,197, 53
1255,197,197, 53
1256,197,197, 53
1257,197,197, 53
1258,197,197, 53
1259,197,197, 53
1260,197,197, 53
1261,197,197, 53
1262,197,197, 53
1263,197,197, 53
1264,197,197, 53
1265,197,197, 53
1266,197,197, 53
1267,197,197, 53
1268,197,197, 53
1269,197,197, 53
1270,197,197, 53
1271,197,197, 53
1272,197,197, 53
1273,197,197, 53
1274,197,197, 53
1275,197,197, 53
1276,197,197, 53
1277,197,197, 53
1278,197,197, 53
1279,197,197, 53
1280,197,197, 53
1281,197,197, 53
1282,197,197, 53
1283,197,197, 53
1284,197,197, 53
1285,197,197, 53
1286,197,197, 53
1287,197,197, 53
1288,197,197, 53
1289,197,197, 53
1290,197,197, 53
1291,197,197, 53
1292,197,197, 53
1293,197,197, 53
1294,197,197, 53
1295,197,197, 53
1296,197,197, 53
1297,197,197, 53
1298,197,197, 53
1299,197,197, 53
1300,197,197, 53
1301,197,197, 53
1302,197,197, 53
1303,197,197, 53
1304,197,197, 53
1305,197,197, 53
1306,197,197, 53
1307,197,197, 53
1308,197,197, 53
1309,197,197, 53
1310,197,197, 53
1311,197,197, 53
1312,197,197, 53
1313,197,197, 53
1314,197,197, 53
1315,196,196, 54
1316,196,196, 54
1317,196,196, 54
1318,196,196, 54
1319,196,196, 54
1320,196,196, 54
1321,196,196, 54
1322,196,196, 54
1323,196,196, 54
1324,196,196, 54
1325,196,196, 54
1326,196,196, 54
1327,196,196, 54
1328,196,196, 54
1329,196,196, 54
1330,196,196, 54
1331,196,196, 54
1332,196,196, 54
1333,196,196, 54
1334,196,196, 54
1335,196,196, 54
1336,196,196, 54
1337,196,196, 54
1338,196,196, 54
1339,196,196, 54
1340,196,196, 54
1341,196,196, 54
1342,196,196, 54
1343,196,196, 54
1344,196,196, 54
1345,196,196, 54
1346,196,196, 54
1347,196,196, 54
1348,196,196, 54
1349,196,196, 54
1350,196,196, 54
1351,196,196, 54
1352,196,196, 54
1353,196,196, 54
1354,196,196, 54
1355,196,196, 54
1356,196,196, 54
1357,196,196, 54
1358,196,196, 54
1359,196,196, 54
1360,196,196, 54
1361,196,196, 54
1362,196,196, 54
1363,196,196, 54
1364,196,196, 54
1365,196,196, 54
1366,196,196, 54
1367,196,196, 54
1368,196,196, 54
1369,196,196, 54
1370,196,196, 54
1371,196,196, 54
1372,196,196, 54
1373,196,196, 54
1374,196,196, 54
1375,196,196, 54
1376,196,196, 54
1377,196,196, 54
1378,196,196, 54
1379,196,196, 54
1380,196,196, 54
1381,196,196, 54
1382,196,196, 54
1383,196,196, 54
1384,196,196, 54
1385,196,196, 54
1386,196,196, 54
1387,196,196, 54
1388,196,196, 54
1389,196,196, 54
1390,196,196, 54
1391,196,196, 54
1392,196,196, 54
1393,196,196, 54
1394,196,196, 54
1395,196,196, 54
1396,196,196, 54
1397,196,196, 54
1398,196,196, 54
1399,196,196, 54
1400,196,196, 54
1401,196,196, 54
1402,196,196, 54
1403,196,196, 54
1404,196,196, 54
1405,196,196, 54
1406,196,196, 54
1407,196,196, 54
1408,195,195, 55
1409,195,195, 55
1410,195,195, 55
1411,195,195, 55
1412,195,195, 55
1413,195,195, 55
1414,195,195, 55
1415,195,195, 55
1416,195,195, 55
1417,195,195, 55
1418,195,195, 55
1419,195,195, 55
1420,195,195, 55
1421,195,195, 55
1422,195,195, 55
1423,195,195, 55
1424,195,195, 55
1425,195,195, 55
1426,195,195, 55
1427,195,195, 55
1428,195,195, 55
1429,195,195, 55
1430,195,195, 55
1431,195,195, 55
1432,195,195, 55
1433,195,195, 55
1434,195,195, 55
1435,195,195, 55
1436,195,195, 55
1437,195,195, 55
1438,195,195, 55
1439,195,195, 55
1440,195,195, 55
1441,195,195, 55
1442,195,195, 55
1443,195,195, 55
1444,195,195, 55
1445,195,195, 55
1446,195,195, 55
1447,195,195, 55
1448,195,195, 55
1449,195,195, 55
1450,195,195, 55
1451,195,195, 55
1452,195,195, 55
1453,195,195, 55
1454,195,195, 55
1455,195,195, 55
1456,195,195, 55
1457,195,195, 55
1458,195,195, 55
1459,195,195, 55
1460,195,195, 55
1461,195,195, 55
1462,195,195, 55
1463,195,195, 55
1464,195,195, 55
1465,195,195, 55
1466,195,195, 55
1467,195,195, 55
1468,195,195, 55
1469,195,195, 55
1470,195,195, 55
1471,195,195, 55
1472,195,195, 55
1473,195,195, 55
1474,195,195, 55
1475,195,195, 55
1476,195,195, 55
1477,195,195, 55
1478,195,195, 55
1479,195,195, 55
1480,195,195, 55
1481,195,195, 55
1482,195,195, 55
1483,195,195, 55
1484,195,195, 55
1485,195,195, 55
1486,195,195, 55
1487,195,195, 55
1488,195,195, 55
1489,195,195, 55
1490,195,195, 55
1491,194,194, 56
1492,194,194, 56
1493,194,194, 56
1494,194,194, 56
1495,194,194, 56
1496,194,194, 56
1497,194,194, 56
1498,194,194, 56
1499,194,194, 56
