0,250,250, 0
1,249,249, 1
2,248,248, 2
3,248,248, 2
4,248,248, 2
5,248,248, 2
6,248,248, 2
7,248,248, 2
8,247,247, 3
9,247,247, 3
10,247,247, 3
11,247,247, 3
12,247,247, 3
13,247,247, 3
14,247,247, 3
15,247,247, 3
16,247,247, 3
17,247,247, 3
18,247,247, 3
19,247,247, 3
20,246,246, 4
21,246,246, 4
22,246,246, 4
23,246,246, 4
24,246,246, 4
25,245,245, 5
26,245,245, 5
27,245,245, 5
28,245,245, 5
29,245,245, 5
30,245,245, 5
31,244,244, 6
32,244,244, 6
33,244,244, 6
34,244,244, 6
35,244,244, 6
36,244,244, 6
37,244,244, 6
38,244,244, 6
39,244,244, 6
40,244,244, 6
41,244,244, 6
42,244,244, 6
43,244,244, 6
44,243,243, 7
45,243,243, 7
46,243,243, 7
47,243,243, 7
48,243,243, 7
49,243,243, 7
50,243,243, 7
51,243,243, 7
52,243,243, 7
53,243,243, 7
54,243,243, 7
55,243,243, 7
56,243,243, 7
57,243,243, 7
58,243,243, 7
59,243,243, 7
60,243,243, 7
61,243,243, 7
62,243,243, 7
63,243,243, 7
64,243,243, 7
65,243,243, 7
66,243,243, 7
67,243,243, 7
68,243,243, 7
69,243,243, 7
70,243,243, 7
71,242,242, 8
72,242,242, 8
73,242,242, 8
74,242,242, 8
75,242,242, 8
76,242,242, 8
77,242,242, 8
78,242,242, 8
79,242,242, 8
80,242,242, 8
81,242,242, 8
82,242,242, 8
83,242,242, 8
84,242,242, 8
85,242,242, 8
86,242,242, 8
87,242,242, 8
88,242,242, 8
89,242,242, 8
90,242,242, 8
91,242,242, 8
92,242,242, 8
93,242,242, 8
94,242,242, 8
95,242,242, 8
96,242,242, 8
97,242,242, 8
98,242,242, 8
99,242,242, 8
100,242,242, 8
101,242,242, 8
102,241,241, 9
103,241,241, 9
104,241,241, 9
105,241,241, 9
106,241,241, 9
107,241,241, 9
108,241,241, 9
109,241,241, 9
110,241,241, 9
111,241,241, 9
112,241,241, 9
113,241,241, 9
114,241,241, 9
115,241,241, 9
116,241,241, 9
117,241,241, 9
118,241,241, 9
119,241,241, 9
120,241,241, 9
121,241,241, 9
122,241,241, 9
123,241,241, 9
124,241,241, 9
125,241,241, 9
126,241,241, 9
127,241,241, 9
128,241,241, 9
129,241,241, 9
130,241,241, 9
131,241,241, 9
132,241,241, 9
133,241,241, 9
134,241,241, 9
135,241,241, 9
136,241,241, 9
137,241,241, 9
138,241,241, 9
139,241,241, 9
140,241,241, 9
141,241,241, 9
142,241,241, 9
143,241,241, 9
144,241,241, 9
145,241,241, 9
146,241,241, 9
147,241,241, 9
148,240,240, 10
149,239,239, 11
150,239,239, 11
151,238,238, 12
152,238,238, 12
153,238,238, 12
154,238,238, 12
155,238,238, 12
156,238,238, 12
157,238,238, 12
158,238,238, 12
159,238,238, 12
160,238,238, 12
161,238,238, 12
162,238,238, 12
163,238,238, 12
164,238,238, 12
165,238,238, 12
166,238,238, 12
167,238,238, 12
168,238,238, 12
169,238,238, 12
170,238,238, 12
171,238,238, 12
172,238,238, 12
173,238,238, 12
174,238,238, 12
175,238,238, 12
176,238,238, 12
177,238,238, 12
178,238,238, 12
179,238,238, 12
180,238,238, 12
181,238,238, 12
182,238,238, 12
183,238,238, 12
184,238,238, 12
185,238,238, 12
186,238,238, 12
187,238,238, 12
188,238,238, 12
189,238,238, 12
190,238,238, 12
191,238,238, 12
192,238,238, 12
193,238,238, 12
194,238,238, 12
195,238,238, 12
196,238,238, 12
197,238,238, 12
198,238,238, 12
199,238,238, 12
200,238,238, 12
201,238,238, 12
202,238,238, 12
203,238,238, 12
204,238,238, 12
205,238,238, 12
206,238,238, 12
207,238,238, 12
208,238,238, 12
209,238,238, 12
210,238,238, 12
211,237,237, 13
212,237,237, 13
213,237,237, 13
214,237,237, 13
215,237,237, 13
216,237,237, 13
217,237,237, 13
218,237,237, 13
219,237,237, 13
220,237,237, 13
221,237,237, 13
222,237,237, 13
223,237,237, 13
224,237,237, 13
225,237,237, 13
226,237,237, 13
227,237,237, 13
228,237,237, 13
229,237,237, 13
230,237,237, 13
231,237,237, 13
232,237,237, 13
233,237,237, 13
234,237,237, 13
235,237,237, 13
236,237,237, 13
237,237,237, 13
238,237,237, 13
239,237,237, 13
240,237,237, 13
241,237,237, 13
242,237,237, 13
243,237,237, 13
244,237,237, 13
245,237,237, 13
246,237,237, 13
247,237,237, 13
248,237,237, 13
249,237,237, 13
250,237,237, 13
251,237,237, 13
252,237,237, 13
253,237,237, 13
254,237,237, 13
255,237,237, 13
256,237,237, 13
257,237,237, 13
258,237,237, 13
259,237,237, 13
260,237,237, 13
261,237,237, 13
262,237,237, 13
263,237,237, 13
264,237,237, 13
265,237,237, 13
266,237,237, 13
267,237,237, 13
268,237,237, 13
269,237,237, 13
270,237,237, 13
271,237,237, 13
272,237,237, 13
273,237,237, 13
274,237,237, 13
275,237,237, 13
276,237,237, 13
277,237,237, 13
278,237,237, 13
279,237,237, 13
280,237,237, 13
281,237,237, 13
282,237,237, 13
283,237,237, 13
284,238,238, 12
285,238,238, 12
286,238,238, 12
287,238,238, 12
288,238,238, 12
289,238,238, 12
290,238,238, 12
291,238,238, 12
292,238,238, 12
293,238,238, 12
294,238,238, 12
295,238,238, 12
296,238,238, 12
297,238,238, 12
298,238,238, 12
299,238,238, 12
300,238,238, 12
301,238,238, 12
302,238,238, 12
303,238,238, 12
304,238,238, 12
305,238,238, 12
306,238,238, 12
307,238,238, 12
308,238,238, 12
309,238,238, 12
310,237,237, 13
311,237,237, 13
312,237,237, 13
313,236,236, 14
314,236,236, 14
315,236,236, 14
316,236,236, 14
317,236,236, 14
318,236,236, 14
319,236,236, 14
320,236,236, 14
321,236,236, 14
322,236,236, 14
323,236,236, 14
324,236,236, 14
325,236,236, 14
326,236,236, 14
327,236,236, 14
328,236,236, 14
329,236,236, 14
330,236,236, 14
331,236,236, 14
332,236,236, 14
333,236,236, 14
334,236,236, 14
335,236,236, 14
336,236,236, 14
337,236,236, 14
338,236,236, 14
339,236,236, 14
340,236,236, 14
341,236,236, 14
342,236,236, 14
343,236,236, 14
344,236,236, 14
345,236,236, 14
346,236,236, 14
347,236,236, 14
348,236,236, 14
349,236,236, 14
350,236,236, 14
351,236,236, 14
352,236,236, 14
353,236,236, 14
354,236,236, 14
355,236,236, 14
356,236,236, 14
357,236,236, 14
358,236,236, 14
359,236,236, 14
360,236,236, 14
361,236,236, 14
362,236,236, 14
363,236,236, 14
364,236,236, 14
365,236,236, 14
366,236,236, 14
367,236,236, 14
368,236,236, 14
369,236,236, 14
370,236,236, 14
371,236,236, 14
372,236,236, 14
373,236,236, 14
374,236,236, 14
375,236,236, 14
376,236,236, 14
377,236,236, 14
378,236,236, 14
379,236,236, 14
380,235,235, 15
381,235,235, 15
382,235,235, 15
383,235,235, 15
384,235,235, 15
385,235,235, 15
386,235,235, 15
387,235,235, 15
388,235,235, 15
389,235,235, 15
390,235,235, 15
391,235,235, 15
392,235,235, 15
393,235,235, 15
394,235,235, 15
395,235,235, 15
396,235,235, 15
397,234,234, 16
398,234,234, 16
399,234,234, 16
400,234,234, 16
401,234,234, 16
402,234,234, 16
403,234,234, 16
404,234,234, 16
405,234,234, 16
406,234,234, 16
407,234,234, 16
408,234,234, 16
409,234,234, 16
410,234,234, 16
411,234,234, 16
412,234,234, 16
413,234,234, 16
414,234,234, 16
415,234,234, 16
416,234,234, 16
417,234,234, 16
418,234,234, 16
419,234,234, 16
420,234,234, 16
421,234,234, 16
422,234,234, 16
423,234,234, 16
424,234,234, 16
425,234,234, 16
426,234,234, 16
427,234,234, 16
428,234,234, 16
429,234,234, 16
430,234,234, 16
431,234,234, 16
432,234,234, 16
433,234,234, 16
434,234,234, 16
435,234,234, 16
436,234,234, 16
437,234,234, 16
438,234,234, 16
439,234,234, 16
440,234,234, 16
441,234,234, 16
442,234,234, 16
443,234,234, 16
444,234,234, 16
445,234,234, 16
446,234,234, 16
447,234,234, 16
448,234,234, 16
449,234,234, 16
450,234,234, 16
451,234,234, 16
452,234,234, 16
453,234,234, 16
454,234,234, 16
455,234,234, 16
456,234,234, 16
457,234,234, 16
458,234,234, 16
459,234,234, 16
460,234,234, 16
461,234,234, 16
462,234,234, 16
463,234,234, 16
464,234,234, 16
465,234,234, 16
466,234,234, 16
467,234,234, 16
468,234,234, 16
469,234,234, 16
470,234,234, 16
471,234,234, 16
472,234,234, 16
473,234,234, 16
474,234,234, 16
475,234,234, 16
476,234,234, 16
477,234,234, 16
478,234,234, 16
479,234,234, 16
480,234,234, 16
481,234,234, 16
482,234,234, 16
483,234,234, 16
484,234,234, 16
485,234,234, 16
486,234,234, 16
487,234,234, 16
488,234,234, 16
489,234,234, 16
490,234,234, 16
491,234,234, 16
492,234,234, 16
493,234,234, 16
494,234,234, 16
495,234,234, 16
496,234,234, 16
497,234,234, 16
498,234,234, 16
499,234,234, 16
500,234,234, 16
501,234,234, 16
502,234,234, 16
503,234,234, 16
504,234,234, 16
505,234,234, 16
506,234,234, 16
507,234,234, 16
508,234,234, 16
509,234,234, 16
510,234,234, 16
511,234,234, 16
512,234,234, 16
513,234,234, 16
514,234,234, 16
515,234,234, 16
516,234,234, 16
517,234,234, 16
518,234,234, 16
519,234,234, 16
520,234,234, 16
521,234,234, 16
522,234,234, 16
523,234,234, 16
524,234,234, 16
525,234,234, 16
526,234,234, 16
527,234,234, 16
528,234,234, 16
529,234,234, 16
530,234,234, 16
531,234,234, 16
532,234,234, 16
533,234,234, 16
534,234,234, 16
535,234,234, 16
536,234,234, 16
537,234,234, 16
538,234,234, 16
539,234,234, 16
540,234,234, 16
541,234,234, 16
542,234,234, 16
543,234,234, 16
544,234,234, 16
545,233,233, 17
546,233,233, 17
547,233,233, 17
548,233,233, 17
549,233,233, 17
550,233,233, 17
551,233,233, 17
552,233,233, 17
553,233,233, 17
554,233,233, 17
555,233,233, 17
556,233,233, 17
557,233,233, 17
558,233,233, 17
559,233,233, 17
560,233,233, 17
561,233,233, 17
562,233,233, 17
563,233,233, 17
564,233,233, 17
565,233,233, 17
566,233,233, 17
567,233,233, 17
568,233,233, 17
569,233,233, 17
570,233,233, 17
571,233,233, 17
572,233,233, 17
573,233,233, 17
574,233,233, 17
575,233,233, 17
576,233,233, 17
577,233,233, 17
578,233,233, 17
579,233,233, 17
580,233,233, 17
581,233,233, 17
582,233,233, 17
583,233,233, 17
584,233,233, 17
585,233,233, 17
586,233,233, 17
587,233,233, 17
588,233,233, 17
589,233,233, 17
590,233,233, 17
591,233,233, 17
592,233,233, 17
593,233,233, 17
594,233,233, 17
595,233,233, 17
596,233,233, 17
597,233,233, 17
598,233,233, 17
599,233,233, 17
600,233,233, 17
601,233,233, 17
602,233,233, 17
603,233,233, 17
604,233,233, 17
605,233,233, 17
606,233,233, 17
607,233,233, 17
608,233,233, 17
609,233,233, 17
610,233,233, 17
611,233,233, 17
612,233,233, 17
613,233,233, 17
614,233,233, 17
615,233,233, 17
616,233,233, 17
617,233,233, 17
618,233,233, 17
619,233,233, 17
620,233,233, 17
621,233,233, 17
622,233,233, 17
623,233,233, 17
624,233,233, 17
625,233,233, 17
626,233,233, 17
627,233,233, 17
628,233,233, 17
629,233,233, 17
630,233,233, 17
631,233,233, 17
632,233,233, 17
633,233,233, 17
634,233,233, 17
635,233,233, 17
636,233,233, 17
637,233,233, 17
638,233,233, 17
639,233,233, 17
640,233,233, 17
641,233,233, 17
642,233,233, 17
643,233,233, 17
644,233,233, 17
645,233,233, 17
646,233,233, 17
647,233,233, 17
648,233,233, 17
649,233,233, 17
650,233,233, 17
651,233,233, 17
652,233,233, 17
653,233,233, 17
654,233,233, 17
655,233,233, 17
656,233,233, 17
657,233,233, 17
658,233,233, 17
659,233,233, 17
660,233,233, 17
661,233,233, 17
662,233,233, 17
663,233,233, 17
664,233,233, 17
665,233,233, 17
666,233,233, 17
667,233,233, 17
668,233,233, 17
669,233,233, 17
670,233,233, 17
671,233,233, 17
672,233,233, 17
673,233,233, 17
674,233,233, 17
675,233,233, 17
676,233,233, 17
677,233,233, 17
678,232,232, 18
679,232,232, 18
680,232,232, 18
681,232,232, 18
682,232,232, 18
683,232,232, 18
684,232,232, 18
685,232,232, 18
686,232,232, 18
687,232,232, 18
688,232,232, 18
689,232,232, 18
690,232,232, 18
691,232,232, 18
692,232,232, 18
693,232,232, 18
694,232,232, 18
695,232,232, 18
696,232,232, 18
697,232,232, 18
698,232,232, 18
699,232,232, 18
700,232,232, 18
701,232,232, 18
702,232,232, 18
703,232,232, 18
704,232,232, 18
705,232,232, 18
706,232,232, 18
707,232,232, 18
708,232,232, 18
709,232,232, 18
710,232,232, 18
711,232,232, 18
712,232,232, 18
713,232,232, 18
714,232,232, 18
715,232,232, 18
716,232,232, 18
717,232,232, 18
718,232,232, 18
719,232,232, 18
720,232,232, 18
721,232,232, 18
722,232,232, 18
723,232,232, 18
724,232,232, 18
725,232,232, 18
726,232,232, 18
727,232,232, 18
728,232,232, 18
729,232,232, 18
730,232,232, 18
731,232,232, 18
732,232,232, 18
733,232,232, 18
734,232,232, 18
735,232,232, 18
736,232,232, 18
737,232,232, 18
738,232,232, 18
739,232,232, 18
740,232,232, 18
741,232,232, 18
742,232,232, 18
743,232,232, 18
744,232,232, 18
745,232,232, 18
746,232,232, 18
747,232,232, 18
748,232,232, 18
749,232,232, 18
750,232,232, 18
751,232,232, 18
752,232,232, 18
753,232,232, 18
754,232,232, 18
755,232,232, 18
756,232,232, 18
757,232,232, 18
758,232,232, 18
759,232,232, 18
760,232,232, 18
761,232,232, 18
762,232,232, 18
763,232,232, 18
764,232,232, 18
765,232,232, 18
766,232,232, 18
767,232,232, 18
768,232,232, 18
769,232,232, 18
770,232,232, 18
771,232,232, 18
772,232,232, 18
773,232,232, 18
774,232,232, 18
775,232,232, 18
776,232,232, 18
777,232,232, 18
778,232,232, 18
779,232,232, 18
780,232,232, 18
781,232,232, 18
782,232,232, 18
783,232,232, 18
784,232,232, 18
785,232,232, 18
786,232,232, 18
787,232,232, 18
788,232,232, 18
789,232,232, 18
790,232,232, 18
791,232,232, 18
792,232,232, 18
793,232,232, 18
794,232,232, 18
795,232,232, 18
796,232,232, 18
797,232,232, 18
798,232,232, 18
799,232,232, 18
800,232,232, 18
801,232,232, 18
802,232,232, 18
803,232,232, 18
804,232,232, 18
805,232,232, 18
806,232,232, 18
807,232,232, 18
808,232,232, 18
809,232,232, 18
810,232,232, 18
811,232,232, 18
812,232,232, 18
813,232,232, 18
814,232,232, 18
815,232,232, 18
816,232,232, 18
817,232,232, 18
818,232,232, 18
819,232,232, 18
820,232,232, 18
821,232,232, 18
822,232,232, 18
823,232,232, 18
824,232,232, 18
825,232,232, 18
826,232,232, 18
827,232,232, 18
828,232,232, 18
829,232,232, 18
830,232,232, 18
831,232,232, 18
832,232,232, 18
833,232,232, 18
834,232,232, 18
835,232,232, 18
836,232,232, 18
837,232,232, 18
838,232,232, 18
839,232,232, 18
840,232,232, 18
841,232,232, 18
842,232,232, 18
843,232,232, 18
844,232,232, 18
845,232,232, 18
846,232,232, 18
847,232,232, 18
848,232,232, 18
849,232,232, 18
850,232,232, 18
851,232,232, 18
852,232,232, 18
853,232,232, 18
854,232,232, 18
855,232,232, 18
856,232,232, 18
857,232,232, 18
858,232,232, 18
859,232,232, 18
860,232,232, 18
861,232,232, 18
862,232,232, 18
863,232,232, 18
864,232,232, 18
865,232,232, 18
866,232,232, 18
867,232,232, 18
868,232,232, 18
869,232,232, 18
870,232,232, 18
871,232,232, 18
872,232,232, 18
873,232,232, 18
874,232,232, 18
875,232,232, 18
876,232,232, 18
877,232,232, 18
878,232,232, 18
879,232,232, 18
880,232,232, 18
881,232,232, 18
882,232,232, 18
883,232,232, 18
884,232,232, 18
885,232,232, 18
886,232,232, 18
887,232,232, 18
888,232,232, 18
889,232,232, 18
890,232,232, 18
891,232,232, 18
892,232,232, 18
893,232,232, 18
894,232,232, 18
895,232,232, 18
896,232,232, 18
897,232,232, 18
898,232,232, 18
899,232,232, 18
900,232,232, 18
901,232,232, 18
902,232,232, 18
903,232,232, 18
904,232,232, 18
905,232,232, 18
906,232,232, 18
907,232,232, 18
908,232,232, 18
909,232,232, 18
910,232,232, 18
911,232,232, 18
912,232,232, 18
913,232,232, 18
914,232,232, 18
915,232,232, 18
916,232,232, 18
917,232,232, 18
918,232,232, 18
919,232,232, 18
920,232,232, 18
921,232,232, 18
922,232,232, 18
923,232,232, 18
924,232,232, 18
925,232,232, 18
926,232,232, 18
927,232,232, 18
928,232,232, 18
929,232,232, 18
930,232,232, 18
931,232,232, 18
932,232,232, 18
933,232,232, 18
934,232,232, 18
935,232,232, 18
936,232,232, 18
937,232,232, 18
938,232,232, 18
939,232,232, 18
940,232,232, 18
941,232,232, 18
942,232,232, 18
943,232,232, 18
944,232,232, 18
945,232,232, 18
946,232,232, 18
947,232,232, 18
948,232,232, 18
949,232,232, 18
950,232,232, 18
951,232,232, 18
952,232,232, 18
953,232,232, 18
954,232,232, 18
955,232,232, 18
956,232,232, 18
957,232,232, 18
958,232,232, 18
959,232,232, 18
960,232,232, 18
961,232,232, 18
962,232,232, 18
963,232,232, 18
964,232,232, 18
965,232,232, 18
966,232,232, 18
967,232,232, 18
968,232,232, 18
969,232,232, 18
970,232,232, 18
971,232,232, 18
972,232,232, 18
973,232,232, 18
974,232,232, 18
975,232,232, 18
976,232,232, 18
977,232,232, 18
978,232,232, 18
979,232,232, 18
980,232,232, 18
981,232,232, 18
982,232,232, 18
983,232,232, 18
984,232,232, 18
985,232,232, 18
986,231,231, 19
987,231,231, 19
988,231,231, 19
989,231,231, 19
990,231,231, 19
991,231,231, 19
992,231,231, 19
993,231,231, 19
994,231,231, 19
995,231,231, 19
996,231,231, 19
997,231,231, 19
998,231,231, 19
999,231,231, 19
1000,231,231, 19
1001,231,231, 19
1002,231,231, 19
1003,231,231, 19
1004,231,231, 19
1005,231,231, 19
1006,231,231, 19
1007,231,231, 19
1008,231,231, 19
1009,231,231, 19
1010,231,231, 19
1011,231,231, 19
1012,231,231, 19
1013,231,231, 19
1014,231,231, 19
1015,231,231, 19
1016,231,231, 19
1017,231,231, 19
1018,231,231, 19
1019,231,231, 19
1020,231,231, 19
1021,231,231, 19
1022,231,231, 19
1023,231,231, 19
1024,231,231, 19
1025,231,231, 19
1026,231,231, 19
1027,231,231, 19
1028,231,231, 19
1029,231,231, 19
1030,231,231, 19
1031,231,231, 19
1032,231,231, 19
1033,231,231, 19
1034,231,231, 19
1035,231,231, 19
1036,231,231, 19
1037,231,231, 19
1038,231,231, 19
1039,231,231, 19
1040,231,231, 19
1041,231,231, 19
1042,231,231, 19
1043,231,231, 19
1044,231,231, 19
1045,231,231, 19
1046,231,231, 19
1047,231,231, 19
1048,231,231, 19
1049,231,231, 19
1050,231,231, 19
1051,231,231, 19
1052,231,231, 19
1053,231,231, 19
1054,231,231, 19
1055,231,231, 19
1056,231,231, 19
1057,231,231, 19
1058,230,230, 20
1059,230,230, 20
1060,230,230, 20
1061,230,230, 20
1062,230,230, 20
1063,230,230, 20
1064,230,230, 20
1065,230,230, 20
1066,230,230, 20
1067,230,230, 20
1068,230,230, 20
1069,230,230, 20
1070,230,230, 20
1071,230,230, 20
1072,230,230, 20
1073,230,230, 20
1074,230,230, 20
1075,230,230, 20
1076,230,230, 20
1077,230,230, 20
1078,230,230, 20
1079,230,230, 20
1080,230,230, 20
1081,230,230, 20
1082,230,230, 20
1083,230,230, 20
1084,230,230, 20
1085,230,230, 20
1086,230,230, 20
1087,230,230, 20
1088,230,230, 20
1089,230,230, 20
1090,230,230, 20
1091,230,230, 20
1092,230,230, 20
1093,230,230, 20
1094,230,230, 20
1095,230,230, 20
1096,230,230, 20
1097,230,230, 20
1098,230,230, 20
1099,230,230, 20
1100,230,230, 20
1101,230,230, 20
1102,230,230, 20
1103,230,230, 20
1104,230,230, 20
1105,230,230, 20
1106,230,230, 20
1107,230,230, 20
1108,230,230, 20
1109,230,230, 20
1110,230,230, 20
1111,230,230, 20
1112,230,230, 20
1113,230,230, 20
1114,230,230, 20
1115,230,230, 20
1116,230,230, 20
1117,230,230, 20
1118,230,230, 20
1119,230,230, 20
1120,230,230, 20
1121,230,230, 20
1122,230,230, 20
1123,230,230, 20
1124,230,230, 20
1125,230,230, 20
1126,230,230, 20
1127,230,230, 20
1128,230,230, 20
1129,230,230, 20
1130,230,230, 20
1131,230,230, 20
1132,230,230, 20
1133,230,230, 20
1134,230,230, 20
1135,230,230, 20
1136,230,230, 20
1137,230,230, 20
1138,230,230, 20
1139,230,230, 20
1140,230,230, 20
1141,230,230, 20
1142,230,230, 20
1143,230,230, 20
1144,230,230, 20
1145,230,230, 20
1146,230,230, 20
1147,230,230, 20
1148,230,230, 20
1149,230,230, 20
1150,230,230, 20
1151,230,230, 20
1152,230,230, 20
1153,230,230, 20
1154,230,230, 20
1155,230,230, 20
1156,230,230, 20
1157,230,230, 20
1158,230,230, 20
1159,230,230, 20
1160,230,230, 20
1161,230,230, 20
1162,230,230, 20
1163,230,230, 20
1164,230,230, 20
1165,230,230, 20
1166,230,230, 20
1167,230,230, 20
1168,230,230, 20
1169,230,230, 20
1170,230,230, 20
1171,230,230, 20
1172,230,230, 20
1173,230,230, 20
1174,230,230, 20
1175,230,230, 20
1176,230,230, 20
1177,230,230, 20
1178,230,230, 20
1179,230,230, 20
1180,230,230, 20
1181,230,230, 20
1182,230,230, 20
1183,230,230, 20
1184,230,230, 20
1185,230,230, 20
1186,230,230, 20
1187,230,230, 20
1188,230,230, 20
1189,230,230, 20
1190,230,230, 20
1191,230,230, 20
1192,230,230, 20
1193,230,230, 20
1194,230,230, 20
1195,230,230, 20
1196,230,230, 20
1197,230,230, 20
1198,230,230, 20
1199,230,230, 20
1200,230,230, 20
1201,230,230, 20
1202,230,230, 20
1203,230,230, 20
1204,230,230, 20
1205,230,230, 20
1206,230,230, 20
1207,230,230, 20
1208,230,230, 20
1209,230,230, 20
1210,230,230, 20
1211,230,230, 20
1212,230,230, 20
1213,230,230, 20
1214,230,230, 20
1215,230,230, 20
1216,230,230, 20
1217,230,230, 20
1218,230,230, 20
1219,230,230, 20
1220,230,230, 20
1221,230,230, 20
1222,230,230, 20
1223,230,230, 20
1224,230,230, 20
1225,230,230, 20
1226,230,230, 20
1227,230,230, 20
1228,230,230, 20
1229,230,230, 20
1230,230,230, 20
1231,230,230, 20
1232,230,230, 20
1233,230,230, 20
1234,230,230, 20
1235,230,230, 20
1236,230,230, 20
1237,230,230, 20
1238,230,230, 20
1239,230,230, 20
1240,230,230, 20
1241,230,230, 20
1242,230,230, 20
1243,230,230, 20
1244,230,230, 20
1245,230,230, 20
1246,230,230, 20
1247,230,230, 20
1248,230,230, 20
1249,230,230, 20
1250,230,230, 20
1251,230,230, 20
1252,230,230, 20
1253,230,230, 20
1254,230,230, 20
1255,230,230, 20
1256,230,230, 20
1257,230,230, 20
1258,230,230, 20
1259,230,230, 20
1260,230,230, 20
1261,230,230, 20
1262,230,230, 20
1263,229,229, 21
1264,229,229, 21
1265,229,229, 21
1266,229,229, 21
1267,229,229, 21
1268,229,229, 21
1269,229,229, 21
1270,229,229, 21
1271,229,229, 21
1272,229,229, 21
1273,229,229, 21
1274,229,229, 21
1275,229,229, 21
1276,229,229, 21
1277,229,229, 21
1278,229,229, 21
1279,229,229, 21
1280,229,229, 21
1281,229,229, 21
1282,229,229, 21
1283,229,229, 21
1284,229,229, 21
1285,229,229, 21
1286,229,229, 21
1287,229,229, 21
1288,229,229, 21
1289,229,229, 21
1290,229,229, 21
1291,229,229, 21
1292,229,229, 21
1293,229,229, 21
1294,229,229, 21
1295,229,229, 21
1296,229,229, 21
1297,229,229, 21
1298,229,229, 21
1299,229,229, 21
1300,229,229, 21
1301,229,229, 21
1302,229,229, 21
1303,229,229, 21
1304,229,229, 21
1305,229,229, 21
1306,229,229, 21
1307,229,229, 21
1308,229,229, 21
1309,229,229, 21
1310,229,229, 21
1311,229,229, 21
1312,229,229, 21
1313,229,229, 21
1314,229,229, 21
1315,229,229, 21
1316,229,229, 21
1317,229,229, 21
1318,229,229, 21
1319,229,229, 21
1320,229,229, 21
1321,229,229, 21
1322,229,229, 21
1323,229,229, 21
1324,229,229, 21
1325,229,229, 21
1326,229,229, 21
1327,229,229, 21
1328,229,229, 21
1329,229,229, 21
1330,229,229, 21
1331,229,229, 21
1332,229,229, 21
1333,229,229, 21
1334,229,229, 21
1335,229,229, 21
1336,229,229, 21
1337,229,229, 21
1338,229,229, 21
1339,229,229, 21
1340,229,229, 21
1341,229,229, 21
1342,229,229, 21
1343,229,229, 21
1344,229,229, 21
1345,229,229, 21
1346,229,229, 21
1347,229,229, 21
1348,229,229, 21
1349,229,229, 21
1350,229,229, 21
1351,229,229, 21
1352,229,229, 21
1353,229,229, 21
1354,229,229, 21
1355,229,229, 21
1356,229,229, 21
1357,229,229, 21
1358,229,229, 21
1359,229,229, 21
1360,229,229, 21
1361,229,229, 21
1362,229,229, 21
1363,229,229, 21
1364,229,229, 21
1365,229,229, 21
1366,229,229, 21
1367,229,229, 21
1368,229,229, 21
1369,229,229, 21
1370,229,229, 21
1371,229,229, 21
1372,229,229, 21
1373,229,229, 21
1374,229,229, 21
1375,229,229, 21
1376,229,229, 21
1377,229,229, 21
1378,229,229, 21
1379,229,229, 21
1380,229,229, 21
1381,229,229, 21
1382,229,229, 21
1383,229,229, 21
1384,229,229, 21
1385,229,229, 21
1386,229,229, 21
1387,229,229, 21
1388,229,229, 21
1389,229,229, 21
1390,229,229, 21
1391,229,229, 21
1392,229,229, 21
1393,229,229, 21
1394,229,229, 21
1395,229,229, 21
1396,229,229, 21
1397,229,229, 21
1398,229,229, 21
1399,229,229, 21
1400,229,229, 21
1401,229,229, 21
1402,229,229, 21
1403,229,229, 21
1404,229,229, 21
1405,229,229, 21
1406,229,229, 21
1407,229,229, 21
1408,229,229, 21
1409,229,229, 21
1410,229,229, 21
1411,229,229, 21
1412,229,229, 21
1413,229,229, 21
1414,229,229, 21
1415,229,229, 21
1416,229,229, 21
1417,229,229, 21
1418,229,229, 21
1419,229,229, 21
1420,229,229, 21
1421,229,229, 21
1422,229,229, 21
1423,229,229, 21
1424,229,229, 21
1425,229,229, 21
1426,229,229, 21
1427,229,229, 21
1428,229,229, 21
1429,229,229, 21
1430,229,229, 21
1431,229,229, 21
1432,229,229, 21
1433,229,229, 21
1434,229,229, 21
1435,229,229, 21
1436,229,229, 21
1437,229,229, 21
1438,229,229, 21
1439,229,229, 21
1440,229,229, 21
1441,229,229, 21
1442,229,229, 21
1443,229,229, 21
1444,229,229, 21
1445,229,229, 21
1446,229,229, 21
1447,229,229, 21
1448,229,229, 21
1449,229,229, 21
1450,229,229, 21
1451,229,229, 21
1452,229,229, 21
1453,229,229, 21
1454,229,229, 21
1455,229,229, 21
1456,229,229, 21
1457,229,229, 21
1458,229,229, 21
1459,229,229, 21
1460,229,229, 21
1461,229,229, 21
1462,229,229, 21
1463,229,229, 21
1464,229,229, 21
1465,229,229, 21
1466,229,229, 21
1467,229,229, 21
1468,229,229, 21
1469,229,229, 21
1470,229,229, 21
1471,229,229, 21
1472,229,229, 21
1473,229,229, 21
1474,229,229, 21
1475,229,229, 21
1476,229,229, 21
1477,229,229, 21
1478,229,229, 21
1479,229,229, 21
1480,229,229, 21
1481,229,229, 21
1482,229,229, 21
1483,229,229, 21
1484,229,229, 21
1485,229,229, 21
1486,229,229, 21
1487,229,229, 21
1488,229,229, 21
1489,229,229, 21
1490,229,229, 21
1491,229,229, 21
1492,229,229, 21
1493,229,229, 21
1494,229,229, 21
1495,229,229, 21
1496,229,229, 21
1497,229,229, 21
1498,229,229, 21
1499,229,229, 21
