0,250,250, 0
1,250,250, 0
2,250,250, 0
3,250,250, 0
4,250,250, 0
5,250,250, 0
6,250,250, 0
7,250,250, 0
8,250,250, 0
9,250,250, 0
10,250,250, 0
11,250,250, 0
12,250,250, 0
13,250,250, 0
14,250,250, 0
15,250,250, 0
16,250,250, 0
17,250,250, 0
18,250,250, 0
19,250,250, 0
20,250,250, 0
21,250,250, 0
22,250,250, 0
23,250,250, 0
24,250,250, 0
25,250,250, 0
26,250,250, 0
27,250,250, 0
28,250,250, 0
29,250,250, 0
30,250,250, 0
31,250,250, 0
32,250,250, 0
33,250,250, 0
34,250,250, 0
35,250,250, 0
36,250,250, 0
37,250,250, 0
38,250,250, 0
39,250,250, 0
40,250,250, 0
41,250,250, 0
42,250,250, 0
43,250,250, 0
44,250,250, 0
45,250,250, 0
46,250,250, 0
47,250,250, 0
48,250,250, 0
49,250,250, 0
50,250,250, 0
51,250,250, 0
52,250,250, 0
53,250,250, 0
54,250,250, 0
55,250,250, 0
56,250,250, 0
57,250,250, 0
58,250,250, 0
59,250,250, 0
60,250,250, 0
61,250,250, 0
62,250,250, 0
63,250,250, 0
64,250,250, 0
65,250,250, 0
66,250,250, 0
67,250,250, 0
68,250,250, 0
69,250,250, 0
70,250,250, 0
71,250,250, 0
72,250,250, 0
73,250,250, 0
74,250,250, 0
75,250,250, 0
76,250,250, 0
77,250,250, 0
78,250,250, 0
79,250,250, 0
80,250,250, 0
81,250,250, 0
82,250,250, 0
83,250,250, 0
84,250,250, 0
85,250,250, 0
86,250,250, 0
87,250,250, 0
88,250,250, 0
89,250,250, 0
90,250,250, 0
91,250,250, 0
92,250,250, 0
93,250,250, 0
94,250,250, 0
95,250,250, 0
96,250,250, 0
97,250,250, 0
98,250,250, 0
99,250,250, 0
100,250,250, 0
101,250,250, 0
102,250,250, 0
103,250,250, 0
104,250,250, 0
105,250,250, 0
106,250,250, 0
107,250,250, 0
108,250,250, 0
109,250,250, 0
110,250,250, 0
111,250,250, 0
112,250,250, 0
113,250,250, 0
114,250,250, 0
115,250,250, 0
116,250,250, 0
117,250,250, 0
118,250,250, 0
119,250,250, 0
120,250,250, 0
121,250,250, 0
122,250,250, 0
123,250,250, 0
124,250,250, 0
125,250,250, 0
126,250,250, 0
127,250,250, 0
128,250,250, 0
129,250,250, 0
130,250,250, 0
131,250,250, 0
132,250,250, 0
133,250,250, 0
134,250,250, 0
135,250,250, 0
136,250,250, 0
137,250,250, 0
138,250,250, 0
139,250,250, 0
140,250,250, 0
141,250,250, 0
142,250,250, 0
143,250,250, 0
144,250,250, 0
145,250,250, 0
146,250,250, 0
147,250,250, 0
148,250,250, 0
149,250,250, 0
150,250,250, 0
151,250,250, 0
152,250,250, 0
153,250,250, 0
154,250,250, 0
155,250,250, 0
156,250,250, 0
157,250,250, 0
158,250,250, 0
159,250,250, 0
160,250,250, 0
161,250,250, 0
162,250,250, 0
163,250,250, 0
164,250,250, 0
165,250,250, 0
166,250,250, 0
167,250,250, 0
168,250,250, 0
169,250,250, 0
170,250,250, 0
171,250,250, 0
172,250,250, 0
173,250,250, 0
174,250,250, 0
175,250,250, 0
176,250,250, 0
177,250,250, 0
178,250,250, 0
179,250,250, 0
180,250,250, 0
181,250,250, 0
182,249,249, 1
183,249,249, 1
184,249,249, 1
185,249,249, 1
186,249,249, 1
187,249,249, 1
188,249,249, 1
189,249,249, 1
190,249,249, 1
191,249,249, 1
192,249,249, 1
193,249,249, 1
194,248,248, 2
195,248,248, 2
196,248,248, 2
197,248,248, 2
198,248,248, 2
199,248,248, 2
200,248,248, 2
201,248,248, 2
202,248,248, 2
203,248,248, 2
204,248,248, 2
205,248,248, 2
206,248,248, 2
207,248,248, 2
208,248,248, 2
209,248,248, 2
210,248,248, 2
211,248,248, 2
212,248,248, 2
213,248,248, 2
214,248,248, 2
215,248,248, 2
216,248,248, 2
217,248,248, 2
218,248,248, 2
219,248,248, 2
220,248,248, 2
221,248,248, 2
222,248,248, 2
223,248,248, 2
224,248,248, 2
225,248,248, 2
226,248,248, 2
227,248,248, 2
228,248,248, 2
229,248,248, 2
230,248,248, 2
231,248,248, 2
232,248,248, 2
233,248,248, 2
234,248,248, 2
235,248,248, 2
236,248,248, 2
237,248,248, 2
238,248,248, 2
239,248,248, 2
240,248,248, 2
241,248,248, 2
242,248,248, 2
243,248,248, 2
244,248,248, 2
245,248,248, 2
246,248,248, 2
247,248,248, 2
248,248,248, 2
249,248,248, 2
250,248,248, 2
251,248,248, 2
252,248,248, 2
253,248,248, 2
254,248,248, 2
255,248,248, 2
256,248,248, 2
257,248,248, 2
258,248,248, 2
259,248,248, 2
260,248,248, 2
261,248,248, 2
262,248,248, 2
263,248,248, 2
264,248,248, 2
265,248,248, 2
266,248,248, 2
267,248,248, 2
268,248,248, 2
269,248,248, 2
270,248,248, 2
271,248,248, 2
272,248,248, 2
273,248,248, 2
274,248,248, 2
275,248,248, 2
276,248,248, 2
277,248,248, 2
278,248,248, 2
279,248,248, 2
280,247,247, 3
281,247,247, 3
282,247,247, 3
283,247,247, 3
284,247,247, 3
285,247,247, 3
286,247,247, 3
287,247,247, 3
288,247,247, 3
289,247,247, 3
290,247,247, 3
291,247,247, 3
292,247,247, 3
293,247,247, 3
294,247,247, 3
295,247,247, 3
296,247,247, 3
297,247,247, 3
298,247,247, 3
299,247,247, 3
300,247,247, 3
301,247,247, 3
302,247,247, 3
303,247,247, 3
304,247,247, 3
305,247,247, 3
306,247,247, 3
307,247,247, 3
308,247,247, 3
309,247,247, 3
310,247,247, 3
311,247,247, 3
312,247,247, 3
313,247,247, 3
314,247,247, 3
315,247,247, 3
316,246,246, 4
317,246,246, 4
318,246,246, 4
319,246,246, 4
320,246,246, 4
321,246,246, 4
322,246,246, 4
323,246,246, 4
324,246,246, 4
325,246,246, 4
326,246,246, 4
327,246,246, 4
328,246,246, 4
329,246,246, 4
330,245,245, 5
331,245,245, 5
332,245,245, 5
333,245,245, 5
334,245,245, 5
335,245,245, 5
336,245,245, 5
337,245,245, 5
338,245,245, 5
339,245,245, 5
340,245,245, 5
341,245,245, 5
342,245,245, 5
343,245,245, 5
344,245,245, 5
345,245,245, 5
346,245,245, 5
347,245,245, 5
348,245,245, 5
349,245,245, 5
350,245,245, 5
351,245,245, 5
352,245,245, 5
353,245,245, 5
354,245,245, 5
355,245,245, 5
356,245,245, 5
357,245,245, 5
358,245,245, 5
359,245,245, 5
360,245,245, 5
361,245,245, 5
362,245,245, 5
363,245,245, 5
364,245,245, 5
365,245,245, 5
366,245,245, 5
367,245,245, 5
368,245,245, 5
369,245,245, 5
370,245,245, 5
371,245,245, 5
372,245,245, 5
373,245,245, 5
374,245,245, 5
375,245,245, 5
376,245,245, 5
377,245,245, 5
378,245,245, 5
379,245,245, 5
380,245,245, 5
381,245,245, 5
382,245,245, 5
383,245,245, 5
384,245,245, 5
385,245,245, 5
386,245,245, 5
387,245,245, 5
388,245,245, 5
389,245,245, 5
390,245,245, 5
391,245,245, 5
392,245,245, 5
393,245,245, 5
394,245,245, 5
395,245,245, 5
396,245,245, 5
397,244,244, 6
398,244,244, 6
399,244,244, 6
400,244,244, 6
401,244,244, 6
402,244,244, 6
403,244,244, 6
404,244,244, 6
405,244,244, 6
406,244,244, 6
407,244,244, 6
408,244,244, 6
409,244,244, 6
410,244,244, 6
411,244,244, 6
412,244,244, 6
413,244,244, 6
414,243,243, 7
415,243,243, 7
416,243,243, 7
417,243,243, 7
418,243,243, 7
419,243,243, 7
420,243,243, 7
421,243,243, 7
422,243,243, 7
423,243,243, 7
424,243,243, 7
425,243,243, 7
426,243,243, 7
427,243,243, 7
428,243,243, 7
429,243,243, 7
430,243,243, 7
431,243,243, 7
432,243,243, 7
433,243,243, 7
434,243,243, 7
435,243,243, 7
436,243,243, 7
437,243,243, 7
438,243,243, 7
439,243,243, 7
440,243,243, 7
441,243,243, 7
442,243,243, 7
443,243,243, 7
444,243,243, 7
445,243,243, 7
446,243,243, 7
447,243,243, 7
448,243,243, 7
449,243,243, 7
450,243,243, 7
451,243,243, 7
452,243,243, 7
453,243,243, 7
454,243,243, 7
455,242,242, 8
456,242,242, 8
457,242,242, 8
458,242,242, 8
459,242,242, 8
460,242,242, 8
461,242,242, 8
462,242,242, 8
463,242,242, 8
464,242,242, 8
465,242,242, 8
466,242,242, 8
467,242,242, 8
468,242,242, 8
469,242,242, 8
470,242,242, 8
471,242,242, 8
472,242,242, 8
473,242,242, 8
474,242,242, 8
475,242,242, 8
476,242,242, 8
477,242,242, 8
478,242,242, 8
479,242,242, 8
480,242,242, 8
481,242,242, 8
482,242,242, 8
483,242,242, 8
484,242,242, 8
485,242,242, 8
486,242,242, 8
487,242,242, 8
488,242,242, 8
489,242,242, 8
490,242,242, 8
491,242,242, 8
492,242,242, 8
493,242,242, 8
494,242,242, 8
495,242,242, 8
496,242,242, 8
497,242,242, 8
498,242,242, 8
499,242,242, 8
500,242,242, 8
501,242,242, 8
502,242,242, 8
503,242,242, 8
504,242,242, 8
505,242,242, 8
506,242,242, 8
507,242,242, 8
508,242,242, 8
509,242,242, 8
510,241,241, 9
511,241,241, 9
512,241,241, 9
513,241,241, 9
514,241,241, 9
515,241,241, 9
516,241,241, 9
517,241,241, 9
518,241,241, 9
519,241,241, 9
520,241,241, 9
521,241,241, 9
522,241,241, 9
523,241,241, 9
524,241,241, 9
525,241,241, 9
526,241,241, 9
527,241,241, 9
528,241,241, 9
529,241,241, 9
530,241,241, 9
531,241,241, 9
532,241,241, 9
533,241,241, 9
534,241,241, 9
535,241,241, 9
536,241,241, 9
537,241,241, 9
538,241,241, 9
539,241,241, 9
540,241,241, 9
541,241,241, 9
542,241,241, 9
543,241,241, 9
544,241,241, 9
545,241,241, 9
546,241,241, 9
547,241,241, 9
548,241,241, 9
549,241,241, 9
550,241,241, 9
551,241,241, 9
552,241,241, 9
553,241,241, 9
554,241,241, 9
555,241,241, 9
556,241,241, 9
557,241,241, 9
558,241,241, 9
559,241,241, 9
560,241,241, 9
561,241,241, 9
562,241,241, 9
563,241,241, 9
564,241,241, 9
565,241,241, 9
566,241,241, 9
567,241,241, 9
568,241,241, 9
569,241,241, 9
570,241,241, 9
571,241,241, 9
572,239,239, 11
573,239,239, 11
574,239,239, 11
575,239,239, 11
576,239,239, 11
577,239,239, 11
578,239,239, 11
579,239,239, 11
580,239,239, 11
581,239,239, 11
582,239,239, 11
583,239,239, 11
584,239,239, 11
585,239,239, 11
586,239,239, 11
587,239,239, 11
588,239,239, 11
589,239,239, 11
590,239,239, 11
591,239,239, 11
592,239,239, 11
593,239,239, 11
594,239,239, 11
595,239,239, 11
596,239,239, 11
597,239,239, 11
598,239,239, 11
599,239,239, 11
600,239,239, 11
601,239,239, 11
602,239,239, 11
603,239,239, 11
604,239,239, 11
605,238,238, 12
606,238,238, 12
607,238,238, 12
608,238,238, 12
609,238,238, 12
610,238,238, 12
611,238,238, 12
612,238,238, 12
613,238,238, 12
614,238,238, 12
615,238,238, 12
616,238,238, 12
617,237,237, 13
618,237,237, 13
619,237,237, 13
620,237,237, 13
621,237,237, 13
622,237,237, 13
623,237,237, 13
624,237,237, 13
625,237,237, 13
626,237,237, 13
627,237,237, 13
628,237,237, 13
629,236,236, 14
630,236,236, 14
631,236,236, 14
632,236,236, 14
633,236,236, 14
634,236,236, 14
635,236,236, 14
636,236,236, 14
637,236,236, 14
638,236,236, 14
639,236,236, 14
640,236,236, 14
641,236,236, 14
642,236,236, 14
643,236,236, 14
644,236,236, 14
645,236,236, 14
646,236,236, 14
647,236,236, 14
648,236,236, 14
649,236,236, 14
650,236,236, 14
651,236,236, 14
652,234,234, 16
653,234,234, 16
654,234,234, 16
655,234,234, 16
656,234,234, 16
657,234,234, 16
658,234,234, 16
659,234,234, 16
660,234,234, 16
661,234,234, 16
662,234,234, 16
663,234,234, 16
664,234,234, 16
665,232,232, 18
666,232,232, 18
667,232,232, 18
668,232,232, 18
669,232,232, 18
670,232,232, 18
671,232,232, 18
672,232,232, 18
673,232,232, 18
674,232,232, 18
675,232,232, 18
676,232,232, 18
677,232,232, 18
678,232,232, 18
679,232,232, 18
680,232,232, 18
681,232,232, 18
682,232,232, 18
683,232,232, 18
684,232,232, 18
685,232,232, 18
686,232,232, 18
687,232,232, 18
688,232,232, 18
689,232,232, 18
690,232,232, 18
691,232,232, 18
692,232,232, 18
693,232,232, 18
694,232,232, 18
695,232,232, 18
696,232,232, 18
697,232,232, 18
698,232,232, 18
699,232,232, 18
700,232,232, 18
701,232,232, 18
702,232,232, 18
703,232,232, 18
704,232,232, 18
705,232,232, 18
706,232,232, 18
707,232,232, 18
708,232,232, 18
709,232,232, 18
710,232,232, 18
711,232,232, 18
712,232,232, 18
713,232,232, 18
714,229,229, 21
715,228,228, 22
716,228,228, 22
717,228,228, 22
718,228,228, 22
719,228,228, 22
720,228,228, 22
721,228,228, 22
722,228,228, 22
723,228,228, 22
724,228,228, 22
725,228,228, 22
726,228,228, 22
727,228,228, 22
728,228,228, 22
729,228,228, 22
730,228,228, 22
731,228,228, 22
732,227,227, 23
733,227,227, 23
734,226,226, 24
735,226,226, 24
736,226,226, 24
737,226,226, 24
738,226,226, 24
739,226,226, 24
740,226,226, 24
741,226,226, 24
742,226,226, 24
743,226,226, 24
744,226,226, 24
745,226,226, 24
746,226,226, 24
747,226,226, 24
748,226,226, 24
749,226,226, 24
750,226,226, 24
751,226,226, 24
752,226,226, 24
753,226,226, 24
754,226,226, 24
755,226,226, 24
756,226,226, 24
757,226,226, 24
758,226,226, 24
759,224,224, 26
760,224,224, 26
761,224,224, 26
762,224,224, 26
763,224,224, 26
764,224,224, 26
765,224,224, 26
766,224,224, 26
767,224,224, 26
768,224,224, 26
769,224,224, 26
770,224,224, 26
771,224,224, 26
772,224,224, 26
773,224,224, 26
774,224,224, 26
775,224,224, 26
776,224,224, 26
777,224,224, 26
778,224,224, 26
779,224,224, 26
780,224,224, 26
781,224,224, 26
782,224,224, 26
783,224,224, 26
784,224,224, 26
785,223,223, 27
786,223,223, 27
787,223,223, 27
788,223,223, 27
789,223,223, 27
790,223,223, 27
791,223,223, 27
792,223,223, 27
793,223,223, 27
794,223,223, 27
795,222,222, 28
796,222,222, 28
797,222,222, 28
798,222,222, 28
799,222,222, 28
800,222,222, 28
801,222,222, 28
802,222,222, 28
803,222,222, 28
804,222,222, 28
805,222,222, 28
806,222,222, 28
807,222,222, 28
808,222,222, 28
809,222,222, 28
810,222,222, 28
811,222,222, 28
812,222,222, 28
813,222,222, 28
814,222,222, 28
815,222,222, 28
816,222,222, 28
817,222,222, 28
818,222,222, 28
819,222,222, 28
820,222,222, 28
821,222,222, 28
822,222,222, 28
823,222,222, 28
824,222,222, 28
825,222,222, 28
826,222,222, 28
827,221,221, 29
828,221,221, 29
829,221,221, 29
830,221,221, 29
831,221,221, 29
832,221,221, 29
833,221,221, 29
834,221,221, 29
835,221,221, 29
836,221,221, 29
837,221,221, 29
838,221,221, 29
839,221,221, 29
840,221,221, 29
841,221,221, 29
842,221,221, 29
843,221,221, 29
844,221,221, 29
845,221,221, 29
846,221,221, 29
847,221,221, 29
848,221,221, 29
849,221,221, 29
850,221,221, 29
851,221,221, 29
852,221,221, 29
853,221,221, 29
854,221,221, 29
855,221,221, 29
856,220,220, 30
857,220,220, 30
858,220,220, 30
859,220,220, 30
860,220,220, 30
861,220,220, 30
862,220,220, 30
863,220,220, 30
864,220,220, 30
865,220,220, 30
866,220,220, 30
867,220,220, 30
868,220,220, 30
869,219,219, 31
870,218,218, 32
871,218,218, 32
872,218,218, 32
873,218,218, 32
874,218,218, 32
875,218,218, 32
876,218,218, 32
877,218,218, 32
878,218,218, 32
879,218,218, 32
880,218,218, 32
881,218,218, 32
882,218,218, 32
883,218,218, 32
884,218,218, 32
885,218,218, 32
886,218,218, 32
887,218,218, 32
888,218,218, 32
889,218,218, 32
890,218,218, 32
891,218,218, 32
892,218,218, 32
893,218,218, 32
894,218,218, 32
895,218,218, 32
896,218,218, 32
897,218,218, 32
898,218,218, 32
899,218,218, 32
900,218,218, 32
901,218,218, 32
902,218,218, 32
903,218,218, 32
904,218,218, 32
905,218,218, 32
906,218,218, 32
907,218,218, 32
908,218,218, 32
909,218,218, 32
910,218,218, 32
911,218,218, 32
912,218,218, 32
913,218,218, 32
914,218,218, 32
915,218,218, 32
916,218,218, 32
917,218,218, 32
918,218,218, 32
919,218,218, 32
920,218,218, 32
921,218,218, 32
922,218,218, 32
923,218,218, 32
924,218,218, 32
925,218,218, 32
926,218,218, 32
927,218,218, 32
928,218,218, 32
929,218,218, 32
930,217,217, 33
931,217,217, 33
932,216,216, 34
933,216,216, 34
934,216,216, 34
935,216,216, 34
936,216,216, 34
937,216,216, 34
938,216,216, 34
939,216,216, 34
940,216,216, 34
941,216,216, 34
942,216,216, 34
943,216,216, 34
944,216,216, 34
945,216,216, 34
946,216,216, 34
947,216,216, 34
948,216,216, 34
949,216,216, 34
950,216,216, 34
951,216,216, 34
952,216,216, 34
953,216,216, 34
954,216,216, 34
955,216,216, 34
956,216,216, 34
957,216,216, 34
958,216,216, 34
959,216,216, 34
960,216,216, 34
961,216,216, 34
962,216,216, 34
963,216,216, 34
964,216,216, 34
965,216,216, 34
966,216,216, 34
967,216,216, 34
968,216,216, 34
969,216,216, 34
970,216,216, 34
971,216,216, 34
972,216,216, 34
973,216,216, 34
974,216,216, 34
975,216,216, 34
976,216,216, 34
977,216,216, 34
978,216,216, 34
979,216,216, 34
980,216,216, 34
981,216,216, 34
982,216,216, 34
983,216,216, 34
984,216,216, 34
985,215,215, 35
986,214,214, 36
987,214,214, 36
988,214,214, 36
989,214,214, 36
990,214,214, 36
991,214,214, 36
992,214,214, 36
993,214,214, 36
994,214,214, 36
995,214,214, 36
996,214,214, 36
997,214,214, 36
998,214,214, 36
999,214,214, 36
1000,214,214, 36
1001,214,214, 36
1002,214,214, 36
1003,213,213, 37
1004,213,213, 37
1005,213,213, 37
1006,213,213, 37
1007,213,213, 37
1008,213,213, 37
1009,213,213, 37
1010,213,213, 37
1011,213,213, 37
1012,213,213, 37
1013,213,213, 37
1014,213,213, 37
1015,213,213, 37
1016,213,213, 37
1017,213,213, 37
1018,213,213, 37
1019,213,213, 37
1020,213,213, 37
1021,213,213, 37
1022,213,213, 37
1023,213,213, 37
1024,213,213, 37
1025,213,213, 37
1026,213,213, 37
1027,213,213, 37
1028,213,213, 37
1029,213,213, 37
1030,213,213, 37
1031,213,213, 37
1032,213,213, 37
1033,213,213, 37
1034,212,212, 38
1035,212,212, 38
1036,212,212, 38
1037,212,212, 38
1038,212,212, 38
1039,212,212, 38
1040,212,212, 38
1041,212,212, 38
1042,210,210, 40
1043,210,210, 40
1044,210,210, 40
1045,210,210, 40
1046,210,210, 40
1047,210,210, 40
1048,209,209, 41
1049,209,209, 41
1050,209,209, 41
1051,209,209, 41
1052,209,209, 41
1053,209,209, 41
1054,209,209, 41
1055,209,209, 41
1056,209,209, 41
1057,209,209, 41
1058,209,209, 41
1059,209,209, 41
1060,209,209, 41
1061,209,209, 41
1062,209,209, 41
1063,209,209, 41
1064,209,209, 41
1065,209,209, 41
1066,209,209, 41
1067,209,209, 41
1068,209,209, 41
1069,209,209, 41
1070,209,209, 41
1071,209,209, 41
1072,208,208, 42
1073,208,208, 42
1074,208,208, 42
1075,208,208, 42
1076,208,208, 42
1077,208,208, 42
1078,208,208, 42
1079,208,208, 42
1080,208,208, 42
1081,208,208, 42
1082,208,208, 42
1083,208,208, 42
1084,208,208, 42
1085,208,208, 42
1086,208,208, 42
1087,208,208, 42
1088,208,208, 42
1089,208,208, 42
1090,208,208, 42
1091,208,208, 42
1092,208,208, 42
1093,208,208, 42
1094,208,208, 42
1095,208,208, 42
1096,208,208, 42
1097,208,208, 42
1098,207,207, 43
1099,207,207, 43
1100,207,207, 43
1101,207,207, 43
1102,207,207, 43
1103,207,207, 43
1104,207,207, 43
1105,207,207, 43
1106,207,207, 43
1107,207,207, 43
1108,207,207, 43
1109,207,207, 43
1110,207,207, 43
1111,207,207, 43
1112,207,207, 43
1113,207,207, 43
1114,207,207, 43
1115,207,207, 43
1116,207,207, 43
1117,207,207, 43
1118,207,207, 43
1119,207,207, 43
1120,207,207, 43
1121,207,207, 43
1122,207,207, 43
1123,207,207, 43
1124,207,207, 43
1125,207,207, 43
1126,207,207, 43
1127,207,207, 43
1128,207,207, 43
1129,207,207, 43
1130,207,207, 43
1131,207,207, 43
1132,206,206, 44
1133,206,206, 44
1134,206,206, 44
1135,206,206, 44
1136,206,206, 44
1137,205,205, 45
1138,205,205, 45
1139,205,205, 45
1140,205,205, 45
1141,205,205, 45
1142,205,205, 45
1143,205,205, 45
1144,205,205, 45
1145,205,205, 45
1146,205,205, 45
1147,205,205, 45
1148,205,205, 45
1149,205,205, 45
1150,205,205, 45
1151,205,205, 45
1152,205,205, 45
1153,205,205, 45
1154,205,205, 45
1155,205,205, 45
1156,205,205, 45
1157,205,205, 45
1158,205,205, 45
1159,205,205, 45
1160,205,205, 45
1161,205,205, 45
1162,205,205, 45
1163,205,205, 45
1164,205,205, 45
1165,205,205, 45
1166,205,205, 45
1167,205,205, 45
1168,205,205, 45
1169,205,205, 45
1170,205,205, 45
1171,205,205, 45
1172,205,205, 45
1173,205,205, 45
1174,205,205, 45
1175,205,205, 45
1176,205,205, 45
1177,205,205, 45
1178,205,205, 45
1179,205,205, 45
1180,205,205, 45
1181,205,205, 45
1182,205,205, 45
1183,205,205, 45
1184,205,205, 45
1185,205,205, 45
1186,205,205, 45
1187,205,205, 45
1188,205,205, 45
1189,205,205, 45
1190,205,205, 45
1191,205,205, 45
1192,205,205, 45
1193,205,205, 45
1194,205,205, 45
1195,205,205, 45
1196,205,205, 45
1197,205,205, 45
1198,205,205, 45
1199,205,205, 45
1200,205,205, 45
1201,205,205, 45
1202,205,205, 45
1203,205,205, 45
1204,205,205, 45
1205,205,205, 45
1206,205,205, 45
1207,205,205, 45
1208,205,205, 45
1209,205,205, 45
1210,205,205, 45
1211,205,205, 45
1212,205,205, 45
1213,205,205, 45
1214,205,205, 45
1215,205,205, 45
1216,205,205, 45
1217,205,205, 45
1218,205,205, 45
1219,205,205, 45
1220,205,205, 45
1221,205,205, 45
1222,205,205, 45
1223,205,205, 45
1224,205,205, 45
1225,205,205, 45
1226,205,205, 45
1227,205,205, 45
1228,205,205, 45
1229,205,205, 45
1230,205,205, 45
1231,205,205, 45
1232,205,205, 45
1233,205,205, 45
1234,205,205, 45
1235,205,205, 45
1236,205,205, 45
1237,205,205, 45
1238,205,205, 45
1239,205,205, 45
1240,205,205, 45
1241,205,205, 45
1242,205,205, 45
1243,205,205, 45
1244,205,205, 45
1245,205,205, 45
1246,205,205, 45
1247,205,205, 45
1248,205,205, 45
1249,205,205, 45
1250,205,205, 45
1251,205,205, 45
1252,205,205, 45
1253,205,205, 45
1254,205,205, 45
1255,205,205, 45
1256,205,205, 45
1257,205,205, 45
1258,205,205, 45
1259,205,205, 45
1260,205,205, 45
1261,205,205, 45
1262,205,205, 45
1263,205,205, 45
1264,205,205, 45
1265,205,205, 45
1266,205,205, 45
1267,205,205, 45
1268,204,204, 46
1269,204,204, 46
1270,204,204, 46
1271,204,204, 46
1272,204,204, 46
1273,204,204, 46
1274,204,204, 46
1275,204,204, 46
1276,204,204, 46
1277,204,204, 46
1278,204,204, 46
1279,204,204, 46
1280,204,204, 46
1281,204,204, 46
1282,204,204, 46
1283,204,204, 46
1284,204,204, 46
1285,204,204, 46
1286,204,204, 46
1287,204,204, 46
1288,204,204, 46
1289,204,204, 46
1290,204,204, 46
1291,204,204, 46
1292,204,204, 46
1293,204,204, 46
1294,204,204, 46
1295,204,204, 46
1296,204,204, 46
1297,204,204, 46
1298,204,204, 46
1299,204,204, 46
1300,204,204, 46
1301,204,204, 46
1302,204,204, 46
1303,204,204, 46
1304,204,204, 46
1305,204,204, 46
1306,204,204, 46
1307,204,204, 46
1308,204,204, 46
1309,204,204, 46
1310,204,204, 46
1311,204,204, 46
1312,204,204, 46
1313,204,204, 46
1314,204,204, 46
1315,204,204, 46
1316,204,204, 46
1317,204,204, 46
1318,204,204, 46
1319,204,204, 46
1320,204,204, 46
1321,204,204, 46
1322,204,204, 46
1323,204,204, 46
1324,204,204, 46
1325,204,204, 46
1326,204,204, 46
1327,204,204, 46
1328,204,204, 46
1329,204,204, 46
1330,204,204, 46
1331,204,204, 46
1332,204,204, 46
1333,204,204, 46
1334,204,204, 46
1335,204,204, 46
1336,204,204, 46
1337,204,204, 46
1338,204,204, 46
1339,204,204, 46
1340,204,204, 46
1341,204,204, 46
1342,204,204, 46
1343,204,204, 46
1344,202,202, 48
1345,202,202, 48
1346,202,202, 48
1347,202,202, 48
1348,202,202, 48
1349,202,202, 48
1350,202,202, 48
1351,202,202, 48
1352,202,202, 48
1353,202,202, 48
1354,202,202, 48
1355,202,202, 48
1356,202,202, 48
1357,202,202, 48
1358,202,202, 48
1359,200,200, 50
1360,200,200, 50
1361,200,200, 50
1362,200,200, 50
1363,200,200, 50
1364,200,200, 50
1365,200,200, 50
1366,200,200, 50
1367,200,200, 50
1368,200,200, 50
1369,200,200, 50
1370,200,200, 50
1371,200,200, 50
1372,200,200, 50
1373,200,200, 50
1374,200,200, 50
1375,200,200, 50
1376,200,200, 50
1377,200,200, 50
1378,200,200, 50
1379,200,200, 50
1380,200,200, 50
1381,200,200, 50
1382,200,200, 50
1383,200,200, 50
1384,200,200, 50
1385,200,200, 50
1386,200,200, 50
1387,200,200, 50
1388,200,200, 50
1389,200,200, 50
1390,200,200, 50
1391,200,200, 50
1392,200,200, 50
1393,200,200, 50
1394,200,200, 50
1395,200,200, 50
1396,200,200, 50
1397,200,200, 50
1398,200,200, 50
1399,200,200, 50
1400,200,200, 50
1401,200,200, 50
1402,200,200, 50
1403,200,200, 50
1404,200,200, 50
1405,200,200, 50
1406,200,200, 50
1407,200,200, 50
1408,200,200, 50
1409,200,200, 50
1410,200,200, 50
1411,200,200, 50
1412,200,200, 50
1413,200,200, 50
1414,200,200, 50
1415,200,200, 50
1416,200,200, 50
1417,200,200, 50
1418,200,200, 50
1419,200,200, 50
1420,200,200, 50
1421,200,200, 50
1422,200,200, 50
1423,200,200, 50
1424,200,200, 50
1425,200,200, 50
1426,200,200, 50
1427,200,200, 50
1428,200,200, 50
1429,200,200, 50
1430,200,200, 50
1431,199,199, 51
1432,199,199, 51
1433,199,199, 51
1434,199,199, 51
1435,199,199, 51
1436,199,199, 51
1437,199,199, 51
1438,199,199, 51
1439,199,199, 51
1440,199,199, 51
1441,199,199, 51
1442,199,199, 51
1443,199,199, 51
1444,199,199, 51
1445,199,199, 51
1446,199,199, 51
1447,199,199, 51
1448,199,199, 51
1449,199,199, 51
1450,199,199, 51
1451,199,199, 51
1452,199,199, 51
1453,199,199, 51
1454,199,199, 51
1455,198,198, 52
1456,198,198, 52
1457,198,198, 52
1458,198,198, 52
1459,198,198, 52
1460,198,198, 52
1461,198,198, 52
1462,198,198, 52
1463,198,198, 52
1464,198,198, 52
1465,198,198, 52
1466,198,198, 52
1467,198,198, 52
1468,198,198, 52
1469,198,198, 52
1470,198,198, 52
1471,198,198, 52
1472,198,198, 52
1473,198,198, 52
1474,198,198, 52
1475,198,198, 52
1476,197,197, 53
1477,197,197, 53
1478,197,197, 53
1479,197,197, 53
1480,197,197, 53
1481,197,197, 53
1482,197,197, 53
1483,197,197, 53
1484,197,197, 53
1485,197,197, 53
1486,197,197, 53
1487,197,197, 53
1488,197,197, 53
1489,197,197, 53
1490,197,197, 53
1491,197,197, 53
1492,197,197, 53
1493,197,197, 53
1494,197,197, 53
1495,197,197, 53
1496,197,197, 53
1497,197,197, 53
1498,197,197, 53
1499,197,197, 53
