0,249,249, 1
1,249,249, 1
2,249,249, 1
3,249,249, 1
4,249,249, 1
5,249,249, 1
6,249,249, 1
7,249,249, 1
8,249,249, 1
9,249,249, 1
10,249,249, 1
11,249,249, 1
12,249,249, 1
13,249,249, 1
14,249,249, 1
15,249,249, 1
16,249,249, 1
17,249,249, 1
18,249,249, 1
19,249,249, 1
20,249,249, 1
21,249,249, 1
22,249,249, 1
23,249,249, 1
24,249,249, 1
25,249,249, 1
26,249,249, 1
27,249,249, 1
28,249,249, 1
29,249,249, 1
30,249,249, 1
31,249,249, 1
32,249,249, 1
33,248,248, 2
34,247,247, 3
35,247,247, 3
36,247,247, 3
37,247,247, 3
38,247,247, 3
39,247,247, 3
40,247,247, 3
41,247,247, 3
42,247,247, 3
43,247,247, 3
44,247,247, 3
45,247,247, 3
46,247,247, 3
47,245,245, 5
48,245,245, 5
49,245,245, 5
50,245,245, 5
51,245,245, 5
52,245,245, 5
53,245,245, 5
54,245,245, 5
55,245,245, 5
56,245,245, 5
57,245,245, 5
58,245,245, 5
59,245,245, 5
60,245,245, 5
61,245,245, 5
62,245,245, 5
63,245,245, 5
64,245,245, 5
65,245,245, 5
66,245,245, 5
67,245,245, 5
68,245,245, 5
69,244,244, 6
70,243,243, 7
71,243,243, 7
72,243,243, 7
73,243,243, 7
74,243,243, 7
75,243,243, 7
76,243,243, 7
77,243,243, 7
78,243,243, 7
79,243,243, 7
80,243,243, 7
81,243,243, 7
82,243,243, 7
83,241,241, 9
84,241,241, 9
85,241,241, 9
86,241,241, 9
87,241,241, 9
88,241,241, 9
89,241,241, 9
90,241,241, 9
91,241,241, 9
92,241,241, 9
93,241,241, 9
94,241,241, 9
95,239,239, 11
96,239,239, 11
97,239,239, 11
98,239,239, 11
99,239,239, 11
100,239,239, 11
101,239,239, 11
102,239,239, 11
103,239,239, 11
104,239,239, 11
105,239,239, 11
106,239,239, 11
107,239,239, 11
108,239,239, 11
109,239,239, 11
110,239,239, 11
111,239,239, 11
112,239,239, 11
113,239,239, 11
114,239,239, 11
115,239,239, 11
116,239,239, 11
117,239,239, 11
118,239,239, 11
119,239,239, 11
120,239,239, 11
121,239,239, 11
122,239,239, 11
123,239,239, 11
124,239,239, 11
125,239,239, 11
126,239,239, 11
127,239,239, 11
128,239,239, 11
129,239,239, 11
130,239,239, 11
131,239,239, 11
132,239,239, 11
133,239,239, 11
134,239,239, 11
135,239,239, 11
136,239,239, 11
137,239,239, 11
138,239,239, 11
139,239,239, 11
140,239,239, 11
141,239,239, 11
142,239,239, 11
143,239,239, 11
144,239,239, 11
145,239,239, 11
146,239,239, 11
147,239,239, 11
148,239,239, 11
149,239,239, 11
150,239,239, 11
151,239,239, 11
152,239,239, 11
153,239,239, 11
154,239,239, 11
155,239,239, 11
156,239,239, 11
157,239,239, 11
158,239,239, 11
159,239,239, 11
160,239,239, 11
161,239,239, 11
162,239,239, 11
163,239,239, 11
164,239,239, 11
165,239,239, 11
166,239,239, 11
167,239,239, 11
168,239,239, 11
169,239,239, 11
170,239,239, 11
171,239,239, 11
172,239,239, 11
173,239,239, 11
174,239,239, 11
175,239,239, 11
176,239,239, 11
177,239,239, 11
178,239,239, 11
179,239,239, 11
180,239,239, 11
181,239,239, 11
182,239,239, 11
183,239,239, 11
184,239,239, 11
185,239,239, 11
186,239,239, 11
187,239,239, 11
188,239,239, 11
189,239,239, 11
190,239,239, 11
191,239,239, 11
192,239,239, 11
193,239,239, 11
194,239,239, 11
195,239,239, 11
196,239,239, 11
197,239,239, 11
198,239,239, 11
199,239,239, 11
200,239,239, 11
201,239,239, 11
202,239,239, 11
203,239,239, 11
204,239,239, 11
205,239,239, 11
206,239,239, 11
207,239,239, 11
208,239,239, 11
209,239,239, 11
210,239,239, 11
211,239,239, 11
212,239,239, 11
213,239,239, 11
214,239,239, 11
215,239,239, 11
216,239,239, 11
217,239,239, 11
218,239,239, 11
219,239,239, 11
220,239,239, 11
221,239,239, 11
222,239,239, 11
223,239,239, 11
224,237,237, 13
225,237,237, 13
226,237,237, 13
227,237,237, 13
228,237,237, 13
229,237,237, 13
230,237,237, 13
231,237,237, 13
232,237,237, 13
233,237,237, 13
234,237,237, 13
235,237,237, 13
236,237,237, 13
237,237,237, 13
238,236,236, 14
239,236,236, 14
240,236,236, 14
241,236,236, 14
242,236,236, 14
243,236,236, 14
244,236,236, 14
245,236,236, 14
246,236,236, 14
247,236,236, 14
248,236,236, 14
249,236,236, 14
250,236,236, 14
251,236,236, 14
252,236,236, 14
253,236,236, 14
254,236,236, 14
255,236,236, 14
256,236,236, 14
257,236,236, 14
258,236,236, 14
259,236,236, 14
260,236,236, 14
261,236,236, 14
262,234,234, 16
263,234,234, 16
264,234,234, 16
265,234,234, 16
266,234,234, 16
267,234,234, 16
268,234,234, 16
269,234,234, 16
270,234,234, 16
271,234,234, 16
272,233,233, 17
273,233,233, 17
274,233,233, 17
275,233,233, 17
276,233,233, 17
277,233,233, 17
278,233,233, 17
279,233,233, 17
280,233,233, 17
281,233,233, 17
282,233,233, 17
283,233,233, 17
284,233,233, 17
285,233,233, 17
286,233,233, 17
287,233,233, 17
288,233,233, 17
289,233,233, 17
290,233,233, 17
291,233,233, 17
292,233,233, 17
293,233,233, 17
294,233,233, 17
295,233,233, 17
296,233,233, 17
297,233,233, 17
298,232,232, 18
299,232,232, 18
300,232,232, 18
301,232,232, 18
302,232,232, 18
303,232,232, 18
304,232,232, 18
305,232,232, 18
306,232,232, 18
307,232,232, 18
308,232,232, 18
309,232,232, 18
310,232,232, 18
311,231,231, 19
312,231,231, 19
313,230,230, 20
314,230,230, 20
315,230,230, 20
316,230,230, 20
317,230,230, 20
318,230,230, 20
319,230,230, 20
320,230,230, 20
321,230,230, 20
322,230,230, 20
323,230,230, 20
324,230,230, 20
325,230,230, 20
326,230,230, 20
327,230,230, 20
328,230,230, 20
329,230,230, 20
330,230,230, 20
331,230,230, 20
332,230,230, 20
333,230,230, 20
334,230,230, 20
335,230,230, 20
336,230,230, 20
337,230,230, 20
338,230,230, 20
339,230,230, 20
340,230,230, 20
341,230,230, 20
342,230,230, 20
343,230,230, 20
344,230,230, 20
345,230,230, 20
346,230,230, 20
347,230,230, 20
348,230,230, 20
349,230,230, 20
350,230,230, 20
351,230,230, 20
352,230,230, 20
353,230,230, 20
354,230,230, 20
355,230,230, 20
356,230,230, 20
357,230,230, 20
358,230,230, 20
359,230,230, 20
360,230,230, 20
361,230,230, 20
362,230,230, 20
363,230,230, 20
364,230,230, 20
365,230,230, 20
366,230,230, 20
367,230,230, 20
368,230,230, 20
369,230,230, 20
370,230,230, 20
371,230,230, 20
372,230,230, 20
373,230,230, 20
374,230,230, 20
375,230,230, 20
376,230,230, 20
377,230,230, 20
378,230,230, 20
379,230,230, 20
380,230,230, 20
381,230,230, 20
382,230,230, 20
383,230,230, 20
384,230,230, 20
385,230,230, 20
386,230,230, 20
387,230,230, 20
388,230,230, 20
389,230,230, 20
390,230,230, 20
391,230,230, 20
392,230,230, 20
393,230,230, 20
394,230,230, 20
395,228,228, 22
396,228,228, 22
397,228,228, 22
398,228,228, 22
399,228,228, 22
400,228,228, 22
401,228,228, 22
402,228,228, 22
403,228,228, 22
404,228,228, 22
405,228,228, 22
406,228,228, 22
407,228,228, 22
408,228,228, 22
409,228,228, 22
410,228,228, 22
411,228,228, 22
412,228,228, 22
413,228,228, 22
414,228,228, 22
415,228,228, 22
416,228,228, 22
417,228,228, 22
418,228,228, 22
419,228,228, 22
420,228,228, 22
421,228,228, 22
422,228,228, 22
423,228,228, 22
424,228,228, 22
425,228,228, 22
426,227,227, 23
427,227,227, 23
428,226,226, 24
429,226,226, 24
430,226,226, 24
431,226,226, 24
432,226,226, 24
433,226,226, 24
434,226,226, 24
435,226,226, 24
436,226,226, 24
437,226,226, 24
438,226,226, 24
439,226,226, 24
440,226,226, 24
441,226,226, 24
442,226,226, 24
443,226,226, 24
444,226,226, 24
445,225,225, 25
446,225,225, 25
447,225,225, 25
448,225,225, 25
449,225,225, 25
450,225,225, 25
451,225,225, 25
452,225,225, 25
453,225,225, 25
454,225,225, 25
455,225,225, 25
456,225,225, 25
457,225,225, 25
458,225,225, 25
459,225,225, 25
460,225,225, 25
461,225,225, 25
462,225,225, 25
463,225,225, 25
464,225,225, 25
465,225,225, 25
466,225,225, 25
467,223,223, 27
468,223,223, 27
469,223,223, 27
470,223,223, 27
471,223,223, 27
472,223,223, 27
473,223,223, 27
474,223,223, 27
475,223,223, 27
476,223,223, 27
477,223,223, 27
478,223,223, 27
479,223,223, 27
480,223,223, 27
481,223,223, 27
482,223,223, 27
483,223,223, 27
484,223,223, 27
485,223,223, 27
486,223,223, 27
487,223,223, 27
488,223,223, 27
489,221,221, 29
490,221,221, 29
491,221,221, 29
492,221,221, 29
493,221,221, 29
494,221,221, 29
495,221,221, 29
496,221,221, 29
497,221,221, 29
498,221,221, 29
499,221,221, 29
500,221,221, 29
501,221,221, 29
502,221,221, 29
503,220,220, 30
504,220,220, 30
505,220,220, 30
506,220,220, 30
507,220,220, 30
508,220,220, 30
509,220,220, 30
510,220,220, 30
511,220,220, 30
512,220,220, 30
513,220,220, 30
514,220,220, 30
515,220,220, 30
516,220,220, 30
517,220,220, 30
518,220,220, 30
519,220,220, 30
520,220,220, 30
521,220,220, 30
522,220,220, 30
523,220,220, 30
524,220,220, 30
525,220,220, 30
526,220,220, 30
527,220,220, 30
528,220,220, 30
529,220,220, 30
530,220,220, 30
531,220,220, 30
532,220,220, 30
533,220,220, 30
534,220,220, 30
535,220,220, 30
536,219,219, 31
537,219,219, 31
538,219,219, 31
539,218,218, 32
540,218,218, 32
541,218,218, 32
542,218,218, 32
543,218,218, 32
544,218,218, 32
545,218,218, 32
546,218,218, 32
547,218,218, 32
548,218,218, 32
549,218,218, 32
550,218,218, 32
551,218,218, 32
552,218,218, 32
553,218,218, 32
554,218,218, 32
555,217,217, 33
556,217,217, 33
557,217,217, 33
558,217,217, 33
559,217,217, 33
560,217,217, 33
561,217,217, 33
562,217,217, 33
563,217,217, 33
564,217,217, 33
565,217,217, 33
566,217,217, 33
567,217,217, 33
568,217,217, 33
569,217,217, 33
570,217,217, 33
571,217,217, 33
572,217,217, 33
573,217,217, 33
574,217,217, 33
575,217,217, 33
576,217,217, 33
577,217,217, 33
578,217,217, 33
579,217,217, 33
580,217,217, 33
581,216,216, 34
582,215,215, 35
583,215,215, 35
584,215,215, 35
585,215,215, 35
586,215,215, 35
587,215,215, 35
588,215,215, 35
589,215,215, 35
590,215,215, 35
591,215,215, 35
592,215,215, 35
593,215,215, 35
594,215,215, 35
595,215,215, 35
596,215,215, 35
597,215,215, 35
598,215,215, 35
599,215,215, 35
600,215,215, 35
601,215,215, 35
602,215,215, 35
603,215,215, 35
604,215,215, 35
605,215,215, 35
606,215,215, 35
607,215,215, 35
608,215,215, 35
609,215,215, 35
610,215,215, 35
611,215,215, 35
612,215,215, 35
613,215,215, 35
614,215,215, 35
615,215,215, 35
616,215,215, 35
617,215,215, 35
618,215,215, 35
619,215,215, 35
620,215,215, 35
621,215,215, 35
622,215,215, 35
623,215,215, 35
624,214,214, 36
625,214,214, 36
626,214,214, 36
627,214,214, 36
628,214,214, 36
629,214,214, 36
630,214,214, 36
631,214,214, 36
632,214,214, 36
633,214,214, 36
634,214,214, 36
635,213,213, 37
636,213,213, 37
637,213,213, 37
638,213,213, 37
639,213,213, 37
640,213,213, 37
641,213,213, 37
642,211,211, 39
643,211,211, 39
644,211,211, 39
645,211,211, 39
646,211,211, 39
647,210,210, 40
648,210,210, 40
649,210,210, 40
650,210,210, 40
651,210,210, 40
652,210,210, 40
653,210,210, 40
654,210,210, 40
655,210,210, 40
656,210,210, 40
657,210,210, 40
658,210,210, 40
659,210,210, 40
660,210,210, 40
661,210,210, 40
662,210,210, 40
663,210,210, 40
664,210,210, 40
665,210,210, 40
666,210,210, 40
667,210,210, 40
668,210,210, 40
669,210,210, 40
670,210,210, 40
671,210,210, 40
672,210,210, 40
673,210,210, 40
674,210,210, 40
675,210,210, 40
676,210,210, 40
677,210,210, 40
678,210,210, 40
679,210,210, 40
680,210,210, 40
681,210,210, 40
682,210,210, 40
683,210,210, 40
684,210,210, 40
685,210,210, 40
686,210,210, 40
687,210,210, 40
688,210,210, 40
689,210,210, 40
690,210,210, 40
691,210,210, 40
692,210,210, 40
693,210,210, 40
694,210,210, 40
695,210,210, 40
696,210,210, 40
697,210,210, 40
698,210,210, 40
699,210,210, 40
700,210,210, 40
701,210,210, 40
702,210,210, 40
703,210,210, 40
704,210,210, 40
705,210,210, 40
706,210,210, 40
707,210,210, 40
708,210,210, 40
709,210,210, 40
710,210,210, 40
711,210,210, 40
712,210,210, 40
713,210,210, 40
714,210,210, 40
715,210,210, 40
716,210,210, 40
717,210,210, 40
718,210,210, 40
719,210,210, 40
720,210,210, 40
721,210,210, 40
722,210,210, 40
723,210,210, 40
724,210,210, 40
725,210,210, 40
726,210,210, 40
727,210,210, 40
728,210,210, 40
729,210,210, 40
730,210,210, 40
731,210,210, 40
732,210,210, 40
733,210,210, 40
734,210,210, 40
735,210,210, 40
736,210,210, 40
737,210,210, 40
738,210,210, 40
739,210,210, 40
740,210,210, 40
741,210,210, 40
742,210,210, 40
743,210,210, 40
744,210,210, 40
745,210,210, 40
746,210,210, 40
747,210,210, 40
748,210,210, 40
749,210,210, 40
750,210,210, 40
751,210,210, 40
752,210,210, 40
753,210,210, 40
754,210,210, 40
755,210,210, 40
756,210,210, 40
757,210,210, 40
758,210,210, 40
759,210,210, 40
760,209,209, 41
761,209,209, 41
762,209,209, 41
763,209,209, 41
764,209,209, 41
765,209,209, 41
766,209,209, 41
767,209,209, 41
768,209,209, 41
769,209,209, 41
770,209,209, 41
771,209,209, 41
772,209,209, 41
773,209,209, 41
774,209,209, 41
775,209,209, 41
776,209,209, 41
777,209,209, 41
778,209,209, 41
779,209,209, 41
780,209,209, 41
781,209,209, 41
782,209,209, 41
783,209,209, 41
784,209,209, 41
785,209,209, 41
786,209,209, 41
787,209,209, 41
788,209,209, 41
789,209,209, 41
790,209,209, 41
791,209,209, 41
792,209,209, 41
793,209,209, 41
794,209,209, 41
795,209,209, 41
796,209,209, 41
797,209,209, 41
798,209,209, 41
799,209,209, 41
800,209,209, 41
801,209,209, 41
802,209,209, 41
803,209,209, 41
804,209,209, 41
805,209,209, 41
806,209,209, 41
807,209,209, 41
808,209,209, 41
809,209,209, 41
810,209,209, 41
811,209,209, 41
812,209,209, 41
813,209,209, 41
814,209,209, 41
815,209,209, 41
816,209,209, 41
817,209,209, 41
818,209,209, 41
819,209,209, 41
820,209,209, 41
821,209,209, 41
822,209,209, 41
823,209,209, 41
824,209,209, 41
825,209,209, 41
826,209,209, 41
827,209,209, 41
828,209,209, 41
829,209,209, 41
830,209,209, 41
831,209,209, 41
832,209,209, 41
833,209,209, 41
834,209,209, 41
835,209,209, 41
836,209,209, 41
837,209,209, 41
838,209,209, 41
839,209,209, 41
840,209,209, 41
841,209,209, 41
842,209,209, 41
843,209,209, 41
844,209,209, 41
845,209,209, 41
846,209,209, 41
847,209,209, 41
848,209,209, 41
849,209,209, 41
850,209,209, 41
851,209,209, 41
852,207,207, 43
853,207,207, 43
854,207,207, 43
855,206,206, 44
856,206,206, 44
857,205,205, 45
858,205,205, 45
859,205,205, 45
860,205,205, 45
861,205,205, 45
862,205,205, 45
863,205,205, 45
864,205,205, 45
865,205,205, 45
866,205,205, 45
867,205,205, 45
868,205,205, 45
869,205,205, 45
870,205,205, 45
871,205,205, 45
872,205,205, 45
873,205,205, 45
874,205,205, 45
875,205,205, 45
876,205,205, 45
877,205,205, 45
878,205,205, 45
879,205,205, 45
880,205,205, 45
881,205,205, 45
882,205,205, 45
883,205,205, 45
884,204,204, 46
885,204,204, 46
886,204,204, 46
887,204,204, 46
888,204,204, 46
889,204,204, 46
890,204,204, 46
891,204,204, 46
892,204,204, 46
893,204,204, 46
894,204,204, 46
895,204,204, 46
896,204,204, 46
897,204,204, 46
898,204,204, 46
899,204,204, 46
900,204,204, 46
901,204,204, 46
902,204,204, 46
903,204,204, 46
904,204,204, 46
905,204,204, 46
906,204,204, 46
907,204,204, 46
908,204,204, 46
909,204,204, 46
910,204,204, 46
911,204,204, 46
912,204,204, 46
913,204,204, 46
914,204,204, 46
915,204,204, 46
916,204,204, 46
917,204,204, 46
918,204,204, 46
919,204,204, 46
920,204,204, 46
921,204,204, 46
922,204,204, 46
923,204,204, 46
924,204,204, 46
925,203,203, 47
926,203,203, 47
927,203,203, 47
928,203,203, 47
929,203,203, 47
930,203,203, 47
931,203,203, 47
932,203,203, 47
933,203,203, 47
934,203,203, 47
935,203,203, 47
936,203,203, 47
937,203,203, 47
938,203,203, 47
939,203,203, 47
940,203,203, 47
941,203,203, 47
942,203,203, 47
943,203,203, 47
944,203,203, 47
945,203,203, 47
946,203,203, 47
947,203,203, 47
948,203,203, 47
949,203,203, 47
950,203,203, 47
951,203,203, 47
952,203,203, 47
953,203,203, 47
954,203,203, 47
955,203,203, 47
956,203,203, 47
957,203,203, 47
958,203,203, 47
959,203,203, 47
960,203,203, 47
961,203,203, 47
962,203,203, 47
963,203,203, 47
964,203,203, 47
965,203,203, 47
966,203,203, 47
967,203,203, 47
968,203,203, 47
969,203,203, 47
970,203,203, 47
971,203,203, 47
972,203,203, 47
973,203,203, 47
974,203,203, 47
975,203,203, 47
976,203,203, 47
977,203,203, 47
978,203,203, 47
979,203,203, 47
980,203,203, 47
981,203,203, 47
982,203,203, 47
983,203,203, 47
984,203,203, 47
985,203,203, 47
986,203,203, 47
987,203,203, 47
988,203,203, 47
989,203,203, 47
990,202,202, 48
991,202,202, 48
992,202,202, 48
993,202,202, 48
994,202,202, 48
995,202,202, 48
996,202,202, 48
997,202,202, 48
998,202,202, 48
999,202,202, 48
1000,202,202, 48
1001,202,202, 48
1002,202,202, 48
1003,202,202, 48
1004,202,202, 48
1005,202,202, 48
1006,202,202, 48
1007,202,202, 48
1008,202,202, 48
1009,202,202, 48
1010,202,202, 48
1011,202,202, 48
1012,202,202, 48
1013,202,202, 48
1014,202,202, 48
1015,202,202, 48
1016,202,202, 48
1017,202,202, 48
1018,202,202, 48
1019,202,202, 48
1020,202,202, 48
1021,202,202, 48
1022,202,202, 48
1023,202,202, 48
1024,202,202, 48
1025,202,202, 48
1026,202,202, 48
1027,202,202, 48
1028,202,202, 48
1029,202,202, 48
1030,202,202, 48
1031,202,202, 48
1032,202,202, 48
1033,202,202, 48
1034,202,202, 48
1035,202,202, 48
1036,202,202, 48
1037,202,202, 48
1038,202,202, 48
1039,202,202, 48
1040,202,202, 48
1041,202,202, 48
1042,202,202, 48
1043,202,202, 48
1044,202,202, 48
1045,202,202, 48
1046,202,202, 48
1047,202,202, 48
1048,202,202, 48
1049,202,202, 48
1050,202,202, 48
1051,202,202, 48
1052,202,202, 48
1053,202,202, 48
1054,202,202, 48
1055,202,202, 48
1056,202,202, 48
1057,202,202, 48
1058,202,202, 48
1059,202,202, 48
1060,202,202, 48
1061,202,202, 48
1062,202,202, 48
1063,202,202, 48
1064,202,202, 48
1065,202,202, 48
1066,202,202, 48
1067,202,202, 48
1068,202,202, 48
1069,202,202, 48
1070,202,202, 48
1071,201,201, 49
1072,201,201, 49
1073,201,201, 49
1074,201,201, 49
1075,201,201, 49
1076,201,201, 49
1077,201,201, 49
1078,201,201, 49
1079,201,201, 49
1080,201,201, 49
1081,201,201, 49
1082,201,201, 49
1083,201,201, 49
1084,201,201, 49
1085,201,201, 49
1086,201,201, 49
1087,201,201, 49
1088,201,201, 49
1089,201,201, 49
1090,201,201, 49
1091,201,201, 49
1092,201,201, 49
1093,201,201, 49
1094,201,201, 49
1095,201,201, 49
1096,201,201, 49
1097,201,201, 49
1098,201,201, 49
1099,201,201, 49
1100,201,201, 49
1101,201,201, 49
1102,201,201, 49
1103,201,201, 49
1104,201,201, 49
1105,201,201, 49
1106,201,201, 49
1107,201,201, 49
1108,201,201, 49
1109,201,201, 49
1110,201,201, 49
1111,201,201, 49
1112,201,201, 49
1113,201,201, 49
1114,201,201, 49
1115,201,201, 49
1116,201,201, 49
1117,201,201, 49
1118,201,201, 49
1119,201,201, 49
1120,201,201, 49
1121,201,201, 49
1122,201,201, 49
1123,201,201, 49
1124,201,201, 49
1125,201,201, 49
1126,201,201, 49
1127,201,201, 49
1128,201,201, 49
1129,201,201, 49
1130,201,201, 49
1131,201,201, 49
1132,201,201, 49
1133,201,201, 49
1134,201,201, 49
1135,201,201, 49
1136,201,201, 49
1137,201,201, 49
1138,201,201, 49
1139,201,201, 49
1140,201,201, 49
1141,201,201, 49
1142,201,201, 49
1143,201,201, 49
1144,201,201, 49
1145,201,201, 49
1146,201,201, 49
1147,201,201, 49
1148,201,201, 49
1149,201,201, 49
1150,201,201, 49
1151,201,201, 49
1152,201,201, 49
1153,201,201, 49
1154,201,201, 49
1155,201,201, 49
1156,201,201, 49
1157,201,201, 49
1158,201,201, 49
1159,201,201, 49
1160,201,201, 49
1161,201,201, 49
1162,201,201, 49
1163,201,201, 49
1164,201,201, 49
1165,201,201, 49
1166,201,201, 49
1167,201,201, 49
1168,201,201, 49
1169,200,200, 50
1170,199,199, 51
1171,199,199, 51
1172,199,199, 51
1173,199,199, 51
1174,199,199, 51
1175,197,197, 53
1176,197,197, 53
1177,197,197, 53
1178,197,197, 53
1179,197,197, 53
1180,197,197, 53
1181,197,197, 53
1182,197,197, 53
1183,197,197, 53
1184,197,197, 53
1185,197,197, 53
1186,197,197, 53
1187,197,197, 53
1188,197,197, 53
1189,197,197, 53
1190,196,196, 54
1191,196,196, 54
1192,196,196, 54
1193,196,196, 54
1194,196,196, 54
1195,196,196, 54
1196,196,196, 54
1197,196,196, 54
1198,196,196, 54
1199,196,196, 54
1200,196,196, 54
1201,196,196, 54
1202,196,196, 54
1203,196,196, 54
1204,196,196, 54
1205,196,196, 54
1206,196,196, 54
1207,196,196, 54
1208,196,196, 54
1209,196,196, 54
1210,196,196, 54
1211,196,196, 54
1212,196,196, 54
1213,196,196, 54
1214,196,196, 54
1215,196,196, 54
1216,196,196, 54
1217,196,196, 54
1218,196,196, 54
1219,196,196, 54
1220,195,195, 55
1221,195,195, 55
1222,195,195, 55
1223,195,195, 55
1224,195,195, 55
1225,194,194, 56
1226,194,194, 56
1227,194,194, 56
1228,194,194, 56
1229,194,194, 56
1230,194,194, 56
1231,194,194, 56
1232,194,194, 56
1233,194,194, 56
1234,194,194, 56
1235,194,194, 56
1236,194,194, 56
1237,194,194, 56
1238,194,194, 56
1239,194,194, 56
1240,194,194, 56
1241,194,194, 56
1242,194,194, 56
1243,194,194, 56
1244,194,194, 56
1245,194,194, 56
1246,194,194, 56
1247,194,194, 56
1248,194,194, 56
1249,194,194, 56
1250,194,194, 56
1251,194,194, 56
1252,194,194, 56
1253,194,194, 56
1254,194,194, 56
1255,194,194, 56
1256,194,194, 56
1257,194,194, 56
1258,194,194, 56
1259,194,194, 56
1260,194,194, 56
1261,194,194, 56
1262,194,194, 56
1263,194,194, 56
1264,194,194, 56
1265,194,194, 56
1266,194,194, 56
1267,194,194, 56
1268,194,194, 56
1269,194,194, 56
1270,194,194, 56
1271,194,194, 56
1272,194,194, 56
1273,194,194, 56
1274,194,194, 56
1275,194,194, 56
1276,194,194, 56
1277,194,194, 56
1278,194,194, 56
1279,194,194, 56
1280,194,194, 56
1281,194,194, 56
1282,194,194, 56
1283,194,194, 56
1284,194,194, 56
1285,194,194, 56
1286,194,194, 56
1287,194,194, 56
1288,194,194, 56
1289,194,194, 56
1290,194,194, 56
1291,194,194, 56
1292,194,194, 56
1293,194,194, 56
1294,194,194, 56
1295,194,194, 56
1296,194,194, 56
1297,194,194, 56
1298,194,194, 56
1299,194,194, 56
1300,194,194, 56
1301,194,194, 56
1302,194,194, 56
1303,194,194, 56
1304,194,194, 56
1305,194,194, 56
1306,194,194, 56
1307,194,194, 56
1308,194,194, 56
1309,194,194, 56
1310,194,194, 56
1311,194,194, 56
1312,194,194, 56
1313,194,194, 56
1314,194,194, 56
1315,194,194, 56
1316,194,194, 56
1317,194,194, 56
1318,194,194, 56
1319,194,194, 56
1320,194,194, 56
1321,194,194, 56
1322,194,194, 56
1323,194,194, 56
1324,194,194, 56
1325,194,194, 56
1326,194,194, 56
1327,194,194, 56
1328,194,194, 56
1329,194,194, 56
1330,194,194, 56
1331,194,194, 56
1332,194,194, 56
1333,194,194, 56
1334,194,194, 56
1335,194,194, 56
1336,194,194, 56
1337,194,194, 56
1338,194,194, 56
1339,194,194, 56
1340,194,194, 56
1341,194,194, 56
1342,194,194, 56
1343,194,194, 56
1344,194,194, 56
1345,194,194, 56
1346,194,194, 56
1347,194,194, 56
1348,194,194, 56
1349,194,194, 56
1350,194,194, 56
1351,194,194, 56
1352,194,194, 56
1353,194,194, 56
1354,194,194, 56
1355,194,194, 56
1356,193,193, 57
1357,193,193, 57
1358,193,193, 57
1359,192,192, 58
1360,192,192, 58
1361,192,192, 58
1362,192,192, 58
1363,192,192, 58
1364,192,192, 58
1365,192,192, 58
1366,192,192, 58
1367,192,192, 58
1368,192,192, 58
1369,192,192, 58
1370,192,192, 58
1371,192,192, 58
1372,192,192, 58
1373,192,192, 58
1374,192,192, 58
1375,192,192, 58
1376,192,192, 58
1377,192,192, 58
1378,192,192, 58
1379,191,191, 59
1380,191,191, 59
1381,191,191, 59
1382,191,191, 59
1383,191,191, 59
1384,191,191, 59
1385,191,191, 59
1386,191,191, 59
1387,191,191, 59
1388,191,191, 59
1389,191,191, 59
1390,191,191, 59
1391,191,191, 59
1392,191,191, 59
1393,191,191, 59
1394,191,191, 59
1395,191,191, 59
1396,191,191, 59
1397,191,191, 59
1398,191,191, 59
1399,191,191, 59
1400,191,191, 59
1401,191,191, 59
1402,191,191, 59
1403,191,191, 59
1404,191,191, 59
1405,189,189, 61
1406,189,189, 61
1407,189,189, 61
1408,189,189, 61
1409,189,189, 61
1410,189,189, 61
1411,189,189, 61
1412,189,189, 61
1413,189,189, 61
1414,189,189, 61
1415,189,189, 61
1416,189,189, 61
1417,189,189, 61
1418,188,188, 62
1419,187,187, 63
1420,187,187, 63
1421,187,187, 63
1422,187,187, 63
1423,187,187, 63
1424,187,187, 63
1425,187,187, 63
1426,187,187, 63
1427,187,187, 63
1428,187,187, 63
1429,187,187, 63
1430,187,187, 63
1431,187,187, 63
1432,187,187, 63
1433,187,187, 63
1434,187,187, 63
1435,187,187, 63
1436,187,187, 63
1437,187,187, 63
1438,187,187, 63
1439,187,187, 63
1440,187,187, 63
1441,187,187, 63
1442,187,187, 63
1443,187,187, 63
1444,187,187, 63
1445,187,187, 63
1446,187,187, 63
1447,187,187, 63
1448,187,187, 63
1449,187,187, 63
1450,187,187, 63
1451,187,187, 63
1452,185,185, 65
1453,185,185, 65
1454,185,185, 65
1455,185,185, 65
1456,185,185, 65
1457,185,185, 65
1458,185,185, 65
1459,185,185, 65
1460,185,185, 65
1461,185,185, 65
1462,185,185, 65
1463,185,185, 65
1464,185,185, 65
1465,185,185, 65
1466,185,185, 65
1467,185,185, 65
1468,185,185, 65
1469,185,185, 65
1470,185,185, 65
1471,185,185, 65
1472,185,185, 65
1473,185,185, 65
1474,185,185, 65
1475,185,185, 65
1476,185,185, 65
1477,185,185, 65
1478,185,185, 65
1479,185,185, 65
1480,185,185, 65
1481,185,185, 65
1482,185,185, 65
1483,185,185, 65
1484,185,185, 65
1485,185,185, 65
1486,184,184, 66
1487,184,184, 66
1488,184,184, 66
1489,184,184, 66
1490,184,184, 66
1491,184,184, 66
1492,184,184, 66
1493,184,184, 66
1494,184,184, 66
1495,184,184, 66
1496,184,184, 66
1497,184,184, 66
1498,184,184, 66
1499,184,184, 66
