0,250,250, 0
1,250,250, 0
2,250,250, 0
3,250,250, 0
4,250,250, 0
5,250,250, 0
6,250,250, 0
7,250,250, 0
8,249,249, 1
9,249,249, 1
10,249,249, 1
11,249,249, 1
12,249,249, 1
13,249,249, 1
14,249,249, 1
15,249,249, 1
16,249,249, 1
17,249,249, 1
18,249,249, 1
19,249,249, 1
20,248,248, 2
21,248,248, 2
22,248,248, 2
23,248,248, 2
24,248,248, 2
25,248,248, 2
26,248,248, 2
27,248,248, 2
28,248,248, 2
29,248,248, 2
30,248,248, 2
31,248,248, 2
32,247,247, 3
33,247,247, 3
34,247,247, 3
35,247,247, 3
36,247,247, 3
37,247,247, 3
38,247,247, 3
39,247,247, 3
40,247,247, 3
41,247,247, 3
42,247,247, 3
43,247,247, 3
44,246,246, 4
45,246,246, 4
46,246,246, 4
47,246,246, 4
48,246,246, 4
49,246,246, 4
50,246,246, 4
51,246,246, 4
52,246,246, 4
53,246,246, 4
54,246,246, 4
55,246,246, 4
56,246,246, 4
57,246,246, 4
58,246,246, 4
59,246,246, 4
60,246,246, 4
61,246,246, 4
62,246,246, 4
63,245,245, 5
64,245,245, 5
65,245,245, 5
66,245,245, 5
67,245,245, 5
68,245,245, 5
69,245,245, 5
70,245,245, 5
71,245,245, 5
72,245,245, 5
73,245,245, 5
74,245,245, 5
75,245,245, 5
76,245,245, 5
77,245,245, 5
78,245,245, 5
79,245,245, 5
80,245,245, 5
81,245,245, 5
82,245,245, 5
83,245,245, 5
84,245,245, 5
85,245,245, 5
86,245,245, 5
87,245,245, 5
88,245,245, 5
89,245,245, 5
90,245,245, 5
91,245,245, 5
92,245,245, 5
93,244,244, 6
94,244,244, 6
95,244,244, 6
96,244,244, 6
97,244,244, 6
98,244,244, 6
99,244,244, 6
100,244,244, 6
101,244,244, 6
102,244,244, 6
103,244,244, 6
104,244,244, 6
105,244,244, 6
106,244,244, 6
107,243,243, 7
108,243,243, 7
109,243,243, 7
110,243,243, 7
111,243,243, 7
112,243,243, 7
113,243,243, 7
114,243,243, 7
115,243,243, 7
116,243,243, 7
117,243,243, 7
118,243,243, 7
119,243,243, 7
120,243,243, 7
121,243,243, 7
122,243,243, 7
123,243,243, 7
124,242,242, 8
125,242,242, 8
126,242,242, 8
127,242,242, 8
128,242,242, 8
129,242,242, 8
130,242,242, 8
131,242,242, 8
132,242,242, 8
133,242,242, 8
134,242,242, 8
135,242,242, 8
136,242,242, 8
137,242,242, 8
138,242,242, 8
139,242,242, 8
140,242,242, 8
141,242,242, 8
142,242,242, 8
143,242,242, 8
144,242,242, 8
145,242,242, 8
146,242,242, 8
147,242,242, 8
148,242,242, 8
149,242,242, 8
150,242,242, 8
151,242,242, 8
152,242,242, 8
153,242,242, 8
154,242,242, 8
155,242,242, 8
156,242,242, 8
157,242,242, 8
158,242,242, 8
159,242,242, 8
160,242,242, 8
161,241,241, 9
162,241,241, 9
163,241,241, 9
164,241,241, 9
165,241,241, 9
166,241,241, 9
167,241,241, 9
168,241,241, 9
169,241,241, 9
170,241,241, 9
171,241,241, 9
172,241,241, 9
173,241,241, 9
174,241,241, 9
175,241,241, 9
176,241,241, 9
177,241,241, 9
178,241,241, 9
179,241,241, 9
180,241,241, 9
181,241,241, 9
182,241,241, 9
183,240,240, 10
184,240,240, 10
185,240,240, 10
186,240,240, 10
187,240,240, 10
188,240,240, 10
189,240,240, 10
190,240,240, 10
191,240,240, 10
192,240,240, 10
193,240,240, 10
194,240,240, 10
195,240,240, 10
196,240,240, 10
197,240,240, 10
198,240,240, 10
199,240,240, 10
200,240,240, 10
201,240,240, 10
202,240,240, 10
203,240,240, 10
204,240,240, 10
205,240,240, 10
206,240,240, 10
207,240,240, 10
208,240,240, 10
209,240,240, 10
210,240,240, 10
211,240,240, 10
212,240,240, 10
213,240,240, 10
214,240,240, 10
215,240,240, 10
216,240,240, 10
217,240,240, 10
218,240,240, 10
219,240,240, 10
220,240,240, 10
221,240,240, 10
222,240,240, 10
223,240,240, 10
224,240,240, 10
225,239,239, 11
226,239,239, 11
227,239,239, 11
228,239,239, 11
229,239,239, 11
230,239,239, 11
231,239,239, 11
232,239,239, 11
233,239,239, 11
234,239,239, 11
235,239,239, 11
236,239,239, 11
237,239,239, 11
238,239,239, 11
239,239,239, 11
240,239,239, 11
241,239,239, 11
242,239,239, 11
243,239,239, 11
244,239,239, 11
245,239,239, 11
246,239,239, 11
247,239,239, 11
248,239,239, 11
249,239,239, 11
250,239,239, 11
251,239,239, 11
252,238,238, 12
253,238,238, 12
254,238,238, 12
255,238,238, 12
256,238,238, 12
257,238,238, 12
258,238,238, 12
259,238,238, 12
260,238,238, 12
261,238,238, 12
262,238,238, 12
263,238,238, 12
264,238,238, 12
265,238,238, 12
266,238,238, 12
267,238,238, 12
268,238,238, 12
269,238,238, 12
270,238,238, 12
271,238,238, 12
272,238,238, 12
273,238,238, 12
274,238,238, 12
275,238,238, 12
276,238,238, 12
277,238,238, 12
278,238,238, 12
279,238,238, 12
280,238,238, 12
281,238,238, 12
282,238,238, 12
283,238,238, 12
284,238,238, 12
285,238,238, 12
286,238,238, 12
287,238,238, 12
288,238,238, 12
289,238,238, 12
290,238,238, 12
291,238,238, 12
292,238,238, 12
293,238,238, 12
294,238,238, 12
295,238,238, 12
296,238,238, 12
297,238,238, 12
298,238,238, 12
299,238,238, 12
300,238,238, 12
301,238,238, 12
302,238,238, 12
303,238,238, 12
304,238,238, 12
305,238,238, 12
306,238,238, 12
307,238,238, 12
308,238,238, 12
309,238,238, 12
310,238,238, 12
311,238,238, 12
312,238,238, 12
313,238,238, 12
314,238,238, 12
315,238,238, 12
316,238,238, 12
317,238,238, 12
318,238,238, 12
319,238,238, 12
320,238,238, 12
321,238,238, 12
322,238,238, 12
323,238,238, 12
324,238,238, 12
325,238,238, 12
326,238,238, 12
327,238,238, 12
328,238,238, 12
329,238,238, 12
330,238,238, 12
331,238,238, 12
332,238,238, 12
333,238,238, 12
334,238,238, 12
335,238,238, 12
336,238,238, 12
337,238,238, 12
338,238,238, 12
339,238,238, 12
340,238,238, 12
341,238,238, 12
342,238,238, 12
343,238,238, 12
344,238,238, 12
345,238,238, 12
346,238,238, 12
347,238,238, 12
348,237,237, 13
349,237,237, 13
350,237,237, 13
351,237,237, 13
352,237,237, 13
353,237,237, 13
354,237,237, 13
355,237,237, 13
356,237,237, 13
357,237,237, 13
358,237,237, 13
359,237,237, 13
360,237,237, 13
361,237,237, 13
362,237,237, 13
363,237,237, 13
364,237,237, 13
365,237,237, 13
366,237,237, 13
367,237,237, 13
368,237,237, 13
369,237,237, 13
370,237,237, 13
371,237,237, 13
372,237,237, 13
373,237,237, 13
374,237,237, 13
375,237,237, 13
376,237,237, 13
377,237,237, 13
378,237,237, 13
379,237,237, 13
380,237,237, 13
381,237,237, 13
382,237,237, 13
383,237,237, 13
384,237,237, 13
385,237,237, 13
386,237,237, 13
387,237,237, 13
388,237,237, 13
389,237,237, 13
390,237,237, 13
391,237,237, 13
392,237,237, 13
393,237,237, 13
394,237,237, 13
395,237,237, 13
396,237,237, 13
397,237,237, 13
398,237,237, 13
399,237,237, 13
400,237,237, 13
401,237,237, 13
402,237,237, 13
403,237,237, 13
404,237,237, 13
405,237,237, 13
406,237,237, 13
407,237,237, 13
408,237,237, 13
409,237,237, 13
410,237,237, 13
411,237,237, 13
412,237,237, 13
413,236,236, 14
414,236,236, 14
415,236,236, 14
416,236,236, 14
417,236,236, 14
418,236,236, 14
419,236,236, 14
420,236,236, 14
421,236,236, 14
422,236,236, 14
423,236,236, 14
424,236,236, 14
425,236,236, 14
426,236,236, 14
427,236,236, 14
428,236,236, 14
429,236,236, 14
430,236,236, 14
431,236,236, 14
432,236,236, 14
433,236,236, 14
434,236,236, 14
435,236,236, 14
436,236,236, 14
437,236,236, 14
438,236,236, 14
439,236,236, 14
440,236,236, 14
441,236,236, 14
442,236,236, 14
443,236,236, 14
444,236,236, 14
445,236,236, 14
446,236,236, 14
447,236,236, 14
448,236,236, 14
449,236,236, 14
450,236,236, 14
451,235,235, 15
452,235,235, 15
453,235,235, 15
454,235,235, 15
455,235,235, 15
456,235,235, 15
457,235,235, 15
458,235,235, 15
459,235,235, 15
460,235,235, 15
461,235,235, 15
462,235,235, 15
463,235,235, 15
464,235,235, 15
465,235,235, 15
466,235,235, 15
467,235,235, 15
468,235,235, 15
469,235,235, 15
470,235,235, 15
471,235,235, 15
472,235,235, 15
473,235,235, 15
474,235,235, 15
475,235,235, 15
476,235,235, 15
477,235,235, 15
478,235,235, 15
479,235,235, 15
480,235,235, 15
481,235,235, 15
482,235,235, 15
483,235,235, 15
484,235,235, 15
485,235,235, 15
486,235,235, 15
487,235,235, 15
488,235,235, 15
489,235,235, 15
490,235,235, 15
491,235,235, 15
492,235,235, 15
493,235,235, 15
494,235,235, 15
495,235,235, 15
496,235,235, 15
497,235,235, 15
498,235,235, 15
499,235,235, 15
500,235,235, 15
501,234,234, 16
502,234,234, 16
503,234,234, 16
504,234,234, 16
505,234,234, 16
506,234,234, 16
507,234,234, 16
508,234,234, 16
509,234,234, 16
510,234,234, 16
511,234,234, 16
512,234,234, 16
513,234,234, 16
514,234,234, 16
515,234,234, 16
516,234,234, 16
517,234,234, 16
518,234,234, 16
519,234,234, 16
520,234,234, 16
521,234,234, 16
522,234,234, 16
523,234,234, 16
524,234,234, 16
525,234,234, 16
526,234,234, 16
527,234,234, 16
528,234,234, 16
529,234,234, 16
530,234,234, 16
531,234,234, 16
532,234,234, 16
533,234,234, 16
534,234,234, 16
535,234,234, 16
536,234,234, 16
537,234,234, 16
538,234,234, 16
539,234,234, 16
540,234,234, 16
541,234,234, 16
542,234,234, 16
543,234,234, 16
544,234,234, 16
545,234,234, 16
546,234,234, 16
547,234,234, 16
548,234,234, 16
549,234,234, 16
550,234,234, 16
551,234,234, 16
552,234,234, 16
553,234,234, 16
554,234,234, 16
555,234,234, 16
556,234,234, 16
557,234,234, 16
558,234,234, 16
559,234,234, 16
560,234,234, 16
561,234,234, 16
562,234,234, 16
563,234,234, 16
564,234,234, 16
565,234,234, 16
566,234,234, 16
567,234,234, 16
568,234,234, 16
569,234,234, 16
570,234,234, 16
571,234,234, 16
572,234,234, 16
573,234,234, 16
574,234,234, 16
575,234,234, 16
576,234,234, 16
577,234,234, 16
578,234,234, 16
579,234,234, 16
580,234,234, 16
581,234,234, 16
582,234,234, 16
583,234,234, 16
584,234,234, 16
585,234,234, 16
586,233,233, 17
587,233,233, 17
588,233,233, 17
589,233,233, 17
590,233,233, 17
591,233,233, 17
592,232,232, 18
593,232,232, 18
594,232,232, 18
595,232,232, 18
596,232,232, 18
597,232,232, 18
598,232,232, 18
599,232,232, 18
600,232,232, 18
601,232,232, 18
602,232,232, 18
603,232,232, 18
604,232,232, 18
605,232,232, 18
606,232,232, 18
607,232,232, 18
608,232,232, 18
609,232,232, 18
610,232,232, 18
611,232,232, 18
612,232,232, 18
613,232,232, 18
614,232,232, 18
615,232,232, 18
616,232,232, 18
617,232,232, 18
618,232,232, 18
619,232,232, 18
620,232,232, 18
621,232,232, 18
622,232,232, 18
623,232,232, 18
624,232,232, 18
625,232,232, 18
626,232,232, 18
627,232,232, 18
628,232,232, 18
629,232,232, 18
630,232,232, 18
631,231,231, 19
632,231,231, 19
633,231,231, 19
634,231,231, 19
635,231,231, 19
636,231,231, 19
637,231,231, 19
638,231,231, 19
639,231,231, 19
640,231,231, 19
641,231,231, 19
642,231,231, 19
643,231,231, 19
644,231,231, 19
645,231,231, 19
646,231,231, 19
647,231,231, 19
648,231,231, 19
649,231,231, 19
650,231,231, 19
651,231,231, 19
652,231,231, 19
653,231,231, 19
654,231,231, 19
655,231,231, 19
656,231,231, 19
657,231,231, 19
658,231,231, 19
659,231,231, 19
660,231,231, 19
661,231,231, 19
662,231,231, 19
663,231,231, 19
664,231,231, 19
665,231,231, 19
666,231,231, 19
667,231,231, 19
668,231,231, 19
669,231,231, 19
670,231,231, 19
671,231,231, 19
672,231,231, 19
673,231,231, 19
674,231,231, 19
675,231,231, 19
676,231,231, 19
677,231,231, 19
678,231,231, 19
679,231,231, 19
680,231,231, 19
681,231,231, 19
682,231,231, 19
683,231,231, 19
684,231,231, 19
685,231,231, 19
686,231,231, 19
687,231,231, 19
688,231,231, 19
689,231,231, 19
690,231,231, 19
691,231,231, 19
692,231,231, 19
693,231,231, 19
694,231,231, 19
695,231,231, 19
696,231,231, 19
697,231,231, 19
698,231,231, 19
699,231,231, 19
700,231,231, 19
701,231,231, 19
702,231,231, 19
703,231,231, 19
704,231,231, 19
705,231,231, 19
706,231,231, 19
707,231,231, 19
708,231,231, 19
709,231,231, 19
710,231,231, 19
711,231,231, 19
712,231,231, 19
713,231,231, 19
714,231,231, 19
715,231,231, 19
716,231,231, 19
717,231,231, 19
718,231,231, 19
719,231,231, 19
720,231,231, 19
721,231,231, 19
722,231,231, 19
723,231,231, 19
724,231,231, 19
725,231,231, 19
726,231,231, 19
727,231,231, 19
728,231,231, 19
729,231,231, 19
730,231,231, 19
731,231,231, 19
732,231,231, 19
733,231,231, 19
734,231,231, 19
735,231,231, 19
736,231,231, 19
737,231,231, 19
738,231,231, 19
739,231,231, 19
740,231,231, 19
741,231,231, 19
742,231,231, 19
743,231,231, 19
744,231,231, 19
745,231,231, 19
746,231,231, 19
747,231,231, 19
748,231,231, 19
749,231,231, 19
750,231,231, 19
751,231,231, 19
752,231,231, 19
753,231,231, 19
754,231,231, 19
755,231,231, 19
756,231,231, 19
757,231,231, 19
758,231,231, 19
759,231,231, 19
760,231,231, 19
761,231,231, 19
762,231,231, 19
763,231,231, 19
764,231,231, 19
765,231,231, 19
766,231,231, 19
767,231,231, 19
768,231,231, 19
769,231,231, 19
770,231,231, 19
771,231,231, 19
772,231,231, 19
773,231,231, 19
774,231,231, 19
775,231,231, 19
776,231,231, 19
777,231,231, 19
778,231,231, 19
779,231,231, 19
780,231,231, 19
781,231,231, 19
782,231,231, 19
783,231,231, 19
784,231,231, 19
785,231,231, 19
786,231,231, 19
787,231,231, 19
788,231,231, 19
789,231,231, 19
790,231,231, 19
791,231,231, 19
792,231,231, 19
793,231,231, 19
794,231,231, 19
795,231,231, 19
796,231,231, 19
797,231,231, 19
798,231,231, 19
799,231,231, 19
800,231,231, 19
801,231,231, 19
802,231,231, 19
803,231,231, 19
804,231,231, 19
805,231,231, 19
806,231,231, 19
807,231,231, 19
808,231,231, 19
809,231,231, 19
810,231,231, 19
811,231,231, 19
812,231,231, 19
813,230,230, 20
814,230,230, 20
815,230,230, 20
816,230,230, 20
817,230,230, 20
818,230,230, 20
819,230,230, 20
820,230,230, 20
821,230,230, 20
822,230,230, 20
823,230,230, 20
824,230,230, 20
825,230,230, 20
826,230,230, 20
827,230,230, 20
828,230,230, 20
829,230,230, 20
830,230,230, 20
831,230,230, 20
832,230,230, 20
833,230,230, 20
834,230,230, 20
835,230,230, 20
836,230,230, 20
837,230,230, 20
838,230,230, 20
839,230,230, 20
840,230,230, 20
841,230,230, 20
842,230,230, 20
843,230,230, 20
844,230,230, 20
845,230,230, 20
846,230,230, 20
847,230,230, 20
848,230,230, 20
849,230,230, 20
850,230,230, 20
851,230,230, 20
852,230,230, 20
853,230,230, 20
854,230,230, 20
855,230,230, 20
856,230,230, 20
857,230,230, 20
858,230,230, 20
859,230,230, 20
860,230,230, 20
861,230,230, 20
862,230,230, 20
863,230,230, 20
864,230,230, 20
865,230,230, 20
866,230,230, 20
867,230,230, 20
868,230,230, 20
869,230,230, 20
870,230,230, 20
871,230,230, 20
872,230,230, 20
873,230,230, 20
874,230,230, 20
875,230,230, 20
876,230,230, 20
877,230,230, 20
878,230,230, 20
879,230,230, 20
880,230,230, 20
881,230,230, 20
882,230,230, 20
883,230,230, 20
884,230,230, 20
885,230,230, 20
886,230,230, 20
887,230,230, 20
888,230,230, 20
889,230,230, 20
890,230,230, 20
891,230,230, 20
892,230,230, 20
893,230,230, 20
894,230,230, 20
895,230,230, 20
896,230,230, 20
897,230,230, 20
898,230,230, 20
899,230,230, 20
900,230,230, 20
901,230,230, 20
902,230,230, 20
903,230,230, 20
904,230,230, 20
905,230,230, 20
906,230,230, 20
907,230,230, 20
908,230,230, 20
909,230,230, 20
910,230,230, 20
911,229,229, 21
912,229,229, 21
913,229,229, 21
914,229,229, 21
915,229,229, 21
916,229,229, 21
917,229,229, 21
918,229,229, 21
919,229,229, 21
920,229,229, 21
921,229,229, 21
922,229,229, 21
923,229,229, 21
924,229,229, 21
925,229,229, 21
926,229,229, 21
927,229,229, 21
928,229,229, 21
929,229,229, 21
930,229,229, 21
931,229,229, 21
932,229,229, 21
933,229,229, 21
934,229,229, 21
935,229,229, 21
936,229,229, 21
937,229,229, 21
938,229,229, 21
939,229,229, 21
940,229,229, 21
941,229,229, 21
942,229,229, 21
943,229,229, 21
944,229,229, 21
945,229,229, 21
946,229,229, 21
947,229,229, 21
948,229,229, 21
949,229,229, 21
950,229,229, 21
951,229,229, 21
952,229,229, 21
953,229,229, 21
954,229,229, 21
955,229,229, 21
956,229,229, 21
957,229,229, 21
958,229,229, 21
959,229,229, 21
960,229,229, 21
961,229,229, 21
962,229,229, 21
963,229,229, 21
964,229,229, 21
965,229,229, 21
966,229,229, 21
967,229,229, 21
968,229,229, 21
969,229,229, 21
970,229,229, 21
971,229,229, 21
972,229,229, 21
973,229,229, 21
974,229,229, 21
975,229,229, 21
976,229,229, 21
977,229,229, 21
978,229,229, 21
979,229,229, 21
980,229,229, 21
981,229,229, 21
982,229,229, 21
983,229,229, 21
984,229,229, 21
985,229,229, 21
986,229,229, 21
987,229,229, 21
988,229,229, 21
989,229,229, 21
990,229,229, 21
991,229,229, 21
992,229,229, 21
993,229,229, 21
994,229,229, 21
995,229,229, 21
996,229,229, 21
997,229,229, 21
998,229,229, 21
999,229,229, 21
1000,229,229, 21
1001,229,229, 21
1002,229,229, 21
1003,229,229, 21
1004,229,229, 21
1005,229,229, 21
1006,229,229, 21
1007,229,229, 21
1008,229,229, 21
1009,229,229, 21
1010,229,229, 21
1011,229,229, 21
1012,229,229, 21
1013,229,229, 21
1014,229,229, 21
1015,229,229, 21
1016,229,229, 21
1017,229,229, 21
1018,229,229, 21
1019,229,229, 21
1020,229,229, 21
1021,229,229, 21
1022,229,229, 21
1023,229,229, 21
1024,229,229, 21
1025,229,229, 21
1026,229,229, 21
1027,229,229, 21
1028,229,229, 21
1029,229,229, 21
1030,229,229, 21
1031,229,229, 21
1032,229,229, 21
1033,229,229, 21
1034,229,229, 21
1035,229,229, 21
1036,229,229, 21
1037,229,229, 21
1038,229,229, 21
1039,229,229, 21
1040,229,229, 21
1041,229,229, 21
1042,229,229, 21
1043,229,229, 21
1044,229,229, 21
1045,229,229, 21
1046,229,229, 21
1047,229,229, 21
1048,229,229, 21
1049,229,229, 21
1050,229,229, 21
1051,229,229, 21
1052,229,229, 21
1053,229,229, 21
1054,229,229, 21
1055,229,229, 21
1056,229,229, 21
1057,229,229, 21
1058,229,229, 21
1059,229,229, 21
1060,229,229, 21
1061,229,229, 21
1062,229,229, 21
1063,229,229, 21
1064,229,229, 21
1065,229,229, 21
1066,229,229, 21
1067,229,229, 21
1068,229,229, 21
1069,229,229, 21
1070,229,229, 21
1071,229,229, 21
1072,229,229, 21
1073,229,229, 21
1074,229,229, 21
1075,229,229, 21
1076,229,229, 21
1077,229,229, 21
1078,229,229, 21
1079,229,229, 21
1080,229,229, 21
1081,229,229, 21
1082,229,229, 21
1083,229,229, 21
1084,229,229, 21
1085,229,229, 21
1086,229,229, 21
1087,229,229, 21
1088,229,229, 21
1089,229,229, 21
1090,229,229, 21
1091,229,229, 21
1092,229,229, 21
1093,229,229, 21
1094,229,229, 21
1095,229,229, 21
1096,229,229, 21
1097,229,229, 21
1098,229,229, 21
1099,229,229, 21
1100,229,229, 21
1101,229,229, 21
1102,229,229, 21
1103,229,229, 21
1104,229,229, 21
1105,229,229, 21
1106,229,229, 21
1107,229,229, 21
1108,229,229, 21
1109,229,229, 21
1110,229,229, 21
1111,229,229, 21
1112,229,229, 21
1113,229,229, 21
1114,229,229, 21
1115,229,229, 21
1116,229,229, 21
1117,229,229, 21
1118,229,229, 21
1119,229,229, 21
1120,229,229, 21
1121,229,229, 21
1122,229,229, 21
1123,229,229, 21
1124,229,229, 21
1125,229,229, 21
1126,229,229, 21
1127,229,229, 21
1128,229,229, 21
1129,229,229, 21
1130,229,229, 21
1131,229,229, 21
1132,229,229, 21
1133,229,229, 21
1134,229,229, 21
1135,229,229, 21
1136,229,229, 21
1137,229,229, 21
1138,229,229, 21
1139,229,229, 21
1140,229,229, 21
1141,229,229, 21
1142,229,229, 21
1143,229,229, 21
1144,229,229, 21
1145,229,229, 21
1146,229,229, 21
1147,229,229, 21
1148,229,229, 21
1149,229,229, 21
1150,229,229, 21
1151,229,229, 21
1152,229,229, 21
1153,229,229, 21
1154,229,229, 21
1155,229,229, 21
1156,229,229, 21
1157,229,229, 21
1158,229,229, 21
1159,229,229, 21
1160,229,229, 21
1161,229,229, 21
1162,229,229, 21
1163,229,229, 21
1164,229,229, 21
1165,229,229, 21
1166,229,229, 21
1167,229,229, 21
1168,229,229, 21
1169,229,229, 21
1170,229,229, 21
1171,229,229, 21
1172,229,229, 21
1173,229,229, 21
1174,229,229, 21
1175,229,229, 21
1176,229,229, 21
1177,229,229, 21
1178,229,229, 21
1179,229,229, 21
1180,229,229, 21
1181,229,229, 21
1182,229,229, 21
1183,229,229, 21
1184,229,229, 21
1185,229,229, 21
1186,229,229, 21
1187,229,229, 21
1188,229,229, 21
1189,229,229, 21
1190,229,229, 21
1191,229,229, 21
1192,229,229, 21
1193,229,229, 21
1194,229,229, 21
1195,229,229, 21
1196,229,229, 21
1197,229,229, 21
1198,229,229, 21
1199,229,229, 21
1200,229,229, 21
1201,229,229, 21
1202,229,229, 21
1203,229,229, 21
1204,229,229, 21
1205,229,229, 21
1206,229,229, 21
1207,229,229, 21
1208,229,229, 21
1209,229,229, 21
1210,229,229, 21
1211,229,229, 21
1212,229,229, 21
1213,229,229, 21
1214,229,229, 21
1215,229,229, 21
1216,228,228, 22
1217,228,228, 22
1218,228,228, 22
1219,228,228, 22
1220,228,228, 22
1221,228,228, 22
1222,228,228, 22
1223,228,228, 22
1224,228,228, 22
1225,228,228, 22
1226,228,228, 22
1227,228,228, 22
1228,228,228, 22
1229,228,228, 22
1230,228,228, 22
1231,228,228, 22
1232,228,228, 22
1233,228,228, 22
1234,228,228, 22
1235,228,228, 22
1236,228,228, 22
1237,228,228, 22
1238,228,228, 22
1239,228,228, 22
1240,228,228, 22
1241,228,228, 22
1242,228,228, 22
1243,228,228, 22
1244,228,228, 22
1245,228,228, 22
1246,228,228, 22
1247,228,228, 22
1248,228,228, 22
1249,228,228, 22
1250,228,228, 22
1251,228,228, 22
1252,228,228, 22
1253,228,228, 22
1254,228,228, 22
1255,228,228, 22
1256,228,228, 22
1257,228,228, 22
1258,228,228, 22
1259,228,228, 22
1260,228,228, 22
1261,228,228, 22
1262,228,228, 22
1263,228,228, 22
1264,228,228, 22
1265,228,228, 22
1266,228,228, 22
1267,228,228, 22
1268,228,228, 22
1269,228,228, 22
1270,228,228, 22
1271,228,228, 22
1272,228,228, 22
1273,228,228, 22
1274,228,228, 22
1275,228,228, 22
1276,228,228, 22
1277,228,228, 22
1278,228,228, 22
1279,228,228, 22
1280,228,228, 22
1281,228,228, 22
1282,228,228, 22
1283,228,228, 22
1284,228,228, 22
1285,228,228, 22
1286,228,228, 22
1287,228,228, 22
1288,228,228, 22
1289,228,228, 22
1290,228,228, 22
1291,228,228, 22
1292,228,228, 22
1293,228,228, 22
1294,228,228, 22
1295,228,228, 22
1296,228,228, 22
1297,228,228, 22
1298,228,228, 22
1299,228,228, 22
1300,228,228, 22
1301,228,228, 22
1302,228,228, 22
1303,228,228, 22
1304,228,228, 22
1305,228,228, 22
1306,228,228, 22
1307,228,228, 22
1308,228,228, 22
1309,228,228, 22
1310,228,228, 22
1311,228,228, 22
1312,228,228, 22
1313,228,228, 22
1314,228,228, 22
1315,228,228, 22
1316,228,228, 22
1317,228,228, 22
1318,228,228, 22
1319,228,228, 22
1320,228,228, 22
1321,228,228, 22
1322,228,228, 22
1323,228,228, 22
1324,228,228, 22
1325,228,228, 22
1326,228,228, 22
1327,228,228, 22
1328,228,228, 22
1329,228,228, 22
1330,228,228, 22
1331,228,228, 22
1332,228,228, 22
1333,228,228, 22
1334,228,228, 22
1335,228,228, 22
1336,228,228, 22
1337,228,228, 22
1338,228,228, 22
1339,228,228, 22
1340,228,228, 22
1341,228,228, 22
1342,228,228, 22
1343,228,228, 22
1344,228,228, 22
1345,228,228, 22
1346,228,228, 22
1347,228,228, 22
1348,228,228, 22
1349,228,228, 22
1350,228,228, 22
1351,228,228, 22
1352,228,228, 22
1353,228,228, 22
1354,228,228, 22
1355,228,228, 22
1356,228,228, 22
1357,228,228, 22
1358,228,228, 22
1359,228,228, 22
1360,228,228, 22
1361,228,228, 22
1362,228,228, 22
1363,228,228, 22
1364,228,228, 22
1365,228,228, 22
1366,228,228, 22
1367,228,228, 22
1368,228,228, 22
1369,228,228, 22
1370,228,228, 22
1371,228,228, 22
1372,228,228, 22
1373,228,228, 22
1374,228,228, 22
1375,228,228, 22
1376,228,228, 22
1377,228,228, 22
1378,228,228, 22
1379,228,228, 22
1380,228,228, 22
1381,228,228, 22
1382,228,228, 22
1383,228,228, 22
1384,228,228, 22
1385,228,228, 22
1386,228,228, 22
1387,228,228, 22
1388,228,228, 22
1389,228,228, 22
1390,228,228, 22
1391,228,228, 22
1392,228,228, 22
1393,228,228, 22
1394,228,228, 22
1395,228,228, 22
1396,228,228, 22
1397,228,228, 22
1398,228,228, 22
1399,228,228, 22
1400,228,228, 22
1401,228,228, 22
1402,228,228, 22
1403,228,228, 22
1404,228,228, 22
1405,228,228, 22
1406,228,228, 22
1407,228,228, 22
1408,228,228, 22
1409,228,228, 22
1410,228,228, 22
1411,228,228, 22
1412,228,228, 22
1413,228,228, 22
1414,228,228, 22
1415,228,228, 22
1416,228,228, 22
1417,228,228, 22
1418,228,228, 22
1419,228,228, 22
1420,228,228, 22
1421,228,228, 22
1422,228,228, 22
1423,228,228, 22
1424,228,228, 22
1425,228,228, 22
1426,228,228, 22
1427,228,228, 22
1428,228,228, 22
1429,228,228, 22
1430,228,228, 22
1431,228,228, 22
1432,228,228, 22
1433,228,228, 22
1434,228,228, 22
1435,228,228, 22
1436,228,228, 22
1437,228,228, 22
1438,228,228, 22
1439,228,228, 22
1440,228,228, 22
1441,228,228, 22
1442,228,228, 22
1443,228,228, 22
1444,228,228, 22
1445,228,228, 22
1446,228,228, 22
1447,228,228, 22
1448,228,228, 22
1449,228,228, 22
1450,228,228, 22
1451,228,228, 22
1452,228,228, 22
1453,228,228, 22
1454,228,228, 22
1455,228,228, 22
1456,228,228, 22
1457,228,228, 22
1458,228,228, 22
1459,228,228, 22
1460,228,228, 22
1461,228,228, 22
1462,228,228, 22
1463,228,228, 22
1464,228,228, 22
1465,228,228, 22
1466,228,228, 22
1467,228,228, 22
1468,228,228, 22
1469,228,228, 22
1470,228,228, 22
1471,228,228, 22
1472,228,228, 22
1473,228,228, 22
1474,228,228, 22
1475,228,228, 22
1476,228,228, 22
1477,228,228, 22
1478,228,228, 22
1479,228,228, 22
1480,228,228, 22
1481,228,228, 22
1482,228,228, 22
1483,228,228, 22
1484,228,228, 22
1485,228,228, 22
1486,228,228, 22
1487,228,228, 22
1488,228,228, 22
1489,228,228, 22
1490,228,228, 22
1491,228,228, 22
1492,228,228, 22
1493,228,228, 22
1494,228,228, 22
1495,228,228, 22
1496,228,228, 22
1497,228,228, 22
1498,228,228, 22
1499,228,228, 22
