0,250,250, 0
1,250,250, 0
2,250,250, 0
3,250,250, 0
4,250,250, 0
5,250,250, 0
6,250,250, 0
7,250,250, 0
8,250,250, 0
9,250,250, 0
10,250,250, 0
11,250,250, 0
12,250,250, 0
13,250,250, 0
14,250,250, 0
15,250,250, 0
16,250,250, 0
17,250,250, 0
18,250,250, 0
19,250,250, 0
20,250,250, 0
21,250,250, 0
22,250,250, 0
23,250,250, 0
24,250,250, 0
25,250,250, 0
26,250,250, 0
27,250,250, 0
28,250,250, 0
29,250,250, 0
30,250,250, 0
31,250,250, 0
32,250,250, 0
33,250,250, 0
34,250,250, 0
35,250,250, 0
36,250,250, 0
37,250,250, 0
38,250,250, 0
39,249,249, 1
40,249,249, 1
41,249,249, 1
42,249,249, 1
43,249,249, 1
44,249,249, 1
45,249,249, 1
46,249,249, 1
47,249,249, 1
48,249,249, 1
49,249,249, 1
50,249,249, 1
51,249,249, 1
52,249,249, 1
53,249,249, 1
54,249,249, 1
55,249,249, 1
56,249,249, 1
57,249,249, 1
58,249,249, 1
59,249,249, 1
60,249,249, 1
61,249,249, 1
62,249,249, 1
63,249,249, 1
64,249,249, 1
65,249,249, 1
66,249,249, 1
67,249,249, 1
68,249,249, 1
69,249,249, 1
70,249,249, 1
71,249,249, 1
72,249,249, 1
73,248,248, 2
74,248,248, 2
75,247,247, 3
76,247,247, 3
77,247,247, 3
78,247,247, 3
79,247,247, 3
80,247,247, 3
81,247,247, 3
82,247,247, 3
83,247,247, 3
84,247,247, 3
85,247,247, 3
86,247,247, 3
87,247,247, 3
88,247,247, 3
89,247,247, 3
90,247,247, 3
91,247,247, 3
92,247,247, 3
93,247,247, 3
94,247,247, 3
95,247,247, 3
96,247,247, 3
97,247,247, 3
98,247,247, 3
99,247,247, 3
100,247,247, 3
101,247,247, 3
102,247,247, 3
103,247,247, 3
104,247,247, 3
105,247,247, 3
106,247,247, 3
107,247,247, 3
108,247,247, 3
109,247,247, 3
110,247,247, 3
111,247,247, 3
112,247,247, 3
113,247,247, 3
114,247,247, 3
115,246,246, 4
116,246,246, 4
117,246,246, 4
118,246,246, 4
119,246,246, 4
120,246,246, 4
121,246,246, 4
122,246,246, 4
123,246,246, 4
124,246,246, 4
125,246,246, 4
126,245,245, 5
127,245,245, 5
128,245,245, 5
129,245,245, 5
130,245,245, 5
131,245,245, 5
132,245,245, 5
133,245,245, 5
134,245,245, 5
135,245,245, 5
136,245,245, 5
137,245,245, 5
138,245,245, 5
139,244,244, 6
140,244,244, 6
141,244,244, 6
142,244,244, 6
143,244,244, 6
144,244,244, 6
145,244,244, 6
146,244,244, 6
147,244,244, 6
148,244,244, 6
149,244,244, 6
150,244,244, 6
151,244,244, 6
152,243,243, 7
153,243,243, 7
154,242,242, 8
155,242,242, 8
156,242,242, 8
157,242,242, 8
158,242,242, 8
159,242,242, 8
160,242,242, 8
161,242,242, 8
162,242,242, 8
163,242,242, 8
164,242,242, 8
165,242,242, 8
166,242,242, 8
167,242,242, 8
168,242,242, 8
169,242,242, 8
170,242,242, 8
171,242,242, 8
172,241,241, 9
173,241,241, 9
174,241,241, 9
175,241,241, 9
176,241,241, 9
177,241,241, 9
178,241,241, 9
179,241,241, 9
180,241,241, 9
181,241,241, 9
182,241,241, 9
183,241,241, 9
184,241,241, 9
185,241,241, 9
186,241,241, 9
187,241,241, 9
188,241,241, 9
189,241,241, 9
190,241,241, 9
191,241,241, 9
192,241,241, 9
193,241,241, 9
194,241,241, 9
195,241,241, 9
196,241,241, 9
197,241,241, 9
198,241,241, 9
199,241,241, 9
200,241,241, 9
201,241,241, 9
202,241,241, 9
203,240,240, 10
204,240,240, 10
205,240,240, 10
206,240,240, 10
207,240,240, 10
208,240,240, 10
209,240,240, 10
210,240,240, 10
211,240,240, 10
212,240,240, 10
213,240,240, 10
214,240,240, 10
215,240,240, 10
216,240,240, 10
217,240,240, 10
218,240,240, 10
219,240,240, 10
220,240,240, 10
221,240,240, 10
222,240,240, 10
223,240,240, 10
224,240,240, 10
225,240,240, 10
226,240,240, 10
227,240,240, 10
228,240,240, 10
229,240,240, 10
230,240,240, 10
231,240,240, 10
232,240,240, 10
233,240,240, 10
234,240,240, 10
235,240,240, 10
236,240,240, 10
237,240,240, 10
238,240,240, 10
239,240,240, 10
240,240,240, 10
241,240,240, 10
242,240,240, 10
243,240,240, 10
244,240,240, 10
245,240,240, 10
246,240,240, 10
247,240,240, 10
248,240,240, 10
249,240,240, 10
250,240,240, 10
251,240,240, 10
252,240,240, 10
253,240,240, 10
254,240,240, 10
255,240,240, 10
256,240,240, 10
257,240,240, 10
258,240,240, 10
259,240,240, 10
260,240,240, 10
261,240,240, 10
262,240,240, 10
263,240,240, 10
264,240,240, 10
265,240,240, 10
266,240,240, 10
267,240,240, 10
268,240,240, 10
269,240,240, 10
270,240,240, 10
271,240,240, 10
272,240,240, 10
273,240,240, 10
274,240,240, 10
275,240,240, 10
276,240,240, 10
277,240,240, 10
278,240,240, 10
279,240,240, 10
280,240,240, 10
281,240,240, 10
282,240,240, 10
283,240,240, 10
284,240,240, 10
285,239,239, 11
286,239,239, 11
287,239,239, 11
288,239,239, 11
289,239,239, 11
290,238,238, 12
291,238,238, 12
292,238,238, 12
293,238,238, 12
294,238,238, 12
295,238,238, 12
296,238,238, 12
297,238,238, 12
298,238,238, 12
299,238,238, 12
300,238,238, 12
301,238,238, 12
302,238,238, 12
303,238,238, 12
304,238,238, 12
305,238,238, 12
306,238,238, 12
307,238,238, 12
308,238,238, 12
309,238,238, 12
310,238,238, 12
311,238,238, 12
312,238,238, 12
313,238,238, 12
314,238,238, 12
315,238,238, 12
316,238,238, 12
317,238,238, 12
318,238,238, 12
319,238,238, 12
320,238,238, 12
321,238,238, 12
322,238,238, 12
323,238,238, 12
324,238,238, 12
325,238,238, 12
326,238,238, 12
327,238,238, 12
328,238,238, 12
329,238,238, 12
330,238,238, 12
331,238,238, 12
332,238,238, 12
333,238,238, 12
334,238,238, 12
335,238,238, 12
336,238,238, 12
337,238,238, 12
338,238,238, 12
339,238,238, 12
340,238,238, 12
341,238,238, 12
342,238,238, 12
343,238,238, 12
344,238,238, 12
345,238,238, 12
346,238,238, 12
347,238,238, 12
348,238,238, 12
349,238,238, 12
350,238,238, 12
351,238,238, 12
352,238,238, 12
353,238,238, 12
354,238,238, 12
355,238,238, 12
356,238,238, 12
357,238,238, 12
358,238,238, 12
359,238,238, 12
360,238,238, 12
361,238,238, 12
362,238,238, 12
363,238,238, 12
364,238,238, 12
365,238,238, 12
366,238,238, 12
367,238,238, 12
368,238,238, 12
369,238,238, 12
370,238,238, 12
371,238,238, 12
372,238,238, 12
373,238,238, 12
374,238,238, 12
375,238,238, 12
376,238,238, 12
377,238,238, 12
378,238,238, 12
379,238,238, 12
380,238,238, 12
381,238,238, 12
382,238,238, 12
383,238,238, 12
384,238,238, 12
385,238,238, 12
386,238,238, 12
387,238,238, 12
388,238,238, 12
389,238,238, 12
390,238,238, 12
391,238,238, 12
392,238,238, 12
393,238,238, 12
394,238,238, 12
395,238,238, 12
396,238,238, 12
397,238,238, 12
398,238,238, 12
399,238,238, 12
400,238,238, 12
401,237,237, 13
402,237,237, 13
403,237,237, 13
404,237,237, 13
405,237,237, 13
406,237,237, 13
407,237,237, 13
408,237,237, 13
409,237,237, 13
410,237,237, 13
411,237,237, 13
412,237,237, 13
413,237,237, 13
414,237,237, 13
415,237,237, 13
416,237,237, 13
417,237,237, 13
418,237,237, 13
419,237,237, 13
420,237,237, 13
421,237,237, 13
422,237,237, 13
423,237,237, 13
424,237,237, 13
425,237,237, 13
426,237,237, 13
427,237,237, 13
428,237,237, 13
429,237,237, 13
430,237,237, 13
431,237,237, 13
432,237,237, 13
433,237,237, 13
434,237,237, 13
435,237,237, 13
436,237,237, 13
437,237,237, 13
438,237,237, 13
439,237,237, 13
440,237,237, 13
441,237,237, 13
442,237,237, 13
443,237,237, 13
444,237,237, 13
445,237,237, 13
446,237,237, 13
447,237,237, 13
448,237,237, 13
449,237,237, 13
450,237,237, 13
451,237,237, 13
452,237,237, 13
453,237,237, 13
454,237,237, 13
455,237,237, 13
456,236,236, 14
457,236,236, 14
458,236,236, 14
459,236,236, 14
460,236,236, 14
461,236,236, 14
462,236,236, 14
463,236,236, 14
464,236,236, 14
465,236,236, 14
466,236,236, 14
467,236,236, 14
468,236,236, 14
469,236,236, 14
470,236,236, 14
471,236,236, 14
472,236,236, 14
473,236,236, 14
474,236,236, 14
475,236,236, 14
476,236,236, 14
477,236,236, 14
478,236,236, 14
479,236,236, 14
480,236,236, 14
481,236,236, 14
482,236,236, 14
483,236,236, 14
484,236,236, 14
485,236,236, 14
486,236,236, 14
487,236,236, 14
488,236,236, 14
489,236,236, 14
490,236,236, 14
491,236,236, 14
492,236,236, 14
493,236,236, 14
494,236,236, 14
495,236,236, 14
496,236,236, 14
497,236,236, 14
498,236,236, 14
499,236,236, 14
500,236,236, 14
501,236,236, 14
502,236,236, 14
503,236,236, 14
504,236,236, 14
505,236,236, 14
506,236,236, 14
507,236,236, 14
508,236,236, 14
509,236,236, 14
510,236,236, 14
511,236,236, 14
512,236,236, 14
513,236,236, 14
514,236,236, 14
515,236,236, 14
516,236,236, 14
517,236,236, 14
518,236,236, 14
519,236,236, 14
520,236,236, 14
521,236,236, 14
522,236,236, 14
523,236,236, 14
524,236,236, 14
525,236,236, 14
526,236,236, 14
527,236,236, 14
528,236,236, 14
529,236,236, 14
530,236,236, 14
531,236,236, 14
532,236,236, 14
533,236,236, 14
534,236,236, 14
535,235,235, 15
536,235,235, 15
537,235,235, 15
538,235,235, 15
539,235,235, 15
540,235,235, 15
541,235,235, 15
542,235,235, 15
543,235,235, 15
544,235,235, 15
545,235,235, 15
546,235,235, 15
547,235,235, 15
548,234,234, 16
549,234,234, 16
550,234,234, 16
551,234,234, 16
552,234,234, 16
553,234,234, 16
554,234,234, 16
555,234,234, 16
556,234,234, 16
557,234,234, 16
558,234,234, 16
559,234,234, 16
560,234,234, 16
561,234,234, 16
562,234,234, 16
563,234,234, 16
564,234,234, 16
565,234,234, 16
566,234,234, 16
567,234,234, 16
568,234,234, 16
569,234,234, 16
570,234,234, 16
571,234,234, 16
572,234,234, 16
573,234,234, 16
574,234,234, 16
575,234,234, 16
576,234,234, 16
577,234,234, 16
578,234,234, 16
579,234,234, 16
580,234,234, 16
581,234,234, 16
582,234,234, 16
583,234,234, 16
584,234,234, 16
585,234,234, 16
586,234,234, 16
587,234,234, 16
588,234,234, 16
589,234,234, 16
590,234,234, 16
591,234,234, 16
592,234,234, 16
593,234,234, 16
594,234,234, 16
595,234,234, 16
596,234,234, 16
597,234,234, 16
598,234,234, 16
599,234,234, 16
600,234,234, 16
601,234,234, 16
602,234,234, 16
603,234,234, 16
604,234,234, 16
605,234,234, 16
606,234,234, 16
607,234,234, 16
608,234,234, 16
609,234,234, 16
610,234,234, 16
611,234,234, 16
612,234,234, 16
613,234,234, 16
614,234,234, 16
615,234,234, 16
616,234,234, 16
617,234,234, 16
618,234,234, 16
619,234,234, 16
620,234,234, 16
621,234,234, 16
622,234,234, 16
623,234,234, 16
624,234,234, 16
625,234,234, 16
626,234,234, 16
627,234,234, 16
628,234,234, 16
629,234,234, 16
630,234,234, 16
631,234,234, 16
632,234,234, 16
633,234,234, 16
634,234,234, 16
635,234,234, 16
636,234,234, 16
637,234,234, 16
638,234,234, 16
639,234,234, 16
640,234,234, 16
641,234,234, 16
642,234,234, 16
643,234,234, 16
644,234,234, 16
645,234,234, 16
646,234,234, 16
647,234,234, 16
648,234,234, 16
649,234,234, 16
650,234,234, 16
651,234,234, 16
652,234,234, 16
653,234,234, 16
654,234,234, 16
655,234,234, 16
656,234,234, 16
657,233,233, 17
658,233,233, 17
659,233,233, 17
660,233,233, 17
661,233,233, 17
662,233,233, 17
663,233,233, 17
664,233,233, 17
665,233,233, 17
666,233,233, 17
667,233,233, 17
668,233,233, 17
669,233,233, 17
670,233,233, 17
671,233,233, 17
672,233,233, 17
673,233,233, 17
674,233,233, 17
675,233,233, 17
676,233,233, 17
677,233,233, 17
678,233,233, 17
679,233,233, 17
680,233,233, 17
681,233,233, 17
682,233,233, 17
683,233,233, 17
684,233,233, 17
685,233,233, 17
686,233,233, 17
687,233,233, 17
688,233,233, 17
689,233,233, 17
690,233,233, 17
691,233,233, 17
692,233,233, 17
693,233,233, 17
694,233,233, 17
695,233,233, 17
696,233,233, 17
697,233,233, 17
698,233,233, 17
699,233,233, 17
700,233,233, 17
701,233,233, 17
702,233,233, 17
703,233,233, 17
704,233,233, 17
705,233,233, 17
706,233,233, 17
707,233,233, 17
708,233,233, 17
709,233,233, 17
710,233,233, 17
711,233,233, 17
712,233,233, 17
713,233,233, 17
714,233,233, 17
715,233,233, 17
716,233,233, 17
717,233,233, 17
718,233,233, 17
719,233,233, 17
720,233,233, 17
721,233,233, 17
722,233,233, 17
723,233,233, 17
724,233,233, 17
725,233,233, 17
726,233,233, 17
727,233,233, 17
728,233,233, 17
729,233,233, 17
730,233,233, 17
731,233,233, 17
732,233,233, 17
733,233,233, 17
734,233,233, 17
735,233,233, 17
736,233,233, 17
737,233,233, 17
738,233,233, 17
739,233,233, 17
740,233,233, 17
741,233,233, 17
742,233,233, 17
743,233,233, 17
744,233,233, 17
745,233,233, 17
746,233,233, 17
747,233,233, 17
748,233,233, 17
749,233,233, 17
750,233,233, 17
751,233,233, 17
752,233,233, 17
753,233,233, 17
754,233,233, 17
755,233,233, 17
756,233,233, 17
757,233,233, 17
758,233,233, 17
759,233,233, 17
760,233,233, 17
761,233,233, 17
762,233,233, 17
763,233,233, 17
764,233,233, 17
765,233,233, 17
766,233,233, 17
767,233,233, 17
768,233,233, 17
769,233,233, 17
770,233,233, 17
771,233,233, 17
772,233,233, 17
773,233,233, 17
774,233,233, 17
775,233,233, 17
776,233,233, 17
777,233,233, 17
778,233,233, 17
779,233,233, 17
780,233,233, 17
781,233,233, 17
782,233,233, 17
783,233,233, 17
784,233,233, 17
785,233,233, 17
786,233,233, 17
787,233,233, 17
788,233,233, 17
789,233,233, 17
790,233,233, 17
791,233,233, 17
792,233,233, 17
793,233,233, 17
794,233,233, 17
795,233,233, 17
796,233,233, 17
797,233,233, 17
798,233,233, 17
799,233,233, 17
800,233,233, 17
801,233,233, 17
802,233,233, 17
803,233,233, 17
804,233,233, 17
805,233,233, 17
806,233,233, 17
807,233,233, 17
808,233,233, 17
809,233,233, 17
810,233,233, 17
811,233,233, 17
812,233,233, 17
813,233,233, 17
814,233,233, 17
815,233,233, 17
816,233,233, 17
817,233,233, 17
818,233,233, 17
819,233,233, 17
820,233,233, 17
821,233,233, 17
822,233,233, 17
823,233,233, 17
824,233,233, 17
825,233,233, 17
826,233,233, 17
827,233,233, 17
828,233,233, 17
829,233,233, 17
830,233,233, 17
831,233,233, 17
832,233,233, 17
833,233,233, 17
834,233,233, 17
835,233,233, 17
836,233,233, 17
837,233,233, 17
838,233,233, 17
839,233,233, 17
840,233,233, 17
841,233,233, 17
842,233,233, 17
843,233,233, 17
844,233,233, 17
845,233,233, 17
846,233,233, 17
847,233,233, 17
848,233,233, 17
849,233,233, 17
850,233,233, 17
851,233,233, 17
852,233,233, 17
853,233,233, 17
854,233,233, 17
855,233,233, 17
856,233,233, 17
857,233,233, 17
858,233,233, 17
859,233,233, 17
860,233,233, 17
861,233,233, 17
862,233,233, 17
863,233,233, 17
864,233,233, 17
865,233,233, 17
866,233,233, 17
867,233,233, 17
868,233,233, 17
869,233,233, 17
870,233,233, 17
871,233,233, 17
872,233,233, 17
873,233,233, 17
874,233,233, 17
875,233,233, 17
876,233,233, 17
877,233,233, 17
878,233,233, 17
879,233,233, 17
880,233,233, 17
881,233,233, 17
882,233,233, 17
883,233,233, 17
884,233,233, 17
885,233,233, 17
886,233,233, 17
887,233,233, 17
888,233,233, 17
889,233,233, 17
890,233,233, 17
891,233,233, 17
892,233,233, 17
893,233,233, 17
894,233,233, 17
895,233,233, 17
896,233,233, 17
897,233,233, 17
898,233,233, 17
899,233,233, 17
900,233,233, 17
901,233,233, 17
902,233,233, 17
903,233,233, 17
904,233,233, 17
905,233,233, 17
906,233,233, 17
907,233,233, 17
908,233,233, 17
909,233,233, 17
910,233,233, 17
911,233,233, 17
912,233,233, 17
913,233,233, 17
914,233,233, 17
915,233,233, 17
916,233,233, 17
917,233,233, 17
918,233,233, 17
919,233,233, 17
920,233,233, 17
921,233,233, 17
922,233,233, 17
923,233,233, 17
924,233,233, 17
925,233,233, 17
926,233,233, 17
927,233,233, 17
928,233,233, 17
929,233,233, 17
930,232,232, 18
931,232,232, 18
932,232,232, 18
933,232,232, 18
934,232,232, 18
935,232,232, 18
936,232,232, 18
937,232,232, 18
938,232,232, 18
939,232,232, 18
940,232,232, 18
941,232,232, 18
942,232,232, 18
943,232,232, 18
944,232,232, 18
945,232,232, 18
946,232,232, 18
947,232,232, 18
948,232,232, 18
949,232,232, 18
950,232,232, 18
951,232,232, 18
952,232,232, 18
953,232,232, 18
954,232,232, 18
955,232,232, 18
956,232,232, 18
957,232,232, 18
958,232,232, 18
959,232,232, 18
960,232,232, 18
961,232,232, 18
962,232,232, 18
963,232,232, 18
964,232,232, 18
965,232,232, 18
966,232,232, 18
967,232,232, 18
968,232,232, 18
969,232,232, 18
970,232,232, 18
971,232,232, 18
972,231,231, 19
973,231,231, 19
974,231,231, 19
975,231,231, 19
976,231,231, 19
977,231,231, 19
978,231,231, 19
979,231,231, 19
980,231,231, 19
981,231,231, 19
982,231,231, 19
983,231,231, 19
984,231,231, 19
985,231,231, 19
986,231,231, 19
987,231,231, 19
988,231,231, 19
989,231,231, 19
990,231,231, 19
991,231,231, 19
992,231,231, 19
993,231,231, 19
994,231,231, 19
995,231,231, 19
996,231,231, 19
997,231,231, 19
998,231,231, 19
999,231,231, 19
1000,231,231, 19
1001,231,231, 19
1002,231,231, 19
1003,231,231, 19
1004,231,231, 19
1005,231,231, 19
1006,231,231, 19
1007,231,231, 19
1008,231,231, 19
1009,231,231, 19
1010,231,231, 19
1011,231,231, 19
1012,231,231, 19
1013,231,231, 19
1014,231,231, 19
1015,231,231, 19
1016,231,231, 19
1017,231,231, 19
1018,231,231, 19
1019,231,231, 19
1020,231,231, 19
1021,231,231, 19
1022,231,231, 19
1023,231,231, 19
1024,231,231, 19
1025,231,231, 19
1026,231,231, 19
1027,231,231, 19
1028,231,231, 19
1029,231,231, 19
1030,231,231, 19
1031,231,231, 19
1032,231,231, 19
1033,231,231, 19
1034,231,231, 19
1035,230,230, 20
1036,230,230, 20
1037,230,230, 20
1038,230,230, 20
1039,230,230, 20
1040,230,230, 20
1041,230,230, 20
1042,230,230, 20
1043,230,230, 20
1044,230,230, 20
1045,230,230, 20
1046,230,230, 20
1047,230,230, 20
1048,230,230, 20
1049,230,230, 20
1050,230,230, 20
1051,230,230, 20
1052,230,230, 20
1053,230,230, 20
1054,230,230, 20
1055,230,230, 20
1056,230,230, 20
1057,230,230, 20
1058,230,230, 20
1059,230,230, 20
1060,230,230, 20
1061,230,230, 20
1062,230,230, 20
1063,230,230, 20
1064,230,230, 20
1065,230,230, 20
1066,230,230, 20
1067,230,230, 20
1068,230,230, 20
1069,230,230, 20
1070,230,230, 20
1071,230,230, 20
1072,230,230, 20
1073,230,230, 20
1074,230,230, 20
1075,230,230, 20
1076,230,230, 20
1077,230,230, 20
1078,230,230, 20
1079,230,230, 20
1080,230,230, 20
1081,230,230, 20
1082,230,230, 20
1083,230,230, 20
1084,230,230, 20
1085,230,230, 20
1086,230,230, 20
1087,230,230, 20
1088,230,230, 20
1089,230,230, 20
1090,230,230, 20
1091,230,230, 20
1092,230,230, 20
1093,230,230, 20
1094,230,230, 20
1095,230,230, 20
1096,230,230, 20
1097,230,230, 20
1098,230,230, 20
1099,230,230, 20
1100,230,230, 20
1101,230,230, 20
1102,230,230, 20
1103,230,230, 20
1104,230,230, 20
1105,230,230, 20
1106,230,230, 20
1107,230,230, 20
1108,230,230, 20
1109,230,230, 20
1110,230,230, 20
1111,230,230, 20
1112,230,230, 20
1113,230,230, 20
1114,230,230, 20
1115,230,230, 20
1116,230,230, 20
1117,230,230, 20
1118,230,230, 20
1119,230,230, 20
1120,230,230, 20
1121,230,230, 20
1122,230,230, 20
1123,229,229, 21
1124,229,229, 21
1125,229,229, 21
1126,229,229, 21
1127,229,229, 21
1128,229,229, 21
1129,229,229, 21
1130,229,229, 21
1131,229,229, 21
1132,229,229, 21
1133,229,229, 21
1134,229,229, 21
1135,229,229, 21
1136,229,229, 21
1137,229,229, 21
1138,229,229, 21
1139,229,229, 21
1140,229,229, 21
1141,229,229, 21
1142,229,229, 21
1143,229,229, 21
1144,229,229, 21
1145,229,229, 21
1146,229,229, 21
1147,229,229, 21
1148,229,229, 21
1149,229,229, 21
1150,229,229, 21
1151,229,229, 21
1152,229,229, 21
1153,229,229, 21
1154,229,229, 21
1155,229,229, 21
1156,229,229, 21
1157,229,229, 21
1158,229,229, 21
1159,229,229, 21
1160,229,229, 21
1161,229,229, 21
1162,229,229, 21
1163,229,229, 21
1164,229,229, 21
1165,229,229, 21
1166,229,229, 21
1167,229,229, 21
1168,229,229, 21
1169,229,229, 21
1170,229,229, 21
1171,229,229, 21
1172,229,229, 21
1173,229,229, 21
1174,229,229, 21
1175,229,229, 21
1176,229,229, 21
1177,229,229, 21
1178,229,229, 21
1179,229,229, 21
1180,229,229, 21
1181,229,229, 21
1182,229,229, 21
1183,229,229, 21
1184,229,229, 21
1185,229,229, 21
1186,229,229, 21
1187,229,229, 21
1188,229,229, 21
1189,229,229, 21
1190,229,229, 21
1191,229,229, 21
1192,229,229, 21
1193,229,229, 21
1194,229,229, 21
1195,229,229, 21
1196,229,229, 21
1197,229,229, 21
1198,229,229, 21
1199,229,229, 21
1200,229,229, 21
1201,229,229, 21
1202,229,229, 21
1203,229,229, 21
1204,229,229, 21
1205,229,229, 21
1206,229,229, 21
1207,229,229, 21
1208,229,229, 21
1209,229,229, 21
1210,229,229, 21
1211,229,229, 21
1212,229,229, 21
1213,229,229, 21
1214,229,229, 21
1215,229,229, 21
1216,229,229, 21
1217,229,229, 21
1218,229,229, 21
1219,229,229, 21
1220,229,229, 21
1221,229,229, 21
1222,229,229, 21
1223,229,229, 21
1224,228,228, 22
1225,228,228, 22
1226,228,228, 22
1227,228,228, 22
1228,228,228, 22
1229,228,228, 22
1230,228,228, 22
1231,228,228, 22
1232,228,228, 22
1233,228,228, 22
1234,228,228, 22
1235,228,228, 22
1236,228,228, 22
1237,228,228, 22
1238,228,228, 22
1239,228,228, 22
1240,228,228, 22
1241,228,228, 22
1242,228,228, 22
1243,228,228, 22
1244,228,228, 22
1245,228,228, 22
1246,228,228, 22
1247,228,228, 22
1248,228,228, 22
1249,228,228, 22
1250,228,228, 22
1251,228,228, 22
1252,228,228, 22
1253,228,228, 22
1254,228,228, 22
1255,228,228, 22
1256,228,228, 22
1257,228,228, 22
1258,228,228, 22
1259,228,228, 22
1260,228,228, 22
1261,228,228, 22
1262,228,228, 22
1263,228,228, 22
1264,228,228, 22
1265,228,228, 22
1266,228,228, 22
1267,228,228, 22
1268,228,228, 22
1269,228,228, 22
1270,228,228, 22
1271,228,228, 22
1272,228,228, 22
1273,228,228, 22
1274,228,228, 22
1275,228,228, 22
1276,228,228, 22
1277,228,228, 22
1278,228,228, 22
1279,228,228, 22
1280,228,228, 22
1281,228,228, 22
1282,228,228, 22
1283,228,228, 22
1284,228,228, 22
1285,228,228, 22
1286,228,228, 22
1287,228,228, 22
1288,228,228, 22
1289,228,228, 22
1290,228,228, 22
1291,228,228, 22
1292,228,228, 22
1293,228,228, 22
1294,228,228, 22
1295,228,228, 22
1296,228,228, 22
1297,228,228, 22
1298,228,228, 22
1299,228,228, 22
1300,228,228, 22
1301,228,228, 22
1302,228,228, 22
1303,228,228, 22
1304,228,228, 22
1305,228,228, 22
1306,228,228, 22
1307,228,228, 22
1308,228,228, 22
1309,228,228, 22
1310,228,228, 22
1311,228,228, 22
1312,228,228, 22
1313,228,228, 22
1314,228,228, 22
1315,228,228, 22
1316,228,228, 22
1317,228,228, 22
1318,228,228, 22
1319,228,228, 22
1320,228,228, 22
1321,228,228, 22
1322,228,228, 22
1323,228,228, 22
1324,228,228, 22
1325,228,228, 22
1326,228,228, 22
1327,228,228, 22
1328,228,228, 22
1329,228,228, 22
1330,228,228, 22
1331,228,228, 22
1332,228,228, 22
1333,228,228, 22
1334,228,228, 22
1335,228,228, 22
1336,228,228, 22
1337,228,228, 22
1338,228,228, 22
1339,228,228, 22
1340,228,228, 22
1341,228,228, 22
1342,228,228, 22
1343,228,228, 22
1344,228,228, 22
1345,228,228, 22
1346,228,228, 22
1347,228,228, 22
1348,228,228, 22
1349,228,228, 22
1350,228,228, 22
1351,228,228, 22
1352,228,228, 22
1353,228,228, 22
1354,228,228, 22
1355,228,228, 22
1356,228,228, 22
1357,228,228, 22
1358,228,228, 22
1359,228,228, 22
1360,228,228, 22
1361,228,228, 22
1362,228,228, 22
1363,228,228, 22
1364,228,228, 22
1365,228,228, 22
1366,228,228, 22
1367,228,228, 22
1368,228,228, 22
1369,228,228, 22
1370,228,228, 22
1371,228,228, 22
1372,228,228, 22
1373,228,228, 22
1374,228,228, 22
1375,228,228, 22
1376,228,228, 22
1377,228,228, 22
1378,228,228, 22
1379,228,228, 22
1380,228,228, 22
1381,228,228, 22
1382,228,228, 22
1383,228,228, 22
1384,228,228, 22
1385,228,228, 22
1386,228,228, 22
1387,228,228, 22
1388,228,228, 22
1389,228,228, 22
1390,228,228, 22
1391,228,228, 22
1392,228,228, 22
1393,228,228, 22
1394,228,228, 22
1395,228,228, 22
1396,228,228, 22
1397,228,228, 22
1398,228,228, 22
1399,228,228, 22
1400,228,228, 22
1401,228,228, 22
1402,228,228, 22
1403,228,228, 22
1404,228,228, 22
1405,228,228, 22
1406,228,228, 22
1407,228,228, 22
1408,228,228, 22
1409,228,228, 22
1410,228,228, 22
1411,228,228, 22
1412,228,228, 22
1413,228,228, 22
1414,228,228, 22
1415,228,228, 22
1416,228,228, 22
1417,228,228, 22
1418,228,228, 22
1419,227,227, 23
1420,227,227, 23
1421,227,227, 23
1422,227,227, 23
1423,227,227, 23
1424,227,227, 23
1425,227,227, 23
1426,227,227, 23
1427,227,227, 23
1428,227,227, 23
1429,227,227, 23
1430,227,227, 23
1431,227,227, 23
1432,227,227, 23
1433,227,227, 23
1434,227,227, 23
1435,227,227, 23
1436,227,227, 23
1437,227,227, 23
1438,227,227, 23
1439,227,227, 23
1440,227,227, 23
1441,227,227, 23
1442,227,227, 23
1443,227,227, 23
1444,227,227, 23
1445,227,227, 23
1446,227,227, 23
1447,227,227, 23
1448,227,227, 23
1449,227,227, 23
1450,227,227, 23
1451,227,227, 23
1452,227,227, 23
1453,227,227, 23
1454,227,227, 23
1455,227,227, 23
1456,227,227, 23
1457,227,227, 23
1458,227,227, 23
1459,227,227, 23
1460,227,227, 23
1461,227,227, 23
1462,227,227, 23
1463,227,227, 23
1464,227,227, 23
1465,227,227, 23
1466,227,227, 23
1467,227,227, 23
1468,227,227, 23
1469,227,227, 23
1470,227,227, 23
1471,227,227, 23
1472,227,227, 23
1473,227,227, 23
1474,227,227, 23
1475,227,227, 23
1476,227,227, 23
1477,227,227, 23
1478,227,227, 23
1479,227,227, 23
1480,227,227, 23
1481,227,227, 23
1482,227,227, 23
1483,227,227, 23
1484,227,227, 23
1485,227,227, 23
1486,227,227, 23
1487,227,227, 23
1488,227,227, 23
1489,227,227, 23
1490,227,227, 23
1491,227,227, 23
1492,227,227, 23
1493,227,227, 23
1494,227,227, 23
1495,227,227, 23
1496,227,227, 23
1497,227,227, 23
1498,227,227, 23
1499,227,227, 23
