0,249,249, 1
1,248,248, 2
2,248,248, 2
3,247,247, 3
4,247,247, 3
5,247,247, 3
6,247,247, 3
7,247,247, 3
8,247,247, 3
9,247,247, 3
10,247,247, 3
11,247,247, 3
12,247,247, 3
13,247,247, 3
14,247,247, 3
15,247,247, 3
16,247,247, 3
17,247,247, 3
18,247,247, 3
19,247,247, 3
20,247,247, 3
21,247,247, 3
22,247,247, 3
23,247,247, 3
24,247,247, 3
25,247,247, 3
26,247,247, 3
27,247,247, 3
28,247,247, 3
29,247,247, 3
30,247,247, 3
31,247,247, 3
32,247,247, 3
33,247,247, 3
34,247,247, 3
35,247,247, 3
36,247,247, 3
37,247,247, 3
38,247,247, 3
39,247,247, 3
40,247,247, 3
41,247,247, 3
42,247,247, 3
43,247,247, 3
44,247,247, 3
45,247,247, 3
46,247,247, 3
47,247,247, 3
48,247,247, 3
49,247,247, 3
50,247,247, 3
51,247,247, 3
52,247,247, 3
53,247,247, 3
54,247,247, 3
55,247,247, 3
56,247,247, 3
57,247,247, 3
58,247,247, 3
59,247,247, 3
60,247,247, 3
61,247,247, 3
62,247,247, 3
63,247,247, 3
64,247,247, 3
65,247,247, 3
66,247,247, 3
67,247,247, 3
68,247,247, 3
69,247,247, 3
70,247,247, 3
71,247,247, 3
72,247,247, 3
73,247,247, 3
74,246,246, 4
75,246,246, 4
76,246,246, 4
77,246,246, 4
78,246,246, 4
79,246,246, 4
80,246,246, 4
81,246,246, 4
82,246,246, 4
83,246,246, 4
84,246,246, 4
85,246,246, 4
86,246,246, 4
87,246,246, 4
88,246,246, 4
89,246,246, 4
90,246,246, 4
91,246,246, 4
92,246,246, 4
93,246,246, 4
94,246,246, 4
95,246,246, 4
96,246,246, 4
97,246,246, 4
98,246,246, 4
99,246,246, 4
100,246,246, 4
101,245,245, 5
102,245,245, 5
103,245,245, 5
104,245,245, 5
105,245,245, 5
106,245,245, 5
107,245,245, 5
108,245,245, 5
109,245,245, 5
110,245,245, 5
111,245,245, 5
112,245,245, 5
113,245,245, 5
114,245,245, 5
115,245,245, 5
116,245,245, 5
117,245,245, 5
118,245,245, 5
119,245,245, 5
120,245,245, 5
121,245,245, 5
122,245,245, 5
123,245,245, 5
124,245,245, 5
125,245,245, 5
126,245,245, 5
127,245,245, 5
128,245,245, 5
129,245,245, 5
130,245,245, 5
131,245,245, 5
132,245,245, 5
133,245,245, 5
134,245,245, 5
135,245,245, 5
136,245,245, 5
137,245,245, 5
138,245,245, 5
139,245,245, 5
140,245,245, 5
141,245,245, 5
142,245,245, 5
143,245,245, 5
144,245,245, 5
145,245,245, 5
146,245,245, 5
147,245,245, 5
148,245,245, 5
149,245,245, 5
150,245,245, 5
151,245,245, 5
152,245,245, 5
153,245,245, 5
154,245,245, 5
155,245,245, 5
156,245,245, 5
157,245,245, 5
158,245,245, 5
159,243,243, 7
160,243,243, 7
161,243,243, 7
162,243,243, 7
163,243,243, 7
164,243,243, 7
165,243,243, 7
166,243,243, 7
167,243,243, 7
168,243,243, 7
169,243,243, 7
170,241,241, 9
171,241,241, 9
172,241,241, 9
173,241,241, 9
174,241,241, 9
175,241,241, 9
176,241,241, 9
177,241,241, 9
178,241,241, 9
179,241,241, 9
180,241,241, 9
181,241,241, 9
182,241,241, 9
183,241,241, 9
184,241,241, 9
185,241,241, 9
186,241,241, 9
187,241,241, 9
188,241,241, 9
189,241,241, 9
190,241,241, 9
191,239,239, 11
192,239,239, 11
193,239,239, 11
194,239,239, 11
195,239,239, 11
196,239,239, 11
197,239,239, 11
198,239,239, 11
199,239,239, 11
200,239,239, 11
201,239,239, 11
202,239,239, 11
203,239,239, 11
204,239,239, 11
205,239,239, 11
206,239,239, 11
207,239,239, 11
208,238,238, 12
209,238,238, 12
210,238,238, 12
211,238,238, 12
212,238,238, 12
213,238,238, 12
214,238,238, 12
215,238,238, 12
216,238,238, 12
217,238,238, 12
218,238,238, 12
219,238,238, 12
220,238,238, 12
221,238,238, 12
222,236,236, 14
223,236,236, 14
224,236,236, 14
225,236,236, 14
226,236,236, 14
227,236,236, 14
228,236,236, 14
229,236,236, 14
230,236,236, 14
231,236,236, 14
232,236,236, 14
233,236,236, 14
234,236,236, 14
235,236,236, 14
236,236,236, 14
237,236,236, 14
238,236,236, 14
239,236,236, 14
240,236,236, 14
241,236,236, 14
242,234,234, 16
243,234,234, 16
244,234,234, 16
245,234,234, 16
246,234,234, 16
247,234,234, 16
248,234,234, 16
249,234,234, 16
250,234,234, 16
251,234,234, 16
252,234,234, 16
253,234,234, 16
254,234,234, 16
255,234,234, 16
256,234,234, 16
257,233,233, 17
258,233,233, 17
259,233,233, 17
260,233,233, 17
261,233,233, 17
262,233,233, 17
263,233,233, 17
264,233,233, 17
265,233,233, 17
266,232,232, 18
267,232,232, 18
268,232,232, 18
269,232,232, 18
270,232,232, 18
271,232,232, 18
272,232,232, 18
273,232,232, 18
274,232,232, 18
275,231,231, 19
276,231,231, 19
277,231,231, 19
278,231,231, 19
279,231,231, 19
280,231,231, 19
281,231,231, 19
282,231,231, 19
283,231,231, 19
284,231,231, 19
285,231,231, 19
286,231,231, 19
287,231,231, 19
288,231,231, 19
289,231,231, 19
290,231,231, 19
291,231,231, 19
292,231,231, 19
293,231,231, 19
294,231,231, 19
295,231,231, 19
296,231,231, 19
297,231,231, 19
298,231,231, 19
299,231,231, 19
300,231,231, 19
301,231,231, 19
302,231,231, 19
303,231,231, 19
304,231,231, 19
305,231,231, 19
306,231,231, 19
307,231,231, 19
308,231,231, 19
309,231,231, 19
310,231,231, 19
311,231,231, 19
312,231,231, 19
313,231,231, 19
314,231,231, 19
315,231,231, 19
316,231,231, 19
317,231,231, 19
318,231,231, 19
319,231,231, 19
320,231,231, 19
321,231,231, 19
322,231,231, 19
323,231,231, 19
324,231,231, 19
325,231,231, 19
326,231,231, 19
327,231,231, 19
328,231,231, 19
329,231,231, 19
330,231,231, 19
331,231,231, 19
332,231,231, 19
333,231,231, 19
334,231,231, 19
335,231,231, 19
336,231,231, 19
337,231,231, 19
338,231,231, 19
339,231,231, 19
340,231,231, 19
341,231,231, 19
342,231,231, 19
343,231,231, 19
344,229,229, 21
345,229,229, 21
346,229,229, 21
347,229,229, 21
348,229,229, 21
349,229,229, 21
350,229,229, 21
351,228,228, 22
352,228,228, 22
353,228,228, 22
354,226,226, 24
355,226,226, 24
356,226,226, 24
357,226,226, 24
358,226,226, 24
359,226,226, 24
360,226,226, 24
361,226,226, 24
362,226,226, 24
363,226,226, 24
364,226,226, 24
365,226,226, 24
366,226,226, 24
367,226,226, 24
368,225,225, 25
369,225,225, 25
370,225,225, 25
371,225,225, 25
372,225,225, 25
373,225,225, 25
374,225,225, 25
375,225,225, 25
376,225,225, 25
377,225,225, 25
378,225,225, 25
379,225,225, 25
380,225,225, 25
381,225,225, 25
382,225,225, 25
383,225,225, 25
384,225,225, 25
385,225,225, 25
386,225,225, 25
387,225,225, 25
388,225,225, 25
389,225,225, 25
390,224,224, 26
391,224,224, 26
392,224,224, 26
393,224,224, 26
394,224,224, 26
395,224,224, 26
396,224,224, 26
397,224,224, 26
398,224,224, 26
399,224,224, 26
400,224,224, 26
401,224,224, 26
402,224,224, 26
403,224,224, 26
404,224,224, 26
405,224,224, 26
406,223,223, 27
407,223,223, 27
408,223,223, 27
409,223,223, 27
410,223,223, 27
411,223,223, 27
412,223,223, 27
413,223,223, 27
414,223,223, 27
415,223,223, 27
416,223,223, 27
417,223,223, 27
418,223,223, 27
419,223,223, 27
420,223,223, 27
421,223,223, 27
422,223,223, 27
423,223,223, 27
424,223,223, 27
425,223,223, 27
426,223,223, 27
427,223,223, 27
428,223,223, 27
429,223,223, 27
430,223,223, 27
431,223,223, 27
432,223,223, 27
433,223,223, 27
434,223,223, 27
435,223,223, 27
436,223,223, 27
437,223,223, 27
438,223,223, 27
439,223,223, 27
440,223,223, 27
441,223,223, 27
442,223,223, 27
443,223,223, 27
444,223,223, 27
445,223,223, 27
446,223,223, 27
447,223,223, 27
448,223,223, 27
449,223,223, 27
450,223,223, 27
451,223,223, 27
452,223,223, 27
453,223,223, 27
454,223,223, 27
455,223,223, 27
456,223,223, 27
457,223,223, 27
458,223,223, 27
459,223,223, 27
460,223,223, 27
461,223,223, 27
462,223,223, 27
463,223,223, 27
464,222,222, 28
465,222,222, 28
466,222,222, 28
467,222,222, 28
468,222,222, 28
469,222,222, 28
470,222,222, 28
471,222,222, 28
472,222,222, 28
473,222,222, 28
474,222,222, 28
475,222,222, 28
476,222,222, 28
477,222,222, 28
478,222,222, 28
479,222,222, 28
480,222,222, 28
481,222,222, 28
482,222,222, 28
483,222,222, 28
484,222,222, 28
485,220,220, 30
486,220,220, 30
487,220,220, 30
488,220,220, 30
489,220,220, 30
490,220,220, 30
491,220,220, 30
492,220,220, 30
493,220,220, 30
494,220,220, 30
495,220,220, 30
496,220,220, 30
497,220,220, 30
498,220,220, 30
499,220,220, 30
500,220,220, 30
501,220,220, 30
502,220,220, 30
503,220,220, 30
504,220,220, 30
505,220,220, 30
506,220,220, 30
507,220,220, 30
508,220,220, 30
509,220,220, 30
510,220,220, 30
511,220,220, 30
512,220,220, 30
513,220,220, 30
514,220,220, 30
515,220,220, 30
516,220,220, 30
517,220,220, 30
518,220,220, 30
519,220,220, 30
520,220,220, 30
521,220,220, 30
522,220,220, 30
523,220,220, 30
524,220,220, 30
525,220,220, 30
526,220,220, 30
527,220,220, 30
528,220,220, 30
529,220,220, 30
530,220,220, 30
531,220,220, 30
532,220,220, 30
533,220,220, 30
534,220,220, 30
535,220,220, 30
536,220,220, 30
537,220,220, 30
538,220,220, 30
539,220,220, 30
540,220,220, 30
541,220,220, 30
542,220,220, 30
543,220,220, 30
544,220,220, 30
545,220,220, 30
546,220,220, 30
547,220,220, 30
548,220,220, 30
549,220,220, 30
550,220,220, 30
551,220,220, 30
552,220,220, 30
553,220,220, 30
554,220,220, 30
555,220,220, 30
556,220,220, 30
557,220,220, 30
558,218,218, 32
559,218,218, 32
560,218,218, 32
561,218,218, 32
562,218,218, 32
563,218,218, 32
564,218,218, 32
565,218,218, 32
566,218,218, 32
567,218,218, 32
568,218,218, 32
569,218,218, 32
570,218,218, 32
571,218,218, 32
572,218,218, 32
573,218,218, 32
574,218,218, 32
575,218,218, 32
576,218,218, 32
577,218,218, 32
578,218,218, 32
579,218,218, 32
580,218,218, 32
581,218,218, 32
582,218,218, 32
583,218,218, 32
584,218,218, 32
585,218,218, 32
586,218,218, 32
587,218,218, 32
588,218,218, 32
589,218,218, 32
590,218,218, 32
591,218,218, 32
592,218,218, 32
593,218,218, 32
594,218,218, 32
595,218,218, 32
596,218,218, 32
597,218,218, 32
598,218,218, 32
599,218,218, 32
600,218,218, 32
601,218,218, 32
602,218,218, 32
603,218,218, 32
604,218,218, 32
605,218,218, 32
606,218,218, 32
607,218,218, 32
608,218,218, 32
609,218,218, 32
610,218,218, 32
611,218,218, 32
612,218,218, 32
613,218,218, 32
614,218,218, 32
615,218,218, 32
616,218,218, 32
617,218,218, 32
618,218,218, 32
619,218,218, 32
620,218,218, 32
621,218,218, 32
622,218,218, 32
623,218,218, 32
624,218,218, 32
625,218,218, 32
626,218,218, 32
627,218,218, 32
628,218,218, 32
629,218,218, 32
630,218,218, 32
631,218,218, 32
632,218,218, 32
633,218,218, 32
634,218,218, 32
635,218,218, 32
636,218,218, 32
637,218,218, 32
638,218,218, 32
639,218,218, 32
640,218,218, 32
641,218,218, 32
642,218,218, 32
643,218,218, 32
644,218,218, 32
645,218,218, 32
646,218,218, 32
647,218,218, 32
648,218,218, 32
649,218,218, 32
650,218,218, 32
651,218,218, 32
652,218,218, 32
653,218,218, 32
654,218,218, 32
655,218,218, 32
656,218,218, 32
657,218,218, 32
658,218,218, 32
659,218,218, 32
660,218,218, 32
661,218,218, 32
662,218,218, 32
663,218,218, 32
664,218,218, 32
665,218,218, 32
666,218,218, 32
667,218,218, 32
668,218,218, 32
669,218,218, 32
670,218,218, 32
671,218,218, 32
672,218,218, 32
673,218,218, 32
674,218,218, 32
675,216,216, 34
676,216,216, 34
677,216,216, 34
678,216,216, 34
679,216,216, 34
680,216,216, 34
681,216,216, 34
682,216,216, 34
683,216,216, 34
684,216,216, 34
685,216,216, 34
686,216,216, 34
687,216,216, 34
688,216,216, 34
689,216,216, 34
690,216,216, 34
691,216,216, 34
692,216,216, 34
693,216,216, 34
694,216,216, 34
695,216,216, 34
696,216,216, 34
697,216,216, 34
698,216,216, 34
699,216,216, 34
700,216,216, 34
701,216,216, 34
702,216,216, 34
703,216,216, 34
704,216,216, 34
705,216,216, 34
706,215,215, 35
707,215,215, 35
708,214,214, 36
709,214,214, 36
710,214,214, 36
711,214,214, 36
712,214,214, 36
713,214,214, 36
714,214,214, 36
715,214,214, 36
716,214,214, 36
717,214,214, 36
718,214,214, 36
719,214,214, 36
720,214,214, 36
721,214,214, 36
722,214,214, 36
723,214,214, 36
724,214,214, 36
725,214,214, 36
726,214,214, 36
727,214,214, 36
728,214,214, 36
729,214,214, 36
730,214,214, 36
731,213,213, 37
732,212,212, 38
733,212,212, 38
734,212,212, 38
735,212,212, 38
736,212,212, 38
737,212,212, 38
738,212,212, 38
739,212,212, 38
740,212,212, 38
741,212,212, 38
742,212,212, 38
743,212,212, 38
744,212,212, 38
745,212,212, 38
746,212,212, 38
747,212,212, 38
748,212,212, 38
749,212,212, 38
750,212,212, 38
751,212,212, 38
752,212,212, 38
753,212,212, 38
754,212,212, 38
755,212,212, 38
756,212,212, 38
757,212,212, 38
758,212,212, 38
759,212,212, 38
760,212,212, 38
761,212,212, 38
762,212,212, 38
763,212,212, 38
764,212,212, 38
765,212,212, 38
766,212,212, 38
767,212,212, 38
768,212,212, 38
769,212,212, 38
770,212,212, 38
771,212,212, 38
772,212,212, 38
773,212,212, 38
774,212,212, 38
775,212,212, 38
776,212,212, 38
777,212,212, 38
778,212,212, 38
779,212,212, 38
780,212,212, 38
781,212,212, 38
782,212,212, 38
783,212,212, 38
784,212,212, 38
785,212,212, 38
786,212,212, 38
787,212,212, 38
788,212,212, 38
789,212,212, 38
790,212,212, 38
791,212,212, 38
792,212,212, 38
793,212,212, 38
794,212,212, 38
795,212,212, 38
796,212,212, 38
797,212,212, 38
798,212,212, 38
799,212,212, 38
800,212,212, 38
801,212,212, 38
802,212,212, 38
803,212,212, 38
804,212,212, 38
805,212,212, 38
806,212,212, 38
807,212,212, 38
808,212,212, 38
809,212,212, 38
810,212,212, 38
811,212,212, 38
812,212,212, 38
813,212,212, 38
814,212,212, 38
815,212,212, 38
816,212,212, 38
817,212,212, 38
818,212,212, 38
819,212,212, 38
820,212,212, 38
821,212,212, 38
822,212,212, 38
823,212,212, 38
824,212,212, 38
825,212,212, 38
826,212,212, 38
827,212,212, 38
828,212,212, 38
829,212,212, 38
830,212,212, 38
831,212,212, 38
832,212,212, 38
833,212,212, 38
834,212,212, 38
835,212,212, 38
836,211,211, 39
837,211,211, 39
838,211,211, 39
839,211,211, 39
840,211,211, 39
841,211,211, 39
842,211,211, 39
843,211,211, 39
844,211,211, 39
845,211,211, 39
846,211,211, 39
847,211,211, 39
848,211,211, 39
849,211,211, 39
850,211,211, 39
851,211,211, 39
852,210,210, 40
853,210,210, 40
854,210,210, 40
855,210,210, 40
856,210,210, 40
857,210,210, 40
858,210,210, 40
859,210,210, 40
860,210,210, 40
861,210,210, 40
862,210,210, 40
863,210,210, 40
864,210,210, 40
865,210,210, 40
866,210,210, 40
867,210,210, 40
868,210,210, 40
869,210,210, 40
870,210,210, 40
871,210,210, 40
872,210,210, 40
873,210,210, 40
874,210,210, 40
875,210,210, 40
876,210,210, 40
877,210,210, 40
878,210,210, 40
879,210,210, 40
880,210,210, 40
881,210,210, 40
882,210,210, 40
883,210,210, 40
884,210,210, 40
885,210,210, 40
886,210,210, 40
887,210,210, 40
888,210,210, 40
889,210,210, 40
890,210,210, 40
891,210,210, 40
892,210,210, 40
893,210,210, 40
894,210,210, 40
895,210,210, 40
896,210,210, 40
897,210,210, 40
898,210,210, 40
899,210,210, 40
900,210,210, 40
901,210,210, 40
902,210,210, 40
903,210,210, 40
904,210,210, 40
905,210,210, 40
906,210,210, 40
907,210,210, 40
908,210,210, 40
909,210,210, 40
910,210,210, 40
911,210,210, 40
912,210,210, 40
913,210,210, 40
914,210,210, 40
915,210,210, 40
916,210,210, 40
917,210,210, 40
918,210,210, 40
919,210,210, 40
920,210,210, 40
921,210,210, 40
922,210,210, 40
923,210,210, 40
924,210,210, 40
925,210,210, 40
926,210,210, 40
927,210,210, 40
928,210,210, 40
929,210,210, 40
930,210,210, 40
931,210,210, 40
932,210,210, 40
933,210,210, 40
934,210,210, 40
935,210,210, 40
936,210,210, 40
937,210,210, 40
938,210,210, 40
939,210,210, 40
940,210,210, 40
941,210,210, 40
942,210,210, 40
943,210,210, 40
944,210,210, 40
945,210,210, 40
946,210,210, 40
947,210,210, 40
948,209,209, 41
949,208,208, 42
950,208,208, 42
951,208,208, 42
952,208,208, 42
953,208,208, 42
954,207,207, 43
955,207,207, 43
956,206,206, 44
957,206,206, 44
958,206,206, 44
959,206,206, 44
960,206,206, 44
961,206,206, 44
962,206,206, 44
963,206,206, 44
964,206,206, 44
965,206,206, 44
966,206,206, 44
967,206,206, 44
968,206,206, 44
969,206,206, 44
970,206,206, 44
971,206,206, 44
972,206,206, 44
973,206,206, 44
974,206,206, 44
975,206,206, 44
976,205,205, 45
977,205,205, 45
978,205,205, 45
979,205,205, 45
980,205,205, 45
981,205,205, 45
982,205,205, 45
983,205,205, 45
984,205,205, 45
985,205,205, 45
986,205,205, 45
987,205,205, 45
988,205,205, 45
989,205,205, 45
990,205,205, 45
991,205,205, 45
992,205,205, 45
993,205,205, 45
994,205,205, 45
995,205,205, 45
996,205,205, 45
997,205,205, 45
998,205,205, 45
999,205,205, 45
1000,205,205, 45
1001,205,205, 45
1002,205,205, 45
1003,205,205, 45
1004,205,205, 45
1005,205,205, 45
1006,205,205, 45
1007,205,205, 45
1008,205,205, 45
1009,205,205, 45
1010,204,204, 46
1011,204,204, 46
1012,204,204, 46
1013,204,204, 46
1014,204,204, 46
1015,204,204, 46
1016,204,204, 46
1017,204,204, 46
1018,204,204, 46
1019,204,204, 46
1020,204,204, 46
1021,204,204, 46
1022,204,204, 46
1023,204,204, 46
1024,204,204, 46
1025,204,204, 46
1026,204,204, 46
1027,204,204, 46
1028,204,204, 46
1029,204,204, 46
1030,204,204, 46
1031,204,204, 46
1032,204,204, 46
1033,204,204, 46
1034,204,204, 46
1035,204,204, 46
1036,204,204, 46
1037,204,204, 46
1038,204,204, 46
1039,204,204, 46
1040,204,204, 46
1041,204,204, 46
1042,204,204, 46
1043,204,204, 46
1044,204,204, 46
1045,204,204, 46
1046,204,204, 46
1047,204,204, 46
1048,204,204, 46
1049,204,204, 46
1050,204,204, 46
1051,204,204, 46
1052,204,204, 46
1053,204,204, 46
1054,204,204, 46
1055,204,204, 46
1056,204,204, 46
1057,204,204, 46
1058,204,204, 46
1059,204,204, 46
1060,204,204, 46
1061,204,204, 46
1062,204,204, 46
1063,204,204, 46
1064,204,204, 46
1065,204,204, 46
1066,204,204, 46
1067,204,204, 46
1068,204,204, 46
1069,204,204, 46
1070,204,204, 46
1071,204,204, 46
1072,204,204, 46
1073,204,204, 46
1074,204,204, 46
1075,204,204, 46
1076,204,204, 46
1077,204,204, 46
1078,204,204, 46
1079,204,204, 46
1080,204,204, 46
1081,204,204, 46
1082,204,204, 46
1083,204,204, 46
1084,204,204, 46
1085,204,204, 46
1086,204,204, 46
1087,204,204, 46
1088,204,204, 46
1089,204,204, 46
1090,204,204, 46
1091,204,204, 46
1092,204,204, 46
1093,204,204, 46
1094,204,204, 46
1095,204,204, 46
1096,204,204, 46
1097,204,204, 46
1098,203,203, 47
1099,203,203, 47
1100,203,203, 47
1101,203,203, 47
1102,203,203, 47
1103,203,203, 47
1104,203,203, 47
1105,203,203, 47
1106,203,203, 47
1107,203,203, 47
1108,203,203, 47
1109,203,203, 47
1110,203,203, 47
1111,203,203, 47
1112,203,203, 47
1113,203,203, 47
1114,203,203, 47
1115,203,203, 47
1116,203,203, 47
1117,203,203, 47
1118,201,201, 49
1119,201,201, 49
1120,201,201, 49
1121,201,201, 49
1122,201,201, 49
1123,201,201, 49
1124,201,201, 49
1125,201,201, 49
1126,201,201, 49
1127,201,201, 49
1128,201,201, 49
1129,201,201, 49
1130,200,200, 50
1131,200,200, 50
1132,200,200, 50
1133,200,200, 50
1134,200,200, 50
1135,200,200, 50
1136,200,200, 50
1137,200,200, 50
1138,200,200, 50
1139,200,200, 50
1140,200,200, 50
1141,200,200, 50
1142,200,200, 50
1143,200,200, 50
1144,200,200, 50
1145,200,200, 50
1146,200,200, 50
1147,200,200, 50
1148,200,200, 50
1149,200,200, 50
1150,200,200, 50
1151,200,200, 50
1152,200,200, 50
1153,200,200, 50
1154,200,200, 50
1155,200,200, 50
1156,200,200, 50
1157,200,200, 50
1158,200,200, 50
1159,200,200, 50
1160,200,200, 50
1161,200,200, 50
1162,200,200, 50
1163,200,200, 50
1164,200,200, 50
1165,200,200, 50
1166,200,200, 50
1167,200,200, 50
1168,200,200, 50
1169,200,200, 50
1170,200,200, 50
1171,200,200, 50
1172,200,200, 50
1173,200,200, 50
1174,200,200, 50
1175,200,200, 50
1176,198,198, 52
1177,198,198, 52
1178,198,198, 52
1179,198,198, 52
1180,198,198, 52
1181,198,198, 52
1182,198,198, 52
1183,198,198, 52
1184,198,198, 52
1185,198,198, 52
1186,198,198, 52
1187,198,198, 52
1188,198,198, 52
1189,198,198, 52
1190,198,198, 52
1191,198,198, 52
1192,198,198, 52
1193,198,198, 52
1194,198,198, 52
1195,198,198, 52
1196,198,198, 52
1197,198,198, 52
1198,198,198, 52
1199,198,198, 52
1200,198,198, 52
1201,198,198, 52
1202,198,198, 52
1203,198,198, 52
1204,198,198, 52
1205,198,198, 52
1206,198,198, 52
1207,198,198, 52
1208,198,198, 52
1209,198,198, 52
1210,198,198, 52
1211,198,198, 52
1212,198,198, 52
1213,198,198, 52
1214,198,198, 52
1215,198,198, 52
1216,198,198, 52
1217,198,198, 52
1218,198,198, 52
1219,198,198, 52
1220,198,198, 52
1221,198,198, 52
1222,198,198, 52
1223,198,198, 52
1224,198,198, 52
1225,198,198, 52
1226,198,198, 52
1227,198,198, 52
1228,198,198, 52
1229,198,198, 52
1230,198,198, 52
1231,198,198, 52
1232,198,198, 52
1233,198,198, 52
1234,198,198, 52
1235,198,198, 52
1236,198,198, 52
1237,198,198, 52
1238,198,198, 52
1239,198,198, 52
1240,198,198, 52
1241,198,198, 52
1242,198,198, 52
1243,198,198, 52
1244,198,198, 52
1245,198,198, 52
1246,198,198, 52
1247,198,198, 52
1248,198,198, 52
1249,198,198, 52
1250,197,197, 53
1251,197,197, 53
1252,197,197, 53
1253,197,197, 53
1254,197,197, 53
1255,197,197, 53
1256,197,197, 53
1257,197,197, 53
1258,197,197, 53
1259,197,197, 53
1260,197,197, 53
1261,197,197, 53
1262,197,197, 53
1263,197,197, 53
1264,197,197, 53
1265,197,197, 53
1266,197,197, 53
1267,197,197, 53
1268,196,196, 54
1269,196,196, 54
1270,196,196, 54
1271,196,196, 54
1272,196,196, 54
1273,196,196, 54
1274,196,196, 54
1275,196,196, 54
1276,196,196, 54
1277,196,196, 54
1278,196,196, 54
1279,196,196, 54
1280,196,196, 54
1281,196,196, 54
1282,196,196, 54
1283,196,196, 54
1284,196,196, 54
1285,196,196, 54
1286,196,196, 54
1287,196,196, 54
1288,196,196, 54
1289,196,196, 54
1290,196,196, 54
1291,196,196, 54
1292,196,196, 54
1293,196,196, 54
1294,196,196, 54
1295,196,196, 54
1296,196,196, 54
1297,196,196, 54
1298,196,196, 54
1299,196,196, 54
1300,196,196, 54
1301,195,195, 55
1302,194,194, 56
1303,194,194, 56
1304,194,194, 56
1305,194,194, 56
1306,194,194, 56
1307,194,194, 56
1308,194,194, 56
1309,194,194, 56
1310,194,194, 56
1311,194,194, 56
1312,194,194, 56
1313,194,194, 56
1314,194,194, 56
1315,194,194, 56
1316,194,194, 56
1317,194,194, 56
1318,194,194, 56
1319,194,194, 56
1320,194,194, 56
1321,194,194, 56
1322,192,192, 58
1323,192,192, 58
1324,192,192, 58
1325,192,192, 58
1326,192,192, 58
1327,192,192, 58
1328,192,192, 58
1329,192,192, 58
1330,192,192, 58
1331,192,192, 58
1332,192,192, 58
1333,192,192, 58
1334,192,192, 58
1335,192,192, 58
1336,192,192, 58
1337,192,192, 58
1338,192,192, 58
1339,192,192, 58
1340,192,192, 58
1341,192,192, 58
1342,192,192, 58
1343,192,192, 58
1344,192,192, 58
1345,192,192, 58
1346,192,192, 58
1347,192,192, 58
1348,192,192, 58
1349,192,192, 58
1350,192,192, 58
1351,192,192, 58
1352,192,192, 58
1353,192,192, 58
1354,192,192, 58
1355,192,192, 58
1356,192,192, 58
1357,192,192, 58
1358,192,192, 58
1359,192,192, 58
1360,192,192, 58
1361,192,192, 58
1362,192,192, 58
1363,192,192, 58
1364,191,191, 59
1365,191,191, 59
1366,191,191, 59
1367,191,191, 59
1368,191,191, 59
1369,191,191, 59
1370,191,191, 59
1371,191,191, 59
1372,191,191, 59
1373,191,191, 59
1374,190,190, 60
1375,190,190, 60
1376,190,190, 60
1377,190,190, 60
1378,190,190, 60
1379,190,190, 60
1380,190,190, 60
1381,190,190, 60
1382,190,190, 60
1383,190,190, 60
1384,190,190, 60
1385,190,190, 60
1386,190,190, 60
1387,190,190, 60
1388,190,190, 60
1389,190,190, 60
1390,190,190, 60
1391,190,190, 60
1392,190,190, 60
1393,190,190, 60
1394,190,190, 60
1395,190,190, 60
1396,190,190, 60
1397,190,190, 60
1398,190,190, 60
1399,190,190, 60
1400,190,190, 60
1401,190,190, 60
1402,190,190, 60
1403,190,190, 60
1404,189,189, 61
1405,189,189, 61
1406,189,189, 61
1407,189,189, 61
1408,189,189, 61
1409,189,189, 61
1410,189,189, 61
1411,189,189, 61
1412,189,189, 61
1413,189,189, 61
1414,189,189, 61
1415,188,188, 62
1416,188,188, 62
1417,188,188, 62
1418,188,188, 62
1419,188,188, 62
1420,188,188, 62
1421,188,188, 62
1422,188,188, 62
1423,188,188, 62
1424,188,188, 62
1425,188,188, 62
1426,188,188, 62
1427,188,188, 62
1428,188,188, 62
1429,188,188, 62
1430,188,188, 62
1431,188,188, 62
1432,188,188, 62
1433,188,188, 62
1434,188,188, 62
1435,188,188, 62
1436,188,188, 62
1437,188,188, 62
1438,188,188, 62
1439,188,188, 62
1440,188,188, 62
1441,188,188, 62
1442,188,188, 62
1443,188,188, 62
1444,188,188, 62
1445,188,188, 62
1446,188,188, 62
1447,188,188, 62
1448,188,188, 62
1449,188,188, 62
1450,188,188, 62
1451,188,188, 62
1452,188,188, 62
1453,188,188, 62
1454,188,188, 62
1455,188,188, 62
1456,188,188, 62
1457,188,188, 62
1458,188,188, 62
1459,188,188, 62
1460,188,188, 62
1461,188,188, 62
1462,188,188, 62
1463,188,188, 62
1464,188,188, 62
1465,188,188, 62
1466,187,187, 63
1467,187,187, 63
1468,187,187, 63
1469,187,187, 63
1470,187,187, 63
1471,187,187, 63
1472,187,187, 63
1473,187,187, 63
1474,187,187, 63
1475,187,187, 63
1476,187,187, 63
1477,187,187, 63
1478,187,187, 63
1479,187,187, 63
1480,187,187, 63
1481,187,187, 63
1482,187,187, 63
1483,187,187, 63
1484,187,187, 63
1485,187,187, 63
1486,187,187, 63
1487,187,187, 63
1488,187,187, 63
1489,187,187, 63
1490,187,187, 63
1491,187,187, 63
1492,187,187, 63
1493,187,187, 63
1494,187,187, 63
1495,187,187, 63
1496,187,187, 63
1497,187,187, 63
1498,187,187, 63
1499,187,187, 63
