0,250,250, 0
1,250,250, 0
2,250,250, 0
3,250,250, 0
4,250,250, 0
5,250,250, 0
6,250,250, 0
7,250,250, 0
8,250,250, 0
9,250,250, 0
10,250,250, 0
11,250,250, 0
12,250,250, 0
13,250,250, 0
14,250,250, 0
15,250,250, 0
16,250,250, 0
17,250,250, 0
18,250,250, 0
19,250,250, 0
20,250,250, 0
21,250,250, 0
22,250,250, 0
23,250,250, 0
24,250,250, 0
25,250,250, 0
26,250,250, 0
27,250,250, 0
28,250,250, 0
29,250,250, 0
30,249,249, 1
31,249,249, 1
32,248,248, 2
33,248,248, 2
34,248,248, 2
35,248,248, 2
36,248,248, 2
37,247,247, 3
38,247,247, 3
39,247,247, 3
40,247,247, 3
41,247,247, 3
42,247,247, 3
43,247,247, 3
44,247,247, 3
45,247,247, 3
46,247,247, 3
47,246,246, 4
48,246,246, 4
49,246,246, 4
50,246,246, 4
51,246,246, 4
52,246,246, 4
53,246,246, 4
54,245,245, 5
55,245,245, 5
56,245,245, 5
57,245,245, 5
58,245,245, 5
59,245,245, 5
60,245,245, 5
61,245,245, 5
62,245,245, 5
63,245,245, 5
64,245,245, 5
65,245,245, 5
66,245,245, 5
67,245,245, 5
68,244,244, 6
69,244,244, 6
70,244,244, 6
71,244,244, 6
72,244,244, 6
73,244,244, 6
74,244,244, 6
75,244,244, 6
76,244,244, 6
77,242,242, 8
78,242,242, 8
79,242,242, 8
80,242,242, 8
81,242,242, 8
82,242,242, 8
83,242,242, 8
84,242,242, 8
85,242,242, 8
86,242,242, 8
87,241,241, 9
88,241,241, 9
89,241,241, 9
90,241,241, 9
91,241,241, 9
92,241,241, 9
93,241,241, 9
94,241,241, 9
95,241,241, 9
96,241,241, 9
97,240,240, 10
98,240,240, 10
99,240,240, 10
100,240,240, 10
101,240,240, 10
102,240,240, 10
103,239,239, 11
104,239,239, 11
105,239,239, 11
106,239,239, 11
107,239,239, 11
108,239,239, 11
109,238,238, 12
110,238,238, 12
111,238,238, 12
112,238,238, 12
113,238,238, 12
114,238,238, 12
115,238,238, 12
116,238,238, 12
117,238,238, 12
118,238,238, 12
119,238,238, 12
120,238,238, 12
121,238,238, 12
122,238,238, 12
123,238,238, 12
124,238,238, 12
125,238,238, 12
126,238,238, 12
127,238,238, 12
128,238,238, 12
129,238,238, 12
130,238,238, 12
131,237,237, 13
132,237,237, 13
133,237,237, 13
134,237,237, 13
135,237,237, 13
136,237,237, 13
137,237,237, 13
138,237,237, 13
139,237,237, 13
140,237,237, 13
141,237,237, 13
142,237,237, 13
143,237,237, 13
144,237,237, 13
145,237,237, 13
146,237,237, 13
147,237,237, 13
148,237,237, 13
149,237,237, 13
150,237,237, 13
151,237,237, 13
152,237,237, 13
153,237,237, 13
154,237,237, 13
155,237,237, 13
156,237,237, 13
157,237,237, 13
158,237,237, 13
159,237,237, 13
160,237,237, 13
161,237,237, 13
162,237,237, 13
163,237,237, 13
164,237,237, 13
165,237,237, 13
166,237,237, 13
167,237,237, 13
168,237,237, 13
169,237,237, 13
170,237,237, 13
171,237,237, 13
172,237,237, 13
173,236,236, 14
174,236,236, 14
175,236,236, 14
176,236,236, 14
177,235,235, 15
178,235,235, 15
179,235,235, 15
180,235,235, 15
181,235,235, 15
182,235,235, 15
183,235,235, 15
184,235,235, 15
185,235,235, 15
186,235,235, 15
187,235,235, 15
188,235,235, 15
189,235,235, 15
190,235,235, 15
191,235,235, 15
192,235,235, 15
193,235,235, 15
194,235,235, 15
195,235,235, 15
196,235,235, 15
197,235,235, 15
198,235,235, 15
199,235,235, 15
200,235,235, 15
201,235,235, 15
202,235,235, 15
203,235,235, 15
204,235,235, 15
205,235,235, 15
206,235,235, 15
207,235,235, 15
208,235,235, 15
209,235,235, 15
210,235,235, 15
211,235,235, 15
212,235,235, 15
213,235,235, 15
214,235,235, 15
215,235,235, 15
216,235,235, 15
217,235,235, 15
218,235,235, 15
219,235,235, 15
220,235,235, 15
221,235,235, 15
222,235,235, 15
223,235,235, 15
224,235,235, 15
225,235,235, 15
226,235,235, 15
227,235,235, 15
228,235,235, 15
229,235,235, 15
230,235,235, 15
231,235,235, 15
232,235,235, 15
233,235,235, 15
234,235,235, 15
235,235,235, 15
236,235,235, 15
237,235,235, 15
238,235,235, 15
239,235,235, 15
240,235,235, 15
241,235,235, 15
242,235,235, 15
243,235,235, 15
244,235,235, 15
245,235,235, 15
246,235,235, 15
247,235,235, 15
248,235,235, 15
249,235,235, 15
250,235,235, 15
251,235,235, 15
252,235,235, 15
253,235,235, 15
254,235,235, 15
255,235,235, 15
256,235,235, 15
257,235,235, 15
258,235,235, 15
259,235,235, 15
260,235,235, 15
261,235,235, 15
262,235,235, 15
263,235,235, 15
264,235,235, 15
265,235,235, 15
266,235,235, 15
267,235,235, 15
268,235,235, 15
269,235,235, 15
270,235,235, 15
271,235,235, 15
272,235,235, 15
273,235,235, 15
274,235,235, 15
275,235,235, 15
276,235,235, 15
277,235,235, 15
278,235,235, 15
279,235,235, 15
280,235,235, 15
281,235,235, 15
282,235,235, 15
283,235,235, 15
284,235,235, 15
285,235,235, 15
286,235,235, 15
287,235,235, 15
288,235,235, 15
289,235,235, 15
290,235,235, 15
291,235,235, 15
292,235,235, 15
293,235,235, 15
294,235,235, 15
295,235,235, 15
296,235,235, 15
297,235,235, 15
298,235,235, 15
299,235,235, 15
300,235,235, 15
301,235,235, 15
302,235,235, 15
303,235,235, 15
304,235,235, 15
305,235,235, 15
306,235,235, 15
307,235,235, 15
308,235,235, 15
309,235,235, 15
310,235,235, 15
311,235,235, 15
312,235,235, 15
313,235,235, 15
314,235,235, 15
315,235,235, 15
316,235,235, 15
317,235,235, 15
318,235,235, 15
319,235,235, 15
320,235,235, 15
321,235,235, 15
322,235,235, 15
323,235,235, 15
324,235,235, 15
325,235,235, 15
326,235,235, 15
327,235,235, 15
328,235,235, 15
329,235,235, 15
330,235,235, 15
331,235,235, 15
332,235,235, 15
333,235,235, 15
334,235,235, 15
335,235,235, 15
336,235,235, 15
337,235,235, 15
338,235,235, 15
339,235,235, 15
340,235,235, 15
341,235,235, 15
342,235,235, 15
343,235,235, 15
344,235,235, 15
345,235,235, 15
346,235,235, 15
347,235,235, 15
348,235,235, 15
349,235,235, 15
350,235,235, 15
351,235,235, 15
352,235,235, 15
353,235,235, 15
354,235,235, 15
355,235,235, 15
356,235,235, 15
357,235,235, 15
358,235,235, 15
359,235,235, 15
360,235,235, 15
361,235,235, 15
362,235,235, 15
363,235,235, 15
364,235,235, 15
365,235,235, 15
366,235,235, 15
367,235,235, 15
368,235,235, 15
369,235,235, 15
370,235,235, 15
371,235,235, 15
372,235,235, 15
373,235,235, 15
374,235,235, 15
375,235,235, 15
376,235,235, 15
377,235,235, 15
378,235,235, 15
379,235,235, 15
380,235,235, 15
381,235,235, 15
382,235,235, 15
383,235,235, 15
384,235,235, 15
385,235,235, 15
386,235,235, 15
387,235,235, 15
388,235,235, 15
389,235,235, 15
390,235,235, 15
391,235,235, 15
392,235,235, 15
393,235,235, 15
394,235,235, 15
395,235,235, 15
396,235,235, 15
397,235,235, 15
398,235,235, 15
399,235,235, 15
400,235,235, 15
401,235,235, 15
402,235,235, 15
403,235,235, 15
404,235,235, 15
405,235,235, 15
406,235,235, 15
407,235,235, 15
408,235,235, 15
409,235,235, 15
410,235,235, 15
411,235,235, 15
412,235,235, 15
413,235,235, 15
414,235,235, 15
415,235,235, 15
416,235,235, 15
417,235,235, 15
418,235,235, 15
419,235,235, 15
420,235,235, 15
421,235,235, 15
422,235,235, 15
423,235,235, 15
424,235,235, 15
425,235,235, 15
426,235,235, 15
427,235,235, 15
428,235,235, 15
429,235,235, 15
430,235,235, 15
431,235,235, 15
432,235,235, 15
433,235,235, 15
434,235,235, 15
435,235,235, 15
436,235,235, 15
437,235,235, 15
438,235,235, 15
439,235,235, 15
440,235,235, 15
441,235,235, 15
442,235,235, 15
443,235,235, 15
444,235,235, 15
445,235,235, 15
446,235,235, 15
447,235,235, 15
448,235,235, 15
449,235,235, 15
450,235,235, 15
451,235,235, 15
452,235,235, 15
453,235,235, 15
454,235,235, 15
455,235,235, 15
456,235,235, 15
457,235,235, 15
458,235,235, 15
459,235,235, 15
460,235,235, 15
461,235,235, 15
462,235,235, 15
463,235,235, 15
464,235,235, 15
465,235,235, 15
466,235,235, 15
467,235,235, 15
468,235,235, 15
469,235,235, 15
470,235,235, 15
471,235,235, 15
472,235,235, 15
473,235,235, 15
474,235,235, 15
475,235,235, 15
476,235,235, 15
477,235,235, 15
478,235,235, 15
479,235,235, 15
480,235,235, 15
481,235,235, 15
482,235,235, 15
483,235,235, 15
484,235,235, 15
485,235,235, 15
486,235,235, 15
487,235,235, 15
488,235,235, 15
489,235,235, 15
490,235,235, 15
491,235,235, 15
492,235,235, 15
493,235,235, 15
494,235,235, 15
495,235,235, 15
496,235,235, 15
497,234,234, 16
498,234,234, 16
499,234,234, 16
500,234,234, 16
501,234,234, 16
502,234,234, 16
503,234,234, 16
504,234,234, 16
505,234,234, 16
506,234,234, 16
507,234,234, 16
508,234,234, 16
509,234,234, 16
510,234,234, 16
511,234,234, 16
512,234,234, 16
513,234,234, 16
514,234,234, 16
515,234,234, 16
516,233,233, 17
517,233,233, 17
518,233,233, 17
519,233,233, 17
520,233,233, 17
521,233,233, 17
522,233,233, 17
523,233,233, 17
524,233,233, 17
525,233,233, 17
526,233,233, 17
527,233,233, 17
528,233,233, 17
529,233,233, 17
530,233,233, 17
531,233,233, 17
532,233,233, 17
533,233,233, 17
534,233,233, 17
535,233,233, 17
536,233,233, 17
537,233,233, 17
538,233,233, 17
539,233,233, 17
540,233,233, 17
541,233,233, 17
542,233,233, 17
543,233,233, 17
544,233,233, 17
545,233,233, 17
546,233,233, 17
547,233,233, 17
548,233,233, 17
549,233,233, 17
550,233,233, 17
551,233,233, 17
552,233,233, 17
553,233,233, 17
554,233,233, 17
555,233,233, 17
556,233,233, 17
557,233,233, 17
558,233,233, 17
559,233,233, 17
560,233,233, 17
561,233,233, 17
562,233,233, 17
563,233,233, 17
564,233,233, 17
565,233,233, 17
566,233,233, 17
567,233,233, 17
568,233,233, 17
569,233,233, 17
570,233,233, 17
571,233,233, 17
572,233,233, 17
573,233,233, 17
574,233,233, 17
575,233,233, 17
576,233,233, 17
577,233,233, 17
578,233,233, 17
579,233,233, 17
580,233,233, 17
581,233,233, 17
582,233,233, 17
583,233,233, 17
584,233,233, 17
585,233,233, 17
586,233,233, 17
587,233,233, 17
588,233,233, 17
589,233,233, 17
590,233,233, 17
591,233,233, 17
592,233,233, 17
593,233,233, 17
594,233,233, 17
595,233,233, 17
596,233,233, 17
597,233,233, 17
598,233,233, 17
599,233,233, 17
600,233,233, 17
601,233,233, 17
602,233,233, 17
603,233,233, 17
604,233,233, 17
605,233,233, 17
606,233,233, 17
607,233,233, 17
608,233,233, 17
609,233,233, 17
610,233,233, 17
611,233,233, 17
612,233,233, 17
613,233,233, 17
614,233,233, 17
615,233,233, 17
616,233,233, 17
617,233,233, 17
618,233,233, 17
619,233,233, 17
620,233,233, 17
621,233,233, 17
622,233,233, 17
623,233,233, 17
624,233,233, 17
625,233,233, 17
626,233,233, 17
627,233,233, 17
628,233,233, 17
629,233,233, 17
630,233,233, 17
631,233,233, 17
632,233,233, 17
633,233,233, 17
634,233,233, 17
635,233,233, 17
636,233,233, 17
637,233,233, 17
638,233,233, 17
639,233,233, 17
640,233,233, 17
641,233,233, 17
642,233,233, 17
643,233,233, 17
644,233,233, 17
645,233,233, 17
646,233,233, 17
647,233,233, 17
648,233,233, 17
649,233,233, 17
650,233,233, 17
651,233,233, 17
652,233,233, 17
653,233,233, 17
654,233,233, 17
655,233,233, 17
656,233,233, 17
657,233,233, 17
658,233,233, 17
659,233,233, 17
660,233,233, 17
661,233,233, 17
662,233,233, 17
663,233,233, 17
664,233,233, 17
665,233,233, 17
666,233,233, 17
667,233,233, 17
668,233,233, 17
669,233,233, 17
670,233,233, 17
671,233,233, 17
672,233,233, 17
673,233,233, 17
674,233,233, 17
675,233,233, 17
676,233,233, 17
677,233,233, 17
678,233,233, 17
679,233,233, 17
680,233,233, 17
681,233,233, 17
682,233,233, 17
683,233,233, 17
684,233,233, 17
685,233,233, 17
686,233,233, 17
687,233,233, 17
688,233,233, 17
689,233,233, 17
690,233,233, 17
691,233,233, 17
692,233,233, 17
693,233,233, 17
694,233,233, 17
695,233,233, 17
696,233,233, 17
697,233,233, 17
698,233,233, 17
699,233,233, 17
700,233,233, 17
701,233,233, 17
702,233,233, 17
703,233,233, 17
704,233,233, 17
705,233,233, 17
706,233,233, 17
707,233,233, 17
708,233,233, 17
709,233,233, 17
710,233,233, 17
711,233,233, 17
712,233,233, 17
713,233,233, 17
714,233,233, 17
715,233,233, 17
716,233,233, 17
717,233,233, 17
718,233,233, 17
719,233,233, 17
720,233,233, 17
721,233,233, 17
722,233,233, 17
723,233,233, 17
724,233,233, 17
725,233,233, 17
726,233,233, 17
727,233,233, 17
728,233,233, 17
729,233,233, 17
730,233,233, 17
731,233,233, 17
732,233,233, 17
733,233,233, 17
734,233,233, 17
735,233,233, 17
736,233,233, 17
737,233,233, 17
738,233,233, 17
739,233,233, 17
740,233,233, 17
741,233,233, 17
742,233,233, 17
743,233,233, 17
744,233,233, 17
745,233,233, 17
746,233,233, 17
747,233,233, 17
748,233,233, 17
749,233,233, 17
750,233,233, 17
751,233,233, 17
752,233,233, 17
753,233,233, 17
754,233,233, 17
755,233,233, 17
756,233,233, 17
757,233,233, 17
758,233,233, 17
759,233,233, 17
760,233,233, 17
761,233,233, 17
762,233,233, 17
763,233,233, 17
764,233,233, 17
765,233,233, 17
766,233,233, 17
767,233,233, 17
768,233,233, 17
769,233,233, 17
770,233,233, 17
771,233,233, 17
772,233,233, 17
773,233,233, 17
774,233,233, 17
775,233,233, 17
776,233,233, 17
777,233,233, 17
778,233,233, 17
779,233,233, 17
780,233,233, 17
781,233,233, 17
782,233,233, 17
783,233,233, 17
784,233,233, 17
785,233,233, 17
786,233,233, 17
787,233,233, 17
788,233,233, 17
789,233,233, 17
790,233,233, 17
791,233,233, 17
792,233,233, 17
793,233,233, 17
794,233,233, 17
795,233,233, 17
796,233,233, 17
797,233,233, 17
798,233,233, 17
799,233,233, 17
800,233,233, 17
801,233,233, 17
802,233,233, 17
803,233,233, 17
804,233,233, 17
805,233,233, 17
806,233,233, 17
807,233,233, 17
808,233,233, 17
809,233,233, 17
810,233,233, 17
811,233,233, 17
812,233,233, 17
813,233,233, 17
814,233,233, 17
815,233,233, 17
816,233,233, 17
817,233,233, 17
818,233,233, 17
819,233,233, 17
820,233,233, 17
821,233,233, 17
822,233,233, 17
823,233,233, 17
824,233,233, 17
825,233,233, 17
826,233,233, 17
827,233,233, 17
828,233,233, 17
829,233,233, 17
830,233,233, 17
831,233,233, 17
832,233,233, 17
833,233,233, 17
834,233,233, 17
835,233,233, 17
836,233,233, 17
837,233,233, 17
838,233,233, 17
839,233,233, 17
840,233,233, 17
841,233,233, 17
842,233,233, 17
843,233,233, 17
844,233,233, 17
845,233,233, 17
846,233,233, 17
847,233,233, 17
848,233,233, 17
849,233,233, 17
850,233,233, 17
851,233,233, 17
852,233,233, 17
853,233,233, 17
854,233,233, 17
855,233,233, 17
856,233,233, 17
857,233,233, 17
858,233,233, 17
859,233,233, 17
860,233,233, 17
861,233,233, 17
862,233,233, 17
863,233,233, 17
864,233,233, 17
865,233,233, 17
866,233,233, 17
867,233,233, 17
868,233,233, 17
869,233,233, 17
870,233,233, 17
871,233,233, 17
872,233,233, 17
873,233,233, 17
874,233,233, 17
875,233,233, 17
876,233,233, 17
877,233,233, 17
878,233,233, 17
879,233,233, 17
880,233,233, 17
881,233,233, 17
882,233,233, 17
883,233,233, 17
884,233,233, 17
885,233,233, 17
886,233,233, 17
887,233,233, 17
888,233,233, 17
889,233,233, 17
890,233,233, 17
891,233,233, 17
892,233,233, 17
893,233,233, 17
894,233,233, 17
895,233,233, 17
896,233,233, 17
897,233,233, 17
898,233,233, 17
899,233,233, 17
900,233,233, 17
901,233,233, 17
902,233,233, 17
903,233,233, 17
904,233,233, 17
905,233,233, 17
906,233,233, 17
907,233,233, 17
908,233,233, 17
909,233,233, 17
910,233,233, 17
911,233,233, 17
912,233,233, 17
913,233,233, 17
914,233,233, 17
915,233,233, 17
916,233,233, 17
917,233,233, 17
918,233,233, 17
919,233,233, 17
920,233,233, 17
921,233,233, 17
922,233,233, 17
923,233,233, 17
924,233,233, 17
925,233,233, 17
926,233,233, 17
927,233,233, 17
928,233,233, 17
929,233,233, 17
930,233,233, 17
931,233,233, 17
932,233,233, 17
933,233,233, 17
934,233,233, 17
935,233,233, 17
936,233,233, 17
937,233,233, 17
938,233,233, 17
939,233,233, 17
940,233,233, 17
941,233,233, 17
942,233,233, 17
943,233,233, 17
944,233,233, 17
945,233,233, 17
946,233,233, 17
947,233,233, 17
948,233,233, 17
949,233,233, 17
950,233,233, 17
951,233,233, 17
952,233,233, 17
953,233,233, 17
954,233,233, 17
955,233,233, 17
956,233,233, 17
957,233,233, 17
958,233,233, 17
959,233,233, 17
960,233,233, 17
961,233,233, 17
962,233,233, 17
963,233,233, 17
964,233,233, 17
965,233,233, 17
966,233,233, 17
967,233,233, 17
968,233,233, 17
969,233,233, 17
970,233,233, 17
971,233,233, 17
972,233,233, 17
973,233,233, 17
974,233,233, 17
975,233,233, 17
976,233,233, 17
977,233,233, 17
978,233,233, 17
979,233,233, 17
980,233,233, 17
981,233,233, 17
982,233,233, 17
983,233,233, 17
984,233,233, 17
985,233,233, 17
986,233,233, 17
987,233,233, 17
988,233,233, 17
989,233,233, 17
990,233,233, 17
991,233,233, 17
992,233,233, 17
993,233,233, 17
994,233,233, 17
995,233,233, 17
996,233,233, 17
997,233,233, 17
998,233,233, 17
999,233,233, 17
1000,233,233, 17
1001,233,233, 17
1002,233,233, 17
1003,233,233, 17
1004,233,233, 17
1005,233,233, 17
1006,233,233, 17
1007,233,233, 17
1008,233,233, 17
1009,233,233, 17
1010,233,233, 17
1011,233,233, 17
1012,233,233, 17
1013,233,233, 17
1014,233,233, 17
1015,233,233, 17
1016,233,233, 17
1017,233,233, 17
1018,233,233, 17
1019,233,233, 17
1020,233,233, 17
1021,233,233, 17
1022,233,233, 17
1023,233,233, 17
1024,233,233, 17
1025,233,233, 17
1026,233,233, 17
1027,233,233, 17
1028,233,233, 17
1029,233,233, 17
1030,233,233, 17
1031,233,233, 17
1032,233,233, 17
1033,233,233, 17
1034,233,233, 17
1035,233,233, 17
1036,233,233, 17
1037,233,233, 17
1038,233,233, 17
1039,233,233, 17
1040,233,233, 17
1041,233,233, 17
1042,233,233, 17
1043,233,233, 17
1044,233,233, 17
1045,233,233, 17
1046,233,233, 17
1047,233,233, 17
1048,233,233, 17
1049,233,233, 17
1050,233,233, 17
1051,233,233, 17
1052,233,233, 17
1053,233,233, 17
1054,233,233, 17
1055,233,233, 17
1056,233,233, 17
1057,233,233, 17
1058,233,233, 17
1059,233,233, 17
1060,233,233, 17
1061,233,233, 17
1062,233,233, 17
1063,233,233, 17
1064,233,233, 17
1065,233,233, 17
1066,233,233, 17
1067,233,233, 17
1068,233,233, 17
1069,233,233, 17
1070,233,233, 17
1071,233,233, 17
1072,233,233, 17
1073,233,233, 17
1074,233,233, 17
1075,233,233, 17
1076,233,233, 17
1077,232,232, 18
1078,232,232, 18
1079,232,232, 18
1080,232,232, 18
1081,232,232, 18
1082,232,232, 18
1083,232,232, 18
1084,232,232, 18
1085,232,232, 18
1086,232,232, 18
1087,232,232, 18
1088,232,232, 18
1089,232,232, 18
1090,232,232, 18
1091,232,232, 18
1092,232,232, 18
1093,232,232, 18
1094,232,232, 18
1095,232,232, 18
1096,232,232, 18
1097,232,232, 18
1098,232,232, 18
1099,232,232, 18
1100,232,232, 18
1101,232,232, 18
1102,232,232, 18
1103,232,232, 18
1104,232,232, 18
1105,232,232, 18
1106,232,232, 18
1107,232,232, 18
1108,232,232, 18
1109,232,232, 18
1110,232,232, 18
1111,232,232, 18
1112,232,232, 18
1113,232,232, 18
1114,232,232, 18
1115,232,232, 18
1116,232,232, 18
1117,232,232, 18
1118,232,232, 18
1119,232,232, 18
1120,232,232, 18
1121,232,232, 18
1122,232,232, 18
1123,232,232, 18
1124,232,232, 18
1125,232,232, 18
1126,232,232, 18
1127,232,232, 18
1128,232,232, 18
1129,232,232, 18
1130,232,232, 18
1131,232,232, 18
1132,232,232, 18
1133,232,232, 18
1134,232,232, 18
1135,232,232, 18
1136,232,232, 18
1137,232,232, 18
1138,232,232, 18
1139,232,232, 18
1140,232,232, 18
1141,232,232, 18
1142,232,232, 18
1143,232,232, 18
1144,232,232, 18
1145,232,232, 18
1146,232,232, 18
1147,232,232, 18
1148,232,232, 18
1149,232,232, 18
1150,232,232, 18
1151,232,232, 18
1152,232,232, 18
1153,232,232, 18
1154,232,232, 18
1155,232,232, 18
1156,232,232, 18
1157,232,232, 18
1158,232,232, 18
1159,232,232, 18
1160,232,232, 18
1161,232,232, 18
1162,232,232, 18
1163,232,232, 18
1164,232,232, 18
1165,232,232, 18
1166,232,232, 18
1167,232,232, 18
1168,232,232, 18
1169,232,232, 18
1170,232,232, 18
1171,232,232, 18
1172,232,232, 18
1173,232,232, 18
1174,232,232, 18
1175,232,232, 18
1176,232,232, 18
1177,232,232, 18
1178,232,232, 18
1179,232,232, 18
1180,232,232, 18
1181,232,232, 18
1182,232,232, 18
1183,232,232, 18
1184,232,232, 18
1185,232,232, 18
1186,232,232, 18
1187,232,232, 18
1188,232,232, 18
1189,232,232, 18
1190,232,232, 18
1191,232,232, 18
1192,232,232, 18
1193,232,232, 18
1194,232,232, 18
1195,232,232, 18
1196,232,232, 18
1197,232,232, 18
1198,232,232, 18
1199,232,232, 18
1200,232,232, 18
1201,232,232, 18
1202,232,232, 18
1203,232,232, 18
1204,232,232, 18
1205,232,232, 18
1206,232,232, 18
1207,232,232, 18
1208,232,232, 18
1209,232,232, 18
1210,232,232, 18
1211,232,232, 18
1212,232,232, 18
1213,232,232, 18
1214,232,232, 18
1215,232,232, 18
1216,232,232, 18
1217,232,232, 18
1218,232,232, 18
1219,232,232, 18
1220,232,232, 18
1221,232,232, 18
1222,232,232, 18
1223,232,232, 18
1224,232,232, 18
1225,232,232, 18
1226,232,232, 18
1227,232,232, 18
1228,232,232, 18
1229,232,232, 18
1230,232,232, 18
1231,232,232, 18
1232,232,232, 18
1233,232,232, 18
1234,232,232, 18
1235,232,232, 18
1236,232,232, 18
1237,232,232, 18
1238,232,232, 18
1239,232,232, 18
1240,232,232, 18
1241,232,232, 18
1242,232,232, 18
1243,232,232, 18
1244,232,232, 18
1245,232,232, 18
1246,232,232, 18
1247,232,232, 18
1248,232,232, 18
1249,232,232, 18
1250,232,232, 18
1251,232,232, 18
1252,232,232, 18
1253,232,232, 18
1254,232,232, 18
1255,232,232, 18
1256,232,232, 18
1257,232,232, 18
1258,232,232, 18
1259,232,232, 18
1260,232,232, 18
1261,232,232, 18
1262,232,232, 18
1263,232,232, 18
1264,232,232, 18
1265,232,232, 18
1266,232,232, 18
1267,232,232, 18
1268,232,232, 18
1269,232,232, 18
1270,232,232, 18
1271,232,232, 18
1272,232,232, 18
1273,232,232, 18
1274,232,232, 18
1275,232,232, 18
1276,232,232, 18
1277,231,231, 19
1278,231,231, 19
1279,231,231, 19
1280,231,231, 19
1281,231,231, 19
1282,231,231, 19
1283,231,231, 19
1284,231,231, 19
1285,231,231, 19
1286,231,231, 19
1287,231,231, 19
1288,231,231, 19
1289,231,231, 19
1290,231,231, 19
1291,231,231, 19
1292,231,231, 19
1293,231,231, 19
1294,231,231, 19
1295,231,231, 19
1296,231,231, 19
1297,231,231, 19
1298,231,231, 19
1299,231,231, 19
1300,231,231, 19
1301,231,231, 19
1302,231,231, 19
1303,231,231, 19
1304,231,231, 19
1305,231,231, 19
1306,231,231, 19
1307,231,231, 19
1308,231,231, 19
1309,231,231, 19
1310,231,231, 19
1311,231,231, 19
1312,231,231, 19
1313,231,231, 19
1314,231,231, 19
1315,231,231, 19
1316,231,231, 19
1317,231,231, 19
1318,231,231, 19
1319,231,231, 19
1320,231,231, 19
1321,231,231, 19
1322,231,231, 19
1323,231,231, 19
1324,231,231, 19
1325,231,231, 19
1326,231,231, 19
1327,231,231, 19
1328,231,231, 19
1329,231,231, 19
1330,231,231, 19
1331,231,231, 19
1332,231,231, 19
1333,231,231, 19
1334,231,231, 19
1335,231,231, 19
1336,231,231, 19
1337,231,231, 19
1338,231,231, 19
1339,231,231, 19
1340,231,231, 19
1341,231,231, 19
1342,231,231, 19
1343,231,231, 19
1344,231,231, 19
1345,231,231, 19
1346,231,231, 19
1347,231,231, 19
1348,231,231, 19
1349,231,231, 19
1350,231,231, 19
1351,231,231, 19
1352,231,231, 19
1353,231,231, 19
1354,231,231, 19
1355,231,231, 19
1356,231,231, 19
1357,231,231, 19
1358,231,231, 19
1359,231,231, 19
1360,231,231, 19
1361,231,231, 19
1362,231,231, 19
1363,231,231, 19
1364,231,231, 19
1365,231,231, 19
1366,231,231, 19
1367,231,231, 19
1368,231,231, 19
1369,231,231, 19
1370,231,231, 19
1371,231,231, 19
1372,231,231, 19
1373,231,231, 19
1374,231,231, 19
1375,231,231, 19
1376,231,231, 19
1377,231,231, 19
1378,231,231, 19
1379,231,231, 19
1380,231,231, 19
1381,231,231, 19
1382,231,231, 19
1383,231,231, 19
1384,231,231, 19
1385,231,231, 19
1386,231,231, 19
1387,231,231, 19
1388,231,231, 19
1389,231,231, 19
1390,231,231, 19
1391,231,231, 19
1392,231,231, 19
1393,231,231, 19
1394,231,231, 19
1395,231,231, 19
1396,231,231, 19
1397,231,231, 19
1398,231,231, 19
1399,231,231, 19
1400,231,231, 19
1401,231,231, 19
1402,231,231, 19
1403,231,231, 19
1404,231,231, 19
1405,231,231, 19
1406,231,231, 19
1407,231,231, 19
1408,231,231, 19
1409,231,231, 19
1410,231,231, 19
1411,231,231, 19
1412,231,231, 19
1413,231,231, 19
1414,231,231, 19
1415,231,231, 19
1416,231,231, 19
1417,231,231, 19
1418,231,231, 19
1419,231,231, 19
1420,231,231, 19
1421,231,231, 19
1422,231,231, 19
1423,231,231, 19
1424,231,231, 19
1425,231,231, 19
1426,231,231, 19
1427,231,231, 19
1428,231,231, 19
1429,231,231, 19
1430,231,231, 19
1431,231,231, 19
1432,231,231, 19
1433,231,231, 19
1434,231,231, 19
1435,231,231, 19
1436,231,231, 19
1437,231,231, 19
1438,231,231, 19
1439,231,231, 19
1440,231,231, 19
1441,231,231, 19
1442,231,231, 19
1443,231,231, 19
1444,231,231, 19
1445,231,231, 19
1446,231,231, 19
1447,231,231, 19
1448,231,231, 19
1449,231,231, 19
1450,231,231, 19
1451,231,231, 19
1452,231,231, 19
1453,231,231, 19
1454,231,231, 19
1455,231,231, 19
1456,231,231, 19
1457,231,231, 19
1458,231,231, 19
1459,231,231, 19
1460,231,231, 19
1461,231,231, 19
1462,231,231, 19
1463,231,231, 19
1464,231,231, 19
1465,231,231, 19
1466,231,231, 19
1467,231,231, 19
1468,231,231, 19
1469,231,231, 19
1470,231,231, 19
1471,231,231, 19
1472,231,231, 19
1473,231,231, 19
1474,231,231, 19
1475,231,231, 19
1476,231,231, 19
1477,231,231, 19
1478,231,231, 19
1479,231,231, 19
1480,231,231, 19
1481,231,231, 19
1482,231,231, 19
1483,231,231, 19
1484,231,231, 19
1485,231,231, 19
1486,231,231, 19
1487,231,231, 19
1488,231,231, 19
1489,231,231, 19
1490,231,231, 19
1491,231,231, 19
1492,231,231, 19
1493,231,231, 19
1494,231,231, 19
1495,231,231, 19
1496,231,231, 19
1497,231,231, 19
1498,231,231, 19
1499,231,231, 19
