0,248,248, 2
1,248,248, 2
2,248,248, 2
3,248,248, 2
4,248,248, 2
5,248,248, 2
6,248,248, 2
7,247,247, 3
8,247,247, 3
9,247,247, 3
10,247,247, 3
11,247,247, 3
12,247,247, 3
13,247,247, 3
14,247,247, 3
15,247,247, 3
16,247,247, 3
17,247,247, 3
18,247,247, 3
19,247,247, 3
20,247,247, 3
21,247,247, 3
22,247,247, 3
23,247,247, 3
24,247,247, 3
25,246,246, 4
26,246,246, 4
27,246,246, 4
28,246,246, 4
29,244,244, 6
30,244,244, 6
31,244,244, 6
32,244,244, 6
33,244,244, 6
34,244,244, 6
35,244,244, 6
36,244,244, 6
37,244,244, 6
38,242,242, 8
39,242,242, 8
40,242,242, 8
41,242,242, 8
42,242,242, 8
43,242,242, 8
44,242,242, 8
45,242,242, 8
46,242,242, 8
47,242,242, 8
48,242,242, 8
49,242,242, 8
50,242,242, 8
51,242,242, 8
52,240,240, 10
53,240,240, 10
54,240,240, 10
55,240,240, 10
56,240,240, 10
57,240,240, 10
58,240,240, 10
59,240,240, 10
60,240,240, 10
61,240,240, 10
62,240,240, 10
63,240,240, 10
64,240,240, 10
65,240,240, 10
66,239,239, 11
67,239,239, 11
68,239,239, 11
69,239,239, 11
70,239,239, 11
71,239,239, 11
72,238,238, 12
73,238,238, 12
74,238,238, 12
75,238,238, 12
76,238,238, 12
77,238,238, 12
78,238,238, 12
79,238,238, 12
80,238,238, 12
81,238,238, 12
82,238,238, 12
83,238,238, 12
84,238,238, 12
85,238,238, 12
86,238,238, 12
87,238,238, 12
88,238,238, 12
89,238,238, 12
90,238,238, 12
91,238,238, 12
92,238,238, 12
93,238,238, 12
94,238,238, 12
95,238,238, 12
96,238,238, 12
97,238,238, 12
98,238,238, 12
99,238,238, 12
100,238,238, 12
101,238,238, 12
102,238,238, 12
103,238,238, 12
104,238,238, 12
105,238,238, 12
106,238,238, 12
107,238,238, 12
108,238,238, 12
109,238,238, 12
110,238,238, 12
111,238,238, 12
112,238,238, 12
113,238,238, 12
114,238,238, 12
115,238,238, 12
116,238,238, 12
117,238,238, 12
118,238,238, 12
119,238,238, 12
120,238,238, 12
121,238,238, 12
122,238,238, 12
123,238,238, 12
124,238,238, 12
125,238,238, 12
126,238,238, 12
127,238,238, 12
128,238,238, 12
129,238,238, 12
130,238,238, 12
131,238,238, 12
132,238,238, 12
133,238,238, 12
134,238,238, 12
135,237,237, 13
136,237,237, 13
137,237,237, 13
138,237,237, 13
139,237,237, 13
140,237,237, 13
141,236,236, 14
142,236,236, 14
143,236,236, 14
144,236,236, 14
145,236,236, 14
146,236,236, 14
147,236,236, 14
148,236,236, 14
149,236,236, 14
150,236,236, 14
151,236,236, 14
152,236,236, 14
153,236,236, 14
154,236,236, 14
155,236,236, 14
156,236,236, 14
157,236,236, 14
158,236,236, 14
159,236,236, 14
160,235,235, 15
161,235,235, 15
162,235,235, 15
163,235,235, 15
164,235,235, 15
165,235,235, 15
166,235,235, 15
167,235,235, 15
168,235,235, 15
169,235,235, 15
170,235,235, 15
171,235,235, 15
172,235,235, 15
173,235,235, 15
174,235,235, 15
175,235,235, 15
176,235,235, 15
177,235,235, 15
178,235,235, 15
179,235,235, 15
180,235,235, 15
181,235,235, 15
182,235,235, 15
183,235,235, 15
184,235,235, 15
185,235,235, 15
186,235,235, 15
187,235,235, 15
188,235,235, 15
189,235,235, 15
190,235,235, 15
191,235,235, 15
192,235,235, 15
193,235,235, 15
194,235,235, 15
195,235,235, 15
196,235,235, 15
197,235,235, 15
198,235,235, 15
199,235,235, 15
200,235,235, 15
201,235,235, 15
202,235,235, 15
203,234,234, 16
204,234,234, 16
205,234,234, 16
206,234,234, 16
207,234,234, 16
208,234,234, 16
209,234,234, 16
210,234,234, 16
211,234,234, 16
212,234,234, 16
213,233,233, 17
214,233,233, 17
215,233,233, 17
216,233,233, 17
217,233,233, 17
218,233,233, 17
219,233,233, 17
220,233,233, 17
221,233,233, 17
222,233,233, 17
223,233,233, 17
224,233,233, 17
225,233,233, 17
226,232,232, 18
227,232,232, 18
228,232,232, 18
229,232,232, 18
230,232,232, 18
231,232,232, 18
232,232,232, 18
233,232,232, 18
234,232,232, 18
235,232,232, 18
236,231,231, 19
237,230,230, 20
238,230,230, 20
239,230,230, 20
240,230,230, 20
241,230,230, 20
242,230,230, 20
243,229,229, 21
244,229,229, 21
245,229,229, 21
246,229,229, 21
247,229,229, 21
248,229,229, 21
249,229,229, 21
250,229,229, 21
251,229,229, 21
252,229,229, 21
253,229,229, 21
254,229,229, 21
255,229,229, 21
256,229,229, 21
257,229,229, 21
258,229,229, 21
259,229,229, 21
260,229,229, 21
261,229,229, 21
262,229,229, 21
263,229,229, 21
264,229,229, 21
265,229,229, 21
266,229,229, 21
267,229,229, 21
268,228,228, 22
269,228,228, 22
270,228,228, 22
271,228,228, 22
272,228,228, 22
273,228,228, 22
274,228,228, 22
275,228,228, 22
276,228,228, 22
277,228,228, 22
278,228,228, 22
279,228,228, 22
280,228,228, 22
281,228,228, 22
282,228,228, 22
283,228,228, 22
284,228,228, 22
285,228,228, 22
286,228,228, 22
287,228,228, 22
288,228,228, 22
289,228,228, 22
290,228,228, 22
291,228,228, 22
292,228,228, 22
293,228,228, 22
294,228,228, 22
295,228,228, 22
296,228,228, 22
297,228,228, 22
298,228,228, 22
299,228,228, 22
300,228,228, 22
301,228,228, 22
302,228,228, 22
303,228,228, 22
304,228,228, 22
305,228,228, 22
306,228,228, 22
307,227,227, 23
308,227,227, 23
309,227,227, 23
310,227,227, 23
311,227,227, 23
312,227,227, 23
313,227,227, 23
314,227,227, 23
315,227,227, 23
316,227,227, 23
317,227,227, 23
318,227,227, 23
319,227,227, 23
320,227,227, 23
321,227,227, 23
322,227,227, 23
323,227,227, 23
324,227,227, 23
325,227,227, 23
326,227,227, 23
327,227,227, 23
328,227,227, 23
329,227,227, 23
330,227,227, 23
331,227,227, 23
332,227,227, 23
333,227,227, 23
334,227,227, 23
335,227,227, 23
336,227,227, 23
337,227,227, 23
338,227,227, 23
339,227,227, 23
340,227,227, 23
341,227,227, 23
342,227,227, 23
343,227,227, 23
344,227,227, 23
345,227,227, 23
346,227,227, 23
347,227,227, 23
348,227,227, 23
349,227,227, 23
350,227,227, 23
351,227,227, 23
352,227,227, 23
353,227,227, 23
354,227,227, 23
355,227,227, 23
356,227,227, 23
357,227,227, 23
358,227,227, 23
359,227,227, 23
360,226,226, 24
361,226,226, 24
362,226,226, 24
363,226,226, 24
364,226,226, 24
365,226,226, 24
366,226,226, 24
367,226,226, 24
368,226,226, 24
369,226,226, 24
370,226,226, 24
371,226,226, 24
372,226,226, 24
373,225,225, 25
374,225,225, 25
375,225,225, 25
376,225,225, 25
377,224,224, 26
378,224,224, 26
379,224,224, 26
380,224,224, 26
381,224,224, 26
382,224,224, 26
383,224,224, 26
384,224,224, 26
385,224,224, 26
386,224,224, 26
387,224,224, 26
388,224,224, 26
389,224,224, 26
390,224,224, 26
391,224,224, 26
392,224,224, 26
393,224,224, 26
394,224,224, 26
395,224,224, 26
396,224,224, 26
397,224,224, 26
398,224,224, 26
399,224,224, 26
400,224,224, 26
401,224,224, 26
402,224,224, 26
403,223,223, 27
404,223,223, 27
405,223,223, 27
406,223,223, 27
407,223,223, 27
408,223,223, 27
409,223,223, 27
410,223,223, 27
411,223,223, 27
412,223,223, 27
413,223,223, 27
414,223,223, 27
415,223,223, 27
416,223,223, 27
417,223,223, 27
418,223,223, 27
419,223,223, 27
420,223,223, 27
421,223,223, 27
422,223,223, 27
423,223,223, 27
424,223,223, 27
425,222,222, 28
426,222,222, 28
427,222,222, 28
428,221,221, 29
429,221,221, 29
430,221,221, 29
431,221,221, 29
432,221,221, 29
433,220,220, 30
434,219,219, 31
435,219,219, 31
436,219,219, 31
437,219,219, 31
438,219,219, 31
439,219,219, 31
440,219,219, 31
441,219,219, 31
442,219,219, 31
443,219,219, 31
444,219,219, 31
445,219,219, 31
446,219,219, 31
447,219,219, 31
448,219,219, 31
449,219,219, 31
450,219,219, 31
451,219,219, 31
452,219,219, 31
453,219,219, 31
454,217,217, 33
455,217,217, 33
456,217,217, 33
457,217,217, 33
458,217,217, 33
459,217,217, 33
460,217,217, 33
461,217,217, 33
462,217,217, 33
463,217,217, 33
464,217,217, 33
465,217,217, 33
466,216,216, 34
467,216,216, 34
468,216,216, 34
469,216,216, 34
470,216,216, 34
471,216,216, 34
472,216,216, 34
473,216,216, 34
474,216,216, 34
475,216,216, 34
476,216,216, 34
477,216,216, 34
478,216,216, 34
479,215,215, 35
480,215,215, 35
481,215,215, 35
482,215,215, 35
483,215,215, 35
484,215,215, 35
485,215,215, 35
486,215,215, 35
487,215,215, 35
488,215,215, 35
489,215,215, 35
490,215,215, 35
491,215,215, 35
492,215,215, 35
493,215,215, 35
494,215,215, 35
495,215,215, 35
496,215,215, 35
497,215,215, 35
498,215,215, 35
499,215,215, 35
500,214,214, 36
501,213,213, 37
502,213,213, 37
503,213,213, 37
504,213,213, 37
505,213,213, 37
506,213,213, 37
507,213,213, 37
508,213,213, 37
509,213,213, 37
510,213,213, 37
511,213,213, 37
512,213,213, 37
513,213,213, 37
514,213,213, 37
515,213,213, 37
516,213,213, 37
517,213,213, 37
518,213,213, 37
519,213,213, 37
520,213,213, 37
521,213,213, 37
522,213,213, 37
523,213,213, 37
524,213,213, 37
525,213,213, 37
526,213,213, 37
527,213,213, 37
528,213,213, 37
529,213,213, 37
530,213,213, 37
531,213,213, 37
532,213,213, 37
533,213,213, 37
534,213,213, 37
535,213,213, 37
536,213,213, 37
537,213,213, 37
538,213,213, 37
539,213,213, 37
540,213,213, 37
541,213,213, 37
542,213,213, 37
543,213,213, 37
544,213,213, 37
545,213,213, 37
546,212,212, 38
547,212,212, 38
548,212,212, 38
549,212,212, 38
550,212,212, 38
551,212,212, 38
552,212,212, 38
553,212,212, 38
554,212,212, 38
555,212,212, 38
556,212,212, 38
557,212,212, 38
558,212,212, 38
559,212,212, 38
560,211,211, 39
561,211,211, 39
562,210,210, 40
563,210,210, 40
564,210,210, 40
565,210,210, 40
566,210,210, 40
567,210,210, 40
568,210,210, 40
569,210,210, 40
570,210,210, 40
571,210,210, 40
572,210,210, 40
573,210,210, 40
574,210,210, 40
575,210,210, 40
576,210,210, 40
577,210,210, 40
578,210,210, 40
579,210,210, 40
580,210,210, 40
581,210,210, 40
582,210,210, 40
583,210,210, 40
584,210,210, 40
585,210,210, 40
586,210,210, 40
587,210,210, 40
588,210,210, 40
589,210,210, 40
590,210,210, 40
591,210,210, 40
592,210,210, 40
593,210,210, 40
594,210,210, 40
595,210,210, 40
596,210,210, 40
597,210,210, 40
598,210,210, 40
599,210,210, 40
600,210,210, 40
601,210,210, 40
602,210,210, 40
603,210,210, 40
604,210,210, 40
605,210,210, 40
606,210,210, 40
607,210,210, 40
608,210,210, 40
609,210,210, 40
610,210,210, 40
611,210,210, 40
612,210,210, 40
613,210,210, 40
614,209,209, 41
615,209,209, 41
616,209,209, 41
617,209,209, 41
618,209,209, 41
619,209,209, 41
620,209,209, 41
621,209,209, 41
622,209,209, 41
623,209,209, 41
624,209,209, 41
625,209,209, 41
626,209,209, 41
627,209,209, 41
628,209,209, 41
629,209,209, 41
630,209,209, 41
631,209,209, 41
632,209,209, 41
633,209,209, 41
634,209,209, 41
635,209,209, 41
636,209,209, 41
637,209,209, 41
638,209,209, 41
639,209,209, 41
640,209,209, 41
641,208,208, 42
642,208,208, 42
643,208,208, 42
644,208,208, 42
645,208,208, 42
646,208,208, 42
647,208,208, 42
648,208,208, 42
649,208,208, 42
650,208,208, 42
651,208,208, 42
652,208,208, 42
653,208,208, 42
654,208,208, 42
655,208,208, 42
656,208,208, 42
657,207,207, 43
658,207,207, 43
659,207,207, 43
660,207,207, 43
661,207,207, 43
662,207,207, 43
663,207,207, 43
664,207,207, 43
665,207,207, 43
666,207,207, 43
667,207,207, 43
668,207,207, 43
669,207,207, 43
670,207,207, 43
671,207,207, 43
672,207,207, 43
673,207,207, 43
674,207,207, 43
675,207,207, 43
676,207,207, 43
677,207,207, 43
678,207,207, 43
679,207,207, 43
680,207,207, 43
681,207,207, 43
682,207,207, 43
683,206,206, 44
684,206,206, 44
685,206,206, 44
686,206,206, 44
687,206,206, 44
688,206,206, 44
689,206,206, 44
690,206,206, 44
691,206,206, 44
692,206,206, 44
693,206,206, 44
694,206,206, 44
695,206,206, 44
696,206,206, 44
697,206,206, 44
698,206,206, 44
699,206,206, 44
700,206,206, 44
701,206,206, 44
702,206,206, 44
703,206,206, 44
704,206,206, 44
705,206,206, 44
706,206,206, 44
707,206,206, 44
708,206,206, 44
709,206,206, 44
710,206,206, 44
711,206,206, 44
712,206,206, 44
713,206,206, 44
714,206,206, 44
715,206,206, 44
716,206,206, 44
717,206,206, 44
718,206,206, 44
719,206,206, 44
720,206,206, 44
721,206,206, 44
722,206,206, 44
723,206,206, 44
724,206,206, 44
725,206,206, 44
726,206,206, 44
727,206,206, 44
728,206,206, 44
729,206,206, 44
730,206,206, 44
731,206,206, 44
732,206,206, 44
733,205,205, 45
734,205,205, 45
735,205,205, 45
736,205,205, 45
737,205,205, 45
738,205,205, 45
739,205,205, 45
740,205,205, 45
741,205,205, 45
742,205,205, 45
743,205,205, 45
744,205,205, 45
745,205,205, 45
746,205,205, 45
747,205,205, 45
748,205,205, 45
749,205,205, 45
750,205,205, 45
751,205,205, 45
752,205,205, 45
753,205,205, 45
754,205,205, 45
755,205,205, 45
756,205,205, 45
757,205,205, 45
758,205,205, 45
759,205,205, 45
760,205,205, 45
761,205,205, 45
762,205,205, 45
763,205,205, 45
764,205,205, 45
765,205,205, 45
766,205,205, 45
767,205,205, 45
768,205,205, 45
769,205,205, 45
770,205,205, 45
771,205,205, 45
772,205,205, 45
773,205,205, 45
774,205,205, 45
775,205,205, 45
776,205,205, 45
777,205,205, 45
778,205,205, 45
779,205,205, 45
780,205,205, 45
781,205,205, 45
782,205,205, 45
783,205,205, 45
784,205,205, 45
785,205,205, 45
786,205,205, 45
787,205,205, 45
788,205,205, 45
789,205,205, 45
790,205,205, 45
791,205,205, 45
792,205,205, 45
793,205,205, 45
794,205,205, 45
795,205,205, 45
796,205,205, 45
797,205,205, 45
798,205,205, 45
799,205,205, 45
800,204,204, 46
801,204,204, 46
802,203,203, 47
803,203,203, 47
804,203,203, 47
805,203,203, 47
806,203,203, 47
807,203,203, 47
808,203,203, 47
809,203,203, 47
810,203,203, 47
811,203,203, 47
812,203,203, 47
813,203,203, 47
814,203,203, 47
815,203,203, 47
816,203,203, 47
817,203,203, 47
818,203,203, 47
819,203,203, 47
820,203,203, 47
821,203,203, 47
822,203,203, 47
823,203,203, 47
824,203,203, 47
825,203,203, 47
826,203,203, 47
827,203,203, 47
828,203,203, 47
829,203,203, 47
830,203,203, 47
831,203,203, 47
832,203,203, 47
833,203,203, 47
834,203,203, 47
835,203,203, 47
836,202,202, 48
837,202,202, 48
838,202,202, 48
839,202,202, 48
840,202,202, 48
841,202,202, 48
842,202,202, 48
843,202,202, 48
844,202,202, 48
845,202,202, 48
846,201,201, 49
847,200,200, 50
848,200,200, 50
849,200,200, 50
850,200,200, 50
851,200,200, 50
852,200,200, 50
853,200,200, 50
854,200,200, 50
855,200,200, 50
856,200,200, 50
857,200,200, 50
858,200,200, 50
859,200,200, 50
860,199,199, 51
861,199,199, 51
862,199,199, 51
863,199,199, 51
864,199,199, 51
865,199,199, 51
866,199,199, 51
867,199,199, 51
868,199,199, 51
869,199,199, 51
870,199,199, 51
871,199,199, 51
872,199,199, 51
873,199,199, 51
874,198,198, 52
875,198,198, 52
876,198,198, 52
877,198,198, 52
878,198,198, 52
879,198,198, 52
880,198,198, 52
881,198,198, 52
882,198,198, 52
883,198,198, 52
884,198,198, 52
885,198,198, 52
886,198,198, 52
887,198,198, 52
888,198,198, 52
889,198,198, 52
890,198,198, 52
891,198,198, 52
892,198,198, 52
893,198,198, 52
894,198,198, 52
895,198,198, 52
896,198,198, 52
897,198,198, 52
898,198,198, 52
899,198,198, 52
900,196,196, 54
901,196,196, 54
902,196,196, 54
903,196,196, 54
904,196,196, 54
905,196,196, 54
906,196,196, 54
907,196,196, 54
908,196,196, 54
909,196,196, 54
910,195,195, 55
911,195,195, 55
912,195,195, 55
913,195,195, 55
914,195,195, 55
915,195,195, 55
916,195,195, 55
917,195,195, 55
918,195,195, 55
919,195,195, 55
920,195,195, 55
921,195,195, 55
922,195,195, 55
923,195,195, 55
924,195,195, 55
925,195,195, 55
926,195,195, 55
927,195,195, 55
928,195,195, 55
929,195,195, 55
930,195,195, 55
931,195,195, 55
932,195,195, 55
933,195,195, 55
934,195,195, 55
935,194,194, 56
936,194,194, 56
937,194,194, 56
938,194,194, 56
939,194,194, 56
940,194,194, 56
941,194,194, 56
942,193,193, 57
943,193,193, 57
944,193,193, 57
945,193,193, 57
946,193,193, 57
947,193,193, 57
948,191,191, 59
949,191,191, 59
950,191,191, 59
951,191,191, 59
952,191,191, 59
953,191,191, 59
954,191,191, 59
955,191,191, 59
956,191,191, 59
957,191,191, 59
958,191,191, 59
959,190,190, 60
960,189,189, 61
961,189,189, 61
962,189,189, 61
963,189,189, 61
964,189,189, 61
965,189,189, 61
966,189,189, 61
967,189,189, 61
968,189,189, 61
969,189,189, 61
970,189,189, 61
971,189,189, 61
972,189,189, 61
973,189,189, 61
974,189,189, 61
975,189,189, 61
976,189,189, 61
977,189,189, 61
978,189,189, 61
979,189,189, 61
980,189,189, 61
981,189,189, 61
982,189,189, 61
983,189,189, 61
984,188,188, 62
985,188,188, 62
986,188,188, 62
987,188,188, 62
988,188,188, 62
989,188,188, 62
990,188,188, 62
991,188,188, 62
992,188,188, 62
993,188,188, 62
994,188,188, 62
995,188,188, 62
996,188,188, 62
997,188,188, 62
998,188,188, 62
999,188,188, 62
1000,188,188, 62
1001,188,188, 62
1002,188,188, 62
1003,188,188, 62
1004,188,188, 62
1005,188,188, 62
1006,188,188, 62
1007,188,188, 62
1008,188,188, 62
1009,188,188, 62
1010,188,188, 62
1011,188,188, 62
1012,188,188, 62
1013,188,188, 62
1014,188,188, 62
1015,188,188, 62
1016,188,188, 62
1017,188,188, 62
1018,188,188, 62
1019,188,188, 62
1020,188,188, 62
1021,188,188, 62
1022,188,188, 62
1023,188,188, 62
1024,188,188, 62
1025,188,188, 62
1026,188,188, 62
1027,188,188, 62
1028,188,188, 62
1029,188,188, 62
1030,188,188, 62
1031,188,188, 62
1032,188,188, 62
1033,188,188, 62
1034,188,188, 62
1035,188,188, 62
1036,188,188, 62
1037,188,188, 62
1038,188,188, 62
1039,188,188, 62
1040,187,187, 63
1041,185,185, 65
1042,185,185, 65
1043,185,185, 65
1044,185,185, 65
1045,185,185, 65
1046,185,185, 65
1047,185,185, 65
1048,185,185, 65
1049,185,185, 65
1050,185,185, 65
1051,185,185, 65
1052,185,185, 65
1053,185,185, 65
1054,185,185, 65
1055,185,185, 65
1056,185,185, 65
1057,185,185, 65
1058,185,185, 65
1059,185,185, 65
1060,185,185, 65
1061,185,185, 65
1062,185,185, 65
1063,185,185, 65
1064,185,185, 65
1065,185,185, 65
1066,185,185, 65
1067,185,185, 65
1068,183,183, 67
1069,183,183, 67
1070,183,183, 67
1071,183,183, 67
1072,183,183, 67
1073,183,183, 67
1074,183,183, 67
1075,183,183, 67
1076,183,183, 67
1077,183,183, 67
1078,183,183, 67
1079,183,183, 67
1080,183,183, 67
1081,183,183, 67
1082,183,183, 67
1083,183,183, 67
1084,183,183, 67
1085,183,183, 67
1086,183,183, 67
1087,183,183, 67
1088,181,181, 69
1089,181,181, 69
1090,181,181, 69
1091,181,181, 69
1092,181,181, 69
1093,181,181, 69
1094,181,181, 69
1095,181,181, 69
1096,181,181, 69
1097,181,181, 69
1098,181,181, 69
1099,181,181, 69
1100,181,181, 69
1101,181,181, 69
1102,181,181, 69
1103,181,181, 69
1104,181,181, 69
1105,181,181, 69
1106,181,181, 69
1107,181,181, 69
1108,181,181, 69
1109,181,181, 69
1110,181,181, 69
1111,181,181, 69
1112,181,181, 69
1113,181,181, 69
1114,181,181, 69
1115,181,181, 69
1116,181,181, 69
1117,181,181, 69
1118,181,181, 69
1119,181,181, 69
1120,181,181, 69
1121,181,181, 69
1122,181,181, 69
1123,181,181, 69
1124,181,181, 69
1125,181,181, 69
1126,181,181, 69
1127,181,181, 69
1128,181,181, 69
1129,181,181, 69
1130,181,181, 69
1131,181,181, 69
1132,181,181, 69
1133,181,181, 69
1134,181,181, 69
1135,181,181, 69
1136,181,181, 69
1137,181,181, 69
1138,181,181, 69
1139,181,181, 69
1140,181,181, 69
1141,181,181, 69
1142,181,181, 69
1143,181,181, 69
1144,181,181, 69
1145,181,181, 69
1146,181,181, 69
1147,181,181, 69
1148,181,181, 69
1149,181,181, 69
1150,181,181, 69
1151,181,181, 69
1152,181,181, 69
1153,181,181, 69
1154,181,181, 69
1155,181,181, 69
1156,181,181, 69
1157,181,181, 69
1158,181,181, 69
1159,181,181, 69
1160,181,181, 69
1161,181,181, 69
1162,181,181, 69
1163,181,181, 69
1164,181,181, 69
1165,181,181, 69
1166,181,181, 69
1167,181,181, 69
1168,181,181, 69
1169,181,181, 69
1170,181,181, 69
1171,181,181, 69
1172,181,181, 69
1173,181,181, 69
1174,181,181, 69
1175,181,181, 69
1176,180,180, 70
1177,180,180, 70
1178,180,180, 70
1179,180,180, 70
1180,180,180, 70
1181,180,180, 70
1182,180,180, 70
1183,180,180, 70
1184,180,180, 70
1185,180,180, 70
1186,180,180, 70
1187,180,180, 70
1188,180,180, 70
1189,180,180, 70
1190,180,180, 70
1191,180,180, 70
1192,180,180, 70
1193,180,180, 70
1194,180,180, 70
1195,180,180, 70
1196,180,180, 70
1197,180,180, 70
1198,180,180, 70
1199,180,180, 70
1200,180,180, 70
1201,180,180, 70
1202,180,180, 70
1203,180,180, 70
1204,180,180, 70
1205,180,180, 70
1206,180,180, 70
1207,180,180, 70
1208,180,180, 70
1209,180,180, 70
1210,180,180, 70
1211,180,180, 70
1212,180,180, 70
1213,180,180, 70
1214,180,180, 70
1215,180,180, 70
1216,180,180, 70
1217,180,180, 70
1218,180,180, 70
1219,180,180, 70
1220,180,180, 70
1221,180,180, 70
1222,180,180, 70
1223,180,180, 70
1224,180,180, 70
1225,180,180, 70
1226,180,180, 70
1227,180,180, 70
1228,180,180, 70
1229,180,180, 70
1230,180,180, 70
1231,180,180, 70
1232,180,180, 70
1233,180,180, 70
1234,180,180, 70
1235,180,180, 70
1236,180,180, 70
1237,180,180, 70
1238,180,180, 70
1239,180,180, 70
1240,180,180, 70
1241,180,180, 70
1242,180,180, 70
1243,180,180, 70
1244,180,180, 70
1245,180,180, 70
1246,180,180, 70
1247,180,180, 70
1248,180,180, 70
1249,180,180, 70
1250,180,180, 70
1251,180,180, 70
1252,180,180, 70
1253,180,180, 70
1254,180,180, 70
1255,180,180, 70
1256,180,180, 70
1257,180,180, 70
1258,180,180, 70
1259,180,180, 70
1260,180,180, 70
1261,180,180, 70
1262,180,180, 70
1263,180,180, 70
1264,180,180, 70
1265,180,180, 70
1266,180,180, 70
1267,180,180, 70
1268,180,180, 70
1269,180,180, 70
1270,180,180, 70
1271,180,180, 70
1272,180,180, 70
1273,180,180, 70
1274,180,180, 70
1275,180,180, 70
1276,180,180, 70
1277,180,180, 70
1278,180,180, 70
1279,180,180, 70
1280,180,180, 70
1281,180,180, 70
1282,180,180, 70
1283,180,180, 70
1284,180,180, 70
1285,180,180, 70
1286,180,180, 70
1287,180,180, 70
1288,180,180, 70
1289,180,180, 70
1290,180,180, 70
1291,180,180, 70
1292,180,180, 70
1293,180,180, 70
1294,180,180, 70
1295,180,180, 70
1296,180,180, 70
1297,180,180, 70
1298,180,180, 70
1299,180,180, 70
1300,180,180, 70
1301,180,180, 70
1302,180,180, 70
1303,180,180, 70
1304,180,180, 70
1305,180,180, 70
1306,180,180, 70
1307,180,180, 70
1308,180,180, 70
1309,180,180, 70
1310,180,180, 70
1311,180,180, 70
1312,180,180, 70
1313,180,180, 70
1314,180,180, 70
1315,180,180, 70
1316,180,180, 70
1317,180,180, 70
1318,180,180, 70
1319,180,180, 70
1320,180,180, 70
1321,180,180, 70
1322,180,180, 70
1323,180,180, 70
1324,180,180, 70
1325,180,180, 70
1326,180,180, 70
1327,180,180, 70
1328,180,180, 70
1329,180,180, 70
1330,180,180, 70
1331,180,180, 70
1332,180,180, 70
1333,180,180, 70
1334,180,180, 70
1335,180,180, 70
1336,180,180, 70
1337,180,180, 70
1338,180,180, 70
1339,180,180, 70
1340,180,180, 70
1341,180,180, 70
1342,180,180, 70
1343,180,180, 70
1344,180,180, 70
1345,180,180, 70
1346,180,180, 70
1347,180,180, 70
1348,180,180, 70
1349,180,180, 70
1350,180,180, 70
1351,180,180, 70
1352,180,180, 70
1353,180,180, 70
1354,180,180, 70
1355,180,180, 70
1356,180,180, 70
1357,180,180, 70
1358,180,180, 70
1359,180,180, 70
1360,180,180, 70
1361,180,180, 70
1362,180,180, 70
1363,180,180, 70
1364,180,180, 70
1365,180,180, 70
1366,180,180, 70
1367,180,180, 70
1368,180,180, 70
1369,180,180, 70
1370,180,180, 70
1371,180,180, 70
1372,180,180, 70
1373,180,180, 70
1374,180,180, 70
1375,180,180, 70
1376,180,180, 70
1377,180,180, 70
1378,180,180, 70
1379,180,180, 70
1380,180,180, 70
1381,180,180, 70
1382,180,180, 70
1383,180,180, 70
1384,180,180, 70
1385,180,180, 70
1386,180,180, 70
1387,180,180, 70
1388,180,180, 70
1389,180,180, 70
1390,180,180, 70
1391,180,180, 70
1392,180,180, 70
1393,180,180, 70
1394,180,180, 70
1395,180,180, 70
1396,180,180, 70
1397,180,180, 70
1398,180,180, 70
1399,180,180, 70
1400,180,180, 70
1401,180,180, 70
1402,180,180, 70
1403,180,180, 70
1404,180,180, 70
1405,180,180, 70
1406,180,180, 70
1407,179,179, 71
1408,179,179, 71
1409,179,179, 71
1410,179,179, 71
1411,179,179, 71
1412,179,179, 71
1413,179,179, 71
1414,179,179, 71
1415,179,179, 71
1416,179,179, 71
1417,179,179, 71
1418,179,179, 71
1419,179,179, 71
1420,179,179, 71
1421,179,179, 71
1422,179,179, 71
1423,179,179, 71
1424,179,179, 71
1425,179,179, 71
1426,179,179, 71
1427,179,179, 71
1428,179,179, 71
1429,179,179, 71
1430,179,179, 71
1431,179,179, 71
1432,179,179, 71
1433,179,179, 71
1434,179,179, 71
1435,179,179, 71
1436,179,179, 71
1437,179,179, 71
1438,179,179, 71
1439,179,179, 71
1440,179,179, 71
1441,179,179, 71
1442,179,179, 71
1443,179,179, 71
1444,179,179, 71
1445,179,179, 71
1446,178,178, 72
1447,178,178, 72
1448,178,178, 72
1449,178,178, 72
1450,178,178, 72
1451,177,177, 73
1452,177,177, 73
1453,177,177, 73
1454,177,177, 73
1455,177,177, 73
1456,177,177, 73
1457,177,177, 73
1458,177,177, 73
1459,177,177, 73
1460,177,177, 73
1461,177,177, 73
1462,175,175, 75
1463,175,175, 75
1464,175,175, 75
1465,175,175, 75
1466,175,175, 75
1467,175,175, 75
1468,175,175, 75
1469,175,175, 75
1470,175,175, 75
1471,175,175, 75
1472,174,174, 76
1473,174,174, 76
1474,174,174, 76
1475,174,174, 76
1476,174,174, 76
1477,174,174, 76
1478,174,174, 76
1479,174,174, 76
1480,174,174, 76
1481,174,174, 76
1482,174,174, 76
1483,174,174, 76
1484,174,174, 76
1485,174,174, 76
1486,174,174, 76
1487,174,174, 76
1488,174,174, 76
1489,174,174, 76
1490,174,174, 76
1491,174,174, 76
1492,174,174, 76
1493,174,174, 76
1494,174,174, 76
1495,174,174, 76
1496,174,174, 76
1497,174,174, 76
1498,174,174, 76
1499,173,173, 77
