0,250,250, 0
1,249,249, 1
2,249,249, 1
3,249,249, 1
4,249,249, 1
5,249,249, 1
6,249,249, 1
7,249,249, 1
8,249,249, 1
9,249,249, 1
10,249,249, 1
11,249,249, 1
12,249,249, 1
13,249,249, 1
14,249,249, 1
15,249,249, 1
16,249,249, 1
17,249,249, 1
18,249,249, 1
19,249,249, 1
20,249,249, 1
21,249,249, 1
22,249,249, 1
23,248,248, 2
24,248,248, 2
25,248,248, 2
26,248,248, 2
27,248,248, 2
28,248,248, 2
29,248,248, 2
30,248,248, 2
31,248,248, 2
32,248,248, 2
33,248,248, 2
34,248,248, 2
35,248,248, 2
36,248,248, 2
37,248,248, 2
38,248,248, 2
39,248,248, 2
40,248,248, 2
41,247,247, 3
42,246,246, 4
43,246,246, 4
44,246,246, 4
45,246,246, 4
46,246,246, 4
47,246,246, 4
48,246,246, 4
49,246,246, 4
50,245,245, 5
51,245,245, 5
52,245,245, 5
53,245,245, 5
54,245,245, 5
55,245,245, 5
56,245,245, 5
57,245,245, 5
58,245,245, 5
59,245,245, 5
60,245,245, 5
61,245,245, 5
62,245,245, 5
63,245,245, 5
64,245,245, 5
65,245,245, 5
66,245,245, 5
67,245,245, 5
68,245,245, 5
69,245,245, 5
70,245,245, 5
71,245,245, 5
72,245,245, 5
73,245,245, 5
74,245,245, 5
75,245,245, 5
76,245,245, 5
77,243,243, 7
78,243,243, 7
79,243,243, 7
80,243,243, 7
81,243,243, 7
82,243,243, 7
83,243,243, 7
84,243,243, 7
85,243,243, 7
86,243,243, 7
87,243,243, 7
88,241,241, 9
89,241,241, 9
90,241,241, 9
91,241,241, 9
92,241,241, 9
93,241,241, 9
94,241,241, 9
95,241,241, 9
96,241,241, 9
97,241,241, 9
98,241,241, 9
99,241,241, 9
100,241,241, 9
101,241,241, 9
102,241,241, 9
103,241,241, 9
104,241,241, 9
105,241,241, 9
106,241,241, 9
107,241,241, 9
108,241,241, 9
109,241,241, 9
110,241,241, 9
111,241,241, 9
112,241,241, 9
113,241,241, 9
114,241,241, 9
115,241,241, 9
116,239,239, 11
117,239,239, 11
118,239,239, 11
119,239,239, 11
120,239,239, 11
121,239,239, 11
122,239,239, 11
123,239,239, 11
124,239,239, 11
125,239,239, 11
126,239,239, 11
127,239,239, 11
128,239,239, 11
129,239,239, 11
130,239,239, 11
131,239,239, 11
132,239,239, 11
133,239,239, 11
134,239,239, 11
135,239,239, 11
136,239,239, 11
137,239,239, 11
138,239,239, 11
139,239,239, 11
140,239,239, 11
141,239,239, 11
142,239,239, 11
143,238,238, 12
144,237,237, 13
145,237,237, 13
146,237,237, 13
147,237,237, 13
148,237,237, 13
149,237,237, 13
150,237,237, 13
151,237,237, 13
152,237,237, 13
153,237,237, 13
154,237,237, 13
155,237,237, 13
156,237,237, 13
157,237,237, 13
158,237,237, 13
159,237,237, 13
160,237,237, 13
161,237,237, 13
162,237,237, 13
163,237,237, 13
164,237,237, 13
165,237,237, 13
166,237,237, 13
167,237,237, 13
168,237,237, 13
169,237,237, 13
170,237,237, 13
171,237,237, 13
172,237,237, 13
173,237,237, 13
174,237,237, 13
175,237,237, 13
176,237,237, 13
177,237,237, 13
178,237,237, 13
179,237,237, 13
180,237,237, 13
181,237,237, 13
182,237,237, 13
183,237,237, 13
184,237,237, 13
185,237,237, 13
186,237,237, 13
187,237,237, 13
188,237,237, 13
189,237,237, 13
190,237,237, 13
191,237,237, 13
192,237,237, 13
193,237,237, 13
194,237,237, 13
195,237,237, 13
196,237,237, 13
197,237,237, 13
198,237,237, 13
199,237,237, 13
200,237,237, 13
201,237,237, 13
202,237,237, 13
203,237,237, 13
204,237,237, 13
205,237,237, 13
206,237,237, 13
207,237,237, 13
208,237,237, 13
209,237,237, 13
210,237,237, 13
211,237,237, 13
212,237,237, 13
213,236,236, 14
214,236,236, 14
215,236,236, 14
216,236,236, 14
217,236,236, 14
218,236,236, 14
219,236,236, 14
220,236,236, 14
221,236,236, 14
222,236,236, 14
223,236,236, 14
224,236,236, 14
225,236,236, 14
226,236,236, 14
227,236,236, 14
228,236,236, 14
229,236,236, 14
230,236,236, 14
231,236,236, 14
232,236,236, 14
233,236,236, 14
234,236,236, 14
235,236,236, 14
236,236,236, 14
237,236,236, 14
238,236,236, 14
239,236,236, 14
240,236,236, 14
241,236,236, 14
242,236,236, 14
243,236,236, 14
244,236,236, 14
245,236,236, 14
246,236,236, 14
247,236,236, 14
248,236,236, 14
249,236,236, 14
250,236,236, 14
251,236,236, 14
252,236,236, 14
253,236,236, 14
254,236,236, 14
255,236,236, 14
256,236,236, 14
257,236,236, 14
258,236,236, 14
259,236,236, 14
260,236,236, 14
261,236,236, 14
262,236,236, 14
263,236,236, 14
264,236,236, 14
265,236,236, 14
266,236,236, 14
267,236,236, 14
268,236,236, 14
269,235,235, 15
270,235,235, 15
271,235,235, 15
272,233,233, 17
273,233,233, 17
274,233,233, 17
275,233,233, 17
276,233,233, 17
277,233,233, 17
278,233,233, 17
279,231,231, 19
280,231,231, 19
281,231,231, 19
282,231,231, 19
283,231,231, 19
284,231,231, 19
285,231,231, 19
286,231,231, 19
287,231,231, 19
288,231,231, 19
289,231,231, 19
290,231,231, 19
291,231,231, 19
292,231,231, 19
293,231,231, 19
294,231,231, 19
295,231,231, 19
296,231,231, 19
297,231,231, 19
298,231,231, 19
299,231,231, 19
300,231,231, 19
301,231,231, 19
302,231,231, 19
303,231,231, 19
304,231,231, 19
305,231,231, 19
306,231,231, 19
307,231,231, 19
308,231,231, 19
309,231,231, 19
310,231,231, 19
311,231,231, 19
312,231,231, 19
313,231,231, 19
314,231,231, 19
315,231,231, 19
316,231,231, 19
317,231,231, 19
318,231,231, 19
319,231,231, 19
320,231,231, 19
321,231,231, 19
322,231,231, 19
323,231,231, 19
324,231,231, 19
325,231,231, 19
326,231,231, 19
327,231,231, 19
328,231,231, 19
329,231,231, 19
330,231,231, 19
331,231,231, 19
332,231,231, 19
333,230,230, 20
334,230,230, 20
335,230,230, 20
336,230,230, 20
337,230,230, 20
338,230,230, 20
339,230,230, 20
340,230,230, 20
341,230,230, 20
342,230,230, 20
343,230,230, 20
344,229,229, 21
345,229,229, 21
346,229,229, 21
347,229,229, 21
348,229,229, 21
349,229,229, 21
350,229,229, 21
351,229,229, 21
352,229,229, 21
353,229,229, 21
354,229,229, 21
355,229,229, 21
356,229,229, 21
357,229,229, 21
358,229,229, 21
359,229,229, 21
360,229,229, 21
361,229,229, 21
362,229,229, 21
363,229,229, 21
364,229,229, 21
365,229,229, 21
366,229,229, 21
367,229,229, 21
368,229,229, 21
369,229,229, 21
370,229,229, 21
371,229,229, 21
372,229,229, 21
373,229,229, 21
374,229,229, 21
375,229,229, 21
376,229,229, 21
377,229,229, 21
378,229,229, 21
379,229,229, 21
380,229,229, 21
381,229,229, 21
382,229,229, 21
383,229,229, 21
384,229,229, 21
385,229,229, 21
386,229,229, 21
387,229,229, 21
388,229,229, 21
389,229,229, 21
390,229,229, 21
391,229,229, 21
392,229,229, 21
393,229,229, 21
394,229,229, 21
395,229,229, 21
396,229,229, 21
397,229,229, 21
398,228,228, 22
399,228,228, 22
400,228,228, 22
401,228,228, 22
402,228,228, 22
403,228,228, 22
404,228,228, 22
405,228,228, 22
406,228,228, 22
407,228,228, 22
408,228,228, 22
409,228,228, 22
410,228,228, 22
411,228,228, 22
412,228,228, 22
413,228,228, 22
414,228,228, 22
415,228,228, 22
416,228,228, 22
417,228,228, 22
418,228,228, 22
419,228,228, 22
420,228,228, 22
421,228,228, 22
422,228,228, 22
423,228,228, 22
424,227,227, 23
425,227,227, 23
426,227,227, 23
427,227,227, 23
428,227,227, 23
429,227,227, 23
430,227,227, 23
431,227,227, 23
432,227,227, 23
433,227,227, 23
434,227,227, 23
435,227,227, 23
436,227,227, 23
437,227,227, 23
438,227,227, 23
439,227,227, 23
440,227,227, 23
441,227,227, 23
442,227,227, 23
443,226,226, 24
444,226,226, 24
445,226,226, 24
446,226,226, 24
447,226,226, 24
448,226,226, 24
449,226,226, 24
450,226,226, 24
451,226,226, 24
452,226,226, 24
453,226,226, 24
454,226,226, 24
455,226,226, 24
456,226,226, 24
457,226,226, 24
458,226,226, 24
459,226,226, 24
460,226,226, 24
461,225,225, 25
462,225,225, 25
463,225,225, 25
464,225,225, 25
465,225,225, 25
466,225,225, 25
467,225,225, 25
468,225,225, 25
469,225,225, 25
470,225,225, 25
471,225,225, 25
472,225,225, 25
473,225,225, 25
474,225,225, 25
475,225,225, 25
476,225,225, 25
477,225,225, 25
478,225,225, 25
479,224,224, 26
480,223,223, 27
481,223,223, 27
482,223,223, 27
483,223,223, 27
484,223,223, 27
485,223,223, 27
486,223,223, 27
487,223,223, 27
488,223,223, 27
489,223,223, 27
490,223,223, 27
491,223,223, 27
492,223,223, 27
493,223,223, 27
494,223,223, 27
495,223,223, 27
496,223,223, 27
497,223,223, 27
498,223,223, 27
499,223,223, 27
500,223,223, 27
501,223,223, 27
502,223,223, 27
503,223,223, 27
504,222,222, 28
505,222,222, 28
506,222,222, 28
507,222,222, 28
508,222,222, 28
509,222,222, 28
510,222,222, 28
511,222,222, 28
512,222,222, 28
513,222,222, 28
514,222,222, 28
515,222,222, 28
516,222,222, 28
517,222,222, 28
518,222,222, 28
519,222,222, 28
520,222,222, 28
521,222,222, 28
522,222,222, 28
523,222,222, 28
524,222,222, 28
525,222,222, 28
526,222,222, 28
527,222,222, 28
528,222,222, 28
529,222,222, 28
530,222,222, 28
531,222,222, 28
532,221,221, 29
533,221,221, 29
534,221,221, 29
535,221,221, 29
536,221,221, 29
537,221,221, 29
538,221,221, 29
539,221,221, 29
540,221,221, 29
541,221,221, 29
542,221,221, 29
543,221,221, 29
544,221,221, 29
545,221,221, 29
546,221,221, 29
547,221,221, 29
548,221,221, 29
549,221,221, 29
550,221,221, 29
551,221,221, 29
552,221,221, 29
553,221,221, 29
554,221,221, 29
555,221,221, 29
556,221,221, 29
557,221,221, 29
558,221,221, 29
559,221,221, 29
560,221,221, 29
561,221,221, 29
562,221,221, 29
563,221,221, 29
564,221,221, 29
565,221,221, 29
566,221,221, 29
567,221,221, 29
568,221,221, 29
569,221,221, 29
570,221,221, 29
571,221,221, 29
572,221,221, 29
573,221,221, 29
574,221,221, 29
575,221,221, 29
576,221,221, 29
577,221,221, 29
578,221,221, 29
579,221,221, 29
580,221,221, 29
581,221,221, 29
582,221,221, 29
583,221,221, 29
584,221,221, 29
585,221,221, 29
586,221,221, 29
587,221,221, 29
588,221,221, 29
589,221,221, 29
590,221,221, 29
591,221,221, 29
592,221,221, 29
593,221,221, 29
594,221,221, 29
595,221,221, 29
596,221,221, 29
597,221,221, 29
598,221,221, 29
599,221,221, 29
600,221,221, 29
601,221,221, 29
602,221,221, 29
603,221,221, 29
604,221,221, 29
605,221,221, 29
606,221,221, 29
607,221,221, 29
608,221,221, 29
609,221,221, 29
610,221,221, 29
611,221,221, 29
612,221,221, 29
613,221,221, 29
614,221,221, 29
615,221,221, 29
616,221,221, 29
617,221,221, 29
618,221,221, 29
619,221,221, 29
620,221,221, 29
621,220,220, 30
622,219,219, 31
623,219,219, 31
624,219,219, 31
625,219,219, 31
626,219,219, 31
627,219,219, 31
628,219,219, 31
629,219,219, 31
630,219,219, 31
631,219,219, 31
632,219,219, 31
633,219,219, 31
634,219,219, 31
635,219,219, 31
636,219,219, 31
637,219,219, 31
638,219,219, 31
639,219,219, 31
640,219,219, 31
641,219,219, 31
642,219,219, 31
643,219,219, 31
644,219,219, 31
645,219,219, 31
646,219,219, 31
647,219,219, 31
648,219,219, 31
649,219,219, 31
650,219,219, 31
651,219,219, 31
652,219,219, 31
653,219,219, 31
654,218,218, 32
655,218,218, 32
656,218,218, 32
657,218,218, 32
658,218,218, 32
659,218,218, 32
660,218,218, 32
661,218,218, 32
662,218,218, 32
663,218,218, 32
664,218,218, 32
665,218,218, 32
666,218,218, 32
667,218,218, 32
668,218,218, 32
669,218,218, 32
670,218,218, 32
671,218,218, 32
672,218,218, 32
673,218,218, 32
674,218,218, 32
675,218,218, 32
676,218,218, 32
677,218,218, 32
678,218,218, 32
679,218,218, 32
680,218,218, 32
681,218,218, 32
682,218,218, 32
683,218,218, 32
684,218,218, 32
685,218,218, 32
686,218,218, 32
687,218,218, 32
688,218,218, 32
689,218,218, 32
690,218,218, 32
691,218,218, 32
692,218,218, 32
693,218,218, 32
694,218,218, 32
695,218,218, 32
696,218,218, 32
697,218,218, 32
698,218,218, 32
699,218,218, 32
700,218,218, 32
701,218,218, 32
702,218,218, 32
703,218,218, 32
704,218,218, 32
705,218,218, 32
706,218,218, 32
707,218,218, 32
708,218,218, 32
709,218,218, 32
710,218,218, 32
711,218,218, 32
712,218,218, 32
713,218,218, 32
714,218,218, 32
715,218,218, 32
716,218,218, 32
717,218,218, 32
718,218,218, 32
719,218,218, 32
720,218,218, 32
721,218,218, 32
722,218,218, 32
723,218,218, 32
724,218,218, 32
725,218,218, 32
726,218,218, 32
727,218,218, 32
728,218,218, 32
729,217,217, 33
730,217,217, 33
731,217,217, 33
732,217,217, 33
733,217,217, 33
734,217,217, 33
735,217,217, 33
736,217,217, 33
737,217,217, 33
738,217,217, 33
739,217,217, 33
740,217,217, 33
741,217,217, 33
742,217,217, 33
743,217,217, 33
744,217,217, 33
745,215,215, 35
746,215,215, 35
747,215,215, 35
748,215,215, 35
749,215,215, 35
750,215,215, 35
751,215,215, 35
752,215,215, 35
753,215,215, 35
754,215,215, 35
755,215,215, 35
756,215,215, 35
757,215,215, 35
758,215,215, 35
759,215,215, 35
760,215,215, 35
761,215,215, 35
762,215,215, 35
763,215,215, 35
764,215,215, 35
765,215,215, 35
766,215,215, 35
767,215,215, 35
768,215,215, 35
769,215,215, 35
770,215,215, 35
771,215,215, 35
772,215,215, 35
773,215,215, 35
774,215,215, 35
775,215,215, 35
776,215,215, 35
777,215,215, 35
778,215,215, 35
779,215,215, 35
780,215,215, 35
781,215,215, 35
782,215,215, 35
783,215,215, 35
784,215,215, 35
785,214,214, 36
786,214,214, 36
787,214,214, 36
788,214,214, 36
789,214,214, 36
790,214,214, 36
791,214,214, 36
792,214,214, 36
793,214,214, 36
794,214,214, 36
795,214,214, 36
796,214,214, 36
797,214,214, 36
798,214,214, 36
799,214,214, 36
800,214,214, 36
801,214,214, 36
802,214,214, 36
803,214,214, 36
804,214,214, 36
805,214,214, 36
806,213,213, 37
807,213,213, 37
808,213,213, 37
809,213,213, 37
810,213,213, 37
811,213,213, 37
812,213,213, 37
813,213,213, 37
814,213,213, 37
815,213,213, 37
816,213,213, 37
817,213,213, 37
818,213,213, 37
819,213,213, 37
820,213,213, 37
821,213,213, 37
822,213,213, 37
823,213,213, 37
824,213,213, 37
825,213,213, 37
826,213,213, 37
827,213,213, 37
828,213,213, 37
829,213,213, 37
830,213,213, 37
831,213,213, 37
832,213,213, 37
833,213,213, 37
834,213,213, 37
835,213,213, 37
836,213,213, 37
837,213,213, 37
838,213,213, 37
839,213,213, 37
840,213,213, 37
841,213,213, 37
842,213,213, 37
843,213,213, 37
844,213,213, 37
845,213,213, 37
846,213,213, 37
847,213,213, 37
848,213,213, 37
849,213,213, 37
850,213,213, 37
851,213,213, 37
852,213,213, 37
853,213,213, 37
854,213,213, 37
855,213,213, 37
856,213,213, 37
857,213,213, 37
858,213,213, 37
859,213,213, 37
860,213,213, 37
861,213,213, 37
862,213,213, 37
863,213,213, 37
864,213,213, 37
865,213,213, 37
866,213,213, 37
867,213,213, 37
868,213,213, 37
869,213,213, 37
870,213,213, 37
871,213,213, 37
872,213,213, 37
873,213,213, 37
874,213,213, 37
875,213,213, 37
876,213,213, 37
877,213,213, 37
878,213,213, 37
879,213,213, 37
880,212,212, 38
881,212,212, 38
882,212,212, 38
883,212,212, 38
884,212,212, 38
885,212,212, 38
886,212,212, 38
887,212,212, 38
888,212,212, 38
889,212,212, 38
890,212,212, 38
891,212,212, 38
892,212,212, 38
893,212,212, 38
894,212,212, 38
895,212,212, 38
896,212,212, 38
897,212,212, 38
898,212,212, 38
899,212,212, 38
900,212,212, 38
901,212,212, 38
902,212,212, 38
903,212,212, 38
904,212,212, 38
905,212,212, 38
906,212,212, 38
907,212,212, 38
908,212,212, 38
909,212,212, 38
910,212,212, 38
911,212,212, 38
912,212,212, 38
913,212,212, 38
914,212,212, 38
915,212,212, 38
916,212,212, 38
917,212,212, 38
918,212,212, 38
919,212,212, 38
920,212,212, 38
921,212,212, 38
922,212,212, 38
923,212,212, 38
924,212,212, 38
925,212,212, 38
926,212,212, 38
927,212,212, 38
928,212,212, 38
929,212,212, 38
930,212,212, 38
931,212,212, 38
932,212,212, 38
933,212,212, 38
934,212,212, 38
935,212,212, 38
936,212,212, 38
937,212,212, 38
938,211,211, 39
939,210,210, 40
940,210,210, 40
941,210,210, 40
942,210,210, 40
943,210,210, 40
944,210,210, 40
945,210,210, 40
946,210,210, 40
947,210,210, 40
948,210,210, 40
949,210,210, 40
950,210,210, 40
951,210,210, 40
952,209,209, 41
953,209,209, 41
954,209,209, 41
955,209,209, 41
956,209,209, 41
957,209,209, 41
958,209,209, 41
959,209,209, 41
960,209,209, 41
961,209,209, 41
962,209,209, 41
963,209,209, 41
964,209,209, 41
965,209,209, 41
966,209,209, 41
967,209,209, 41
968,209,209, 41
969,209,209, 41
970,209,209, 41
971,209,209, 41
972,209,209, 41
973,209,209, 41
974,209,209, 41
975,209,209, 41
976,209,209, 41
977,209,209, 41
978,209,209, 41
979,209,209, 41
980,209,209, 41
981,209,209, 41
982,209,209, 41
983,209,209, 41
984,209,209, 41
985,209,209, 41
986,209,209, 41
987,209,209, 41
988,209,209, 41
989,209,209, 41
990,209,209, 41
991,209,209, 41
992,209,209, 41
993,209,209, 41
994,209,209, 41
995,209,209, 41
996,209,209, 41
997,209,209, 41
998,209,209, 41
999,209,209, 41
1000,209,209, 41
1001,208,208, 42
1002,208,208, 42
1003,208,208, 42
1004,208,208, 42
1005,208,208, 42
1006,208,208, 42
1007,208,208, 42
1008,208,208, 42
1009,208,208, 42
1010,208,208, 42
1011,208,208, 42
1012,208,208, 42
1013,208,208, 42
1014,208,208, 42
1015,208,208, 42
1016,208,208, 42
1017,208,208, 42
1018,208,208, 42
1019,208,208, 42
1020,208,208, 42
1021,208,208, 42
1022,208,208, 42
1023,208,208, 42
1024,208,208, 42
1025,208,208, 42
1026,208,208, 42
1027,208,208, 42
1028,208,208, 42
1029,208,208, 42
1030,208,208, 42
1031,208,208, 42
1032,208,208, 42
1033,208,208, 42
1034,208,208, 42
1035,208,208, 42
1036,208,208, 42
1037,208,208, 42
1038,208,208, 42
1039,208,208, 42
1040,208,208, 42
1041,208,208, 42
1042,208,208, 42
1043,208,208, 42
1044,208,208, 42
1045,208,208, 42
1046,208,208, 42
1047,208,208, 42
1048,208,208, 42
1049,208,208, 42
1050,208,208, 42
1051,208,208, 42
1052,208,208, 42
1053,208,208, 42
1054,208,208, 42
1055,208,208, 42
1056,208,208, 42
1057,207,207, 43
1058,207,207, 43
1059,207,207, 43
1060,207,207, 43
1061,207,207, 43
1062,207,207, 43
1063,207,207, 43
1064,207,207, 43
1065,207,207, 43
1066,207,207, 43
1067,207,207, 43
1068,207,207, 43
1069,207,207, 43
1070,206,206, 44
1071,206,206, 44
1072,206,206, 44
1073,206,206, 44
1074,205,205, 45
1075,205,205, 45
1076,205,205, 45
1077,205,205, 45
1078,205,205, 45
1079,205,205, 45
1080,205,205, 45
1081,205,205, 45
1082,205,205, 45
1083,205,205, 45
1084,205,205, 45
1085,205,205, 45
1086,205,205, 45
1087,205,205, 45
1088,205,205, 45
1089,205,205, 45
1090,205,205, 45
1091,205,205, 45
1092,205,205, 45
1093,205,205, 45
1094,205,205, 45
1095,205,205, 45
1096,205,205, 45
1097,205,205, 45
1098,205,205, 45
1099,205,205, 45
1100,205,205, 45
1101,205,205, 45
1102,205,205, 45
1103,205,205, 45
1104,205,205, 45
1105,205,205, 45
1106,205,205, 45
1107,205,205, 45
1108,205,205, 45
1109,205,205, 45
1110,205,205, 45
1111,205,205, 45
1112,205,205, 45
1113,205,205, 45
1114,205,205, 45
1115,205,205, 45
1116,205,205, 45
1117,205,205, 45
1118,205,205, 45
1119,205,205, 45
1120,205,205, 45
1121,205,205, 45
1122,205,205, 45
1123,205,205, 45
1124,205,205, 45
1125,205,205, 45
1126,205,205, 45
1127,205,205, 45
1128,205,205, 45
1129,205,205, 45
1130,205,205, 45
1131,205,205, 45
1132,205,205, 45
1133,205,205, 45
1134,205,205, 45
1135,205,205, 45
1136,205,205, 45
1137,205,205, 45
1138,205,205, 45
1139,205,205, 45
1140,205,205, 45
1141,205,205, 45
1142,205,205, 45
1143,205,205, 45
1144,205,205, 45
1145,205,205, 45
1146,205,205, 45
1147,205,205, 45
1148,205,205, 45
1149,205,205, 45
1150,205,205, 45
1151,205,205, 45
1152,205,205, 45
1153,205,205, 45
1154,205,205, 45
1155,205,205, 45
1156,205,205, 45
1157,205,205, 45
1158,205,205, 45
1159,205,205, 45
1160,205,205, 45
1161,205,205, 45
1162,205,205, 45
1163,205,205, 45
1164,205,205, 45
1165,205,205, 45
1166,205,205, 45
1167,205,205, 45
1168,205,205, 45
1169,205,205, 45
1170,205,205, 45
1171,205,205, 45
1172,205,205, 45
1173,205,205, 45
1174,205,205, 45
1175,205,205, 45
1176,205,205, 45
1177,205,205, 45
1178,205,205, 45
1179,205,205, 45
1180,205,205, 45
1181,205,205, 45
1182,205,205, 45
1183,205,205, 45
1184,205,205, 45
1185,204,204, 46
1186,203,203, 47
1187,203,203, 47
1188,203,203, 47
1189,203,203, 47
1190,203,203, 47
1191,203,203, 47
1192,203,203, 47
1193,203,203, 47
1194,203,203, 47
1195,203,203, 47
1196,203,203, 47
1197,203,203, 47
1198,203,203, 47
1199,203,203, 47
1200,203,203, 47
1201,203,203, 47
1202,203,203, 47
1203,203,203, 47
1204,203,203, 47
1205,203,203, 47
1206,203,203, 47
1207,203,203, 47
1208,203,203, 47
1209,203,203, 47
1210,203,203, 47
1211,203,203, 47
1212,203,203, 47
1213,203,203, 47
1214,203,203, 47
1215,203,203, 47
1216,203,203, 47
1217,202,202, 48
1218,202,202, 48
1219,202,202, 48
1220,201,201, 49
1221,201,201, 49
1222,201,201, 49
1223,201,201, 49
1224,201,201, 49
1225,201,201, 49
1226,201,201, 49
1227,201,201, 49
1228,201,201, 49
1229,201,201, 49
1230,201,201, 49
1231,201,201, 49
1232,201,201, 49
1233,201,201, 49
1234,200,200, 50
1235,199,199, 51
1236,199,199, 51
1237,199,199, 51
1238,199,199, 51
1239,199,199, 51
1240,199,199, 51
1241,199,199, 51
1242,199,199, 51
1243,199,199, 51
1244,199,199, 51
1245,199,199, 51
1246,199,199, 51
1247,199,199, 51
1248,199,199, 51
1249,199,199, 51
1250,199,199, 51
1251,199,199, 51
1252,199,199, 51
1253,199,199, 51
1254,199,199, 51
1255,199,199, 51
1256,199,199, 51
1257,199,199, 51
1258,199,199, 51
1259,199,199, 51
1260,199,199, 51
1261,199,199, 51
1262,199,199, 51
1263,199,199, 51
1264,199,199, 51
1265,199,199, 51
1266,199,199, 51
1267,199,199, 51
1268,199,199, 51
1269,199,199, 51
1270,199,199, 51
1271,199,199, 51
1272,199,199, 51
1273,199,199, 51
1274,199,199, 51
1275,199,199, 51
1276,199,199, 51
1277,199,199, 51
1278,199,199, 51
1279,199,199, 51
1280,197,197, 53
1281,197,197, 53
1282,197,197, 53
1283,197,197, 53
1284,197,197, 53
1285,197,197, 53
1286,197,197, 53
1287,197,197, 53
1288,197,197, 53
1289,197,197, 53
1290,197,197, 53
1291,197,197, 53
1292,197,197, 53
1293,197,197, 53
1294,197,197, 53
1295,197,197, 53
1296,197,197, 53
1297,197,197, 53
1298,197,197, 53
1299,197,197, 53
1300,197,197, 53
1301,197,197, 53
1302,197,197, 53
1303,197,197, 53
1304,197,197, 53
1305,197,197, 53
1306,197,197, 53
1307,197,197, 53
1308,197,197, 53
1309,197,197, 53
1310,196,196, 54
1311,195,195, 55
1312,195,195, 55
1313,195,195, 55
1314,195,195, 55
1315,195,195, 55
1316,195,195, 55
1317,195,195, 55
1318,195,195, 55
1319,195,195, 55
1320,195,195, 55
1321,195,195, 55
1322,195,195, 55
1323,195,195, 55
1324,195,195, 55
1325,195,195, 55
1326,195,195, 55
1327,195,195, 55
1328,195,195, 55
1329,193,193, 57
1330,193,193, 57
1331,193,193, 57
1332,193,193, 57
1333,193,193, 57
1334,193,193, 57
1335,193,193, 57
1336,193,193, 57
1337,193,193, 57
1338,193,193, 57
1339,193,193, 57
1340,193,193, 57
1341,193,193, 57
1342,193,193, 57
1343,193,193, 57
1344,193,193, 57
1345,193,193, 57
1346,193,193, 57
1347,193,193, 57
1348,193,193, 57
1349,193,193, 57
1350,193,193, 57
1351,193,193, 57
1352,193,193, 57
1353,193,193, 57
1354,193,193, 57
1355,193,193, 57
1356,193,193, 57
1357,192,192, 58
1358,192,192, 58
1359,192,192, 58
1360,192,192, 58
1361,192,192, 58
1362,192,192, 58
1363,192,192, 58
1364,192,192, 58
1365,190,190, 60
1366,190,190, 60
1367,190,190, 60
1368,190,190, 60
1369,190,190, 60
1370,190,190, 60
1371,190,190, 60
1372,190,190, 60
1373,190,190, 60
1374,190,190, 60
1375,190,190, 60
1376,190,190, 60
1377,190,190, 60
1378,190,190, 60
1379,190,190, 60
1380,190,190, 60
1381,190,190, 60
1382,190,190, 60
1383,190,190, 60
1384,190,190, 60
1385,190,190, 60
1386,190,190, 60
1387,190,190, 60
1388,190,190, 60
1389,190,190, 60
1390,190,190, 60
1391,190,190, 60
1392,190,190, 60
1393,190,190, 60
1394,190,190, 60
1395,190,190, 60
1396,190,190, 60
1397,190,190, 60
1398,190,190, 60
1399,190,190, 60
1400,190,190, 60
1401,190,190, 60
1402,190,190, 60
1403,190,190, 60
1404,190,190, 60
1405,190,190, 60
1406,190,190, 60
1407,190,190, 60
1408,190,190, 60
1409,190,190, 60
1410,190,190, 60
1411,190,190, 60
1412,190,190, 60
1413,190,190, 60
1414,190,190, 60
1415,190,190, 60
1416,190,190, 60
1417,190,190, 60
1418,190,190, 60
1419,190,190, 60
1420,190,190, 60
1421,190,190, 60
1422,190,190, 60
1423,190,190, 60
1424,190,190, 60
1425,190,190, 60
1426,190,190, 60
1427,190,190, 60
1428,190,190, 60
1429,190,190, 60
1430,190,190, 60
1431,190,190, 60
1432,190,190, 60
1433,190,190, 60
1434,190,190, 60
1435,190,190, 60
1436,190,190, 60
1437,190,190, 60
1438,190,190, 60
1439,190,190, 60
1440,190,190, 60
1441,190,190, 60
1442,190,190, 60
1443,190,190, 60
1444,190,190, 60
1445,190,190, 60
1446,190,190, 60
1447,190,190, 60
1448,190,190, 60
1449,190,190, 60
1450,190,190, 60
1451,190,190, 60
1452,190,190, 60
1453,190,190, 60
1454,190,190, 60
1455,190,190, 60
1456,190,190, 60
1457,190,190, 60
1458,190,190, 60
1459,190,190, 60
1460,190,190, 60
1461,190,190, 60
1462,190,190, 60
1463,190,190, 60
1464,190,190, 60
1465,190,190, 60
1466,190,190, 60
1467,190,190, 60
1468,190,190, 60
1469,190,190, 60
1470,190,190, 60
1471,190,190, 60
1472,190,190, 60
1473,190,190, 60
1474,190,190, 60
1475,190,190, 60
1476,190,190, 60
1477,190,190, 60
1478,190,190, 60
1479,190,190, 60
1480,190,190, 60
1481,190,190, 60
1482,190,190, 60
1483,190,190, 60
1484,190,190, 60
1485,190,190, 60
1486,190,190, 60
1487,190,190, 60
1488,190,190, 60
1489,190,190, 60
1490,190,190, 60
1491,190,190, 60
1492,190,190, 60
1493,190,190, 60
1494,190,190, 60
1495,190,190, 60
1496,190,190, 60
1497,190,190, 60
1498,190,190, 60
1499,190,190, 60
