0,250,250, 0
1,250,250, 0
2,250,250, 0
3,250,250, 0
4,250,250, 0
5,249,249, 1
6,249,249, 1
7,249,249, 1
8,249,249, 1
9,249,249, 1
10,249,249, 1
11,249,249, 1
12,249,249, 1
13,249,249, 1
14,249,249, 1
15,249,249, 1
16,249,249, 1
17,249,249, 1
18,249,249, 1
19,249,249, 1
20,249,249, 1
21,249,249, 1
22,249,249, 1
23,249,249, 1
24,249,249, 1
25,249,249, 1
26,249,249, 1
27,249,249, 1
28,249,249, 1
29,249,249, 1
30,249,249, 1
31,249,249, 1
32,249,249, 1
33,249,249, 1
34,248,248, 2
35,248,248, 2
36,247,247, 3
37,247,247, 3
38,247,247, 3
39,247,247, 3
40,247,247, 3
41,247,247, 3
42,247,247, 3
43,247,247, 3
44,246,246, 4
45,246,246, 4
46,246,246, 4
47,246,246, 4
48,246,246, 4
49,246,246, 4
50,246,246, 4
51,246,246, 4
52,246,246, 4
53,246,246, 4
54,246,246, 4
55,246,246, 4
56,246,246, 4
57,246,246, 4
58,246,246, 4
59,245,245, 5
60,245,245, 5
61,245,245, 5
62,245,245, 5
63,245,245, 5
64,245,245, 5
65,245,245, 5
66,244,244, 6
67,244,244, 6
68,244,244, 6
69,244,244, 6
70,243,243, 7
71,243,243, 7
72,243,243, 7
73,243,243, 7
74,243,243, 7
75,242,242, 8
76,241,241, 9
77,241,241, 9
78,241,241, 9
79,241,241, 9
80,241,241, 9
81,241,241, 9
82,241,241, 9
83,241,241, 9
84,241,241, 9
85,241,241, 9
86,241,241, 9
87,241,241, 9
88,241,241, 9
89,241,241, 9
90,241,241, 9
91,240,240, 10
92,240,240, 10
93,240,240, 10
94,240,240, 10
95,240,240, 10
96,240,240, 10
97,240,240, 10
98,240,240, 10
99,240,240, 10
100,240,240, 10
101,240,240, 10
102,239,239, 11
103,239,239, 11
104,239,239, 11
105,239,239, 11
106,239,239, 11
107,239,239, 11
108,239,239, 11
109,239,239, 11
110,239,239, 11
111,239,239, 11
112,239,239, 11
113,239,239, 11
114,239,239, 11
115,239,239, 11
116,239,239, 11
117,239,239, 11
118,239,239, 11
119,239,239, 11
120,239,239, 11
121,239,239, 11
122,239,239, 11
123,239,239, 11
124,239,239, 11
125,239,239, 11
126,239,239, 11
127,239,239, 11
128,239,239, 11
129,239,239, 11
130,239,239, 11
131,239,239, 11
132,239,239, 11
133,239,239, 11
134,239,239, 11
135,239,239, 11
136,239,239, 11
137,239,239, 11
138,239,239, 11
139,239,239, 11
140,239,239, 11
141,239,239, 11
142,238,238, 12
143,238,238, 12
144,238,238, 12
145,238,238, 12
146,238,238, 12
147,238,238, 12
148,238,238, 12
149,238,238, 12
150,238,238, 12
151,238,238, 12
152,238,238, 12
153,238,238, 12
154,238,238, 12
155,238,238, 12
156,238,238, 12
157,238,238, 12
158,238,238, 12
159,238,238, 12
160,238,238, 12
161,238,238, 12
162,238,238, 12
163,238,238, 12
164,238,238, 12
165,238,238, 12
166,238,238, 12
167,238,238, 12
168,238,238, 12
169,238,238, 12
170,238,238, 12
171,238,238, 12
172,238,238, 12
173,237,237, 13
174,237,237, 13
175,237,237, 13
176,237,237, 13
177,237,237, 13
178,237,237, 13
179,237,237, 13
180,237,237, 13
181,237,237, 13
182,237,237, 13
183,237,237, 13
184,237,237, 13
185,237,237, 13
186,236,236, 14
187,236,236, 14
188,235,235, 15
189,234,234, 16
190,234,234, 16
191,232,232, 18
192,232,232, 18
193,232,232, 18
194,232,232, 18
195,232,232, 18
196,232,232, 18
197,232,232, 18
198,232,232, 18
199,232,232, 18
200,232,232, 18
201,232,232, 18
202,232,232, 18
203,232,232, 18
204,232,232, 18
205,232,232, 18
206,232,232, 18
207,232,232, 18
208,232,232, 18
209,232,232, 18
210,232,232, 18
211,232,232, 18
212,232,232, 18
213,232,232, 18
214,232,232, 18
215,232,232, 18
216,231,231, 19
217,231,231, 19
218,231,231, 19
219,231,231, 19
220,231,231, 19
221,231,231, 19
222,231,231, 19
223,231,231, 19
224,231,231, 19
225,231,231, 19
226,231,231, 19
227,231,231, 19
228,231,231, 19
229,231,231, 19
230,231,231, 19
231,231,231, 19
232,231,231, 19
233,231,231, 19
234,231,231, 19
235,231,231, 19
236,231,231, 19
237,231,231, 19
238,231,231, 19
239,231,231, 19
240,231,231, 19
241,231,231, 19
242,231,231, 19
243,231,231, 19
244,231,231, 19
245,231,231, 19
246,231,231, 19
247,231,231, 19
248,231,231, 19
249,231,231, 19
250,231,231, 19
251,231,231, 19
252,231,231, 19
253,231,231, 19
254,231,231, 19
255,231,231, 19
256,231,231, 19
257,231,231, 19
258,231,231, 19
259,231,231, 19
260,231,231, 19
261,231,231, 19
262,231,231, 19
263,231,231, 19
264,231,231, 19
265,231,231, 19
266,231,231, 19
267,231,231, 19
268,231,231, 19
269,231,231, 19
270,231,231, 19
271,231,231, 19
272,231,231, 19
273,231,231, 19
274,231,231, 19
275,231,231, 19
276,231,231, 19
277,231,231, 19
278,231,231, 19
279,231,231, 19
280,231,231, 19
281,231,231, 19
282,231,231, 19
283,231,231, 19
284,231,231, 19
285,231,231, 19
286,231,231, 19
287,231,231, 19
288,231,231, 19
289,231,231, 19
290,231,231, 19
291,230,230, 20
292,230,230, 20
293,230,230, 20
294,230,230, 20
295,230,230, 20
296,230,230, 20
297,230,230, 20
298,230,230, 20
299,230,230, 20
300,230,230, 20
301,230,230, 20
302,230,230, 20
303,230,230, 20
304,230,230, 20
305,230,230, 20
306,230,230, 20
307,230,230, 20
308,230,230, 20
309,230,230, 20
310,230,230, 20
311,230,230, 20
312,230,230, 20
313,230,230, 20
314,230,230, 20
315,230,230, 20
316,230,230, 20
317,230,230, 20
318,230,230, 20
319,230,230, 20
320,230,230, 20
321,230,230, 20
322,230,230, 20
323,230,230, 20
324,230,230, 20
325,230,230, 20
326,230,230, 20
327,230,230, 20
328,230,230, 20
329,230,230, 20
330,230,230, 20
331,230,230, 20
332,230,230, 20
333,230,230, 20
334,230,230, 20
335,230,230, 20
336,230,230, 20
337,230,230, 20
338,230,230, 20
339,230,230, 20
340,230,230, 20
341,230,230, 20
342,230,230, 20
343,230,230, 20
344,230,230, 20
345,230,230, 20
346,230,230, 20
347,230,230, 20
348,230,230, 20
349,230,230, 20
350,230,230, 20
351,230,230, 20
352,230,230, 20
353,230,230, 20
354,230,230, 20
355,230,230, 20
356,230,230, 20
357,230,230, 20
358,229,229, 21
359,229,229, 21
360,229,229, 21
361,229,229, 21
362,229,229, 21
363,229,229, 21
364,229,229, 21
365,229,229, 21
366,229,229, 21
367,229,229, 21
368,229,229, 21
369,229,229, 21
370,229,229, 21
371,229,229, 21
372,229,229, 21
373,229,229, 21
374,229,229, 21
375,228,228, 22
376,228,228, 22
377,228,228, 22
378,228,228, 22
379,228,228, 22
380,228,228, 22
381,228,228, 22
382,228,228, 22
383,228,228, 22
384,228,228, 22
385,228,228, 22
386,228,228, 22
387,228,228, 22
388,228,228, 22
389,228,228, 22
390,228,228, 22
391,228,228, 22
392,228,228, 22
393,228,228, 22
394,228,228, 22
395,228,228, 22
396,228,228, 22
397,228,228, 22
398,228,228, 22
399,228,228, 22
400,228,228, 22
401,228,228, 22
402,228,228, 22
403,228,228, 22
404,228,228, 22
405,228,228, 22
406,228,228, 22
407,228,228, 22
408,228,228, 22
409,228,228, 22
410,228,228, 22
411,228,228, 22
412,228,228, 22
413,227,227, 23
414,227,227, 23
415,227,227, 23
416,227,227, 23
417,227,227, 23
418,227,227, 23
419,227,227, 23
420,227,227, 23
421,227,227, 23
422,227,227, 23
423,227,227, 23
424,227,227, 23
425,227,227, 23
426,227,227, 23
427,227,227, 23
428,227,227, 23
429,227,227, 23
430,227,227, 23
431,227,227, 23
432,227,227, 23
433,227,227, 23
434,227,227, 23
435,227,227, 23
436,227,227, 23
437,227,227, 23
438,227,227, 23
439,227,227, 23
440,227,227, 23
441,227,227, 23
442,227,227, 23
443,227,227, 23
444,227,227, 23
445,227,227, 23
446,227,227, 23
447,227,227, 23
448,227,227, 23
449,227,227, 23
450,227,227, 23
451,227,227, 23
452,227,227, 23
453,227,227, 23
454,227,227, 23
455,227,227, 23
456,227,227, 23
457,227,227, 23
458,227,227, 23
459,227,227, 23
460,227,227, 23
461,227,227, 23
462,227,227, 23
463,227,227, 23
464,227,227, 23
465,227,227, 23
466,227,227, 23
467,227,227, 23
468,227,227, 23
469,227,227, 23
470,227,227, 23
471,227,227, 23
472,227,227, 23
473,227,227, 23
474,227,227, 23
475,227,227, 23
476,227,227, 23
477,227,227, 23
478,227,227, 23
479,227,227, 23
480,227,227, 23
481,227,227, 23
482,227,227, 23
483,227,227, 23
484,227,227, 23
485,227,227, 23
486,226,226, 24
487,226,226, 24
488,226,226, 24
489,226,226, 24
490,226,226, 24
491,226,226, 24
492,226,226, 24
493,226,226, 24
494,226,226, 24
495,226,226, 24
496,226,226, 24
497,226,226, 24
498,226,226, 24
499,226,226, 24
500,226,226, 24
501,226,226, 24
502,226,226, 24
503,226,226, 24
504,226,226, 24
505,226,226, 24
506,226,226, 24
507,226,226, 24
508,226,226, 24
509,226,226, 24
510,226,226, 24
511,226,226, 24
512,226,226, 24
513,226,226, 24
514,226,226, 24
515,226,226, 24
516,226,226, 24
517,226,226, 24
518,226,226, 24
519,226,226, 24
520,226,226, 24
521,226,226, 24
522,226,226, 24
523,226,226, 24
524,226,226, 24
525,226,226, 24
526,226,226, 24
527,226,226, 24
528,226,226, 24
529,226,226, 24
530,226,226, 24
531,226,226, 24
532,226,226, 24
533,226,226, 24
534,226,226, 24
535,226,226, 24
536,226,226, 24
537,226,226, 24
538,226,226, 24
539,226,226, 24
540,226,226, 24
541,226,226, 24
542,226,226, 24
543,226,226, 24
544,226,226, 24
545,226,226, 24
546,226,226, 24
547,226,226, 24
548,226,226, 24
549,226,226, 24
550,225,225, 25
551,225,225, 25
552,225,225, 25
553,225,225, 25
554,225,225, 25
555,225,225, 25
556,225,225, 25
557,225,225, 25
558,225,225, 25
559,225,225, 25
560,225,225, 25
561,225,225, 25
562,225,225, 25
563,225,225, 25
564,225,225, 25
565,225,225, 25
566,225,225, 25
567,225,225, 25
568,225,225, 25
569,225,225, 25
570,225,225, 25
571,225,225, 25
572,225,225, 25
573,225,225, 25
574,225,225, 25
575,225,225, 25
576,225,225, 25
577,225,225, 25
578,225,225, 25
579,225,225, 25
580,225,225, 25
581,225,225, 25
582,225,225, 25
583,225,225, 25
584,225,225, 25
585,225,225, 25
586,225,225, 25
587,225,225, 25
588,225,225, 25
589,225,225, 25
590,225,225, 25
591,225,225, 25
592,225,225, 25
593,225,225, 25
594,225,225, 25
595,225,225, 25
596,225,225, 25
597,225,225, 25
598,225,225, 25
599,225,225, 25
600,225,225, 25
601,225,225, 25
602,225,225, 25
603,225,225, 25
604,225,225, 25
605,225,225, 25
606,225,225, 25
607,225,225, 25
608,225,225, 25
609,225,225, 25
610,225,225, 25
611,225,225, 25
612,225,225, 25
613,225,225, 25
614,225,225, 25
615,225,225, 25
616,225,225, 25
617,225,225, 25
618,225,225, 25
619,225,225, 25
620,225,225, 25
621,225,225, 25
622,225,225, 25
623,225,225, 25
624,225,225, 25
625,225,225, 25
626,225,225, 25
627,225,225, 25
628,225,225, 25
629,225,225, 25
630,225,225, 25
631,225,225, 25
632,225,225, 25
633,225,225, 25
634,225,225, 25
635,225,225, 25
636,225,225, 25
637,225,225, 25
638,225,225, 25
639,225,225, 25
640,225,225, 25
641,225,225, 25
642,225,225, 25
643,225,225, 25
644,225,225, 25
645,225,225, 25
646,225,225, 25
647,225,225, 25
648,225,225, 25
649,225,225, 25
650,225,225, 25
651,225,225, 25
652,225,225, 25
653,225,225, 25
654,225,225, 25
655,225,225, 25
656,225,225, 25
657,225,225, 25
658,225,225, 25
659,225,225, 25
660,225,225, 25
661,225,225, 25
662,225,225, 25
663,225,225, 25
664,225,225, 25
665,225,225, 25
666,225,225, 25
667,225,225, 25
668,225,225, 25
669,225,225, 25
670,225,225, 25
671,225,225, 25
672,225,225, 25
673,225,225, 25
674,225,225, 25
675,225,225, 25
676,225,225, 25
677,225,225, 25
678,225,225, 25
679,225,225, 25
680,225,225, 25
681,225,225, 25
682,225,225, 25
683,225,225, 25
684,225,225, 25
685,225,225, 25
686,225,225, 25
687,225,225, 25
688,225,225, 25
689,225,225, 25
690,225,225, 25
691,225,225, 25
692,225,225, 25
693,225,225, 25
694,225,225, 25
695,225,225, 25
696,225,225, 25
697,225,225, 25
698,225,225, 25
699,225,225, 25
700,225,225, 25
701,225,225, 25
702,225,225, 25
703,225,225, 25
704,225,225, 25
705,225,225, 25
706,225,225, 25
707,225,225, 25
708,225,225, 25
709,225,225, 25
710,225,225, 25
711,225,225, 25
712,225,225, 25
713,225,225, 25
714,225,225, 25
715,225,225, 25
716,225,225, 25
717,225,225, 25
718,225,225, 25
719,225,225, 25
720,225,225, 25
721,225,225, 25
722,225,225, 25
723,225,225, 25
724,225,225, 25
725,225,225, 25
726,225,225, 25
727,225,225, 25
728,225,225, 25
729,225,225, 25
730,225,225, 25
731,225,225, 25
732,224,224, 26
733,224,224, 26
734,224,224, 26
735,224,224, 26
736,224,224, 26
737,224,224, 26
738,224,224, 26
739,224,224, 26
740,224,224, 26
741,224,224, 26
742,224,224, 26
743,224,224, 26
744,224,224, 26
745,224,224, 26
746,224,224, 26
747,224,224, 26
748,224,224, 26
749,224,224, 26
750,224,224, 26
751,224,224, 26
752,224,224, 26
753,224,224, 26
754,224,224, 26
755,224,224, 26
756,224,224, 26
757,224,224, 26
758,224,224, 26
759,224,224, 26
760,224,224, 26
761,224,224, 26
762,224,224, 26
763,224,224, 26
764,224,224, 26
765,224,224, 26
766,224,224, 26
767,224,224, 26
768,224,224, 26
769,224,224, 26
770,224,224, 26
771,224,224, 26
772,223,223, 27
773,223,223, 27
774,223,223, 27
775,223,223, 27
776,223,223, 27
777,223,223, 27
778,223,223, 27
779,223,223, 27
780,223,223, 27
781,223,223, 27
782,223,223, 27
783,223,223, 27
784,223,223, 27
785,223,223, 27
786,223,223, 27
787,221,221, 29
788,221,221, 29
789,221,221, 29
790,221,221, 29
791,221,221, 29
792,221,221, 29
793,221,221, 29
794,221,221, 29
795,221,221, 29
796,221,221, 29
797,221,221, 29
798,221,221, 29
799,221,221, 29
800,221,221, 29
801,221,221, 29
802,221,221, 29
803,221,221, 29
804,221,221, 29
805,221,221, 29
806,221,221, 29
807,221,221, 29
808,221,221, 29
809,221,221, 29
810,221,221, 29
811,221,221, 29
812,221,221, 29
813,221,221, 29
814,221,221, 29
815,221,221, 29
816,221,221, 29
817,221,221, 29
818,221,221, 29
819,221,221, 29
820,221,221, 29
821,221,221, 29
822,221,221, 29
823,221,221, 29
824,221,221, 29
825,221,221, 29
826,221,221, 29
827,221,221, 29
828,221,221, 29
829,221,221, 29
830,221,221, 29
831,221,221, 29
832,221,221, 29
833,221,221, 29
834,221,221, 29
835,221,221, 29
836,221,221, 29
837,221,221, 29
838,221,221, 29
839,221,221, 29
840,221,221, 29
841,221,221, 29
842,221,221, 29
843,221,221, 29
844,221,221, 29
845,221,221, 29
846,221,221, 29
847,221,221, 29
848,221,221, 29
849,221,221, 29
850,221,221, 29
851,221,221, 29
852,221,221, 29
853,221,221, 29
854,221,221, 29
855,221,221, 29
856,221,221, 29
857,221,221, 29
858,221,221, 29
859,221,221, 29
860,221,221, 29
861,221,221, 29
862,221,221, 29
863,221,221, 29
864,221,221, 29
865,221,221, 29
866,221,221, 29
867,221,221, 29
868,221,221, 29
869,221,221, 29
870,221,221, 29
871,221,221, 29
872,221,221, 29
873,221,221, 29
874,221,221, 29
875,221,221, 29
876,221,221, 29
877,221,221, 29
878,221,221, 29
879,221,221, 29
880,221,221, 29
881,221,221, 29
882,221,221, 29
883,220,220, 30
884,220,220, 30
885,220,220, 30
886,220,220, 30
887,220,220, 30
888,220,220, 30
889,220,220, 30
890,220,220, 30
891,220,220, 30
892,220,220, 30
893,220,220, 30
894,220,220, 30
895,220,220, 30
896,220,220, 30
897,220,220, 30
898,220,220, 30
899,220,220, 30
900,220,220, 30
901,220,220, 30
902,220,220, 30
903,220,220, 30
904,220,220, 30
905,220,220, 30
906,220,220, 30
907,220,220, 30
908,220,220, 30
909,220,220, 30
910,220,220, 30
911,220,220, 30
912,220,220, 30
913,220,220, 30
914,220,220, 30
915,220,220, 30
916,220,220, 30
917,220,220, 30
918,220,220, 30
919,220,220, 30
920,220,220, 30
921,220,220, 30
922,220,220, 30
923,220,220, 30
924,220,220, 30
925,220,220, 30
926,220,220, 30
927,220,220, 30
928,220,220, 30
929,220,220, 30
930,220,220, 30
931,220,220, 30
932,220,220, 30
933,220,220, 30
934,220,220, 30
935,220,220, 30
936,220,220, 30
937,220,220, 30
938,220,220, 30
939,220,220, 30
940,220,220, 30
941,220,220, 30
942,220,220, 30
943,220,220, 30
944,220,220, 30
945,220,220, 30
946,220,220, 30
947,220,220, 30
948,220,220, 30
949,220,220, 30
950,220,220, 30
951,220,220, 30
952,220,220, 30
953,220,220, 30
954,220,220, 30
955,220,220, 30
956,220,220, 30
957,220,220, 30
958,220,220, 30
959,220,220, 30
960,220,220, 30
961,220,220, 30
962,220,220, 30
963,220,220, 30
964,220,220, 30
965,220,220, 30
966,220,220, 30
967,220,220, 30
968,220,220, 30
969,220,220, 30
970,220,220, 30
971,220,220, 30
972,220,220, 30
973,220,220, 30
974,220,220, 30
975,220,220, 30
976,220,220, 30
977,220,220, 30
978,220,220, 30
979,220,220, 30
980,220,220, 30
981,220,220, 30
982,220,220, 30
983,220,220, 30
984,220,220, 30
985,220,220, 30
986,220,220, 30
987,220,220, 30
988,220,220, 30
989,220,220, 30
990,220,220, 30
991,220,220, 30
992,220,220, 30
993,220,220, 30
994,220,220, 30
995,220,220, 30
996,220,220, 30
997,220,220, 30
998,220,220, 30
999,220,220, 30
1000,220,220, 30
1001,220,220, 30
1002,220,220, 30
1003,220,220, 30
1004,220,220, 30
1005,220,220, 30
1006,220,220, 30
1007,220,220, 30
1008,220,220, 30
1009,220,220, 30
1010,220,220, 30
1011,220,220, 30
1012,220,220, 30
1013,220,220, 30
1014,220,220, 30
1015,220,220, 30
1016,220,220, 30
1017,220,220, 30
1018,220,220, 30
1019,220,220, 30
1020,220,220, 30
1021,220,220, 30
1022,220,220, 30
1023,220,220, 30
1024,220,220, 30
1025,220,220, 30
1026,220,220, 30
1027,220,220, 30
1028,220,220, 30
1029,220,220, 30
1030,220,220, 30
1031,220,220, 30
1032,220,220, 30
1033,220,220, 30
1034,220,220, 30
1035,220,220, 30
1036,220,220, 30
1037,220,220, 30
1038,220,220, 30
1039,220,220, 30
1040,220,220, 30
1041,220,220, 30
1042,220,220, 30
1043,220,220, 30
1044,220,220, 30
1045,220,220, 30
1046,220,220, 30
1047,220,220, 30
1048,220,220, 30
1049,220,220, 30
1050,220,220, 30
1051,220,220, 30
1052,220,220, 30
1053,220,220, 30
1054,220,220, 30
1055,220,220, 30
1056,220,220, 30
1057,220,220, 30
1058,220,220, 30
1059,220,220, 30
1060,220,220, 30
1061,220,220, 30
1062,219,219, 31
1063,219,219, 31
1064,219,219, 31
1065,219,219, 31
1066,219,219, 31
1067,219,219, 31
1068,219,219, 31
1069,219,219, 31
1070,219,219, 31
1071,219,219, 31
1072,219,219, 31
1073,219,219, 31
1074,219,219, 31
1075,219,219, 31
1076,219,219, 31
1077,219,219, 31
1078,219,219, 31
1079,219,219, 31
1080,219,219, 31
1081,219,219, 31
1082,219,219, 31
1083,219,219, 31
1084,219,219, 31
1085,219,219, 31
1086,219,219, 31
1087,219,219, 31
1088,219,219, 31
1089,219,219, 31
1090,219,219, 31
1091,219,219, 31
1092,219,219, 31
1093,219,219, 31
1094,219,219, 31
1095,219,219, 31
1096,219,219, 31
1097,219,219, 31
1098,219,219, 31
1099,219,219, 31
1100,219,219, 31
1101,219,219, 31
1102,219,219, 31
1103,219,219, 31
1104,219,219, 31
1105,219,219, 31
1106,219,219, 31
1107,219,219, 31
1108,219,219, 31
1109,219,219, 31
1110,219,219, 31
1111,219,219, 31
1112,219,219, 31
1113,219,219, 31
1114,219,219, 31
1115,219,219, 31
1116,219,219, 31
1117,219,219, 31
1118,219,219, 31
1119,219,219, 31
1120,219,219, 31
1121,219,219, 31
1122,219,219, 31
1123,219,219, 31
1124,219,219, 31
1125,219,219, 31
1126,219,219, 31
1127,219,219, 31
1128,219,219, 31
1129,219,219, 31
1130,219,219, 31
1131,219,219, 31
1132,219,219, 31
1133,219,219, 31
1134,219,219, 31
1135,219,219, 31
1136,219,219, 31
1137,219,219, 31
1138,219,219, 31
1139,219,219, 31
1140,219,219, 31
1141,219,219, 31
1142,219,219, 31
1143,219,219, 31
1144,219,219, 31
1145,219,219, 31
1146,219,219, 31
1147,219,219, 31
1148,219,219, 31
1149,219,219, 31
1150,219,219, 31
1151,219,219, 31
1152,219,219, 31
1153,219,219, 31
1154,219,219, 31
1155,219,219, 31
1156,219,219, 31
1157,219,219, 31
1158,219,219, 31
1159,219,219, 31
1160,219,219, 31
1161,219,219, 31
1162,219,219, 31
1163,219,219, 31
1164,219,219, 31
1165,219,219, 31
1166,219,219, 31
1167,219,219, 31
1168,219,219, 31
1169,219,219, 31
1170,219,219, 31
1171,219,219, 31
1172,219,219, 31
1173,219,219, 31
1174,219,219, 31
1175,219,219, 31
1176,219,219, 31
1177,219,219, 31
1178,219,219, 31
1179,219,219, 31
1180,219,219, 31
1181,219,219, 31
1182,219,219, 31
1183,219,219, 31
1184,219,219, 31
1185,219,219, 31
1186,219,219, 31
1187,219,219, 31
1188,219,219, 31
1189,219,219, 31
1190,219,219, 31
1191,219,219, 31
1192,219,219, 31
1193,219,219, 31
1194,219,219, 31
1195,219,219, 31
1196,219,219, 31
1197,219,219, 31
1198,219,219, 31
1199,219,219, 31
1200,219,219, 31
1201,219,219, 31
1202,219,219, 31
1203,219,219, 31
1204,219,219, 31
1205,219,219, 31
1206,219,219, 31
1207,219,219, 31
1208,219,219, 31
1209,219,219, 31
1210,219,219, 31
1211,219,219, 31
1212,219,219, 31
1213,219,219, 31
1214,219,219, 31
1215,219,219, 31
1216,219,219, 31
1217,219,219, 31
1218,219,219, 31
1219,219,219, 31
1220,219,219, 31
1221,219,219, 31
1222,219,219, 31
1223,219,219, 31
1224,219,219, 31
1225,219,219, 31
1226,219,219, 31
1227,219,219, 31
1228,219,219, 31
1229,219,219, 31
1230,219,219, 31
1231,219,219, 31
1232,219,219, 31
1233,219,219, 31
1234,219,219, 31
1235,219,219, 31
1236,219,219, 31
1237,219,219, 31
1238,219,219, 31
1239,219,219, 31
1240,219,219, 31
1241,219,219, 31
1242,219,219, 31
1243,219,219, 31
1244,219,219, 31
1245,219,219, 31
1246,219,219, 31
1247,219,219, 31
1248,219,219, 31
1249,219,219, 31
1250,219,219, 31
1251,219,219, 31
1252,219,219, 31
1253,219,219, 31
1254,219,219, 31
1255,219,219, 31
1256,219,219, 31
1257,219,219, 31
1258,219,219, 31
1259,219,219, 31
1260,219,219, 31
1261,219,219, 31
1262,219,219, 31
1263,219,219, 31
1264,219,219, 31
1265,219,219, 31
1266,219,219, 31
1267,219,219, 31
1268,219,219, 31
1269,219,219, 31
1270,219,219, 31
1271,219,219, 31
1272,219,219, 31
1273,219,219, 31
1274,219,219, 31
1275,219,219, 31
1276,219,219, 31
1277,219,219, 31
1278,219,219, 31
1279,219,219, 31
1280,219,219, 31
1281,219,219, 31
1282,219,219, 31
1283,219,219, 31
1284,219,219, 31
1285,219,219, 31
1286,219,219, 31
1287,219,219, 31
1288,219,219, 31
1289,219,219, 31
1290,219,219, 31
1291,219,219, 31
1292,219,219, 31
1293,219,219, 31
1294,219,219, 31
1295,219,219, 31
1296,219,219, 31
1297,219,219, 31
1298,219,219, 31
1299,219,219, 31
1300,219,219, 31
1301,219,219, 31
1302,219,219, 31
1303,219,219, 31
1304,218,218, 32
1305,218,218, 32
1306,218,218, 32
1307,218,218, 32
1308,218,218, 32
1309,218,218, 32
1310,218,218, 32
1311,218,218, 32
1312,218,218, 32
1313,218,218, 32
1314,218,218, 32
1315,218,218, 32
1316,218,218, 32
1317,218,218, 32
1318,218,218, 32
1319,217,217, 33
1320,217,217, 33
1321,217,217, 33
1322,217,217, 33
1323,217,217, 33
1324,217,217, 33
1325,217,217, 33
1326,217,217, 33
1327,217,217, 33
1328,217,217, 33
1329,217,217, 33
1330,217,217, 33
1331,217,217, 33
1332,217,217, 33
1333,217,217, 33
1334,216,216, 34
1335,216,216, 34
1336,216,216, 34
1337,216,216, 34
1338,216,216, 34
1339,216,216, 34
1340,216,216, 34
1341,216,216, 34
1342,216,216, 34
1343,216,216, 34
1344,216,216, 34
1345,216,216, 34
1346,216,216, 34
1347,216,216, 34
1348,216,216, 34
1349,216,216, 34
1350,216,216, 34
1351,215,215, 35
1352,215,215, 35
1353,215,215, 35
1354,215,215, 35
1355,215,215, 35
1356,215,215, 35
1357,215,215, 35
1358,215,215, 35
1359,215,215, 35
1360,215,215, 35
1361,215,215, 35
1362,215,215, 35
1363,215,215, 35
1364,215,215, 35
1365,215,215, 35
1366,215,215, 35
1367,215,215, 35
1368,215,215, 35
1369,215,215, 35
1370,215,215, 35
1371,215,215, 35
1372,215,215, 35
1373,215,215, 35
1374,215,215, 35
1375,215,215, 35
1376,215,215, 35
1377,215,215, 35
1378,215,215, 35
1379,215,215, 35
1380,215,215, 35
1381,215,215, 35
1382,215,215, 35
1383,215,215, 35
1384,215,215, 35
1385,215,215, 35
1386,215,215, 35
1387,215,215, 35
1388,215,215, 35
1389,215,215, 35
1390,215,215, 35
1391,215,215, 35
1392,215,215, 35
1393,215,215, 35
1394,215,215, 35
1395,215,215, 35
1396,215,215, 35
1397,215,215, 35
1398,215,215, 35
1399,215,215, 35
1400,215,215, 35
1401,215,215, 35
1402,215,215, 35
1403,215,215, 35
1404,215,215, 35
1405,215,215, 35
1406,215,215, 35
1407,215,215, 35
1408,215,215, 35
1409,215,215, 35
1410,215,215, 35
1411,215,215, 35
1412,215,215, 35
1413,215,215, 35
1414,215,215, 35
1415,215,215, 35
1416,215,215, 35
1417,215,215, 35
1418,215,215, 35
1419,215,215, 35
1420,215,215, 35
1421,215,215, 35
1422,215,215, 35
1423,215,215, 35
1424,215,215, 35
1425,215,215, 35
1426,215,215, 35
1427,215,215, 35
1428,215,215, 35
1429,215,215, 35
1430,215,215, 35
1431,215,215, 35
1432,215,215, 35
1433,215,215, 35
1434,215,215, 35
1435,215,215, 35
1436,215,215, 35
1437,215,215, 35
1438,215,215, 35
1439,215,215, 35
1440,215,215, 35
1441,215,215, 35
1442,215,215, 35
1443,215,215, 35
1444,215,215, 35
1445,215,215, 35
1446,215,215, 35
1447,215,215, 35
1448,215,215, 35
1449,215,215, 35
1450,215,215, 35
1451,215,215, 35
1452,215,215, 35
1453,215,215, 35
1454,215,215, 35
1455,215,215, 35
1456,215,215, 35
1457,215,215, 35
1458,215,215, 35
1459,215,215, 35
1460,215,215, 35
1461,215,215, 35
1462,215,215, 35
1463,215,215, 35
1464,215,215, 35
1465,215,215, 35
1466,215,215, 35
1467,215,215, 35
1468,215,215, 35
1469,215,215, 35
1470,215,215, 35
1471,215,215, 35
1472,215,215, 35
1473,215,215, 35
1474,215,215, 35
1475,215,215, 35
1476,215,215, 35
1477,215,215, 35
1478,215,215, 35
1479,215,215, 35
1480,215,215, 35
1481,215,215, 35
1482,215,215, 35
1483,215,215, 35
1484,215,215, 35
1485,215,215, 35
1486,215,215, 35
1487,215,215, 35
1488,215,215, 35
1489,215,215, 35
1490,215,215, 35
1491,215,215, 35
1492,215,215, 35
1493,215,215, 35
1494,215,215, 35
1495,215,215, 35
1496,215,215, 35
1497,215,215, 35
1498,215,215, 35
1499,215,215, 35
