0,249,249, 1
1,249,249, 1
2,249,249, 1
3,249,249, 1
4,249,249, 1
5,249,249, 1
6,249,249, 1
7,249,249, 1
8,249,249, 1
9,249,249, 1
10,249,249, 1
11,249,249, 1
12,249,249, 1
13,249,249, 1
14,249,249, 1
15,249,249, 1
16,249,249, 1
17,249,249, 1
18,249,249, 1
19,248,248, 2
20,248,248, 2
21,248,248, 2
22,248,248, 2
23,248,248, 2
24,248,248, 2
25,248,248, 2
26,248,248, 2
27,248,248, 2
28,248,248, 2
29,248,248, 2
30,248,248, 2
31,248,248, 2
32,248,248, 2
33,248,248, 2
34,248,248, 2
35,248,248, 2
36,248,248, 2
37,248,248, 2
38,248,248, 2
39,248,248, 2
40,248,248, 2
41,248,248, 2
42,248,248, 2
43,248,248, 2
44,248,248, 2
45,248,248, 2
46,248,248, 2
47,248,248, 2
48,248,248, 2
49,248,248, 2
50,248,248, 2
51,248,248, 2
52,248,248, 2
53,248,248, 2
54,248,248, 2
55,248,248, 2
56,248,248, 2
57,248,248, 2
58,248,248, 2
59,248,248, 2
60,248,248, 2
61,248,248, 2
62,248,248, 2
63,248,248, 2
64,248,248, 2
65,248,248, 2
66,248,248, 2
67,248,248, 2
68,248,248, 2
69,248,248, 2
70,248,248, 2
71,248,248, 2
72,248,248, 2
73,248,248, 2
74,248,248, 2
75,248,248, 2
76,248,248, 2
77,248,248, 2
78,248,248, 2
79,248,248, 2
80,248,248, 2
81,248,248, 2
82,248,248, 2
83,248,248, 2
84,248,248, 2
85,248,248, 2
86,248,248, 2
87,247,247, 3
88,247,247, 3
89,247,247, 3
90,247,247, 3
91,247,247, 3
92,247,247, 3
93,247,247, 3
94,247,247, 3
95,247,247, 3
96,247,247, 3
97,247,247, 3
98,247,247, 3
99,247,247, 3
100,247,247, 3
101,247,247, 3
102,247,247, 3
103,247,247, 3
104,247,247, 3
105,245,245, 5
106,245,245, 5
107,245,245, 5
108,245,245, 5
109,245,245, 5
110,245,245, 5
111,245,245, 5
112,245,245, 5
113,245,245, 5
114,245,245, 5
115,245,245, 5
116,245,245, 5
117,245,245, 5
118,245,245, 5
119,245,245, 5
120,245,245, 5
121,245,245, 5
122,245,245, 5
123,245,245, 5
124,245,245, 5
125,245,245, 5
126,245,245, 5
127,245,245, 5
128,245,245, 5
129,245,245, 5
130,245,245, 5
131,245,245, 5
132,245,245, 5
133,245,245, 5
134,245,245, 5
135,245,245, 5
136,245,245, 5
137,245,245, 5
138,245,245, 5
139,245,245, 5
140,245,245, 5
141,245,245, 5
142,245,245, 5
143,245,245, 5
144,245,245, 5
145,245,245, 5
146,245,245, 5
147,245,245, 5
148,245,245, 5
149,245,245, 5
150,245,245, 5
151,245,245, 5
152,245,245, 5
153,245,245, 5
154,245,245, 5
155,245,245, 5
156,245,245, 5
157,245,245, 5
158,245,245, 5
159,245,245, 5
160,245,245, 5
161,245,245, 5
162,245,245, 5
163,245,245, 5
164,245,245, 5
165,245,245, 5
166,245,245, 5
167,245,245, 5
168,245,245, 5
169,245,245, 5
170,245,245, 5
171,245,245, 5
172,245,245, 5
173,245,245, 5
174,245,245, 5
175,245,245, 5
176,245,245, 5
177,243,243, 7
178,243,243, 7
179,243,243, 7
180,243,243, 7
181,243,243, 7
182,243,243, 7
183,243,243, 7
184,243,243, 7
185,243,243, 7
186,243,243, 7
187,243,243, 7
188,243,243, 7
189,243,243, 7
190,243,243, 7
191,243,243, 7
192,243,243, 7
193,243,243, 7
194,243,243, 7
195,243,243, 7
196,243,243, 7
197,243,243, 7
198,243,243, 7
199,243,243, 7
200,243,243, 7
201,243,243, 7
202,243,243, 7
203,243,243, 7
204,243,243, 7
205,243,243, 7
206,243,243, 7
207,243,243, 7
208,243,243, 7
209,243,243, 7
210,243,243, 7
211,243,243, 7
212,243,243, 7
213,243,243, 7
214,243,243, 7
215,243,243, 7
216,243,243, 7
217,243,243, 7
218,243,243, 7
219,243,243, 7
220,243,243, 7
221,243,243, 7
222,243,243, 7
223,243,243, 7
224,243,243, 7
225,243,243, 7
226,243,243, 7
227,243,243, 7
228,243,243, 7
229,243,243, 7
230,243,243, 7
231,243,243, 7
232,243,243, 7
233,243,243, 7
234,243,243, 7
235,243,243, 7
236,243,243, 7
237,243,243, 7
238,243,243, 7
239,243,243, 7
240,243,243, 7
241,243,243, 7
242,243,243, 7
243,243,243, 7
244,242,242, 8
245,241,241, 9
246,241,241, 9
247,241,241, 9
248,241,241, 9
249,241,241, 9
250,241,241, 9
251,241,241, 9
252,241,241, 9
253,241,241, 9
254,241,241, 9
255,241,241, 9
256,241,241, 9
257,241,241, 9
258,241,241, 9
259,241,241, 9
260,241,241, 9
261,241,241, 9
262,241,241, 9
263,241,241, 9
264,241,241, 9
265,241,241, 9
266,241,241, 9
267,241,241, 9
268,241,241, 9
269,241,241, 9
270,241,241, 9
271,241,241, 9
272,241,241, 9
273,241,241, 9
274,241,241, 9
275,241,241, 9
276,241,241, 9
277,241,241, 9
278,241,241, 9
279,241,241, 9
280,241,241, 9
281,241,241, 9
282,241,241, 9
283,241,241, 9
284,241,241, 9
285,241,241, 9
286,241,241, 9
287,241,241, 9
288,241,241, 9
289,241,241, 9
290,241,241, 9
291,241,241, 9
292,241,241, 9
293,241,241, 9
294,241,241, 9
295,241,241, 9
296,241,241, 9
297,241,241, 9
298,241,241, 9
299,241,241, 9
300,241,241, 9
301,241,241, 9
302,241,241, 9
303,241,241, 9
304,241,241, 9
305,241,241, 9
306,241,241, 9
307,241,241, 9
308,241,241, 9
309,241,241, 9
310,241,241, 9
311,241,241, 9
312,241,241, 9
313,241,241, 9
314,241,241, 9
315,241,241, 9
316,240,240, 10
317,240,240, 10
318,240,240, 10
319,240,240, 10
320,240,240, 10
321,240,240, 10
322,240,240, 10
323,240,240, 10
324,240,240, 10
325,240,240, 10
326,240,240, 10
327,240,240, 10
328,240,240, 10
329,240,240, 10
330,240,240, 10
331,240,240, 10
332,240,240, 10
333,240,240, 10
334,240,240, 10
335,240,240, 10
336,240,240, 10
337,240,240, 10
338,240,240, 10
339,240,240, 10
340,240,240, 10
341,239,239, 11
342,239,239, 11
343,239,239, 11
344,239,239, 11
345,239,239, 11
346,239,239, 11
347,239,239, 11
348,239,239, 11
349,239,239, 11
350,239,239, 11
351,239,239, 11
352,238,238, 12
353,238,238, 12
354,238,238, 12
355,238,238, 12
356,238,238, 12
357,238,238, 12
358,238,238, 12
359,238,238, 12
360,238,238, 12
361,236,236, 14
362,236,236, 14
363,236,236, 14
364,236,236, 14
365,236,236, 14
366,236,236, 14
367,236,236, 14
368,236,236, 14
369,235,235, 15
370,235,235, 15
371,235,235, 15
372,235,235, 15
373,235,235, 15
374,235,235, 15
375,235,235, 15
376,235,235, 15
377,235,235, 15
378,235,235, 15
379,235,235, 15
380,235,235, 15
381,235,235, 15
382,235,235, 15
383,235,235, 15
384,235,235, 15
385,235,235, 15
386,235,235, 15
387,235,235, 15
388,235,235, 15
389,235,235, 15
390,235,235, 15
391,235,235, 15
392,235,235, 15
393,235,235, 15
394,235,235, 15
395,233,233, 17
396,233,233, 17
397,233,233, 17
398,233,233, 17
399,233,233, 17
400,233,233, 17
401,233,233, 17
402,233,233, 17
403,233,233, 17
404,233,233, 17
405,233,233, 17
406,233,233, 17
407,233,233, 17
408,233,233, 17
409,232,232, 18
410,231,231, 19
411,231,231, 19
412,231,231, 19
413,231,231, 19
414,231,231, 19
415,231,231, 19
416,231,231, 19
417,231,231, 19
418,231,231, 19
419,231,231, 19
420,231,231, 19
421,231,231, 19
422,231,231, 19
423,231,231, 19
424,231,231, 19
425,231,231, 19
426,231,231, 19
427,231,231, 19
428,231,231, 19
429,231,231, 19
430,230,230, 20
431,230,230, 20
432,230,230, 20
433,230,230, 20
434,230,230, 20
435,230,230, 20
436,230,230, 20
437,230,230, 20
438,230,230, 20
439,230,230, 20
440,230,230, 20
441,230,230, 20
442,230,230, 20
443,230,230, 20
444,230,230, 20
445,230,230, 20
446,230,230, 20
447,229,229, 21
448,228,228, 22
449,228,228, 22
450,228,228, 22
451,228,228, 22
452,228,228, 22
453,228,228, 22
454,228,228, 22
455,228,228, 22
456,228,228, 22
457,228,228, 22
458,228,228, 22
459,228,228, 22
460,228,228, 22
461,228,228, 22
462,228,228, 22
463,228,228, 22
464,228,228, 22
465,228,228, 22
466,228,228, 22
467,228,228, 22
468,228,228, 22
469,228,228, 22
470,228,228, 22
471,228,228, 22
472,228,228, 22
473,228,228, 22
474,228,228, 22
475,228,228, 22
476,228,228, 22
477,228,228, 22
478,228,228, 22
479,228,228, 22
480,228,228, 22
481,228,228, 22
482,228,228, 22
483,228,228, 22
484,228,228, 22
485,228,228, 22
486,228,228, 22
487,228,228, 22
488,228,228, 22
489,228,228, 22
490,228,228, 22
491,228,228, 22
492,228,228, 22
493,228,228, 22
494,228,228, 22
495,228,228, 22
496,228,228, 22
497,228,228, 22
498,228,228, 22
499,228,228, 22
500,228,228, 22
501,228,228, 22
502,228,228, 22
503,228,228, 22
504,228,228, 22
505,228,228, 22
506,228,228, 22
507,226,226, 24
508,226,226, 24
509,226,226, 24
510,226,226, 24
511,226,226, 24
512,226,226, 24
513,226,226, 24
514,226,226, 24
515,226,226, 24
516,225,225, 25
517,225,225, 25
518,225,225, 25
519,225,225, 25
520,225,225, 25
521,225,225, 25
522,225,225, 25
523,225,225, 25
524,225,225, 25
525,225,225, 25
526,225,225, 25
527,225,225, 25
528,225,225, 25
529,225,225, 25
530,225,225, 25
531,225,225, 25
532,225,225, 25
533,225,225, 25
534,224,224, 26
535,224,224, 26
536,224,224, 26
537,224,224, 26
538,224,224, 26
539,224,224, 26
540,224,224, 26
541,224,224, 26
542,224,224, 26
543,224,224, 26
544,224,224, 26
545,224,224, 26
546,224,224, 26
547,224,224, 26
548,224,224, 26
549,224,224, 26
550,224,224, 26
551,224,224, 26
552,224,224, 26
553,224,224, 26
554,224,224, 26
555,224,224, 26
556,224,224, 26
557,224,224, 26
558,224,224, 26
559,224,224, 26
560,224,224, 26
561,223,223, 27
562,223,223, 27
563,223,223, 27
564,223,223, 27
565,223,223, 27
566,223,223, 27
567,223,223, 27
568,223,223, 27
569,223,223, 27
570,223,223, 27
571,223,223, 27
572,223,223, 27
573,223,223, 27
574,222,222, 28
575,222,222, 28
576,222,222, 28
577,221,221, 29
578,221,221, 29
579,221,221, 29
580,221,221, 29
581,221,221, 29
582,221,221, 29
583,221,221, 29
584,221,221, 29
585,221,221, 29
586,221,221, 29
587,220,220, 30
588,220,220, 30
589,220,220, 30
590,220,220, 30
591,220,220, 30
592,220,220, 30
593,220,220, 30
594,220,220, 30
595,220,220, 30
596,220,220, 30
597,220,220, 30
598,220,220, 30
599,220,220, 30
600,220,220, 30
601,220,220, 30
602,220,220, 30
603,220,220, 30
604,220,220, 30
605,220,220, 30
606,220,220, 30
607,220,220, 30
608,220,220, 30
609,220,220, 30
610,220,220, 30
611,220,220, 30
612,220,220, 30
613,220,220, 30
614,220,220, 30
615,220,220, 30
616,220,220, 30
617,220,220, 30
618,220,220, 30
619,220,220, 30
620,220,220, 30
621,220,220, 30
622,220,220, 30
623,220,220, 30
624,220,220, 30
625,220,220, 30
626,220,220, 30
627,220,220, 30
628,220,220, 30
629,220,220, 30
630,220,220, 30
631,220,220, 30
632,220,220, 30
633,220,220, 30
634,220,220, 30
635,220,220, 30
636,220,220, 30
637,220,220, 30
638,220,220, 30
639,220,220, 30
640,220,220, 30
641,220,220, 30
642,220,220, 30
643,220,220, 30
644,220,220, 30
645,220,220, 30
646,220,220, 30
647,220,220, 30
648,220,220, 30
649,220,220, 30
650,220,220, 30
651,220,220, 30
652,220,220, 30
653,220,220, 30
654,220,220, 30
655,220,220, 30
656,220,220, 30
657,220,220, 30
658,220,220, 30
659,220,220, 30
660,220,220, 30
661,220,220, 30
662,220,220, 30
663,220,220, 30
664,220,220, 30
665,220,220, 30
666,220,220, 30
667,220,220, 30
668,220,220, 30
669,218,218, 32
670,218,218, 32
671,218,218, 32
672,218,218, 32
673,218,218, 32
674,218,218, 32
675,218,218, 32
676,218,218, 32
677,218,218, 32
678,218,218, 32
679,218,218, 32
680,218,218, 32
681,217,217, 33
682,217,217, 33
683,217,217, 33
684,217,217, 33
685,217,217, 33
686,217,217, 33
687,217,217, 33
688,217,217, 33
689,217,217, 33
690,217,217, 33
691,217,217, 33
692,217,217, 33
693,217,217, 33
694,217,217, 33
695,217,217, 33
696,217,217, 33
697,217,217, 33
698,217,217, 33
699,217,217, 33
700,217,217, 33
701,217,217, 33
702,217,217, 33
703,217,217, 33
704,216,216, 34
705,216,216, 34
706,216,216, 34
707,216,216, 34
708,216,216, 34
709,216,216, 34
710,216,216, 34
711,216,216, 34
712,216,216, 34
713,216,216, 34
714,216,216, 34
715,216,216, 34
716,216,216, 34
717,216,216, 34
718,216,216, 34
719,216,216, 34
720,216,216, 34
721,216,216, 34
722,216,216, 34
723,216,216, 34
724,216,216, 34
725,216,216, 34
726,216,216, 34
727,216,216, 34
728,216,216, 34
729,216,216, 34
730,216,216, 34
731,216,216, 34
732,216,216, 34
733,216,216, 34
734,216,216, 34
735,216,216, 34
736,216,216, 34
737,216,216, 34
738,216,216, 34
739,216,216, 34
740,216,216, 34
741,216,216, 34
742,216,216, 34
743,216,216, 34
744,216,216, 34
745,216,216, 34
746,216,216, 34
747,216,216, 34
748,216,216, 34
749,216,216, 34
750,216,216, 34
751,216,216, 34
752,216,216, 34
753,216,216, 34
754,216,216, 34
755,216,216, 34
756,216,216, 34
757,216,216, 34
758,215,215, 35
759,215,215, 35
760,215,215, 35
761,215,215, 35
762,215,215, 35
763,215,215, 35
764,215,215, 35
765,215,215, 35
766,215,215, 35
767,215,215, 35
768,215,215, 35
769,215,215, 35
770,215,215, 35
771,215,215, 35
772,215,215, 35
773,215,215, 35
774,215,215, 35
775,215,215, 35
776,215,215, 35
777,215,215, 35
778,215,215, 35
779,215,215, 35
780,215,215, 35
781,215,215, 35
782,215,215, 35
783,215,215, 35
784,215,215, 35
785,215,215, 35
786,215,215, 35
787,215,215, 35
788,215,215, 35
789,213,213, 37
790,213,213, 37
791,213,213, 37
792,213,213, 37
793,213,213, 37
794,213,213, 37
795,213,213, 37
796,213,213, 37
797,213,213, 37
798,213,213, 37
799,213,213, 37
800,213,213, 37
801,213,213, 37
802,213,213, 37
803,213,213, 37
804,213,213, 37
805,213,213, 37
806,213,213, 37
807,213,213, 37
808,213,213, 37
809,213,213, 37
810,213,213, 37
811,213,213, 37
812,213,213, 37
813,213,213, 37
814,213,213, 37
815,213,213, 37
816,213,213, 37
817,213,213, 37
818,213,213, 37
819,213,213, 37
820,213,213, 37
821,213,213, 37
822,213,213, 37
823,213,213, 37
824,213,213, 37
825,213,213, 37
826,213,213, 37
827,213,213, 37
828,213,213, 37
829,213,213, 37
830,213,213, 37
831,213,213, 37
832,213,213, 37
833,213,213, 37
834,213,213, 37
835,213,213, 37
836,213,213, 37
837,213,213, 37
838,213,213, 37
839,213,213, 37
840,213,213, 37
841,213,213, 37
842,213,213, 37
843,213,213, 37
844,213,213, 37
845,213,213, 37
846,213,213, 37
847,213,213, 37
848,213,213, 37
849,213,213, 37
850,213,213, 37
851,213,213, 37
852,213,213, 37
853,213,213, 37
854,213,213, 37
855,211,211, 39
856,211,211, 39
857,211,211, 39
858,211,211, 39
859,211,211, 39
860,211,211, 39
861,211,211, 39
862,211,211, 39
863,211,211, 39
864,211,211, 39
865,211,211, 39
866,211,211, 39
867,211,211, 39
868,211,211, 39
869,211,211, 39
870,211,211, 39
871,211,211, 39
872,211,211, 39
873,211,211, 39
874,211,211, 39
875,211,211, 39
876,211,211, 39
877,211,211, 39
878,211,211, 39
879,211,211, 39
880,211,211, 39
881,211,211, 39
882,211,211, 39
883,211,211, 39
884,211,211, 39
885,211,211, 39
886,211,211, 39
887,211,211, 39
888,211,211, 39
889,211,211, 39
890,211,211, 39
891,211,211, 39
892,211,211, 39
893,211,211, 39
894,211,211, 39
895,211,211, 39
896,211,211, 39
897,211,211, 39
898,211,211, 39
899,211,211, 39
900,211,211, 39
901,211,211, 39
902,211,211, 39
903,211,211, 39
904,211,211, 39
905,211,211, 39
906,211,211, 39
907,211,211, 39
908,211,211, 39
909,211,211, 39
910,211,211, 39
911,211,211, 39
912,211,211, 39
913,211,211, 39
914,211,211, 39
915,211,211, 39
916,211,211, 39
917,211,211, 39
918,211,211, 39
919,211,211, 39
920,211,211, 39
921,211,211, 39
922,211,211, 39
923,209,209, 41
924,209,209, 41
925,209,209, 41
926,209,209, 41
927,209,209, 41
928,209,209, 41
929,209,209, 41
930,209,209, 41
931,209,209, 41
932,209,209, 41
933,209,209, 41
934,209,209, 41
935,209,209, 41
936,209,209, 41
937,209,209, 41
938,209,209, 41
939,209,209, 41
940,209,209, 41
941,209,209, 41
942,209,209, 41
943,209,209, 41
944,209,209, 41
945,209,209, 41
946,209,209, 41
947,209,209, 41
948,209,209, 41
949,208,208, 42
950,208,208, 42
951,208,208, 42
952,208,208, 42
953,208,208, 42
954,208,208, 42
955,208,208, 42
956,208,208, 42
957,208,208, 42
958,208,208, 42
959,208,208, 42
960,208,208, 42
961,208,208, 42
962,208,208, 42
963,208,208, 42
964,208,208, 42
965,208,208, 42
966,208,208, 42
967,208,208, 42
968,208,208, 42
969,208,208, 42
970,208,208, 42
971,208,208, 42
972,208,208, 42
973,208,208, 42
974,208,208, 42
975,208,208, 42
976,208,208, 42
977,208,208, 42
978,208,208, 42
979,208,208, 42
980,208,208, 42
981,208,208, 42
982,208,208, 42
983,208,208, 42
984,208,208, 42
985,208,208, 42
986,208,208, 42
987,208,208, 42
988,208,208, 42
989,208,208, 42
990,208,208, 42
991,208,208, 42
992,208,208, 42
993,208,208, 42
994,208,208, 42
995,208,208, 42
996,208,208, 42
997,207,207, 43
998,207,207, 43
999,207,207, 43
1000,207,207, 43
1001,207,207, 43
1002,207,207, 43
1003,207,207, 43
1004,207,207, 43
1005,207,207, 43
1006,207,207, 43
1007,207,207, 43
1008,207,207, 43
1009,207,207, 43
1010,207,207, 43
1011,207,207, 43
1012,207,207, 43
1013,207,207, 43
1014,207,207, 43
1015,207,207, 43
1016,207,207, 43
1017,207,207, 43
1018,207,207, 43
1019,207,207, 43
1020,207,207, 43
1021,207,207, 43
1022,207,207, 43
1023,207,207, 43
1024,207,207, 43
1025,207,207, 43
1026,207,207, 43
1027,207,207, 43
1028,207,207, 43
1029,207,207, 43
1030,207,207, 43
1031,207,207, 43
1032,207,207, 43
1033,207,207, 43
1034,207,207, 43
1035,207,207, 43
1036,207,207, 43
1037,207,207, 43
1038,207,207, 43
1039,207,207, 43
1040,207,207, 43
1041,207,207, 43
1042,207,207, 43
1043,207,207, 43
1044,207,207, 43
1045,207,207, 43
1046,207,207, 43
1047,207,207, 43
1048,207,207, 43
1049,207,207, 43
1050,207,207, 43
1051,207,207, 43
1052,207,207, 43
1053,207,207, 43
1054,207,207, 43
1055,207,207, 43
1056,207,207, 43
1057,207,207, 43
1058,207,207, 43
1059,207,207, 43
1060,207,207, 43
1061,207,207, 43
1062,207,207, 43
1063,207,207, 43
1064,207,207, 43
1065,207,207, 43
1066,206,206, 44
1067,206,206, 44
1068,206,206, 44
1069,206,206, 44
1070,206,206, 44
1071,205,205, 45
1072,205,205, 45
1073,205,205, 45
1074,203,203, 47
1075,203,203, 47
1076,203,203, 47
1077,203,203, 47
1078,203,203, 47
1079,203,203, 47
1080,203,203, 47
1081,203,203, 47
1082,202,202, 48
1083,201,201, 49
1084,201,201, 49
1085,201,201, 49
1086,201,201, 49
1087,201,201, 49
1088,201,201, 49
1089,201,201, 49
1090,201,201, 49
1091,201,201, 49
1092,201,201, 49
1093,201,201, 49
1094,201,201, 49
1095,201,201, 49
1096,201,201, 49
1097,201,201, 49
1098,201,201, 49
1099,201,201, 49
1100,201,201, 49
1101,201,201, 49
1102,201,201, 49
1103,201,201, 49
1104,201,201, 49
1105,201,201, 49
1106,201,201, 49
1107,201,201, 49
1108,201,201, 49
1109,201,201, 49
1110,201,201, 49
1111,201,201, 49
1112,201,201, 49
1113,201,201, 49
1114,201,201, 49
1115,201,201, 49
1116,201,201, 49
1117,201,201, 49
1118,201,201, 49
1119,201,201, 49
1120,201,201, 49
1121,201,201, 49
1122,201,201, 49
1123,201,201, 49
1124,201,201, 49
1125,201,201, 49
1126,201,201, 49
1127,201,201, 49
1128,201,201, 49
1129,201,201, 49
1130,201,201, 49
1131,201,201, 49
1132,201,201, 49
1133,201,201, 49
1134,201,201, 49
1135,201,201, 49
1136,201,201, 49
1137,201,201, 49
1138,201,201, 49
1139,201,201, 49
1140,201,201, 49
1141,201,201, 49
1142,201,201, 49
1143,201,201, 49
1144,201,201, 49
1145,201,201, 49
1146,201,201, 49
1147,201,201, 49
1148,201,201, 49
1149,201,201, 49
1150,201,201, 49
1151,201,201, 49
1152,201,201, 49
1153,201,201, 49
1154,201,201, 49
1155,201,201, 49
1156,201,201, 49
1157,201,201, 49
1158,201,201, 49
1159,201,201, 49
1160,201,201, 49
1161,201,201, 49
1162,201,201, 49
1163,201,201, 49
1164,201,201, 49
1165,201,201, 49
1166,201,201, 49
1167,201,201, 49
1168,201,201, 49
1169,201,201, 49
1170,201,201, 49
1171,201,201, 49
1172,201,201, 49
1173,201,201, 49
1174,201,201, 49
1175,201,201, 49
1176,201,201, 49
1177,201,201, 49
1178,201,201, 49
1179,201,201, 49
1180,201,201, 49
1181,201,201, 49
1182,201,201, 49
1183,201,201, 49
1184,201,201, 49
1185,201,201, 49
1186,201,201, 49
1187,201,201, 49
1188,201,201, 49
1189,201,201, 49
1190,201,201, 49
1191,201,201, 49
1192,201,201, 49
1193,201,201, 49
1194,201,201, 49
1195,201,201, 49
1196,201,201, 49
1197,201,201, 49
1198,201,201, 49
1199,201,201, 49
1200,201,201, 49
1201,201,201, 49
1202,200,200, 50
1203,200,200, 50
1204,200,200, 50
1205,200,200, 50
1206,200,200, 50
1207,200,200, 50
1208,200,200, 50
1209,200,200, 50
1210,200,200, 50
1211,199,199, 51
1212,199,199, 51
1213,199,199, 51
1214,199,199, 51
1215,199,199, 51
1216,199,199, 51
1217,199,199, 51
1218,199,199, 51
1219,199,199, 51
1220,199,199, 51
1221,199,199, 51
1222,199,199, 51
1223,198,198, 52
1224,198,198, 52
1225,198,198, 52
1226,198,198, 52
1227,198,198, 52
1228,198,198, 52
1229,198,198, 52
1230,197,197, 53
1231,196,196, 54
1232,196,196, 54
1233,196,196, 54
1234,196,196, 54
1235,196,196, 54
1236,196,196, 54
1237,196,196, 54
1238,196,196, 54
1239,196,196, 54
1240,196,196, 54
1241,196,196, 54
1242,196,196, 54
1243,196,196, 54
1244,194,194, 56
1245,194,194, 56
1246,194,194, 56
1247,194,194, 56
1248,194,194, 56
1249,194,194, 56
1250,194,194, 56
1251,194,194, 56
1252,194,194, 56
1253,194,194, 56
1254,194,194, 56
1255,194,194, 56
1256,194,194, 56
1257,194,194, 56
1258,194,194, 56
1259,194,194, 56
1260,194,194, 56
1261,194,194, 56
1262,194,194, 56
1263,194,194, 56
1264,194,194, 56
1265,194,194, 56
1266,194,194, 56
1267,194,194, 56
1268,194,194, 56
1269,194,194, 56
1270,194,194, 56
1271,194,194, 56
1272,194,194, 56
1273,194,194, 56
1274,194,194, 56
1275,194,194, 56
1276,194,194, 56
1277,194,194, 56
1278,194,194, 56
1279,194,194, 56
1280,194,194, 56
1281,194,194, 56
1282,194,194, 56
1283,194,194, 56
1284,194,194, 56
1285,194,194, 56
1286,194,194, 56
1287,194,194, 56
1288,194,194, 56
1289,194,194, 56
1290,194,194, 56
1291,194,194, 56
1292,194,194, 56
1293,194,194, 56
1294,194,194, 56
1295,194,194, 56
1296,194,194, 56
1297,194,194, 56
1298,194,194, 56
1299,194,194, 56
1300,194,194, 56
1301,194,194, 56
1302,194,194, 56
1303,194,194, 56
1304,194,194, 56
1305,194,194, 56
1306,194,194, 56
1307,194,194, 56
1308,194,194, 56
1309,194,194, 56
1310,194,194, 56
1311,194,194, 56
1312,194,194, 56
1313,194,194, 56
1314,194,194, 56
1315,194,194, 56
1316,194,194, 56
1317,194,194, 56
1318,194,194, 56
1319,194,194, 56
1320,194,194, 56
1321,194,194, 56
1322,194,194, 56
1323,194,194, 56
1324,194,194, 56
1325,194,194, 56
1326,194,194, 56
1327,194,194, 56
1328,194,194, 56
1329,194,194, 56
1330,194,194, 56
1331,194,194, 56
1332,194,194, 56
1333,194,194, 56
1334,194,194, 56
1335,194,194, 56
1336,194,194, 56
1337,194,194, 56
1338,194,194, 56
1339,194,194, 56
1340,194,194, 56
1341,194,194, 56
1342,194,194, 56
1343,194,194, 56
1344,194,194, 56
1345,194,194, 56
1346,194,194, 56
1347,194,194, 56
1348,194,194, 56
1349,194,194, 56
1350,194,194, 56
1351,194,194, 56
1352,194,194, 56
1353,194,194, 56
1354,194,194, 56
1355,194,194, 56
1356,194,194, 56
1357,194,194, 56
1358,194,194, 56
1359,194,194, 56
1360,194,194, 56
1361,194,194, 56
1362,194,194, 56
1363,194,194, 56
1364,194,194, 56
1365,194,194, 56
1366,194,194, 56
1367,194,194, 56
1368,194,194, 56
1369,194,194, 56
1370,194,194, 56
1371,194,194, 56
1372,194,194, 56
1373,194,194, 56
1374,194,194, 56
1375,194,194, 56
1376,194,194, 56
1377,194,194, 56
1378,194,194, 56
1379,194,194, 56
1380,194,194, 56
1381,194,194, 56
1382,194,194, 56
1383,194,194, 56
1384,193,193, 57
1385,193,193, 57
1386,193,193, 57
1387,193,193, 57
1388,193,193, 57
1389,193,193, 57
1390,193,193, 57
1391,193,193, 57
1392,193,193, 57
1393,193,193, 57
1394,193,193, 57
1395,193,193, 57
1396,193,193, 57
1397,192,192, 58
1398,192,192, 58
1399,192,192, 58
1400,192,192, 58
1401,192,192, 58
1402,192,192, 58
1403,192,192, 58
1404,192,192, 58
1405,192,192, 58
1406,192,192, 58
1407,192,192, 58
1408,192,192, 58
1409,192,192, 58
1410,192,192, 58
1411,192,192, 58
1412,192,192, 58
1413,192,192, 58
1414,192,192, 58
1415,192,192, 58
1416,192,192, 58
1417,192,192, 58
1418,192,192, 58
1419,192,192, 58
1420,192,192, 58
1421,192,192, 58
1422,192,192, 58
1423,192,192, 58
1424,192,192, 58
1425,192,192, 58
1426,192,192, 58
1427,192,192, 58
1428,192,192, 58
1429,192,192, 58
1430,192,192, 58
1431,192,192, 58
1432,192,192, 58
1433,192,192, 58
1434,192,192, 58
1435,192,192, 58
1436,192,192, 58
1437,192,192, 58
1438,192,192, 58
1439,192,192, 58
1440,192,192, 58
1441,192,192, 58
1442,192,192, 58
1443,192,192, 58
1444,192,192, 58
1445,192,192, 58
1446,192,192, 58
1447,192,192, 58
1448,192,192, 58
1449,192,192, 58
1450,192,192, 58
1451,192,192, 58
1452,192,192, 58
1453,192,192, 58
1454,192,192, 58
1455,192,192, 58
1456,192,192, 58
1457,192,192, 58
1458,191,191, 59
1459,191,191, 59
1460,191,191, 59
1461,191,191, 59
1462,191,191, 59
1463,191,191, 59
1464,191,191, 59
1465,191,191, 59
1466,191,191, 59
1467,191,191, 59
1468,191,191, 59
1469,191,191, 59
1470,191,191, 59
1471,191,191, 59
1472,191,191, 59
1473,191,191, 59
1474,191,191, 59
1475,191,191, 59
1476,191,191, 59
1477,191,191, 59
1478,191,191, 59
1479,191,191, 59
1480,191,191, 59
1481,191,191, 59
1482,191,191, 59
1483,191,191, 59
1484,191,191, 59
1485,191,191, 59
1486,191,191, 59
1487,191,191, 59
1488,191,191, 59
1489,191,191, 59
1490,191,191, 59
1491,191,191, 59
1492,191,191, 59
1493,191,191, 59
1494,191,191, 59
1495,191,191, 59
1496,191,191, 59
1497,191,191, 59
1498,191,191, 59
1499,191,191, 59
