0,250,250, 0
1,249,249, 1
2,248,248, 2
3,248,248, 2
4,248,248, 2
5,248,248, 2
6,248,248, 2
7,248,248, 2
8,248,248, 2
9,248,248, 2
10,248,248, 2
11,248,248, 2
12,248,248, 2
13,247,247, 3
14,247,247, 3
15,247,247, 3
16,247,247, 3
17,247,247, 3
18,247,247, 3
19,247,247, 3
20,247,247, 3
21,247,247, 3
22,247,247, 3
23,247,247, 3
24,247,247, 3
25,247,247, 3
26,247,247, 3
27,247,247, 3
28,247,247, 3
29,247,247, 3
30,247,247, 3
31,247,247, 3
32,247,247, 3
33,247,247, 3
34,247,247, 3
35,247,247, 3
36,247,247, 3
37,247,247, 3
38,247,247, 3
39,247,247, 3
40,247,247, 3
41,247,247, 3
42,247,247, 3
43,247,247, 3
44,247,247, 3
45,247,247, 3
46,247,247, 3
47,247,247, 3
48,247,247, 3
49,247,247, 3
50,247,247, 3
51,245,245, 5
52,245,245, 5
53,245,245, 5
54,245,245, 5
55,245,245, 5
56,245,245, 5
57,245,245, 5
58,245,245, 5
59,245,245, 5
60,245,245, 5
61,245,245, 5
62,245,245, 5
63,245,245, 5
64,245,245, 5
65,245,245, 5
66,245,245, 5
67,245,245, 5
68,245,245, 5
69,245,245, 5
70,245,245, 5
71,245,245, 5
72,245,245, 5
73,245,245, 5
74,245,245, 5
75,245,245, 5
76,245,245, 5
77,245,245, 5
78,245,245, 5
79,245,245, 5
80,245,245, 5
81,245,245, 5
82,245,245, 5
83,245,245, 5
84,245,245, 5
85,245,245, 5
86,245,245, 5
87,245,245, 5
88,245,245, 5
89,245,245, 5
90,245,245, 5
91,245,245, 5
92,244,244, 6
93,244,244, 6
94,244,244, 6
95,244,244, 6
96,244,244, 6
97,244,244, 6
98,244,244, 6
99,244,244, 6
100,244,244, 6
101,244,244, 6
102,244,244, 6
103,244,244, 6
104,244,244, 6
105,244,244, 6
106,244,244, 6
107,244,244, 6
108,244,244, 6
109,244,244, 6
110,244,244, 6
111,244,244, 6
112,244,244, 6
113,244,244, 6
114,244,244, 6
115,244,244, 6
116,244,244, 6
117,244,244, 6
118,244,244, 6
119,244,244, 6
120,244,244, 6
121,244,244, 6
122,244,244, 6
123,244,244, 6
124,244,244, 6
125,244,244, 6
126,244,244, 6
127,244,244, 6
128,244,244, 6
129,244,244, 6
130,244,244, 6
131,244,244, 6
132,244,244, 6
133,244,244, 6
134,244,244, 6
135,244,244, 6
136,244,244, 6
137,244,244, 6
138,244,244, 6
139,244,244, 6
140,244,244, 6
141,244,244, 6
142,244,244, 6
143,244,244, 6
144,244,244, 6
145,244,244, 6
146,244,244, 6
147,244,244, 6
148,244,244, 6
149,244,244, 6
150,244,244, 6
151,244,244, 6
152,244,244, 6
153,244,244, 6
154,244,244, 6
155,244,244, 6
156,244,244, 6
157,244,244, 6
158,244,244, 6
159,244,244, 6
160,243,243, 7
161,243,243, 7
162,243,243, 7
163,243,243, 7
164,243,243, 7
165,243,243, 7
166,243,243, 7
167,243,243, 7
168,243,243, 7
169,243,243, 7
170,243,243, 7
171,243,243, 7
172,243,243, 7
173,243,243, 7
174,243,243, 7
175,242,242, 8
176,241,241, 9
177,241,241, 9
178,241,241, 9
179,241,241, 9
180,241,241, 9
181,241,241, 9
182,241,241, 9
183,241,241, 9
184,241,241, 9
185,241,241, 9
186,241,241, 9
187,241,241, 9
188,241,241, 9
189,241,241, 9
190,241,241, 9
191,241,241, 9
192,241,241, 9
193,241,241, 9
194,241,241, 9
195,241,241, 9
196,241,241, 9
197,241,241, 9
198,241,241, 9
199,241,241, 9
200,241,241, 9
201,241,241, 9
202,241,241, 9
203,241,241, 9
204,241,241, 9
205,241,241, 9
206,241,241, 9
207,241,241, 9
208,241,241, 9
209,241,241, 9
210,241,241, 9
211,241,241, 9
212,241,241, 9
213,241,241, 9
214,241,241, 9
215,241,241, 9
216,241,241, 9
217,241,241, 9
218,241,241, 9
219,241,241, 9
220,240,240, 10
221,240,240, 10
222,240,240, 10
223,240,240, 10
224,240,240, 10
225,240,240, 10
226,240,240, 10
227,240,240, 10
228,240,240, 10
229,240,240, 10
230,240,240, 10
231,240,240, 10
232,240,240, 10
233,240,240, 10
234,240,240, 10
235,240,240, 10
236,240,240, 10
237,240,240, 10
238,240,240, 10
239,240,240, 10
240,240,240, 10
241,239,239, 11
242,239,239, 11
243,239,239, 11
244,239,239, 11
245,239,239, 11
246,239,239, 11
247,239,239, 11
248,239,239, 11
249,239,239, 11
250,239,239, 11
251,239,239, 11
252,239,239, 11
253,239,239, 11
254,239,239, 11
255,239,239, 11
256,239,239, 11
257,239,239, 11
258,239,239, 11
259,239,239, 11
260,239,239, 11
261,239,239, 11
262,239,239, 11
263,239,239, 11
264,239,239, 11
265,239,239, 11
266,239,239, 11
267,238,238, 12
268,238,238, 12
269,238,238, 12
270,238,238, 12
271,238,238, 12
272,238,238, 12
273,238,238, 12
274,238,238, 12
275,238,238, 12
276,238,238, 12
277,238,238, 12
278,238,238, 12
279,238,238, 12
280,238,238, 12
281,238,238, 12
282,238,238, 12
283,238,238, 12
284,238,238, 12
285,238,238, 12
286,238,238, 12
287,237,237, 13
288,237,237, 13
289,237,237, 13
290,237,237, 13
291,237,237, 13
292,237,237, 13
293,237,237, 13
294,237,237, 13
295,237,237, 13
296,237,237, 13
297,237,237, 13
298,237,237, 13
299,237,237, 13
300,237,237, 13
301,237,237, 13
302,237,237, 13
303,237,237, 13
304,237,237, 13
305,237,237, 13
306,237,237, 13
307,237,237, 13
308,237,237, 13
309,237,237, 13
310,237,237, 13
311,237,237, 13
312,237,237, 13
313,237,237, 13
314,237,237, 13
315,237,237, 13
316,237,237, 13
317,237,237, 13
318,237,237, 13
319,237,237, 13
320,237,237, 13
321,237,237, 13
322,237,237, 13
323,237,237, 13
324,237,237, 13
325,237,237, 13
326,237,237, 13
327,237,237, 13
328,237,237, 13
329,237,237, 13
330,237,237, 13
331,236,236, 14
332,234,234, 16
333,234,234, 16
334,234,234, 16
335,234,234, 16
336,234,234, 16
337,234,234, 16
338,234,234, 16
339,234,234, 16
340,234,234, 16
341,234,234, 16
342,234,234, 16
343,234,234, 16
344,234,234, 16
345,234,234, 16
346,234,234, 16
347,234,234, 16
348,234,234, 16
349,234,234, 16
350,234,234, 16
351,234,234, 16
352,234,234, 16
353,232,232, 18
354,232,232, 18
355,232,232, 18
356,232,232, 18
357,232,232, 18
358,232,232, 18
359,232,232, 18
360,232,232, 18
361,232,232, 18
362,232,232, 18
363,232,232, 18
364,232,232, 18
365,232,232, 18
366,232,232, 18
367,232,232, 18
368,231,231, 19
369,231,231, 19
370,231,231, 19
371,231,231, 19
372,231,231, 19
373,231,231, 19
374,231,231, 19
375,231,231, 19
376,231,231, 19
377,231,231, 19
378,231,231, 19
379,231,231, 19
380,231,231, 19
381,231,231, 19
382,231,231, 19
383,231,231, 19
384,231,231, 19
385,231,231, 19
386,231,231, 19
387,231,231, 19
388,231,231, 19
389,231,231, 19
390,231,231, 19
391,231,231, 19
392,231,231, 19
393,231,231, 19
394,231,231, 19
395,231,231, 19
396,231,231, 19
397,231,231, 19
398,231,231, 19
399,231,231, 19
400,231,231, 19
401,231,231, 19
402,231,231, 19
403,231,231, 19
404,231,231, 19
405,231,231, 19
406,231,231, 19
407,231,231, 19
408,231,231, 19
409,231,231, 19
410,231,231, 19
411,231,231, 19
412,231,231, 19
413,231,231, 19
414,231,231, 19
415,231,231, 19
416,231,231, 19
417,231,231, 19
418,231,231, 19
419,231,231, 19
420,231,231, 19
421,231,231, 19
422,231,231, 19
423,231,231, 19
424,231,231, 19
425,231,231, 19
426,231,231, 19
427,231,231, 19
428,231,231, 19
429,231,231, 19
430,231,231, 19
431,231,231, 19
432,231,231, 19
433,231,231, 19
434,231,231, 19
435,231,231, 19
436,231,231, 19
437,231,231, 19
438,231,231, 19
439,231,231, 19
440,231,231, 19
441,231,231, 19
442,231,231, 19
443,231,231, 19
444,231,231, 19
445,231,231, 19
446,231,231, 19
447,231,231, 19
448,231,231, 19
449,231,231, 19
450,231,231, 19
451,231,231, 19
452,231,231, 19
453,231,231, 19
454,231,231, 19
455,229,229, 21
456,229,229, 21
457,229,229, 21
458,227,227, 23
459,227,227, 23
460,227,227, 23
461,227,227, 23
462,227,227, 23
463,227,227, 23
464,227,227, 23
465,227,227, 23
466,225,225, 25
467,225,225, 25
468,225,225, 25
469,225,225, 25
470,225,225, 25
471,225,225, 25
472,225,225, 25
473,225,225, 25
474,225,225, 25
475,225,225, 25
476,225,225, 25
477,225,225, 25
478,225,225, 25
479,225,225, 25
480,225,225, 25
481,225,225, 25
482,225,225, 25
483,224,224, 26
484,224,224, 26
485,224,224, 26
486,224,224, 26
487,224,224, 26
488,224,224, 26
489,224,224, 26
490,224,224, 26
491,224,224, 26
492,224,224, 26
493,224,224, 26
494,223,223, 27
495,223,223, 27
496,223,223, 27
497,223,223, 27
498,223,223, 27
499,223,223, 27
500,223,223, 27
501,223,223, 27
502,223,223, 27
503,223,223, 27
504,223,223, 27
505,223,223, 27
506,223,223, 27
507,223,223, 27
508,223,223, 27
509,223,223, 27
510,223,223, 27
511,223,223, 27
512,223,223, 27
513,223,223, 27
514,223,223, 27
515,223,223, 27
516,223,223, 27
517,223,223, 27
518,223,223, 27
519,223,223, 27
520,223,223, 27
521,223,223, 27
522,223,223, 27
523,223,223, 27
524,223,223, 27
525,223,223, 27
526,223,223, 27
527,223,223, 27
528,223,223, 27
529,223,223, 27
530,223,223, 27
531,223,223, 27
532,223,223, 27
533,223,223, 27
534,223,223, 27
535,223,223, 27
536,223,223, 27
537,223,223, 27
538,223,223, 27
539,223,223, 27
540,223,223, 27
541,223,223, 27
542,223,223, 27
543,223,223, 27
544,223,223, 27
545,223,223, 27
546,223,223, 27
547,223,223, 27
548,223,223, 27
549,223,223, 27
550,223,223, 27
551,223,223, 27
552,223,223, 27
553,223,223, 27
554,223,223, 27
555,223,223, 27
556,223,223, 27
557,223,223, 27
558,223,223, 27
559,223,223, 27
560,223,223, 27
561,223,223, 27
562,223,223, 27
563,223,223, 27
564,223,223, 27
565,223,223, 27
566,223,223, 27
567,223,223, 27
568,223,223, 27
569,223,223, 27
570,223,223, 27
571,223,223, 27
572,223,223, 27
573,223,223, 27
574,223,223, 27
575,223,223, 27
576,223,223, 27
577,223,223, 27
578,223,223, 27
579,223,223, 27
580,223,223, 27
581,223,223, 27
582,223,223, 27
583,223,223, 27
584,223,223, 27
585,223,223, 27
586,223,223, 27
587,223,223, 27
588,223,223, 27
589,223,223, 27
590,223,223, 27
591,223,223, 27
592,223,223, 27
593,223,223, 27
594,223,223, 27
595,223,223, 27
596,223,223, 27
597,223,223, 27
598,223,223, 27
599,223,223, 27
600,223,223, 27
601,223,223, 27
602,223,223, 27
603,223,223, 27
604,223,223, 27
605,223,223, 27
606,223,223, 27
607,223,223, 27
608,223,223, 27
609,223,223, 27
610,223,223, 27
611,223,223, 27
612,223,223, 27
613,223,223, 27
614,223,223, 27
615,223,223, 27
616,223,223, 27
617,223,223, 27
618,223,223, 27
619,223,223, 27
620,223,223, 27
621,223,223, 27
622,223,223, 27
623,223,223, 27
624,223,223, 27
625,223,223, 27
626,223,223, 27
627,222,222, 28
628,222,222, 28
629,222,222, 28
630,222,222, 28
631,222,222, 28
632,222,222, 28
633,222,222, 28
634,222,222, 28
635,222,222, 28
636,222,222, 28
637,222,222, 28
638,222,222, 28
639,220,220, 30
640,220,220, 30
641,220,220, 30
642,220,220, 30
643,220,220, 30
644,220,220, 30
645,220,220, 30
646,220,220, 30
647,220,220, 30
648,220,220, 30
649,220,220, 30
650,219,219, 31
651,219,219, 31
652,219,219, 31
653,219,219, 31
654,219,219, 31
655,219,219, 31
656,219,219, 31
657,219,219, 31
658,219,219, 31
659,219,219, 31
660,219,219, 31
661,219,219, 31
662,219,219, 31
663,219,219, 31
664,219,219, 31
665,218,218, 32
666,218,218, 32
667,218,218, 32
668,218,218, 32
669,218,218, 32
670,218,218, 32
671,218,218, 32
672,218,218, 32
673,218,218, 32
674,218,218, 32
675,218,218, 32
676,218,218, 32
677,218,218, 32
678,218,218, 32
679,218,218, 32
680,218,218, 32
681,218,218, 32
682,218,218, 32
683,218,218, 32
684,218,218, 32
685,218,218, 32
686,218,218, 32
687,218,218, 32
688,218,218, 32
689,218,218, 32
690,218,218, 32
691,218,218, 32
692,218,218, 32
693,218,218, 32
694,218,218, 32
695,218,218, 32
696,218,218, 32
697,218,218, 32
698,218,218, 32
699,218,218, 32
700,218,218, 32
701,218,218, 32
702,218,218, 32
703,218,218, 32
704,218,218, 32
705,218,218, 32
706,218,218, 32
707,218,218, 32
708,218,218, 32
709,218,218, 32
710,218,218, 32
711,218,218, 32
712,218,218, 32
713,218,218, 32
714,218,218, 32
715,218,218, 32
716,218,218, 32
717,218,218, 32
718,218,218, 32
719,218,218, 32
720,218,218, 32
721,218,218, 32
722,218,218, 32
723,218,218, 32
724,218,218, 32
725,218,218, 32
726,218,218, 32
727,218,218, 32
728,218,218, 32
729,218,218, 32
730,218,218, 32
731,218,218, 32
732,218,218, 32
733,218,218, 32
734,218,218, 32
735,218,218, 32
736,218,218, 32
737,218,218, 32
738,218,218, 32
739,218,218, 32
740,218,218, 32
741,218,218, 32
742,218,218, 32
743,218,218, 32
744,218,218, 32
745,218,218, 32
746,218,218, 32
747,218,218, 32
748,218,218, 32
749,218,218, 32
750,218,218, 32
751,218,218, 32
752,218,218, 32
753,218,218, 32
754,218,218, 32
755,218,218, 32
756,218,218, 32
757,218,218, 32
758,218,218, 32
759,218,218, 32
760,218,218, 32
761,218,218, 32
762,218,218, 32
763,218,218, 32
764,218,218, 32
765,218,218, 32
766,218,218, 32
767,218,218, 32
768,218,218, 32
769,218,218, 32
770,218,218, 32
771,218,218, 32
772,218,218, 32
773,218,218, 32
774,218,218, 32
775,218,218, 32
776,218,218, 32
777,218,218, 32
778,218,218, 32
779,218,218, 32
780,218,218, 32
781,218,218, 32
782,218,218, 32
783,218,218, 32
784,218,218, 32
785,218,218, 32
786,218,218, 32
787,218,218, 32
788,218,218, 32
789,218,218, 32
790,218,218, 32
791,218,218, 32
792,218,218, 32
793,218,218, 32
794,218,218, 32
795,218,218, 32
796,218,218, 32
797,218,218, 32
798,218,218, 32
799,218,218, 32
800,218,218, 32
801,218,218, 32
802,218,218, 32
803,218,218, 32
804,218,218, 32
805,218,218, 32
806,218,218, 32
807,218,218, 32
808,218,218, 32
809,218,218, 32
810,218,218, 32
811,218,218, 32
812,218,218, 32
813,218,218, 32
814,218,218, 32
815,218,218, 32
816,218,218, 32
817,218,218, 32
818,218,218, 32
819,218,218, 32
820,218,218, 32
821,218,218, 32
822,218,218, 32
823,218,218, 32
824,218,218, 32
825,218,218, 32
826,218,218, 32
827,218,218, 32
828,218,218, 32
829,218,218, 32
830,218,218, 32
831,218,218, 32
832,218,218, 32
833,218,218, 32
834,218,218, 32
835,218,218, 32
836,218,218, 32
837,218,218, 32
838,218,218, 32
839,218,218, 32
840,218,218, 32
841,218,218, 32
842,218,218, 32
843,218,218, 32
844,218,218, 32
845,218,218, 32
846,218,218, 32
847,218,218, 32
848,218,218, 32
849,218,218, 32
850,218,218, 32
851,218,218, 32
852,218,218, 32
853,218,218, 32
854,218,218, 32
855,218,218, 32
856,218,218, 32
857,218,218, 32
858,218,218, 32
859,218,218, 32
860,218,218, 32
861,218,218, 32
862,218,218, 32
863,218,218, 32
864,218,218, 32
865,218,218, 32
866,218,218, 32
867,218,218, 32
868,218,218, 32
869,218,218, 32
870,218,218, 32
871,218,218, 32
872,218,218, 32
873,218,218, 32
874,218,218, 32
875,218,218, 32
876,218,218, 32
877,218,218, 32
878,218,218, 32
879,218,218, 32
880,218,218, 32
881,218,218, 32
882,217,217, 33
883,216,216, 34
884,216,216, 34
885,216,216, 34
886,216,216, 34
887,216,216, 34
888,216,216, 34
889,216,216, 34
890,216,216, 34
891,216,216, 34
892,216,216, 34
893,216,216, 34
894,216,216, 34
895,216,216, 34
896,216,216, 34
897,216,216, 34
898,216,216, 34
899,216,216, 34
900,216,216, 34
901,216,216, 34
902,216,216, 34
903,216,216, 34
904,216,216, 34
905,216,216, 34
906,216,216, 34
907,216,216, 34
908,216,216, 34
909,216,216, 34
910,216,216, 34
911,216,216, 34
912,216,216, 34
913,216,216, 34
914,216,216, 34
915,216,216, 34
916,216,216, 34
917,216,216, 34
918,216,216, 34
919,216,216, 34
920,216,216, 34
921,216,216, 34
922,216,216, 34
923,216,216, 34
924,216,216, 34
925,216,216, 34
926,216,216, 34
927,216,216, 34
928,216,216, 34
929,216,216, 34
930,216,216, 34
931,216,216, 34
932,216,216, 34
933,216,216, 34
934,216,216, 34
935,216,216, 34
936,216,216, 34
937,216,216, 34
938,216,216, 34
939,216,216, 34
940,216,216, 34
941,216,216, 34
942,216,216, 34
943,216,216, 34
944,216,216, 34
945,216,216, 34
946,216,216, 34
947,216,216, 34
948,216,216, 34
949,216,216, 34
950,216,216, 34
951,216,216, 34
952,216,216, 34
953,216,216, 34
954,216,216, 34
955,216,216, 34
956,216,216, 34
957,216,216, 34
958,216,216, 34
959,216,216, 34
960,216,216, 34
961,216,216, 34
962,216,216, 34
963,216,216, 34
964,216,216, 34
965,216,216, 34
966,216,216, 34
967,216,216, 34
968,216,216, 34
969,216,216, 34
970,216,216, 34
971,216,216, 34
972,216,216, 34
973,216,216, 34
974,216,216, 34
975,216,216, 34
976,216,216, 34
977,216,216, 34
978,216,216, 34
979,216,216, 34
980,216,216, 34
981,216,216, 34
982,216,216, 34
983,216,216, 34
984,216,216, 34
985,216,216, 34
986,216,216, 34
987,216,216, 34
988,216,216, 34
989,216,216, 34
990,216,216, 34
991,216,216, 34
992,216,216, 34
993,216,216, 34
994,216,216, 34
995,216,216, 34
996,216,216, 34
997,216,216, 34
998,216,216, 34
999,216,216, 34
1000,216,216, 34
1001,216,216, 34
1002,216,216, 34
1003,216,216, 34
1004,216,216, 34
1005,216,216, 34
1006,216,216, 34
1007,216,216, 34
1008,216,216, 34
1009,216,216, 34
1010,216,216, 34
1011,216,216, 34
1012,216,216, 34
1013,216,216, 34
1014,216,216, 34
1015,216,216, 34
1016,216,216, 34
1017,216,216, 34
1018,216,216, 34
1019,216,216, 34
1020,216,216, 34
1021,216,216, 34
1022,216,216, 34
1023,216,216, 34
1024,216,216, 34
1025,216,216, 34
1026,216,216, 34
1027,216,216, 34
1028,216,216, 34
1029,216,216, 34
1030,216,216, 34
1031,216,216, 34
1032,216,216, 34
1033,216,216, 34
1034,216,216, 34
1035,216,216, 34
1036,216,216, 34
1037,216,216, 34
1038,216,216, 34
1039,216,216, 34
1040,216,216, 34
1041,216,216, 34
1042,216,216, 34
1043,216,216, 34
1044,216,216, 34
1045,216,216, 34
1046,216,216, 34
1047,216,216, 34
1048,216,216, 34
1049,216,216, 34
1050,216,216, 34
1051,216,216, 34
1052,216,216, 34
1053,216,216, 34
1054,216,216, 34
1055,216,216, 34
1056,216,216, 34
1057,216,216, 34
1058,216,216, 34
1059,215,215, 35
1060,215,215, 35
1061,215,215, 35
1062,215,215, 35
1063,215,215, 35
1064,215,215, 35
1065,215,215, 35
1066,215,215, 35
1067,215,215, 35
1068,215,215, 35
1069,214,214, 36
1070,214,214, 36
1071,214,214, 36
1072,214,214, 36
1073,214,214, 36
1074,213,213, 37
1075,213,213, 37
1076,213,213, 37
1077,213,213, 37
1078,213,213, 37
1079,213,213, 37
1080,213,213, 37
1081,213,213, 37
1082,213,213, 37
1083,213,213, 37
1084,213,213, 37
1085,213,213, 37
1086,213,213, 37
1087,213,213, 37
1088,213,213, 37
1089,213,213, 37
1090,213,213, 37
1091,212,212, 38
1092,212,212, 38
1093,212,212, 38
1094,212,212, 38
1095,212,212, 38
1096,212,212, 38
1097,212,212, 38
1098,212,212, 38
1099,212,212, 38
1100,212,212, 38
1101,212,212, 38
1102,212,212, 38
1103,212,212, 38
1104,212,212, 38
1105,212,212, 38
1106,212,212, 38
1107,212,212, 38
1108,212,212, 38
1109,212,212, 38
1110,211,211, 39
1111,210,210, 40
1112,210,210, 40
1113,210,210, 40
1114,210,210, 40
1115,210,210, 40
1116,210,210, 40
1117,210,210, 40
1118,210,210, 40
1119,210,210, 40
1120,210,210, 40
1121,210,210, 40
1122,210,210, 40
1123,210,210, 40
1124,210,210, 40
1125,210,210, 40
1126,209,209, 41
1127,209,209, 41
1128,208,208, 42
1129,208,208, 42
1130,208,208, 42
1131,208,208, 42
1132,208,208, 42
1133,208,208, 42
1134,208,208, 42
1135,208,208, 42
1136,208,208, 42
1137,208,208, 42
1138,208,208, 42
1139,208,208, 42
1140,208,208, 42
1141,208,208, 42
1142,208,208, 42
1143,208,208, 42
1144,208,208, 42
1145,208,208, 42
1146,208,208, 42
1147,208,208, 42
1148,208,208, 42
1149,208,208, 42
1150,208,208, 42
1151,208,208, 42
1152,208,208, 42
1153,208,208, 42
1154,208,208, 42
1155,208,208, 42
1156,208,208, 42
1157,208,208, 42
1158,208,208, 42
1159,208,208, 42
1160,208,208, 42
1161,208,208, 42
1162,208,208, 42
1163,208,208, 42
1164,208,208, 42
1165,208,208, 42
1166,208,208, 42
1167,208,208, 42
1168,208,208, 42
1169,208,208, 42
1170,208,208, 42
1171,208,208, 42
1172,208,208, 42
1173,208,208, 42
1174,208,208, 42
1175,208,208, 42
1176,208,208, 42
1177,208,208, 42
1178,208,208, 42
1179,208,208, 42
1180,208,208, 42
1181,208,208, 42
1182,208,208, 42
1183,208,208, 42
1184,208,208, 42
1185,208,208, 42
1186,206,206, 44
1187,206,206, 44
1188,206,206, 44
1189,206,206, 44
1190,206,206, 44
1191,206,206, 44
1192,206,206, 44
1193,206,206, 44
1194,206,206, 44
1195,206,206, 44
1196,206,206, 44
1197,206,206, 44
1198,206,206, 44
1199,206,206, 44
1200,206,206, 44
1201,206,206, 44
1202,206,206, 44
1203,206,206, 44
1204,206,206, 44
1205,206,206, 44
1206,206,206, 44
1207,206,206, 44
1208,206,206, 44
1209,206,206, 44
1210,206,206, 44
1211,206,206, 44
1212,206,206, 44
1213,205,205, 45
1214,205,205, 45
1215,205,205, 45
1216,205,205, 45
1217,205,205, 45
1218,205,205, 45
1219,205,205, 45
1220,205,205, 45
1221,205,205, 45
1222,205,205, 45
1223,205,205, 45
1224,205,205, 45
1225,205,205, 45
1226,205,205, 45
1227,205,205, 45
1228,205,205, 45
1229,205,205, 45
1230,205,205, 45
1231,205,205, 45
1232,205,205, 45
1233,205,205, 45
1234,205,205, 45
1235,205,205, 45
1236,205,205, 45
1237,205,205, 45
1238,205,205, 45
1239,205,205, 45
1240,205,205, 45
1241,205,205, 45
1242,205,205, 45
1243,205,205, 45
1244,205,205, 45
1245,205,205, 45
1246,205,205, 45
1247,205,205, 45
1248,205,205, 45
1249,205,205, 45
1250,205,205, 45
1251,205,205, 45
1252,205,205, 45
1253,205,205, 45
1254,205,205, 45
1255,205,205, 45
1256,205,205, 45
1257,205,205, 45
1258,205,205, 45
1259,205,205, 45
1260,205,205, 45
1261,205,205, 45
1262,205,205, 45
1263,205,205, 45
1264,205,205, 45
1265,205,205, 45
1266,204,204, 46
1267,203,203, 47
1268,203,203, 47
1269,203,203, 47
1270,203,203, 47
1271,203,203, 47
1272,203,203, 47
1273,203,203, 47
1274,203,203, 47
1275,203,203, 47
1276,203,203, 47
1277,203,203, 47
1278,202,202, 48
1279,202,202, 48
1280,202,202, 48
1281,202,202, 48
1282,202,202, 48
1283,202,202, 48
1284,202,202, 48
1285,202,202, 48
1286,202,202, 48
1287,202,202, 48
1288,202,202, 48
1289,202,202, 48
1290,202,202, 48
1291,202,202, 48
1292,202,202, 48
1293,202,202, 48
1294,202,202, 48
1295,202,202, 48
1296,202,202, 48
1297,202,202, 48
1298,202,202, 48
1299,202,202, 48
1300,202,202, 48
1301,202,202, 48
1302,202,202, 48
1303,202,202, 48
1304,202,202, 48
1305,202,202, 48
1306,202,202, 48
1307,202,202, 48
1308,202,202, 48
1309,202,202, 48
1310,202,202, 48
1311,202,202, 48
1312,202,202, 48
1313,202,202, 48
1314,202,202, 48
1315,202,202, 48
1316,202,202, 48
1317,202,202, 48
1318,202,202, 48
1319,202,202, 48
1320,202,202, 48
1321,202,202, 48
1322,202,202, 48
1323,202,202, 48
1324,202,202, 48
1325,202,202, 48
1326,202,202, 48
1327,202,202, 48
1328,202,202, 48
1329,202,202, 48
1330,202,202, 48
1331,202,202, 48
1332,202,202, 48
1333,202,202, 48
1334,202,202, 48
1335,202,202, 48
1336,202,202, 48
1337,202,202, 48
1338,202,202, 48
1339,202,202, 48
1340,202,202, 48
1341,202,202, 48
1342,202,202, 48
1343,202,202, 48
1344,202,202, 48
1345,202,202, 48
1346,202,202, 48
1347,202,202, 48
1348,202,202, 48
1349,202,202, 48
1350,202,202, 48
1351,202,202, 48
1352,202,202, 48
1353,202,202, 48
1354,202,202, 48
1355,202,202, 48
1356,202,202, 48
1357,202,202, 48
1358,202,202, 48
1359,202,202, 48
1360,202,202, 48
1361,202,202, 48
1362,202,202, 48
1363,202,202, 48
1364,202,202, 48
1365,202,202, 48
1366,202,202, 48
1367,202,202, 48
1368,202,202, 48
1369,202,202, 48
1370,202,202, 48
1371,202,202, 48
1372,202,202, 48
1373,202,202, 48
1374,202,202, 48
1375,202,202, 48
1376,202,202, 48
1377,202,202, 48
1378,202,202, 48
1379,202,202, 48
1380,202,202, 48
1381,202,202, 48
1382,202,202, 48
1383,202,202, 48
1384,202,202, 48
1385,202,202, 48
1386,202,202, 48
1387,202,202, 48
1388,202,202, 48
1389,202,202, 48
1390,202,202, 48
1391,202,202, 48
1392,202,202, 48
1393,202,202, 48
1394,202,202, 48
1395,202,202, 48
1396,202,202, 48
1397,202,202, 48
1398,202,202, 48
1399,202,202, 48
1400,202,202, 48
1401,202,202, 48
1402,202,202, 48
1403,202,202, 48
1404,202,202, 48
1405,202,202, 48
1406,202,202, 48
1407,202,202, 48
1408,202,202, 48
1409,202,202, 48
1410,202,202, 48
1411,202,202, 48
1412,202,202, 48
1413,202,202, 48
1414,202,202, 48
1415,202,202, 48
1416,202,202, 48
1417,202,202, 48
1418,202,202, 48
1419,202,202, 48
1420,202,202, 48
1421,202,202, 48
1422,202,202, 48
1423,202,202, 48
1424,202,202, 48
1425,202,202, 48
1426,202,202, 48
1427,202,202, 48
1428,202,202, 48
1429,202,202, 48
1430,202,202, 48
1431,202,202, 48
1432,202,202, 48
1433,202,202, 48
1434,202,202, 48
1435,202,202, 48
1436,202,202, 48
1437,202,202, 48
1438,202,202, 48
1439,202,202, 48
1440,202,202, 48
1441,202,202, 48
1442,202,202, 48
1443,202,202, 48
1444,202,202, 48
1445,202,202, 48
1446,202,202, 48
1447,202,202, 48
1448,202,202, 48
1449,202,202, 48
1450,202,202, 48
1451,202,202, 48
1452,202,202, 48
1453,202,202, 48
1454,202,202, 48
1455,202,202, 48
1456,202,202, 48
1457,202,202, 48
1458,202,202, 48
1459,201,201, 49
1460,201,201, 49
1461,201,201, 49
1462,201,201, 49
1463,201,201, 49
1464,201,201, 49
1465,201,201, 49
1466,201,201, 49
1467,201,201, 49
1468,201,201, 49
1469,200,200, 50
1470,200,200, 50
1471,200,200, 50
1472,200,200, 50
1473,200,200, 50
1474,200,200, 50
1475,200,200, 50
1476,200,200, 50
1477,200,200, 50
1478,200,200, 50
1479,200,200, 50
1480,200,200, 50
1481,200,200, 50
1482,200,200, 50
1483,200,200, 50
1484,200,200, 50
1485,199,199, 51
1486,199,199, 51
1487,199,199, 51
1488,199,199, 51
1489,199,199, 51
1490,199,199, 51
1491,199,199, 51
1492,198,198, 52
1493,198,198, 52
1494,198,198, 52
1495,198,198, 52
1496,198,198, 52
1497,198,198, 52
1498,198,198, 52
1499,198,198, 52
