0,250,250, 0
1,250,250, 0
2,250,250, 0
3,250,250, 0
4,250,250, 0
5,250,250, 0
6,250,250, 0
7,250,250, 0
8,250,250, 0
9,250,250, 0
10,250,250, 0
11,250,250, 0
12,250,250, 0
13,250,250, 0
14,250,250, 0
15,250,250, 0
16,250,250, 0
17,250,250, 0
18,249,249, 1
19,249,249, 1
20,249,249, 1
21,249,249, 1
22,249,249, 1
23,249,249, 1
24,249,249, 1
25,249,249, 1
26,249,249, 1
27,249,249, 1
28,249,249, 1
29,249,249, 1
30,249,249, 1
31,249,249, 1
32,249,249, 1
33,249,249, 1
34,249,249, 1
35,249,249, 1
36,249,249, 1
37,249,249, 1
38,249,249, 1
39,249,249, 1
40,249,249, 1
41,249,249, 1
42,249,249, 1
43,249,249, 1
44,249,249, 1
45,249,249, 1
46,249,249, 1
47,249,249, 1
48,249,249, 1
49,249,249, 1
50,249,249, 1
51,249,249, 1
52,249,249, 1
53,249,249, 1
54,249,249, 1
55,249,249, 1
56,249,249, 1
57,249,249, 1
58,249,249, 1
59,249,249, 1
60,249,249, 1
61,249,249, 1
62,249,249, 1
63,249,249, 1
64,249,249, 1
65,249,249, 1
66,249,249, 1
67,249,249, 1
68,249,249, 1
69,249,249, 1
70,249,249, 1
71,249,249, 1
72,249,249, 1
73,249,249, 1
74,249,249, 1
75,249,249, 1
76,249,249, 1
77,249,249, 1
78,249,249, 1
79,249,249, 1
80,249,249, 1
81,249,249, 1
82,249,249, 1
83,248,248, 2
84,248,248, 2
85,248,248, 2
86,248,248, 2
87,248,248, 2
88,248,248, 2
89,248,248, 2
90,248,248, 2
91,248,248, 2
92,248,248, 2
93,248,248, 2
94,248,248, 2
95,248,248, 2
96,248,248, 2
97,248,248, 2
98,248,248, 2
99,248,248, 2
100,248,248, 2
101,248,248, 2
102,248,248, 2
103,248,248, 2
104,248,248, 2
105,248,248, 2
106,248,248, 2
107,248,248, 2
108,248,248, 2
109,248,248, 2
110,248,248, 2
111,248,248, 2
112,248,248, 2
113,248,248, 2
114,248,248, 2
115,248,248, 2
116,248,248, 2
117,248,248, 2
118,248,248, 2
119,248,248, 2
120,248,248, 2
121,248,248, 2
122,248,248, 2
123,248,248, 2
124,248,248, 2
125,248,248, 2
126,248,248, 2
127,248,248, 2
128,248,248, 2
129,248,248, 2
130,248,248, 2
131,248,248, 2
132,248,248, 2
133,248,248, 2
134,248,248, 2
135,248,248, 2
136,248,248, 2
137,248,248, 2
138,248,248, 2
139,248,248, 2
140,248,248, 2
141,248,248, 2
142,248,248, 2
143,248,248, 2
144,248,248, 2
145,248,248, 2
146,248,248, 2
147,248,248, 2
148,248,248, 2
149,248,248, 2
150,248,248, 2
151,248,248, 2
152,248,248, 2
153,248,248, 2
154,248,248, 2
155,248,248, 2
156,248,248, 2
157,248,248, 2
158,248,248, 2
159,248,248, 2
160,248,248, 2
161,248,248, 2
162,248,248, 2
163,248,248, 2
164,248,248, 2
165,248,248, 2
166,248,248, 2
167,248,248, 2
168,248,248, 2
169,248,248, 2
170,248,248, 2
171,248,248, 2
172,248,248, 2
173,247,247, 3
174,247,247, 3
175,247,247, 3
176,247,247, 3
177,247,247, 3
178,247,247, 3
179,247,247, 3
180,247,247, 3
181,247,247, 3
182,247,247, 3
183,247,247, 3
184,247,247, 3
185,247,247, 3
186,247,247, 3
187,247,247, 3
188,247,247, 3
189,247,247, 3
190,247,247, 3
191,247,247, 3
192,247,247, 3
193,247,247, 3
194,247,247, 3
195,247,247, 3
196,247,247, 3
197,247,247, 3
198,247,247, 3
199,247,247, 3
200,247,247, 3
201,247,247, 3
202,247,247, 3
203,247,247, 3
204,247,247, 3
205,247,247, 3
206,247,247, 3
207,247,247, 3
208,247,247, 3
209,247,247, 3
210,247,247, 3
211,247,247, 3
212,247,247, 3
213,247,247, 3
214,247,247, 3
215,247,247, 3
216,247,247, 3
217,246,246, 4
218,246,246, 4
219,246,246, 4
220,246,246, 4
221,246,246, 4
222,246,246, 4
223,246,246, 4
224,246,246, 4
225,246,246, 4
226,246,246, 4
227,246,246, 4
228,246,246, 4
229,246,246, 4
230,246,246, 4
231,246,246, 4
232,246,246, 4
233,246,246, 4
234,246,246, 4
235,245,245, 5
236,245,245, 5
237,245,245, 5
238,245,245, 5
239,245,245, 5
240,245,245, 5
241,245,245, 5
242,245,245, 5
243,245,245, 5
244,245,245, 5
245,245,245, 5
246,245,245, 5
247,245,245, 5
248,245,245, 5
249,245,245, 5
250,245,245, 5
251,245,245, 5
252,245,245, 5
253,245,245, 5
254,245,245, 5
255,245,245, 5
256,245,245, 5
257,245,245, 5
258,245,245, 5
259,245,245, 5
260,245,245, 5
261,245,245, 5
262,245,245, 5
263,245,245, 5
264,245,245, 5
265,245,245, 5
266,245,245, 5
267,245,245, 5
268,245,245, 5
269,245,245, 5
270,244,244, 6
271,244,244, 6
272,244,244, 6
273,244,244, 6
274,243,243, 7
275,243,243, 7
276,243,243, 7
277,243,243, 7
278,243,243, 7
279,243,243, 7
280,243,243, 7
281,243,243, 7
282,243,243, 7
283,243,243, 7
284,242,242, 8
285,242,242, 8
286,242,242, 8
287,242,242, 8
288,242,242, 8
289,242,242, 8
290,242,242, 8
291,242,242, 8
292,242,242, 8
293,242,242, 8
294,242,242, 8
295,242,242, 8
296,242,242, 8
297,242,242, 8
298,242,242, 8
299,242,242, 8
300,242,242, 8
301,242,242, 8
302,242,242, 8
303,242,242, 8
304,242,242, 8
305,242,242, 8
306,242,242, 8
307,242,242, 8
308,242,242, 8
309,242,242, 8
310,242,242, 8
311,242,242, 8
312,242,242, 8
313,242,242, 8
314,242,242, 8
315,242,242, 8
316,242,242, 8
317,242,242, 8
318,242,242, 8
319,242,242, 8
320,242,242, 8
321,242,242, 8
322,242,242, 8
323,242,242, 8
324,242,242, 8
325,242,242, 8
326,242,242, 8
327,242,242, 8
328,242,242, 8
329,242,242, 8
330,242,242, 8
331,242,242, 8
332,241,241, 9
333,241,241, 9
334,241,241, 9
335,241,241, 9
336,241,241, 9
337,241,241, 9
338,241,241, 9
339,241,241, 9
340,241,241, 9
341,241,241, 9
342,241,241, 9
343,241,241, 9
344,241,241, 9
345,241,241, 9
346,241,241, 9
347,241,241, 9
348,241,241, 9
349,241,241, 9
350,241,241, 9
351,241,241, 9
352,241,241, 9
353,241,241, 9
354,241,241, 9
355,241,241, 9
356,241,241, 9
357,241,241, 9
358,241,241, 9
359,241,241, 9
360,241,241, 9
361,241,241, 9
362,241,241, 9
363,241,241, 9
364,241,241, 9
365,241,241, 9
366,241,241, 9
367,241,241, 9
368,241,241, 9
369,241,241, 9
370,241,241, 9
371,241,241, 9
372,241,241, 9
373,241,241, 9
374,241,241, 9
375,241,241, 9
376,241,241, 9
377,241,241, 9
378,241,241, 9
379,241,241, 9
380,241,241, 9
381,241,241, 9
382,241,241, 9
383,241,241, 9
384,241,241, 9
385,241,241, 9
386,241,241, 9
387,241,241, 9
388,241,241, 9
389,241,241, 9
390,241,241, 9
391,241,241, 9
392,241,241, 9
393,241,241, 9
394,241,241, 9
395,241,241, 9
396,241,241, 9
397,241,241, 9
398,241,241, 9
399,241,241, 9
400,241,241, 9
401,241,241, 9
402,241,241, 9
403,241,241, 9
404,240,240, 10
405,240,240, 10
406,240,240, 10
407,240,240, 10
408,240,240, 10
409,240,240, 10
410,240,240, 10
411,240,240, 10
412,240,240, 10
413,240,240, 10
414,240,240, 10
415,240,240, 10
416,240,240, 10
417,240,240, 10
418,240,240, 10
419,240,240, 10
420,240,240, 10
421,240,240, 10
422,240,240, 10
423,240,240, 10
424,240,240, 10
425,240,240, 10
426,240,240, 10
427,239,239, 11
428,239,239, 11
429,239,239, 11
430,239,239, 11
431,239,239, 11
432,239,239, 11
433,239,239, 11
434,239,239, 11
435,239,239, 11
436,239,239, 11
437,239,239, 11
438,239,239, 11
439,239,239, 11
440,239,239, 11
441,239,239, 11
442,239,239, 11
443,238,238, 12
444,238,238, 12
445,238,238, 12
446,238,238, 12
447,238,238, 12
448,238,238, 12
449,238,238, 12
450,238,238, 12
451,238,238, 12
452,238,238, 12
453,238,238, 12
454,238,238, 12
455,238,238, 12
456,238,238, 12
457,238,238, 12
458,238,238, 12
459,238,238, 12
460,238,238, 12
461,238,238, 12
462,238,238, 12
463,238,238, 12
464,238,238, 12
465,238,238, 12
466,238,238, 12
467,238,238, 12
468,238,238, 12
469,238,238, 12
470,238,238, 12
471,238,238, 12
472,238,238, 12
473,238,238, 12
474,238,238, 12
475,238,238, 12
476,238,238, 12
477,238,238, 12
478,238,238, 12
479,238,238, 12
480,238,238, 12
481,238,238, 12
482,238,238, 12
483,238,238, 12
484,238,238, 12
485,238,238, 12
486,238,238, 12
487,238,238, 12
488,238,238, 12
489,238,238, 12
490,238,238, 12
491,238,238, 12
492,238,238, 12
493,238,238, 12
494,238,238, 12
495,238,238, 12
496,238,238, 12
497,238,238, 12
498,238,238, 12
499,238,238, 12
500,238,238, 12
501,238,238, 12
502,238,238, 12
503,238,238, 12
504,238,238, 12
505,238,238, 12
506,238,238, 12
507,238,238, 12
508,238,238, 12
509,238,238, 12
510,238,238, 12
511,238,238, 12
512,238,238, 12
513,238,238, 12
514,238,238, 12
515,238,238, 12
516,238,238, 12
517,238,238, 12
518,238,238, 12
519,238,238, 12
520,238,238, 12
521,238,238, 12
522,238,238, 12
523,238,238, 12
524,238,238, 12
525,238,238, 12
526,238,238, 12
527,238,238, 12
528,238,238, 12
529,238,238, 12
530,238,238, 12
531,238,238, 12
532,238,238, 12
533,238,238, 12
534,238,238, 12
535,237,237, 13
536,237,237, 13
537,237,237, 13
538,237,237, 13
539,237,237, 13
540,237,237, 13
541,237,237, 13
542,237,237, 13
543,237,237, 13
544,237,237, 13
545,237,237, 13
546,237,237, 13
547,237,237, 13
548,237,237, 13
549,237,237, 13
550,237,237, 13
551,237,237, 13
552,237,237, 13
553,237,237, 13
554,237,237, 13
555,237,237, 13
556,237,237, 13
557,237,237, 13
558,237,237, 13
559,237,237, 13
560,237,237, 13
561,237,237, 13
562,237,237, 13
563,237,237, 13
564,237,237, 13
565,237,237, 13
566,237,237, 13
567,237,237, 13
568,237,237, 13
569,237,237, 13
570,237,237, 13
571,237,237, 13
572,237,237, 13
573,237,237, 13
574,237,237, 13
575,237,237, 13
576,237,237, 13
577,237,237, 13
578,237,237, 13
579,237,237, 13
580,237,237, 13
581,237,237, 13
582,237,237, 13
583,237,237, 13
584,237,237, 13
585,237,237, 13
586,237,237, 13
587,237,237, 13
588,237,237, 13
589,237,237, 13
590,237,237, 13
591,237,237, 13
592,237,237, 13
593,237,237, 13
594,237,237, 13
595,237,237, 13
596,237,237, 13
597,237,237, 13
598,237,237, 13
599,237,237, 13
600,237,237, 13
601,237,237, 13
602,237,237, 13
603,237,237, 13
604,237,237, 13
605,237,237, 13
606,237,237, 13
607,237,237, 13
608,237,237, 13
609,237,237, 13
610,237,237, 13
611,237,237, 13
612,237,237, 13
613,237,237, 13
614,237,237, 13
615,237,237, 13
616,237,237, 13
617,237,237, 13
618,237,237, 13
619,237,237, 13
620,237,237, 13
621,237,237, 13
622,237,237, 13
623,237,237, 13
624,237,237, 13
625,237,237, 13
626,237,237, 13
627,237,237, 13
628,237,237, 13
629,237,237, 13
630,237,237, 13
631,237,237, 13
632,237,237, 13
633,237,237, 13
634,237,237, 13
635,237,237, 13
636,237,237, 13
637,237,237, 13
638,237,237, 13
639,237,237, 13
640,237,237, 13
641,237,237, 13
642,237,237, 13
643,237,237, 13
644,237,237, 13
645,237,237, 13
646,237,237, 13
647,237,237, 13
648,237,237, 13
649,237,237, 13
650,237,237, 13
651,237,237, 13
652,237,237, 13
653,237,237, 13
654,237,237, 13
655,237,237, 13
656,237,237, 13
657,237,237, 13
658,237,237, 13
659,237,237, 13
660,237,237, 13
661,237,237, 13
662,237,237, 13
663,237,237, 13
664,237,237, 13
665,237,237, 13
666,237,237, 13
667,237,237, 13
668,237,237, 13
669,237,237, 13
670,237,237, 13
671,237,237, 13
672,237,237, 13
673,237,237, 13
674,237,237, 13
675,237,237, 13
676,237,237, 13
677,237,237, 13
678,237,237, 13
679,237,237, 13
680,237,237, 13
681,237,237, 13
682,237,237, 13
683,237,237, 13
684,237,237, 13
685,237,237, 13
686,237,237, 13
687,237,237, 13
688,237,237, 13
689,237,237, 13
690,237,237, 13
691,237,237, 13
692,237,237, 13
693,237,237, 13
694,237,237, 13
695,237,237, 13
696,237,237, 13
697,237,237, 13
698,237,237, 13
699,237,237, 13
700,237,237, 13
701,237,237, 13
702,237,237, 13
703,237,237, 13
704,237,237, 13
705,237,237, 13
706,237,237, 13
707,237,237, 13
708,237,237, 13
709,237,237, 13
710,237,237, 13
711,237,237, 13
712,237,237, 13
713,237,237, 13
714,237,237, 13
715,237,237, 13
716,237,237, 13
717,237,237, 13
718,237,237, 13
719,237,237, 13
720,237,237, 13
721,237,237, 13
722,237,237, 13
723,237,237, 13
724,237,237, 13
725,237,237, 13
726,237,237, 13
727,237,237, 13
728,237,237, 13
729,237,237, 13
730,237,237, 13
731,237,237, 13
732,237,237, 13
733,237,237, 13
734,237,237, 13
735,237,237, 13
736,237,237, 13
737,237,237, 13
738,237,237, 13
739,237,237, 13
740,237,237, 13
741,237,237, 13
742,237,237, 13
743,237,237, 13
744,237,237, 13
745,237,237, 13
746,237,237, 13
747,237,237, 13
748,237,237, 13
749,237,237, 13
750,237,237, 13
751,237,237, 13
752,237,237, 13
753,237,237, 13
754,237,237, 13
755,237,237, 13
756,237,237, 13
757,237,237, 13
758,237,237, 13
759,237,237, 13
760,237,237, 13
761,237,237, 13
762,237,237, 13
763,237,237, 13
764,237,237, 13
765,237,237, 13
766,237,237, 13
767,237,237, 13
768,237,237, 13
769,237,237, 13
770,237,237, 13
771,237,237, 13
772,237,237, 13
773,237,237, 13
774,237,237, 13
775,237,237, 13
776,237,237, 13
777,237,237, 13
778,237,237, 13
779,237,237, 13
780,237,237, 13
781,237,237, 13
782,237,237, 13
783,237,237, 13
784,237,237, 13
785,237,237, 13
786,237,237, 13
787,237,237, 13
788,237,237, 13
789,237,237, 13
790,236,236, 14
791,236,236, 14
792,236,236, 14
793,236,236, 14
794,236,236, 14
795,236,236, 14
796,236,236, 14
797,236,236, 14
798,236,236, 14
799,236,236, 14
800,236,236, 14
801,236,236, 14
802,236,236, 14
803,236,236, 14
804,236,236, 14
805,236,236, 14
806,236,236, 14
807,236,236, 14
808,236,236, 14
809,236,236, 14
810,236,236, 14
811,236,236, 14
812,236,236, 14
813,236,236, 14
814,236,236, 14
815,236,236, 14
816,236,236, 14
817,236,236, 14
818,236,236, 14
819,236,236, 14
820,236,236, 14
821,236,236, 14
822,236,236, 14
823,236,236, 14
824,236,236, 14
825,236,236, 14
826,236,236, 14
827,236,236, 14
828,236,236, 14
829,236,236, 14
830,236,236, 14
831,236,236, 14
832,236,236, 14
833,236,236, 14
834,236,236, 14
835,236,236, 14
836,236,236, 14
837,236,236, 14
838,236,236, 14
839,236,236, 14
840,236,236, 14
841,236,236, 14
842,236,236, 14
843,236,236, 14
844,236,236, 14
845,236,236, 14
846,236,236, 14
847,236,236, 14
848,236,236, 14
849,236,236, 14
850,236,236, 14
851,236,236, 14
852,236,236, 14
853,236,236, 14
854,236,236, 14
855,235,235, 15
856,235,235, 15
857,235,235, 15
858,235,235, 15
859,235,235, 15
860,235,235, 15
861,235,235, 15
862,235,235, 15
863,235,235, 15
864,235,235, 15
865,235,235, 15
866,235,235, 15
867,235,235, 15
868,235,235, 15
869,235,235, 15
870,235,235, 15
871,235,235, 15
872,235,235, 15
873,235,235, 15
874,235,235, 15
875,235,235, 15
876,235,235, 15
877,235,235, 15
878,235,235, 15
879,235,235, 15
880,235,235, 15
881,235,235, 15
882,235,235, 15
883,235,235, 15
884,235,235, 15
885,235,235, 15
886,235,235, 15
887,235,235, 15
888,235,235, 15
889,235,235, 15
890,235,235, 15
891,235,235, 15
892,235,235, 15
893,235,235, 15
894,235,235, 15
895,234,234, 16
896,234,234, 16
897,234,234, 16
898,234,234, 16
899,234,234, 16
900,234,234, 16
901,234,234, 16
902,234,234, 16
903,234,234, 16
904,234,234, 16
905,234,234, 16
906,234,234, 16
907,234,234, 16
908,234,234, 16
909,234,234, 16
910,234,234, 16
911,234,234, 16
912,234,234, 16
913,234,234, 16
914,234,234, 16
915,234,234, 16
916,234,234, 16
917,234,234, 16
918,234,234, 16
919,234,234, 16
920,234,234, 16
921,234,234, 16
922,234,234, 16
923,234,234, 16
924,234,234, 16
925,234,234, 16
926,234,234, 16
927,234,234, 16
928,234,234, 16
929,234,234, 16
930,234,234, 16
931,234,234, 16
932,234,234, 16
933,234,234, 16
934,234,234, 16
935,234,234, 16
936,234,234, 16
937,234,234, 16
938,234,234, 16
939,234,234, 16
940,234,234, 16
941,234,234, 16
942,234,234, 16
943,234,234, 16
944,234,234, 16
945,234,234, 16
946,234,234, 16
947,234,234, 16
948,234,234, 16
949,234,234, 16
950,234,234, 16
951,234,234, 16
952,234,234, 16
953,234,234, 16
954,234,234, 16
955,234,234, 16
956,234,234, 16
957,234,234, 16
958,234,234, 16
959,234,234, 16
960,234,234, 16
961,234,234, 16
962,234,234, 16
963,234,234, 16
964,234,234, 16
965,234,234, 16
966,234,234, 16
967,234,234, 16
968,234,234, 16
969,234,234, 16
970,234,234, 16
971,234,234, 16
972,234,234, 16
973,234,234, 16
974,234,234, 16
975,234,234, 16
976,234,234, 16
977,234,234, 16
978,234,234, 16
979,234,234, 16
980,234,234, 16
981,234,234, 16
982,234,234, 16
983,234,234, 16
984,234,234, 16
985,234,234, 16
986,234,234, 16
987,234,234, 16
988,234,234, 16
989,234,234, 16
990,234,234, 16
991,234,234, 16
992,234,234, 16
993,234,234, 16
994,234,234, 16
995,234,234, 16
996,234,234, 16
997,234,234, 16
998,234,234, 16
999,234,234, 16
1000,234,234, 16
1001,234,234, 16
1002,234,234, 16
1003,234,234, 16
1004,234,234, 16
1005,234,234, 16
1006,234,234, 16
1007,234,234, 16
1008,234,234, 16
1009,234,234, 16
1010,234,234, 16
1011,234,234, 16
1012,234,234, 16
1013,234,234, 16
1014,234,234, 16
1015,234,234, 16
1016,234,234, 16
1017,234,234, 16
1018,234,234, 16
1019,234,234, 16
1020,234,234, 16
1021,234,234, 16
1022,234,234, 16
1023,234,234, 16
1024,234,234, 16
1025,234,234, 16
1026,234,234, 16
1027,234,234, 16
1028,234,234, 16
1029,234,234, 16
1030,234,234, 16
1031,234,234, 16
1032,234,234, 16
1033,234,234, 16
1034,234,234, 16
1035,234,234, 16
1036,234,234, 16
1037,234,234, 16
1038,234,234, 16
1039,234,234, 16
1040,234,234, 16
1041,234,234, 16
1042,234,234, 16
1043,234,234, 16
1044,234,234, 16
1045,234,234, 16
1046,234,234, 16
1047,234,234, 16
1048,234,234, 16
1049,234,234, 16
1050,234,234, 16
1051,234,234, 16
1052,234,234, 16
1053,234,234, 16
1054,234,234, 16
1055,234,234, 16
1056,234,234, 16
1057,234,234, 16
1058,234,234, 16
1059,234,234, 16
1060,234,234, 16
1061,234,234, 16
1062,234,234, 16
1063,234,234, 16
1064,234,234, 16
1065,234,234, 16
1066,234,234, 16
1067,234,234, 16
1068,234,234, 16
1069,234,234, 16
1070,234,234, 16
1071,234,234, 16
1072,234,234, 16
1073,234,234, 16
1074,234,234, 16
1075,234,234, 16
1076,234,234, 16
1077,234,234, 16
1078,234,234, 16
1079,234,234, 16
1080,234,234, 16
1081,234,234, 16
1082,234,234, 16
1083,234,234, 16
1084,234,234, 16
1085,234,234, 16
1086,234,234, 16
1087,234,234, 16
1088,234,234, 16
1089,234,234, 16
1090,234,234, 16
1091,234,234, 16
1092,234,234, 16
1093,234,234, 16
1094,234,234, 16
1095,234,234, 16
1096,234,234, 16
1097,234,234, 16
1098,234,234, 16
1099,234,234, 16
1100,234,234, 16
1101,234,234, 16
1102,234,234, 16
1103,234,234, 16
1104,234,234, 16
1105,234,234, 16
1106,234,234, 16
1107,234,234, 16
1108,234,234, 16
1109,234,234, 16
1110,234,234, 16
1111,234,234, 16
1112,234,234, 16
1113,234,234, 16
1114,234,234, 16
1115,234,234, 16
1116,234,234, 16
1117,234,234, 16
1118,234,234, 16
1119,234,234, 16
1120,234,234, 16
1121,234,234, 16
1122,234,234, 16
1123,234,234, 16
1124,234,234, 16
1125,234,234, 16
1126,234,234, 16
1127,234,234, 16
1128,234,234, 16
1129,234,234, 16
1130,234,234, 16
1131,234,234, 16
1132,234,234, 16
1133,234,234, 16
1134,234,234, 16
1135,234,234, 16
1136,234,234, 16
1137,234,234, 16
1138,234,234, 16
1139,234,234, 16
1140,234,234, 16
1141,234,234, 16
1142,234,234, 16
1143,234,234, 16
1144,234,234, 16
1145,234,234, 16
1146,234,234, 16
1147,234,234, 16
1148,234,234, 16
1149,234,234, 16
1150,234,234, 16
1151,234,234, 16
1152,234,234, 16
1153,234,234, 16
1154,234,234, 16
1155,234,234, 16
1156,234,234, 16
1157,234,234, 16
1158,234,234, 16
1159,234,234, 16
1160,234,234, 16
1161,234,234, 16
1162,234,234, 16
1163,234,234, 16
1164,234,234, 16
1165,234,234, 16
1166,234,234, 16
1167,234,234, 16
1168,234,234, 16
1169,234,234, 16
1170,234,234, 16
1171,234,234, 16
1172,234,234, 16
1173,234,234, 16
1174,234,234, 16
1175,234,234, 16
1176,234,234, 16
1177,234,234, 16
1178,234,234, 16
1179,234,234, 16
1180,234,234, 16
1181,234,234, 16
1182,234,234, 16
1183,234,234, 16
1184,234,234, 16
1185,234,234, 16
1186,234,234, 16
1187,234,234, 16
1188,234,234, 16
1189,234,234, 16
1190,234,234, 16
1191,234,234, 16
1192,234,234, 16
1193,234,234, 16
1194,234,234, 16
1195,234,234, 16
1196,234,234, 16
1197,234,234, 16
1198,234,234, 16
1199,234,234, 16
1200,234,234, 16
1201,234,234, 16
1202,234,234, 16
1203,234,234, 16
1204,234,234, 16
1205,234,234, 16
1206,234,234, 16
1207,234,234, 16
1208,234,234, 16
1209,234,234, 16
1210,234,234, 16
1211,234,234, 16
1212,234,234, 16
1213,234,234, 16
1214,234,234, 16
1215,234,234, 16
1216,234,234, 16
1217,234,234, 16
1218,234,234, 16
1219,234,234, 16
1220,234,234, 16
1221,234,234, 16
1222,234,234, 16
1223,234,234, 16
1224,234,234, 16
1225,234,234, 16
1226,234,234, 16
1227,234,234, 16
1228,234,234, 16
1229,234,234, 16
1230,234,234, 16
1231,234,234, 16
1232,234,234, 16
1233,234,234, 16
1234,234,234, 16
1235,234,234, 16
1236,234,234, 16
1237,234,234, 16
1238,234,234, 16
1239,234,234, 16
1240,234,234, 16
1241,234,234, 16
1242,234,234, 16
1243,234,234, 16
1244,234,234, 16
1245,234,234, 16
1246,234,234, 16
1247,234,234, 16
1248,234,234, 16
1249,234,234, 16
1250,234,234, 16
1251,234,234, 16
1252,234,234, 16
1253,234,234, 16
1254,234,234, 16
1255,234,234, 16
1256,234,234, 16
1257,234,234, 16
1258,234,234, 16
1259,234,234, 16
1260,234,234, 16
1261,234,234, 16
1262,234,234, 16
1263,234,234, 16
1264,234,234, 16
1265,234,234, 16
1266,234,234, 16
1267,234,234, 16
1268,234,234, 16
1269,234,234, 16
1270,233,233, 17
1271,233,233, 17
1272,233,233, 17
1273,233,233, 17
1274,233,233, 17
1275,233,233, 17
1276,233,233, 17
1277,233,233, 17
1278,233,233, 17
1279,233,233, 17
1280,233,233, 17
1281,233,233, 17
1282,233,233, 17
1283,233,233, 17
1284,233,233, 17
1285,233,233, 17
1286,233,233, 17
1287,233,233, 17
1288,233,233, 17
1289,233,233, 17
1290,233,233, 17
1291,233,233, 17
1292,233,233, 17
1293,233,233, 17
1294,233,233, 17
1295,233,233, 17
1296,233,233, 17
1297,233,233, 17
1298,233,233, 17
1299,233,233, 17
1300,233,233, 17
1301,233,233, 17
1302,233,233, 17
1303,233,233, 17
1304,233,233, 17
1305,233,233, 17
1306,233,233, 17
1307,233,233, 17
1308,233,233, 17
1309,233,233, 17
1310,233,233, 17
1311,233,233, 17
1312,233,233, 17
1313,233,233, 17
1314,233,233, 17
1315,233,233, 17
1316,233,233, 17
1317,233,233, 17
1318,233,233, 17
1319,233,233, 17
1320,233,233, 17
1321,233,233, 17
1322,233,233, 17
1323,233,233, 17
1324,233,233, 17
1325,233,233, 17
1326,233,233, 17
1327,233,233, 17
1328,233,233, 17
1329,233,233, 17
1330,233,233, 17
1331,233,233, 17
1332,233,233, 17
1333,233,233, 17
1334,233,233, 17
1335,233,233, 17
1336,233,233, 17
1337,233,233, 17
1338,233,233, 17
1339,233,233, 17
1340,233,233, 17
1341,233,233, 17
1342,233,233, 17
1343,233,233, 17
1344,233,233, 17
1345,233,233, 17
1346,233,233, 17
1347,233,233, 17
1348,233,233, 17
1349,233,233, 17
1350,233,233, 17
1351,233,233, 17
1352,233,233, 17
1353,233,233, 17
1354,233,233, 17
1355,233,233, 17
1356,233,233, 17
1357,233,233, 17
1358,233,233, 17
1359,233,233, 17
1360,233,233, 17
1361,233,233, 17
1362,233,233, 17
1363,233,233, 17
1364,233,233, 17
1365,233,233, 17
1366,233,233, 17
1367,233,233, 17
1368,233,233, 17
1369,233,233, 17
1370,233,233, 17
1371,233,233, 17
1372,233,233, 17
1373,233,233, 17
1374,233,233, 17
1375,233,233, 17
1376,233,233, 17
1377,233,233, 17
1378,233,233, 17
1379,233,233, 17
1380,233,233, 17
1381,233,233, 17
1382,233,233, 17
1383,233,233, 17
1384,233,233, 17
1385,233,233, 17
1386,233,233, 17
1387,233,233, 17
1388,233,233, 17
1389,233,233, 17
1390,233,233, 17
1391,233,233, 17
1392,233,233, 17
1393,233,233, 17
1394,233,233, 17
1395,233,233, 17
1396,233,233, 17
1397,233,233, 17
1398,233,233, 17
1399,233,233, 17
1400,233,233, 17
1401,233,233, 17
1402,233,233, 17
1403,233,233, 17
1404,233,233, 17
1405,233,233, 17
1406,233,233, 17
1407,233,233, 17
1408,233,233, 17
1409,233,233, 17
1410,233,233, 17
1411,233,233, 17
1412,233,233, 17
1413,233,233, 17
1414,233,233, 17
1415,233,233, 17
1416,233,233, 17
1417,233,233, 17
1418,233,233, 17
1419,233,233, 17
1420,233,233, 17
1421,233,233, 17
1422,233,233, 17
1423,233,233, 17
1424,233,233, 17
1425,233,233, 17
1426,233,233, 17
1427,233,233, 17
1428,233,233, 17
1429,233,233, 17
1430,233,233, 17
1431,233,233, 17
1432,233,233, 17
1433,233,233, 17
1434,233,233, 17
1435,233,233, 17
1436,233,233, 17
1437,233,233, 17
1438,233,233, 17
1439,233,233, 17
1440,233,233, 17
1441,233,233, 17
1442,233,233, 17
1443,233,233, 17
1444,233,233, 17
1445,233,233, 17
1446,233,233, 17
1447,233,233, 17
1448,233,233, 17
1449,233,233, 17
1450,233,233, 17
1451,233,233, 17
1452,233,233, 17
1453,233,233, 17
1454,233,233, 17
1455,233,233, 17
1456,233,233, 17
1457,233,233, 17
1458,233,233, 17
1459,233,233, 17
1460,233,233, 17
1461,233,233, 17
1462,233,233, 17
1463,233,233, 17
1464,233,233, 17
1465,233,233, 17
1466,233,233, 17
1467,233,233, 17
1468,233,233, 17
1469,233,233, 17
1470,233,233, 17
1471,233,233, 17
1472,233,233, 17
1473,233,233, 17
1474,233,233, 17
1475,233,233, 17
1476,233,233, 17
1477,233,233, 17
1478,233,233, 17
1479,233,233, 17
1480,233,233, 17
1481,232,232, 18
1482,232,232, 18
1483,232,232, 18
1484,232,232, 18
1485,232,232, 18
1486,232,232, 18
1487,232,232, 18
1488,232,232, 18
1489,232,232, 18
1490,232,232, 18
1491,232,232, 18
1492,232,232, 18
1493,232,232, 18
1494,232,232, 18
1495,232,232, 18
1496,232,232, 18
1497,232,232, 18
1498,232,232, 18
1499,232,232, 18
