0,250,250, 0
1,250,250, 0
2,250,250, 0
3,250,250, 0
4,250,250, 0
5,250,250, 0
6,250,250, 0
7,250,250, 0
8,250,250, 0
9,250,250, 0
10,250,250, 0
11,250,250, 0
12,250,250, 0
13,250,250, 0
14,250,250, 0
15,249,249, 1
16,249,249, 1
17,249,249, 1
18,248,248, 2
19,248,248, 2
20,248,248, 2
21,248,248, 2
22,248,248, 2
23,248,248, 2
24,248,248, 2
25,248,248, 2
26,248,248, 2
27,248,248, 2
28,248,248, 2
29,248,248, 2
30,248,248, 2
31,248,248, 2
32,248,248, 2
33,248,248, 2
34,247,247, 3
35,247,247, 3
36,247,247, 3
37,247,247, 3
38,247,247, 3
39,247,247, 3
40,247,247, 3
41,247,247, 3
42,247,247, 3
43,246,246, 4
44,246,246, 4
45,246,246, 4
46,246,246, 4
47,246,246, 4
48,246,246, 4
49,246,246, 4
50,246,246, 4
51,246,246, 4
52,246,246, 4
53,246,246, 4
54,246,246, 4
55,246,246, 4
56,246,246, 4
57,246,246, 4
58,246,246, 4
59,246,246, 4
60,246,246, 4
61,246,246, 4
62,246,246, 4
63,246,246, 4
64,246,246, 4
65,246,246, 4
66,246,246, 4
67,246,246, 4
68,246,246, 4
69,246,246, 4
70,246,246, 4
71,246,246, 4
72,246,246, 4
73,246,246, 4
74,246,246, 4
75,246,246, 4
76,246,246, 4
77,246,246, 4
78,246,246, 4
79,246,246, 4
80,246,246, 4
81,246,246, 4
82,246,246, 4
83,246,246, 4
84,246,246, 4
85,246,246, 4
86,246,246, 4
87,246,246, 4
88,246,246, 4
89,246,246, 4
90,246,246, 4
91,246,246, 4
92,246,246, 4
93,246,246, 4
94,246,246, 4
95,246,246, 4
96,246,246, 4
97,246,246, 4
98,246,246, 4
99,246,246, 4
100,246,246, 4
101,246,246, 4
102,246,246, 4
103,246,246, 4
104,246,246, 4
105,246,246, 4
106,246,246, 4
107,246,246, 4
108,246,246, 4
109,246,246, 4
110,246,246, 4
111,246,246, 4
112,246,246, 4
113,246,246, 4
114,246,246, 4
115,246,246, 4
116,246,246, 4
117,246,246, 4
118,246,246, 4
119,246,246, 4
120,246,246, 4
121,246,246, 4
122,246,246, 4
123,246,246, 4
124,246,246, 4
125,246,246, 4
126,246,246, 4
127,246,246, 4
128,246,246, 4
129,246,246, 4
130,246,246, 4
131,246,246, 4
132,245,245, 5
133,245,245, 5
134,245,245, 5
135,245,245, 5
136,245,245, 5
137,245,245, 5
138,245,245, 5
139,245,245, 5
140,245,245, 5
141,245,245, 5
142,245,245, 5
143,245,245, 5
144,245,245, 5
145,245,245, 5
146,245,245, 5
147,245,245, 5
148,245,245, 5
149,245,245, 5
150,245,245, 5
151,245,245, 5
152,245,245, 5
153,245,245, 5
154,245,245, 5
155,245,245, 5
156,245,245, 5
157,245,245, 5
158,245,245, 5
159,245,245, 5
160,245,245, 5
161,245,245, 5
162,245,245, 5
163,245,245, 5
164,245,245, 5
165,245,245, 5
166,245,245, 5
167,245,245, 5
168,245,245, 5
169,245,245, 5
170,245,245, 5
171,245,245, 5
172,245,245, 5
173,245,245, 5
174,245,245, 5
175,245,245, 5
176,245,245, 5
177,245,245, 5
178,245,245, 5
179,245,245, 5
180,245,245, 5
181,245,245, 5
182,245,245, 5
183,244,244, 6
184,244,244, 6
185,244,244, 6
186,244,244, 6
187,244,244, 6
188,244,244, 6
189,244,244, 6
190,244,244, 6
191,244,244, 6
192,244,244, 6
193,244,244, 6
194,244,244, 6
195,244,244, 6
196,244,244, 6
197,244,244, 6
198,244,244, 6
199,244,244, 6
200,244,244, 6
201,244,244, 6
202,243,243, 7
203,243,243, 7
204,243,243, 7
205,243,243, 7
206,243,243, 7
207,243,243, 7
208,243,243, 7
209,243,243, 7
210,243,243, 7
211,243,243, 7
212,243,243, 7
213,243,243, 7
214,243,243, 7
215,243,243, 7
216,243,243, 7
217,243,243, 7
218,243,243, 7
219,243,243, 7
220,243,243, 7
221,243,243, 7
222,243,243, 7
223,243,243, 7
224,243,243, 7
225,243,243, 7
226,243,243, 7
227,243,243, 7
228,243,243, 7
229,243,243, 7
230,243,243, 7
231,243,243, 7
232,243,243, 7
233,243,243, 7
234,243,243, 7
235,243,243, 7
236,243,243, 7
237,243,243, 7
238,243,243, 7
239,243,243, 7
240,243,243, 7
241,243,243, 7
242,243,243, 7
243,243,243, 7
244,243,243, 7
245,243,243, 7
246,243,243, 7
247,243,243, 7
248,243,243, 7
249,242,242, 8
250,242,242, 8
251,242,242, 8
252,242,242, 8
253,242,242, 8
254,242,242, 8
255,242,242, 8
256,242,242, 8
257,242,242, 8
258,242,242, 8
259,242,242, 8
260,242,242, 8
261,241,241, 9
262,241,241, 9
263,241,241, 9
264,241,241, 9
265,241,241, 9
266,241,241, 9
267,241,241, 9
268,241,241, 9
269,241,241, 9
270,241,241, 9
271,241,241, 9
272,241,241, 9
273,241,241, 9
274,241,241, 9
275,241,241, 9
276,241,241, 9
277,241,241, 9
278,240,240, 10
279,240,240, 10
280,240,240, 10
281,240,240, 10
282,240,240, 10
283,240,240, 10
284,240,240, 10
285,240,240, 10
286,239,239, 11
287,239,239, 11
288,239,239, 11
289,239,239, 11
290,239,239, 11
291,239,239, 11
292,239,239, 11
293,239,239, 11
294,239,239, 11
295,239,239, 11
296,239,239, 11
297,239,239, 11
298,239,239, 11
299,239,239, 11
300,239,239, 11
301,239,239, 11
302,239,239, 11
303,239,239, 11
304,239,239, 11
305,239,239, 11
306,239,239, 11
307,239,239, 11
308,239,239, 11
309,239,239, 11
310,238,238, 12
311,238,238, 12
312,238,238, 12
313,238,238, 12
314,238,238, 12
315,238,238, 12
316,238,238, 12
317,238,238, 12
318,238,238, 12
319,238,238, 12
320,238,238, 12
321,238,238, 12
322,238,238, 12
323,238,238, 12
324,238,238, 12
325,238,238, 12
326,238,238, 12
327,238,238, 12
328,238,238, 12
329,238,238, 12
330,238,238, 12
331,238,238, 12
332,238,238, 12
333,238,238, 12
334,238,238, 12
335,238,238, 12
336,238,238, 12
337,238,238, 12
338,238,238, 12
339,238,238, 12
340,238,238, 12
341,238,238, 12
342,238,238, 12
343,238,238, 12
344,238,238, 12
345,238,238, 12
346,238,238, 12
347,238,238, 12
348,238,238, 12
349,238,238, 12
350,238,238, 12
351,238,238, 12
352,237,237, 13
353,237,237, 13
354,237,237, 13
355,237,237, 13
356,236,236, 14
357,236,236, 14
358,236,236, 14
359,236,236, 14
360,236,236, 14
361,236,236, 14
362,236,236, 14
363,236,236, 14
364,236,236, 14
365,236,236, 14
366,236,236, 14
367,236,236, 14
368,236,236, 14
369,236,236, 14
370,236,236, 14
371,236,236, 14
372,236,236, 14
373,236,236, 14
374,236,236, 14
375,236,236, 14
376,236,236, 14
377,236,236, 14
378,236,236, 14
379,236,236, 14
380,236,236, 14
381,236,236, 14
382,236,236, 14
383,236,236, 14
384,236,236, 14
385,236,236, 14
386,236,236, 14
387,236,236, 14
388,236,236, 14
389,236,236, 14
390,236,236, 14
391,236,236, 14
392,236,236, 14
393,236,236, 14
394,236,236, 14
395,236,236, 14
396,236,236, 14
397,236,236, 14
398,236,236, 14
399,236,236, 14
400,236,236, 14
401,236,236, 14
402,236,236, 14
403,236,236, 14
404,236,236, 14
405,236,236, 14
406,236,236, 14
407,236,236, 14
408,236,236, 14
409,236,236, 14
410,236,236, 14
411,236,236, 14
412,236,236, 14
413,236,236, 14
414,236,236, 14
415,236,236, 14
416,236,236, 14
417,236,236, 14
418,236,236, 14
419,236,236, 14
420,236,236, 14
421,236,236, 14
422,236,236, 14
423,236,236, 14
424,236,236, 14
425,236,236, 14
426,236,236, 14
427,236,236, 14
428,236,236, 14
429,236,236, 14
430,236,236, 14
431,236,236, 14
432,236,236, 14
433,236,236, 14
434,236,236, 14
435,236,236, 14
436,236,236, 14
437,236,236, 14
438,236,236, 14
439,236,236, 14
440,236,236, 14
441,235,235, 15
442,235,235, 15
443,235,235, 15
444,235,235, 15
445,235,235, 15
446,235,235, 15
447,235,235, 15
448,235,235, 15
449,235,235, 15
450,235,235, 15
451,235,235, 15
452,235,235, 15
453,235,235, 15
454,235,235, 15
455,235,235, 15
456,235,235, 15
457,235,235, 15
458,235,235, 15
459,235,235, 15
460,235,235, 15
461,235,235, 15
462,235,235, 15
463,235,235, 15
464,235,235, 15
465,235,235, 15
466,235,235, 15
467,235,235, 15
468,235,235, 15
469,235,235, 15
470,235,235, 15
471,235,235, 15
472,235,235, 15
473,235,235, 15
474,235,235, 15
475,235,235, 15
476,235,235, 15
477,235,235, 15
478,235,235, 15
479,235,235, 15
480,235,235, 15
481,235,235, 15
482,235,235, 15
483,235,235, 15
484,235,235, 15
485,235,235, 15
486,235,235, 15
487,235,235, 15
488,235,235, 15
489,235,235, 15
490,235,235, 15
491,235,235, 15
492,235,235, 15
493,235,235, 15
494,235,235, 15
495,234,234, 16
496,234,234, 16
497,234,234, 16
498,234,234, 16
499,234,234, 16
500,234,234, 16
501,234,234, 16
502,234,234, 16
503,234,234, 16
504,233,233, 17
505,233,233, 17
506,233,233, 17
507,233,233, 17
508,233,233, 17
509,233,233, 17
510,233,233, 17
511,233,233, 17
512,232,232, 18
513,232,232, 18
514,232,232, 18
515,232,232, 18
516,232,232, 18
517,232,232, 18
518,232,232, 18
519,232,232, 18
520,232,232, 18
521,232,232, 18
522,232,232, 18
523,232,232, 18
524,232,232, 18
525,232,232, 18
526,232,232, 18
527,232,232, 18
528,232,232, 18
529,232,232, 18
530,232,232, 18
531,232,232, 18
532,232,232, 18
533,232,232, 18
534,232,232, 18
535,232,232, 18
536,232,232, 18
537,232,232, 18
538,232,232, 18
539,232,232, 18
540,232,232, 18
541,232,232, 18
542,232,232, 18
543,232,232, 18
544,232,232, 18
545,232,232, 18
546,232,232, 18
547,232,232, 18
548,232,232, 18
549,232,232, 18
550,231,231, 19
551,230,230, 20
552,230,230, 20
553,230,230, 20
554,230,230, 20
555,230,230, 20
556,230,230, 20
557,230,230, 20
558,230,230, 20
559,230,230, 20
560,230,230, 20
561,230,230, 20
562,230,230, 20
563,230,230, 20
564,230,230, 20
565,230,230, 20
566,230,230, 20
567,230,230, 20
568,230,230, 20
569,230,230, 20
570,230,230, 20
571,230,230, 20
572,230,230, 20
573,230,230, 20
574,230,230, 20
575,229,229, 21
576,229,229, 21
577,229,229, 21
578,229,229, 21
579,229,229, 21
580,229,229, 21
581,229,229, 21
582,229,229, 21
583,229,229, 21
584,228,228, 22
585,228,228, 22
586,228,228, 22
587,228,228, 22
588,228,228, 22
589,228,228, 22
590,228,228, 22
591,228,228, 22
592,228,228, 22
593,228,228, 22
594,228,228, 22
595,228,228, 22
596,228,228, 22
597,228,228, 22
598,228,228, 22
599,228,228, 22
600,228,228, 22
601,228,228, 22
602,228,228, 22
603,228,228, 22
604,228,228, 22
605,228,228, 22
606,228,228, 22
607,228,228, 22
608,228,228, 22
609,228,228, 22
610,227,227, 23
611,227,227, 23
612,227,227, 23
613,227,227, 23
614,227,227, 23
615,227,227, 23
616,227,227, 23
617,227,227, 23
618,227,227, 23
619,227,227, 23
620,227,227, 23
621,227,227, 23
622,227,227, 23
623,227,227, 23
624,227,227, 23
625,227,227, 23
626,227,227, 23
627,227,227, 23
628,227,227, 23
629,227,227, 23
630,227,227, 23
631,227,227, 23
632,227,227, 23
633,227,227, 23
634,227,227, 23
635,227,227, 23
636,227,227, 23
637,227,227, 23
638,227,227, 23
639,227,227, 23
640,227,227, 23
641,227,227, 23
642,227,227, 23
643,227,227, 23
644,227,227, 23
645,227,227, 23
646,227,227, 23
647,227,227, 23
648,227,227, 23
649,227,227, 23
650,227,227, 23
651,227,227, 23
652,227,227, 23
653,227,227, 23
654,227,227, 23
655,227,227, 23
656,227,227, 23
657,227,227, 23
658,227,227, 23
659,227,227, 23
660,227,227, 23
661,227,227, 23
662,227,227, 23
663,227,227, 23
664,226,226, 24
665,226,226, 24
666,226,226, 24
667,226,226, 24
668,226,226, 24
669,226,226, 24
670,226,226, 24
671,226,226, 24
672,226,226, 24
673,226,226, 24
674,226,226, 24
675,226,226, 24
676,226,226, 24
677,226,226, 24
678,226,226, 24
679,226,226, 24
680,226,226, 24
681,226,226, 24
682,226,226, 24
683,226,226, 24
684,226,226, 24
685,226,226, 24
686,226,226, 24
687,226,226, 24
688,226,226, 24
689,226,226, 24
690,226,226, 24
691,226,226, 24
692,226,226, 24
693,226,226, 24
694,226,226, 24
695,226,226, 24
696,226,226, 24
697,226,226, 24
698,226,226, 24
699,226,226, 24
700,226,226, 24
701,226,226, 24
702,226,226, 24
703,226,226, 24
704,226,226, 24
705,226,226, 24
706,226,226, 24
707,226,226, 24
708,226,226, 24
709,226,226, 24
710,226,226, 24
711,226,226, 24
712,226,226, 24
713,226,226, 24
714,226,226, 24
715,226,226, 24
716,226,226, 24
717,226,226, 24
718,226,226, 24
719,226,226, 24
720,226,226, 24
721,226,226, 24
722,226,226, 24
723,226,226, 24
724,226,226, 24
725,226,226, 24
726,226,226, 24
727,226,226, 24
728,226,226, 24
729,226,226, 24
730,226,226, 24
731,226,226, 24
732,226,226, 24
733,226,226, 24
734,226,226, 24
735,226,226, 24
736,226,226, 24
737,226,226, 24
738,226,226, 24
739,226,226, 24
740,226,226, 24
741,226,226, 24
742,226,226, 24
743,226,226, 24
744,226,226, 24
745,226,226, 24
746,226,226, 24
747,226,226, 24
748,226,226, 24
749,226,226, 24
750,226,226, 24
751,226,226, 24
752,226,226, 24
753,226,226, 24
754,226,226, 24
755,226,226, 24
756,226,226, 24
757,226,226, 24
758,226,226, 24
759,226,226, 24
760,226,226, 24
761,226,226, 24
762,226,226, 24
763,226,226, 24
764,226,226, 24
765,226,226, 24
766,225,225, 25
767,225,225, 25
768,225,225, 25
769,225,225, 25
770,225,225, 25
771,225,225, 25
772,225,225, 25
773,225,225, 25
774,225,225, 25
775,225,225, 25
776,225,225, 25
777,225,225, 25
778,225,225, 25
779,225,225, 25
780,225,225, 25
781,225,225, 25
782,225,225, 25
783,225,225, 25
784,225,225, 25
785,225,225, 25
786,225,225, 25
787,225,225, 25
788,225,225, 25
789,225,225, 25
790,225,225, 25
791,225,225, 25
792,225,225, 25
793,225,225, 25
794,225,225, 25
795,225,225, 25
796,225,225, 25
797,225,225, 25
798,225,225, 25
799,225,225, 25
800,225,225, 25
801,225,225, 25
802,225,225, 25
803,225,225, 25
804,225,225, 25
805,225,225, 25
806,225,225, 25
807,225,225, 25
808,225,225, 25
809,225,225, 25
810,225,225, 25
811,225,225, 25
812,225,225, 25
813,225,225, 25
814,225,225, 25
815,225,225, 25
816,225,225, 25
817,225,225, 25
818,225,225, 25
819,225,225, 25
820,225,225, 25
821,225,225, 25
822,225,225, 25
823,225,225, 25
824,225,225, 25
825,225,225, 25
826,224,224, 26
827,224,224, 26
828,224,224, 26
829,224,224, 26
830,224,224, 26
831,224,224, 26
832,224,224, 26
833,224,224, 26
834,224,224, 26
835,224,224, 26
836,224,224, 26
837,224,224, 26
838,224,224, 26
839,224,224, 26
840,224,224, 26
841,224,224, 26
842,224,224, 26
843,224,224, 26
844,224,224, 26
845,224,224, 26
846,224,224, 26
847,224,224, 26
848,224,224, 26
849,224,224, 26
850,224,224, 26
851,224,224, 26
852,224,224, 26
853,224,224, 26
854,224,224, 26
855,224,224, 26
856,224,224, 26
857,224,224, 26
858,224,224, 26
859,224,224, 26
860,224,224, 26
861,224,224, 26
862,224,224, 26
863,224,224, 26
864,224,224, 26
865,224,224, 26
866,224,224, 26
867,224,224, 26
868,224,224, 26
869,224,224, 26
870,224,224, 26
871,224,224, 26
872,224,224, 26
873,224,224, 26
874,224,224, 26
875,224,224, 26
876,224,224, 26
877,224,224, 26
878,224,224, 26
879,224,224, 26
880,224,224, 26
881,224,224, 26
882,224,224, 26
883,224,224, 26
884,224,224, 26
885,224,224, 26
886,224,224, 26
887,224,224, 26
888,224,224, 26
889,224,224, 26
890,224,224, 26
891,224,224, 26
892,224,224, 26
893,224,224, 26
894,224,224, 26
895,224,224, 26
896,224,224, 26
897,224,224, 26
898,224,224, 26
899,224,224, 26
900,224,224, 26
901,224,224, 26
902,224,224, 26
903,224,224, 26
904,224,224, 26
905,224,224, 26
906,224,224, 26
907,224,224, 26
908,224,224, 26
909,224,224, 26
910,224,224, 26
911,224,224, 26
912,224,224, 26
913,224,224, 26
914,224,224, 26
915,224,224, 26
916,224,224, 26
917,224,224, 26
918,224,224, 26
919,224,224, 26
920,224,224, 26
921,224,224, 26
922,224,224, 26
923,224,224, 26
924,224,224, 26
925,224,224, 26
926,224,224, 26
927,224,224, 26
928,224,224, 26
929,224,224, 26
930,224,224, 26
931,224,224, 26
932,224,224, 26
933,224,224, 26
934,224,224, 26
935,224,224, 26
936,224,224, 26
937,224,224, 26
938,224,224, 26
939,224,224, 26
940,224,224, 26
941,224,224, 26
942,224,224, 26
943,224,224, 26
944,224,224, 26
945,224,224, 26
946,224,224, 26
947,224,224, 26
948,224,224, 26
949,224,224, 26
950,224,224, 26
951,224,224, 26
952,224,224, 26
953,224,224, 26
954,224,224, 26
955,224,224, 26
956,224,224, 26
957,224,224, 26
958,224,224, 26
959,224,224, 26
960,224,224, 26
961,224,224, 26
962,224,224, 26
963,224,224, 26
964,224,224, 26
965,224,224, 26
966,224,224, 26
967,224,224, 26
968,224,224, 26
969,224,224, 26
970,224,224, 26
971,224,224, 26
972,224,224, 26
973,224,224, 26
974,224,224, 26
975,224,224, 26
976,224,224, 26
977,224,224, 26
978,224,224, 26
979,224,224, 26
980,224,224, 26
981,224,224, 26
982,224,224, 26
983,224,224, 26
984,224,224, 26
985,224,224, 26
986,224,224, 26
987,224,224, 26
988,224,224, 26
989,224,224, 26
990,224,224, 26
991,224,224, 26
992,224,224, 26
993,224,224, 26
994,224,224, 26
995,224,224, 26
996,224,224, 26
997,224,224, 26
998,224,224, 26
999,224,224, 26
1000,224,224, 26
1001,224,224, 26
1002,224,224, 26
1003,224,224, 26
1004,224,224, 26
1005,224,224, 26
1006,223,223, 27
1007,223,223, 27
1008,223,223, 27
1009,223,223, 27
1010,223,223, 27
1011,223,223, 27
1012,223,223, 27
1013,223,223, 27
1014,223,223, 27
1015,223,223, 27
1016,223,223, 27
1017,223,223, 27
1018,223,223, 27
1019,223,223, 27
1020,223,223, 27
1021,223,223, 27
1022,223,223, 27
1023,223,223, 27
1024,223,223, 27
1025,223,223, 27
1026,223,223, 27
1027,223,223, 27
1028,223,223, 27
1029,223,223, 27
1030,223,223, 27
1031,223,223, 27
1032,223,223, 27
1033,223,223, 27
1034,223,223, 27
1035,223,223, 27
1036,223,223, 27
1037,223,223, 27
1038,223,223, 27
1039,223,223, 27
1040,223,223, 27
1041,223,223, 27
1042,223,223, 27
1043,223,223, 27
1044,223,223, 27
1045,223,223, 27
1046,223,223, 27
1047,223,223, 27
1048,223,223, 27
1049,223,223, 27
1050,223,223, 27
1051,223,223, 27
1052,223,223, 27
1053,223,223, 27
1054,223,223, 27
1055,223,223, 27
1056,223,223, 27
1057,223,223, 27
1058,223,223, 27
1059,223,223, 27
1060,223,223, 27
1061,223,223, 27
1062,223,223, 27
1063,223,223, 27
1064,223,223, 27
1065,223,223, 27
1066,223,223, 27
1067,223,223, 27
1068,223,223, 27
1069,223,223, 27
1070,223,223, 27
1071,223,223, 27
1072,223,223, 27
1073,223,223, 27
1074,223,223, 27
1075,223,223, 27
1076,223,223, 27
1077,223,223, 27
1078,223,223, 27
1079,223,223, 27
1080,223,223, 27
1081,223,223, 27
1082,223,223, 27
1083,223,223, 27
1084,223,223, 27
1085,223,223, 27
1086,223,223, 27
1087,223,223, 27
1088,223,223, 27
1089,223,223, 27
1090,223,223, 27
1091,223,223, 27
1092,223,223, 27
1093,223,223, 27
1094,223,223, 27
1095,223,223, 27
1096,223,223, 27
1097,223,223, 27
1098,223,223, 27
1099,223,223, 27
1100,223,223, 27
1101,223,223, 27
1102,223,223, 27
1103,223,223, 27
1104,223,223, 27
1105,223,223, 27
1106,223,223, 27
1107,223,223, 27
1108,223,223, 27
1109,223,223, 27
1110,223,223, 27
1111,223,223, 27
1112,223,223, 27
1113,223,223, 27
1114,223,223, 27
1115,223,223, 27
1116,223,223, 27
1117,223,223, 27
1118,223,223, 27
1119,223,223, 27
1120,223,223, 27
1121,223,223, 27
1122,223,223, 27
1123,223,223, 27
1124,223,223, 27
1125,223,223, 27
1126,223,223, 27
1127,223,223, 27
1128,223,223, 27
1129,223,223, 27
1130,223,223, 27
1131,223,223, 27
1132,223,223, 27
1133,223,223, 27
1134,223,223, 27
1135,223,223, 27
1136,223,223, 27
1137,223,223, 27
1138,223,223, 27
1139,223,223, 27
1140,223,223, 27
1141,223,223, 27
1142,223,223, 27
1143,223,223, 27
1144,223,223, 27
1145,223,223, 27
1146,223,223, 27
1147,223,223, 27
1148,223,223, 27
1149,223,223, 27
1150,223,223, 27
1151,223,223, 27
1152,223,223, 27
1153,223,223, 27
1154,223,223, 27
1155,223,223, 27
1156,223,223, 27
1157,223,223, 27
1158,223,223, 27
1159,223,223, 27
1160,223,223, 27
1161,223,223, 27
1162,223,223, 27
1163,223,223, 27
1164,223,223, 27
1165,223,223, 27
1166,223,223, 27
1167,223,223, 27
1168,223,223, 27
1169,223,223, 27
1170,223,223, 27
1171,223,223, 27
1172,223,223, 27
1173,223,223, 27
1174,223,223, 27
1175,223,223, 27
1176,223,223, 27
1177,223,223, 27
1178,223,223, 27
1179,223,223, 27
1180,223,223, 27
1181,223,223, 27
1182,223,223, 27
1183,223,223, 27
1184,223,223, 27
1185,223,223, 27
1186,223,223, 27
1187,223,223, 27
1188,223,223, 27
1189,223,223, 27
1190,223,223, 27
1191,223,223, 27
1192,223,223, 27
1193,223,223, 27
1194,223,223, 27
1195,223,223, 27
1196,223,223, 27
1197,223,223, 27
1198,223,223, 27
1199,223,223, 27
1200,223,223, 27
1201,223,223, 27
1202,223,223, 27
1203,223,223, 27
1204,223,223, 27
1205,223,223, 27
1206,223,223, 27
1207,223,223, 27
1208,223,223, 27
1209,223,223, 27
1210,223,223, 27
1211,223,223, 27
1212,223,223, 27
1213,223,223, 27
1214,223,223, 27
1215,223,223, 27
1216,223,223, 27
1217,223,223, 27
1218,223,223, 27
1219,223,223, 27
1220,223,223, 27
1221,223,223, 27
1222,223,223, 27
1223,223,223, 27
1224,223,223, 27
1225,223,223, 27
1226,223,223, 27
1227,223,223, 27
1228,223,223, 27
1229,223,223, 27
1230,223,223, 27
1231,223,223, 27
1232,223,223, 27
1233,223,223, 27
1234,223,223, 27
1235,223,223, 27
1236,222,222, 28
1237,222,222, 28
1238,222,222, 28
1239,221,221, 29
1240,221,221, 29
1241,221,221, 29
1242,221,221, 29
1243,221,221, 29
1244,221,221, 29
1245,221,221, 29
1246,221,221, 29
1247,221,221, 29
1248,221,221, 29
1249,221,221, 29
1250,221,221, 29
1251,221,221, 29
1252,221,221, 29
1253,221,221, 29
1254,221,221, 29
1255,221,221, 29
1256,221,221, 29
1257,221,221, 29
1258,221,221, 29
1259,221,221, 29
1260,221,221, 29
1261,221,221, 29
1262,221,221, 29
1263,221,221, 29
1264,221,221, 29
1265,221,221, 29
1266,221,221, 29
1267,221,221, 29
1268,221,221, 29
1269,221,221, 29
1270,221,221, 29
1271,221,221, 29
1272,221,221, 29
1273,220,220, 30
1274,220,220, 30
1275,220,220, 30
1276,220,220, 30
1277,220,220, 30
1278,220,220, 30
1279,220,220, 30
1280,220,220, 30
1281,220,220, 30
1282,220,220, 30
1283,220,220, 30
1284,220,220, 30
1285,220,220, 30
1286,220,220, 30
1287,220,220, 30
1288,220,220, 30
1289,220,220, 30
1290,220,220, 30
1291,220,220, 30
1292,220,220, 30
1293,220,220, 30
1294,220,220, 30
1295,220,220, 30
1296,220,220, 30
1297,220,220, 30
1298,219,219, 31
1299,219,219, 31
1300,219,219, 31
1301,219,219, 31
1302,219,219, 31
1303,219,219, 31
1304,219,219, 31
1305,219,219, 31
1306,219,219, 31
1307,219,219, 31
1308,219,219, 31
1309,219,219, 31
1310,219,219, 31
1311,219,219, 31
1312,219,219, 31
1313,219,219, 31
1314,219,219, 31
1315,219,219, 31
1316,219,219, 31
1317,219,219, 31
1318,219,219, 31
1319,219,219, 31
1320,219,219, 31
1321,219,219, 31
1322,219,219, 31
1323,219,219, 31
1324,219,219, 31
1325,219,219, 31
1326,219,219, 31
1327,219,219, 31
1328,219,219, 31
1329,219,219, 31
1330,219,219, 31
1331,219,219, 31
1332,219,219, 31
1333,219,219, 31
1334,219,219, 31
1335,219,219, 31
1336,219,219, 31
1337,219,219, 31
1338,219,219, 31
1339,219,219, 31
1340,219,219, 31
1341,219,219, 31
1342,219,219, 31
1343,219,219, 31
1344,219,219, 31
1345,219,219, 31
1346,219,219, 31
1347,219,219, 31
1348,219,219, 31
1349,219,219, 31
1350,219,219, 31
1351,219,219, 31
1352,219,219, 31
1353,219,219, 31
1354,219,219, 31
1355,219,219, 31
1356,219,219, 31
1357,219,219, 31
1358,219,219, 31
1359,219,219, 31
1360,219,219, 31
1361,219,219, 31
1362,219,219, 31
1363,219,219, 31
1364,219,219, 31
1365,219,219, 31
1366,219,219, 31
1367,219,219, 31
1368,219,219, 31
1369,219,219, 31
1370,219,219, 31
1371,219,219, 31
1372,219,219, 31
1373,219,219, 31
1374,219,219, 31
1375,219,219, 31
1376,219,219, 31
1377,219,219, 31
1378,219,219, 31
1379,219,219, 31
1380,219,219, 31
1381,219,219, 31
1382,219,219, 31
1383,218,218, 32
1384,218,218, 32
1385,218,218, 32
1386,218,218, 32
1387,218,218, 32
1388,218,218, 32
1389,218,218, 32
1390,218,218, 32
1391,218,218, 32
1392,218,218, 32
1393,218,218, 32
1394,218,218, 32
1395,218,218, 32
1396,218,218, 32
1397,218,218, 32
1398,218,218, 32
1399,218,218, 32
1400,218,218, 32
1401,218,218, 32
1402,218,218, 32
1403,218,218, 32
1404,218,218, 32
1405,218,218, 32
1406,218,218, 32
1407,218,218, 32
1408,218,218, 32
1409,218,218, 32
1410,218,218, 32
1411,218,218, 32
1412,218,218, 32
1413,218,218, 32
1414,218,218, 32
1415,218,218, 32
1416,218,218, 32
1417,218,218, 32
1418,218,218, 32
1419,218,218, 32
1420,218,218, 32
1421,218,218, 32
1422,218,218, 32
1423,218,218, 32
1424,218,218, 32
1425,218,218, 32
1426,218,218, 32
1427,218,218, 32
1428,218,218, 32
1429,218,218, 32
1430,218,218, 32
1431,218,218, 32
1432,218,218, 32
1433,218,218, 32
1434,218,218, 32
1435,218,218, 32
1436,218,218, 32
1437,218,218, 32
1438,218,218, 32
1439,218,218, 32
1440,218,218, 32
1441,218,218, 32
1442,218,218, 32
1443,218,218, 32
1444,218,218, 32
1445,218,218, 32
1446,218,218, 32
1447,218,218, 32
1448,218,218, 32
1449,218,218, 32
1450,218,218, 32
1451,218,218, 32
1452,218,218, 32
1453,218,218, 32
1454,218,218, 32
1455,218,218, 32
1456,218,218, 32
1457,218,218, 32
1458,218,218, 32
1459,218,218, 32
1460,218,218, 32
1461,218,218, 32
1462,218,218, 32
1463,218,218, 32
1464,218,218, 32
1465,218,218, 32
1466,218,218, 32
1467,218,218, 32
1468,218,218, 32
1469,218,218, 32
1470,218,218, 32
1471,218,218, 32
1472,218,218, 32
1473,218,218, 32
1474,218,218, 32
1475,218,218, 32
1476,218,218, 32
1477,218,218, 32
1478,218,218, 32
1479,218,218, 32
1480,218,218, 32
1481,218,218, 32
1482,218,218, 32
1483,218,218, 32
1484,218,218, 32
1485,218,218, 32
1486,218,218, 32
1487,218,218, 32
1488,218,218, 32
1489,218,218, 32
1490,218,218, 32
1491,218,218, 32
1492,218,218, 32
1493,218,218, 32
1494,218,218, 32
1495,218,218, 32
1496,218,218, 32
1497,218,218, 32
1498,218,218, 32
1499,218,218, 32
