0,250,250, 0
1,250,250, 0
2,250,250, 0
3,250,250, 0
4,250,250, 0
5,250,250, 0
6,250,250, 0
7,250,250, 0
8,250,250, 0
9,250,250, 0
10,250,250, 0
11,250,250, 0
12,250,250, 0
13,250,250, 0
14,250,250, 0
15,250,250, 0
16,250,250, 0
17,250,250, 0
18,250,250, 0
19,250,250, 0
20,250,250, 0
21,250,250, 0
22,250,250, 0
23,250,250, 0
24,250,250, 0
25,248,248, 2
26,248,248, 2
27,248,248, 2
28,248,248, 2
29,248,248, 2
30,248,248, 2
31,248,248, 2
32,248,248, 2
33,248,248, 2
34,248,248, 2
35,248,248, 2
36,248,248, 2
37,248,248, 2
38,248,248, 2
39,248,248, 2
40,248,248, 2
41,248,248, 2
42,248,248, 2
43,248,248, 2
44,248,248, 2
45,248,248, 2
46,248,248, 2
47,248,248, 2
48,248,248, 2
49,248,248, 2
50,248,248, 2
51,248,248, 2
52,248,248, 2
53,248,248, 2
54,248,248, 2
55,248,248, 2
56,248,248, 2
57,248,248, 2
58,248,248, 2
59,248,248, 2
60,248,248, 2
61,248,248, 2
62,248,248, 2
63,248,248, 2
64,248,248, 2
65,246,246, 4
66,246,246, 4
67,246,246, 4
68,246,246, 4
69,246,246, 4
70,246,246, 4
71,246,246, 4
72,246,246, 4
73,246,246, 4
74,246,246, 4
75,246,246, 4
76,246,246, 4
77,246,246, 4
78,246,246, 4
79,246,246, 4
80,246,246, 4
81,246,246, 4
82,246,246, 4
83,246,246, 4
84,246,246, 4
85,246,246, 4
86,246,246, 4
87,246,246, 4
88,246,246, 4
89,244,244, 6
90,244,244, 6
91,244,244, 6
92,244,244, 6
93,244,244, 6
94,244,244, 6
95,244,244, 6
96,244,244, 6
97,244,244, 6
98,244,244, 6
99,244,244, 6
100,244,244, 6
101,244,244, 6
102,244,244, 6
103,244,244, 6
104,244,244, 6
105,244,244, 6
106,244,244, 6
107,244,244, 6
108,244,244, 6
109,244,244, 6
110,244,244, 6
111,244,244, 6
112,244,244, 6
113,244,244, 6
114,244,244, 6
115,244,244, 6
116,244,244, 6
117,244,244, 6
118,244,244, 6
119,244,244, 6
120,244,244, 6
121,244,244, 6
122,244,244, 6
123,244,244, 6
124,244,244, 6
125,244,244, 6
126,244,244, 6
127,244,244, 6
128,244,244, 6
129,244,244, 6
130,244,244, 6
131,244,244, 6
132,244,244, 6
133,244,244, 6
134,244,244, 6
135,244,244, 6
136,244,244, 6
137,244,244, 6
138,244,244, 6
139,244,244, 6
140,243,243, 7
141,242,242, 8
142,242,242, 8
143,242,242, 8
144,242,242, 8
145,242,242, 8
146,242,242, 8
147,242,242, 8
148,242,242, 8
149,242,242, 8
150,242,242, 8
151,242,242, 8
152,242,242, 8
153,242,242, 8
154,242,242, 8
155,242,242, 8
156,242,242, 8
157,242,242, 8
158,242,242, 8
159,242,242, 8
160,242,242, 8
161,242,242, 8
162,242,242, 8
163,242,242, 8
164,242,242, 8
165,242,242, 8
166,242,242, 8
167,242,242, 8
168,242,242, 8
169,242,242, 8
170,242,242, 8
171,242,242, 8
172,242,242, 8
173,242,242, 8
174,241,241, 9
175,240,240, 10
176,239,239, 11
177,239,239, 11
178,239,239, 11
179,239,239, 11
180,239,239, 11
181,239,239, 11
182,237,237, 13
183,237,237, 13
184,237,237, 13
185,237,237, 13
186,237,237, 13
187,237,237, 13
188,237,237, 13
189,237,237, 13
190,236,236, 14
191,236,236, 14
192,236,236, 14
193,236,236, 14
194,236,236, 14
195,236,236, 14
196,236,236, 14
197,236,236, 14
198,236,236, 14
199,236,236, 14
200,236,236, 14
201,236,236, 14
202,236,236, 14
203,236,236, 14
204,236,236, 14
205,236,236, 14
206,236,236, 14
207,236,236, 14
208,236,236, 14
209,236,236, 14
210,236,236, 14
211,236,236, 14
212,236,236, 14
213,236,236, 14
214,236,236, 14
215,236,236, 14
216,236,236, 14
217,236,236, 14
218,236,236, 14
219,236,236, 14
220,236,236, 14
221,236,236, 14
222,236,236, 14
223,236,236, 14
224,236,236, 14
225,236,236, 14
226,236,236, 14
227,236,236, 14
228,236,236, 14
229,236,236, 14
230,236,236, 14
231,236,236, 14
232,236,236, 14
233,236,236, 14
234,236,236, 14
235,236,236, 14
236,236,236, 14
237,236,236, 14
238,236,236, 14
239,236,236, 14
240,236,236, 14
241,236,236, 14
242,236,236, 14
243,236,236, 14
244,236,236, 14
245,236,236, 14
246,236,236, 14
247,236,236, 14
248,236,236, 14
249,236,236, 14
250,236,236, 14
251,236,236, 14
252,236,236, 14
253,236,236, 14
254,236,236, 14
255,236,236, 14
256,236,236, 14
257,236,236, 14
258,236,236, 14
259,236,236, 14
260,236,236, 14
261,236,236, 14
262,236,236, 14
263,236,236, 14
264,236,236, 14
265,236,236, 14
266,236,236, 14
267,236,236, 14
268,236,236, 14
269,236,236, 14
270,236,236, 14
271,236,236, 14
272,236,236, 14
273,236,236, 14
274,236,236, 14
275,236,236, 14
276,236,236, 14
277,236,236, 14
278,235,235, 15
279,235,235, 15
280,235,235, 15
281,235,235, 15
282,235,235, 15
283,235,235, 15
284,235,235, 15
285,235,235, 15
286,235,235, 15
287,235,235, 15
288,235,235, 15
289,235,235, 15
290,235,235, 15
291,235,235, 15
292,235,235, 15
293,235,235, 15
294,235,235, 15
295,235,235, 15
296,235,235, 15
297,235,235, 15
298,235,235, 15
299,235,235, 15
300,235,235, 15
301,235,235, 15
302,235,235, 15
303,235,235, 15
304,235,235, 15
305,235,235, 15
306,235,235, 15
307,235,235, 15
308,235,235, 15
309,235,235, 15
310,235,235, 15
311,235,235, 15
312,235,235, 15
313,235,235, 15
314,235,235, 15
315,235,235, 15
316,235,235, 15
317,235,235, 15
318,235,235, 15
319,235,235, 15
320,235,235, 15
321,235,235, 15
322,235,235, 15
323,235,235, 15
324,235,235, 15
325,235,235, 15
326,235,235, 15
327,235,235, 15
328,235,235, 15
329,233,233, 17
330,231,231, 19
331,231,231, 19
332,231,231, 19
333,231,231, 19
334,229,229, 21
335,229,229, 21
336,229,229, 21
337,229,229, 21
338,229,229, 21
339,229,229, 21
340,229,229, 21
341,229,229, 21
342,229,229, 21
343,229,229, 21
344,229,229, 21
345,229,229, 21
346,229,229, 21
347,229,229, 21
348,229,229, 21
349,229,229, 21
350,229,229, 21
351,229,229, 21
352,229,229, 21
353,229,229, 21
354,229,229, 21
355,229,229, 21
356,229,229, 21
357,229,229, 21
358,229,229, 21
359,229,229, 21
360,229,229, 21
361,229,229, 21
362,229,229, 21
363,229,229, 21
364,229,229, 21
365,229,229, 21
366,229,229, 21
367,229,229, 21
368,229,229, 21
369,229,229, 21
370,229,229, 21
371,229,229, 21
372,229,229, 21
373,229,229, 21
374,229,229, 21
375,229,229, 21
376,229,229, 21
377,228,228, 22
378,227,227, 23
379,227,227, 23
380,227,227, 23
381,227,227, 23
382,227,227, 23
383,227,227, 23
384,227,227, 23
385,227,227, 23
386,227,227, 23
387,227,227, 23
388,227,227, 23
389,227,227, 23
390,227,227, 23
391,227,227, 23
392,227,227, 23
393,227,227, 23
394,227,227, 23
395,227,227, 23
396,227,227, 23
397,227,227, 23
398,227,227, 23
399,227,227, 23
400,227,227, 23
401,227,227, 23
402,227,227, 23
403,227,227, 23
404,227,227, 23
405,227,227, 23
406,227,227, 23
407,227,227, 23
408,227,227, 23
409,227,227, 23
410,226,226, 24
411,226,226, 24
412,226,226, 24
413,226,226, 24
414,226,226, 24
415,226,226, 24
416,226,226, 24
417,226,226, 24
418,226,226, 24
419,226,226, 24
420,226,226, 24
421,226,226, 24
422,226,226, 24
423,226,226, 24
424,226,226, 24
425,226,226, 24
426,226,226, 24
427,226,226, 24
428,226,226, 24
429,226,226, 24
430,225,225, 25
431,224,224, 26
432,224,224, 26
433,224,224, 26
434,224,224, 26
435,224,224, 26
436,224,224, 26
437,224,224, 26
438,224,224, 26
439,224,224, 26
440,224,224, 26
441,224,224, 26
442,224,224, 26
443,224,224, 26
444,224,224, 26
445,224,224, 26
446,224,224, 26
447,224,224, 26
448,224,224, 26
449,224,224, 26
450,224,224, 26
451,224,224, 26
452,224,224, 26
453,222,222, 28
454,222,222, 28
455,222,222, 28
456,222,222, 28
457,222,222, 28
458,222,222, 28
459,222,222, 28
460,222,222, 28
461,222,222, 28
462,222,222, 28
463,222,222, 28
464,222,222, 28
465,222,222, 28
466,222,222, 28
467,222,222, 28
468,222,222, 28
469,222,222, 28
470,222,222, 28
471,222,222, 28
472,222,222, 28
473,222,222, 28
474,222,222, 28
475,222,222, 28
476,222,222, 28
477,222,222, 28
478,222,222, 28
479,222,222, 28
480,222,222, 28
481,222,222, 28
482,222,222, 28
483,222,222, 28
484,222,222, 28
485,222,222, 28
486,222,222, 28
487,222,222, 28
488,222,222, 28
489,222,222, 28
490,222,222, 28
491,222,222, 28
492,222,222, 28
493,222,222, 28
494,222,222, 28
495,222,222, 28
496,222,222, 28
497,222,222, 28
498,222,222, 28
499,222,222, 28
500,222,222, 28
501,222,222, 28
502,222,222, 28
503,222,222, 28
504,221,221, 29
505,221,221, 29
506,221,221, 29
507,221,221, 29
508,221,221, 29
509,221,221, 29
510,220,220, 30
511,220,220, 30
512,220,220, 30
513,220,220, 30
514,220,220, 30
515,220,220, 30
516,220,220, 30
517,220,220, 30
518,219,219, 31
519,218,218, 32
520,218,218, 32
521,218,218, 32
522,218,218, 32
523,218,218, 32
524,218,218, 32
525,218,218, 32
526,218,218, 32
527,218,218, 32
528,218,218, 32
529,218,218, 32
530,218,218, 32
531,218,218, 32
532,218,218, 32
533,218,218, 32
534,218,218, 32
535,218,218, 32
536,218,218, 32
537,218,218, 32
538,218,218, 32
539,218,218, 32
540,218,218, 32
541,218,218, 32
542,218,218, 32
543,218,218, 32
544,218,218, 32
545,218,218, 32
546,218,218, 32
547,218,218, 32
548,218,218, 32
549,218,218, 32
550,218,218, 32
551,218,218, 32
552,218,218, 32
553,218,218, 32
554,218,218, 32
555,218,218, 32
556,218,218, 32
557,218,218, 32
558,218,218, 32
559,218,218, 32
560,218,218, 32
561,218,218, 32
562,218,218, 32
563,218,218, 32
564,218,218, 32
565,218,218, 32
566,218,218, 32
567,218,218, 32
568,218,218, 32
569,218,218, 32
570,218,218, 32
571,218,218, 32
572,218,218, 32
573,218,218, 32
574,218,218, 32
575,218,218, 32
576,218,218, 32
577,218,218, 32
578,218,218, 32
579,218,218, 32
580,218,218, 32
581,218,218, 32
582,218,218, 32
583,218,218, 32
584,218,218, 32
585,218,218, 32
586,218,218, 32
587,218,218, 32
588,218,218, 32
589,218,218, 32
590,218,218, 32
591,218,218, 32
592,218,218, 32
593,218,218, 32
594,218,218, 32
595,218,218, 32
596,217,217, 33
597,216,216, 34
598,216,216, 34
599,216,216, 34
600,216,216, 34
601,216,216, 34
602,216,216, 34
603,216,216, 34
604,216,216, 34
605,216,216, 34
606,216,216, 34
607,216,216, 34
608,216,216, 34
609,216,216, 34
610,216,216, 34
611,216,216, 34
612,216,216, 34
613,216,216, 34
614,216,216, 34
615,216,216, 34
616,216,216, 34
617,216,216, 34
618,216,216, 34
619,216,216, 34
620,216,216, 34
621,216,216, 34
622,216,216, 34
623,216,216, 34
624,216,216, 34
625,216,216, 34
626,216,216, 34
627,216,216, 34
628,216,216, 34
629,216,216, 34
630,216,216, 34
631,216,216, 34
632,216,216, 34
633,216,216, 34
634,216,216, 34
635,216,216, 34
636,216,216, 34
637,216,216, 34
638,216,216, 34
639,216,216, 34
640,216,216, 34
641,215,215, 35
642,215,215, 35
643,215,215, 35
644,215,215, 35
645,215,215, 35
646,215,215, 35
647,215,215, 35
648,215,215, 35
649,215,215, 35
650,215,215, 35
651,215,215, 35
652,215,215, 35
653,215,215, 35
654,215,215, 35
655,215,215, 35
656,215,215, 35
657,215,215, 35
658,215,215, 35
659,215,215, 35
660,215,215, 35
661,215,215, 35
662,215,215, 35
663,215,215, 35
664,215,215, 35
665,215,215, 35
666,215,215, 35
667,215,215, 35
668,215,215, 35
669,215,215, 35
670,215,215, 35
671,215,215, 35
672,215,215, 35
673,215,215, 35
674,215,215, 35
675,215,215, 35
676,215,215, 35
677,215,215, 35
678,215,215, 35
679,215,215, 35
680,215,215, 35
681,214,214, 36
682,214,214, 36
683,214,214, 36
684,214,214, 36
685,214,214, 36
686,214,214, 36
687,214,214, 36
688,214,214, 36
689,214,214, 36
690,214,214, 36
691,214,214, 36
692,214,214, 36
693,214,214, 36
694,214,214, 36
695,214,214, 36
696,214,214, 36
697,214,214, 36
698,214,214, 36
699,214,214, 36
700,212,212, 38
701,212,212, 38
702,210,210, 40
703,208,208, 42
704,208,208, 42
705,208,208, 42
706,208,208, 42
707,208,208, 42
708,207,207, 43
709,207,207, 43
710,207,207, 43
711,207,207, 43
712,207,207, 43
713,207,207, 43
714,207,207, 43
715,207,207, 43
716,207,207, 43
717,207,207, 43
718,207,207, 43
719,207,207, 43
720,207,207, 43
721,207,207, 43
722,207,207, 43
723,207,207, 43
724,207,207, 43
725,207,207, 43
726,207,207, 43
727,207,207, 43
728,207,207, 43
729,207,207, 43
730,207,207, 43
731,207,207, 43
732,207,207, 43
733,207,207, 43
734,207,207, 43
735,207,207, 43
736,207,207, 43
737,207,207, 43
738,207,207, 43
739,207,207, 43
740,207,207, 43
741,207,207, 43
742,207,207, 43
743,207,207, 43
744,207,207, 43
745,207,207, 43
746,207,207, 43
747,207,207, 43
748,207,207, 43
749,207,207, 43
750,207,207, 43
751,207,207, 43
752,207,207, 43
753,207,207, 43
754,207,207, 43
755,207,207, 43
756,207,207, 43
757,207,207, 43
758,207,207, 43
759,207,207, 43
760,207,207, 43
761,207,207, 43
762,207,207, 43
763,207,207, 43
764,207,207, 43
765,207,207, 43
766,207,207, 43
767,207,207, 43
768,207,207, 43
769,207,207, 43
770,207,207, 43
771,207,207, 43
772,207,207, 43
773,207,207, 43
774,207,207, 43
775,207,207, 43
776,207,207, 43
777,207,207, 43
778,207,207, 43
779,207,207, 43
780,207,207, 43
781,207,207, 43
782,207,207, 43
783,207,207, 43
784,207,207, 43
785,207,207, 43
786,207,207, 43
787,207,207, 43
788,207,207, 43
789,207,207, 43
790,207,207, 43
791,207,207, 43
792,207,207, 43
793,207,207, 43
794,207,207, 43
795,207,207, 43
796,207,207, 43
797,207,207, 43
798,207,207, 43
799,207,207, 43
800,207,207, 43
801,207,207, 43
802,207,207, 43
803,207,207, 43
804,207,207, 43
805,207,207, 43
806,207,207, 43
807,207,207, 43
808,207,207, 43
809,207,207, 43
810,207,207, 43
811,207,207, 43
812,207,207, 43
813,207,207, 43
814,207,207, 43
815,207,207, 43
816,207,207, 43
817,207,207, 43
818,207,207, 43
819,207,207, 43
820,206,206, 44
821,206,206, 44
822,206,206, 44
823,206,206, 44
824,206,206, 44
825,206,206, 44
826,206,206, 44
827,206,206, 44
828,206,206, 44
829,206,206, 44
830,206,206, 44
831,206,206, 44
832,206,206, 44
833,206,206, 44
834,206,206, 44
835,206,206, 44
836,206,206, 44
837,206,206, 44
838,206,206, 44
839,206,206, 44
840,206,206, 44
841,206,206, 44
842,206,206, 44
843,206,206, 44
844,206,206, 44
845,206,206, 44
846,206,206, 44
847,206,206, 44
848,206,206, 44
849,206,206, 44
850,206,206, 44
851,206,206, 44
852,205,205, 45
853,204,204, 46
854,204,204, 46
855,204,204, 46
856,204,204, 46
857,204,204, 46
858,204,204, 46
859,204,204, 46
860,203,203, 47
861,203,203, 47
862,203,203, 47
863,203,203, 47
864,203,203, 47
865,203,203, 47
866,203,203, 47
867,203,203, 47
868,203,203, 47
869,203,203, 47
870,203,203, 47
871,203,203, 47
872,203,203, 47
873,203,203, 47
874,203,203, 47
875,203,203, 47
876,203,203, 47
877,203,203, 47
878,203,203, 47
879,203,203, 47
880,203,203, 47
881,203,203, 47
882,203,203, 47
883,203,203, 47
884,203,203, 47
885,203,203, 47
886,203,203, 47
887,203,203, 47
888,203,203, 47
889,203,203, 47
890,203,203, 47
891,203,203, 47
892,203,203, 47
893,203,203, 47
894,202,202, 48
895,202,202, 48
896,202,202, 48
897,202,202, 48
898,202,202, 48
899,202,202, 48
900,202,202, 48
901,202,202, 48
902,202,202, 48
903,202,202, 48
904,202,202, 48
905,202,202, 48
906,202,202, 48
907,202,202, 48
908,202,202, 48
909,202,202, 48
910,202,202, 48
911,202,202, 48
912,202,202, 48
913,202,202, 48
914,202,202, 48
915,201,201, 49
916,201,201, 49
917,201,201, 49
918,201,201, 49
919,201,201, 49
920,201,201, 49
921,201,201, 49
922,201,201, 49
923,201,201, 49
924,201,201, 49
925,201,201, 49
926,201,201, 49
927,201,201, 49
928,201,201, 49
929,201,201, 49
930,201,201, 49
931,201,201, 49
932,201,201, 49
933,201,201, 49
934,201,201, 49
935,201,201, 49
936,201,201, 49
937,201,201, 49
938,201,201, 49
939,201,201, 49
940,201,201, 49
941,201,201, 49
942,201,201, 49
943,201,201, 49
944,201,201, 49
945,201,201, 49
946,201,201, 49
947,201,201, 49
948,201,201, 49
949,201,201, 49
950,201,201, 49
951,201,201, 49
952,201,201, 49
953,201,201, 49
954,201,201, 49
955,201,201, 49
956,201,201, 49
957,201,201, 49
958,201,201, 49
959,201,201, 49
960,201,201, 49
961,201,201, 49
962,201,201, 49
963,201,201, 49
964,201,201, 49
965,201,201, 49
966,201,201, 49
967,201,201, 49
968,201,201, 49
969,201,201, 49
970,201,201, 49
971,201,201, 49
972,201,201, 49
973,201,201, 49
974,201,201, 49
975,201,201, 49
976,201,201, 49
977,201,201, 49
978,201,201, 49
979,201,201, 49
980,200,200, 50
981,200,200, 50
982,199,199, 51
983,199,199, 51
984,199,199, 51
985,199,199, 51
986,199,199, 51
987,199,199, 51
988,199,199, 51
989,199,199, 51
990,199,199, 51
991,199,199, 51
992,199,199, 51
993,199,199, 51
994,199,199, 51
995,199,199, 51
996,199,199, 51
997,199,199, 51
998,199,199, 51
999,199,199, 51
1000,199,199, 51
1001,199,199, 51
1002,199,199, 51
1003,199,199, 51
1004,199,199, 51
1005,199,199, 51
1006,199,199, 51
1007,199,199, 51
1008,199,199, 51
1009,199,199, 51
1010,199,199, 51
1011,199,199, 51
1012,199,199, 51
1013,199,199, 51
1014,199,199, 51
1015,199,199, 51
1016,199,199, 51
1017,199,199, 51
1018,199,199, 51
1019,199,199, 51
1020,199,199, 51
1021,199,199, 51
1022,199,199, 51
1023,199,199, 51
1024,199,199, 51
1025,199,199, 51
1026,199,199, 51
1027,199,199, 51
1028,199,199, 51
1029,199,199, 51
1030,199,199, 51
1031,199,199, 51
1032,199,199, 51
1033,199,199, 51
1034,199,199, 51
1035,199,199, 51
1036,199,199, 51
1037,199,199, 51
1038,199,199, 51
1039,199,199, 51
1040,199,199, 51
1041,199,199, 51
1042,199,199, 51
1043,199,199, 51
1044,199,199, 51
1045,198,198, 52
1046,198,198, 52
1047,198,198, 52
1048,198,198, 52
1049,198,198, 52
1050,198,198, 52
1051,198,198, 52
1052,198,198, 52
1053,198,198, 52
1054,198,198, 52
1055,198,198, 52
1056,198,198, 52
1057,198,198, 52
1058,198,198, 52
1059,198,198, 52
1060,198,198, 52
1061,198,198, 52
1062,198,198, 52
1063,198,198, 52
1064,198,198, 52
1065,198,198, 52
1066,198,198, 52
1067,198,198, 52
1068,198,198, 52
1069,198,198, 52
1070,198,198, 52
1071,198,198, 52
1072,198,198, 52
1073,198,198, 52
1074,198,198, 52
1075,198,198, 52
1076,198,198, 52
1077,198,198, 52
1078,197,197, 53
1079,197,197, 53
1080,197,197, 53
1081,197,197, 53
1082,197,197, 53
1083,197,197, 53
1084,197,197, 53
1085,197,197, 53
1086,197,197, 53
1087,197,197, 53
1088,197,197, 53
1089,197,197, 53
1090,197,197, 53
1091,197,197, 53
1092,197,197, 53
1093,197,197, 53
1094,197,197, 53
1095,197,197, 53
1096,197,197, 53
1097,197,197, 53
1098,197,197, 53
1099,197,197, 53
1100,197,197, 53
1101,197,197, 53
1102,197,197, 53
1103,197,197, 53
1104,197,197, 53
1105,197,197, 53
1106,197,197, 53
1107,197,197, 53
1108,197,197, 53
1109,197,197, 53
1110,197,197, 53
1111,197,197, 53
1112,197,197, 53
1113,197,197, 53
1114,197,197, 53
1115,197,197, 53
1116,197,197, 53
1117,197,197, 53
1118,197,197, 53
1119,197,197, 53
1120,197,197, 53
1121,197,197, 53
1122,197,197, 53
1123,197,197, 53
1124,197,197, 53
1125,197,197, 53
1126,197,197, 53
1127,197,197, 53
1128,197,197, 53
1129,197,197, 53
1130,197,197, 53
1131,197,197, 53
1132,197,197, 53
1133,197,197, 53
1134,197,197, 53
1135,197,197, 53
1136,197,197, 53
1137,197,197, 53
1138,197,197, 53
1139,197,197, 53
1140,197,197, 53
1141,197,197, 53
1142,197,197, 53
1143,197,197, 53
1144,197,197, 53
1145,197,197, 53
1146,197,197, 53
1147,197,197, 53
1148,197,197, 53
1149,197,197, 53
1150,197,197, 53
1151,197,197, 53
1152,197,197, 53
1153,197,197, 53
1154,197,197, 53
1155,197,197, 53
1156,197,197, 53
1157,197,197, 53
1158,197,197, 53
1159,197,197, 53
1160,197,197, 53
1161,197,197, 53
1162,197,197, 53
1163,197,197, 53
1164,197,197, 53
1165,197,197, 53
1166,197,197, 53
1167,197,197, 53
1168,197,197, 53
1169,197,197, 53
1170,197,197, 53
1171,197,197, 53
1172,197,197, 53
1173,197,197, 53
1174,197,197, 53
1175,197,197, 53
1176,197,197, 53
1177,197,197, 53
1178,197,197, 53
1179,197,197, 53
1180,197,197, 53
1181,197,197, 53
1182,197,197, 53
1183,197,197, 53
1184,197,197, 53
1185,197,197, 53
1186,197,197, 53
1187,197,197, 53
1188,197,197, 53
1189,197,197, 53
1190,197,197, 53
1191,197,197, 53
1192,197,197, 53
1193,197,197, 53
1194,197,197, 53
1195,197,197, 53
1196,197,197, 53
1197,197,197, 53
1198,197,197, 53
1199,197,197, 53
1200,196,196, 54
1201,196,196, 54
1202,196,196, 54
1203,196,196, 54
1204,196,196, 54
1205,196,196, 54
1206,196,196, 54
1207,196,196, 54
1208,196,196, 54
1209,196,196, 54
1210,196,196, 54
1211,196,196, 54
1212,196,196, 54
1213,196,196, 54
1214,196,196, 54
1215,196,196, 54
1216,196,196, 54
1217,196,196, 54
1218,196,196, 54
1219,196,196, 54
1220,196,196, 54
1221,196,196, 54
1222,196,196, 54
1223,196,196, 54
1224,196,196, 54
1225,196,196, 54
1226,196,196, 54
1227,196,196, 54
1228,196,196, 54
1229,196,196, 54
1230,196,196, 54
1231,196,196, 54
1232,196,196, 54
1233,196,196, 54
1234,196,196, 54
1235,196,196, 54
1236,196,196, 54
1237,196,196, 54
1238,196,196, 54
1239,196,196, 54
1240,196,196, 54
1241,196,196, 54
1242,196,196, 54
1243,196,196, 54
1244,196,196, 54
1245,196,196, 54
1246,196,196, 54
1247,196,196, 54
1248,196,196, 54
1249,196,196, 54
1250,196,196, 54
1251,196,196, 54
1252,196,196, 54
1253,196,196, 54
1254,196,196, 54
1255,196,196, 54
1256,196,196, 54
1257,196,196, 54
1258,196,196, 54
1259,196,196, 54
1260,196,196, 54
1261,196,196, 54
1262,196,196, 54
1263,196,196, 54
1264,196,196, 54
1265,196,196, 54
1266,196,196, 54
1267,196,196, 54
1268,196,196, 54
1269,196,196, 54
1270,196,196, 54
1271,196,196, 54
1272,196,196, 54
1273,196,196, 54
1274,196,196, 54
1275,196,196, 54
1276,196,196, 54
1277,196,196, 54
1278,196,196, 54
1279,196,196, 54
1280,196,196, 54
1281,196,196, 54
1282,196,196, 54
1283,196,196, 54
1284,196,196, 54
1285,196,196, 54
1286,196,196, 54
1287,196,196, 54
1288,196,196, 54
1289,196,196, 54
1290,196,196, 54
1291,196,196, 54
1292,196,196, 54
1293,196,196, 54
1294,196,196, 54
1295,196,196, 54
1296,196,196, 54
1297,196,196, 54
1298,196,196, 54
1299,196,196, 54
1300,196,196, 54
1301,196,196, 54
1302,196,196, 54
1303,196,196, 54
1304,196,196, 54
1305,196,196, 54
1306,196,196, 54
1307,196,196, 54
1308,196,196, 54
1309,196,196, 54
1310,196,196, 54
1311,196,196, 54
1312,196,196, 54
1313,196,196, 54
1314,196,196, 54
1315,196,196, 54
1316,196,196, 54
1317,196,196, 54
1318,196,196, 54
1319,196,196, 54
1320,196,196, 54
1321,196,196, 54
1322,196,196, 54
1323,196,196, 54
1324,196,196, 54
1325,196,196, 54
1326,196,196, 54
1327,196,196, 54
1328,196,196, 54
1329,196,196, 54
1330,196,196, 54
1331,196,196, 54
1332,196,196, 54
1333,196,196, 54
1334,196,196, 54
1335,196,196, 54
1336,196,196, 54
1337,196,196, 54
1338,196,196, 54
1339,196,196, 54
1340,196,196, 54
1341,196,196, 54
1342,196,196, 54
1343,196,196, 54
1344,196,196, 54
1345,196,196, 54
1346,196,196, 54
1347,196,196, 54
1348,196,196, 54
1349,196,196, 54
1350,196,196, 54
1351,196,196, 54
1352,196,196, 54
1353,196,196, 54
1354,196,196, 54
1355,196,196, 54
1356,196,196, 54
1357,196,196, 54
1358,196,196, 54
1359,196,196, 54
1360,196,196, 54
1361,196,196, 54
1362,196,196, 54
1363,196,196, 54
1364,196,196, 54
1365,196,196, 54
1366,196,196, 54
1367,196,196, 54
1368,196,196, 54
1369,196,196, 54
1370,196,196, 54
1371,196,196, 54
1372,195,195, 55
1373,195,195, 55
1374,195,195, 55
1375,195,195, 55
1376,195,195, 55
1377,195,195, 55
1378,195,195, 55
1379,195,195, 55
1380,195,195, 55
1381,195,195, 55
1382,195,195, 55
1383,195,195, 55
1384,195,195, 55
1385,195,195, 55
1386,195,195, 55
1387,195,195, 55
1388,195,195, 55
1389,195,195, 55
1390,195,195, 55
1391,195,195, 55
1392,195,195, 55
1393,195,195, 55
1394,195,195, 55
1395,195,195, 55
1396,195,195, 55
1397,195,195, 55
1398,195,195, 55
1399,195,195, 55
1400,195,195, 55
1401,195,195, 55
1402,195,195, 55
1403,195,195, 55
1404,195,195, 55
1405,195,195, 55
1406,195,195, 55
1407,195,195, 55
1408,195,195, 55
1409,195,195, 55
1410,195,195, 55
1411,194,194, 56
1412,194,194, 56
1413,193,193, 57
1414,193,193, 57
1415,193,193, 57
1416,193,193, 57
1417,193,193, 57
1418,193,193, 57
1419,193,193, 57
1420,193,193, 57
1421,193,193, 57
1422,193,193, 57
1423,193,193, 57
1424,193,193, 57
1425,193,193, 57
1426,193,193, 57
1427,193,193, 57
1428,193,193, 57
1429,193,193, 57
1430,193,193, 57
1431,193,193, 57
1432,193,193, 57
1433,193,193, 57
1434,193,193, 57
1435,193,193, 57
1436,193,193, 57
1437,193,193, 57
1438,193,193, 57
1439,193,193, 57
1440,193,193, 57
1441,193,193, 57
1442,193,193, 57
1443,193,193, 57
1444,193,193, 57
1445,193,193, 57
1446,193,193, 57
1447,193,193, 57
1448,193,193, 57
1449,193,193, 57
1450,193,193, 57
1451,193,193, 57
1452,193,193, 57
1453,193,193, 57
1454,193,193, 57
1455,193,193, 57
1456,193,193, 57
1457,193,193, 57
1458,193,193, 57
1459,193,193, 57
1460,193,193, 57
1461,193,193, 57
1462,193,193, 57
1463,193,193, 57
1464,193,193, 57
1465,193,193, 57
1466,193,193, 57
1467,193,193, 57
1468,193,193, 57
1469,193,193, 57
1470,193,193, 57
1471,193,193, 57
1472,193,193, 57
1473,193,193, 57
1474,193,193, 57
1475,193,193, 57
1476,193,193, 57
1477,193,193, 57
1478,193,193, 57
1479,193,193, 57
1480,193,193, 57
1481,193,193, 57
1482,193,193, 57
1483,193,193, 57
1484,193,193, 57
1485,193,193, 57
1486,193,193, 57
1487,193,193, 57
1488,193,193, 57
1489,193,193, 57
1490,193,193, 57
1491,193,193, 57
1492,193,193, 57
1493,193,193, 57
1494,193,193, 57
1495,193,193, 57
1496,193,193, 57
1497,193,193, 57
1498,193,193, 57
1499,193,193, 57
