0,250,250, 0
1,250,250, 0
2,250,250, 0
3,250,250, 0
4,249,249, 1
5,249,249, 1
6,248,248, 2
7,248,248, 2
8,248,248, 2
9,248,248, 2
10,248,248, 2
11,248,248, 2
12,248,248, 2
13,248,248, 2
14,248,248, 2
15,248,248, 2
16,248,248, 2
17,248,248, 2
18,248,248, 2
19,248,248, 2
20,248,248, 2
21,248,248, 2
22,248,248, 2
23,248,248, 2
24,248,248, 2
25,248,248, 2
26,248,248, 2
27,248,248, 2
28,247,247, 3
29,247,247, 3
30,247,247, 3
31,247,247, 3
32,247,247, 3
33,247,247, 3
34,247,247, 3
35,247,247, 3
36,247,247, 3
37,247,247, 3
38,247,247, 3
39,247,247, 3
40,247,247, 3
41,247,247, 3
42,247,247, 3
43,247,247, 3
44,247,247, 3
45,247,247, 3
46,247,247, 3
47,247,247, 3
48,247,247, 3
49,247,247, 3
50,247,247, 3
51,247,247, 3
52,247,247, 3
53,247,247, 3
54,247,247, 3
55,247,247, 3
56,246,246, 4
57,245,245, 5
58,245,245, 5
59,245,245, 5
60,245,245, 5
61,245,245, 5
62,245,245, 5
63,245,245, 5
64,245,245, 5
65,245,245, 5
66,245,245, 5
67,245,245, 5
68,245,245, 5
69,245,245, 5
70,245,245, 5
71,245,245, 5
72,245,245, 5
73,245,245, 5
74,245,245, 5
75,245,245, 5
76,245,245, 5
77,245,245, 5
78,245,245, 5
79,245,245, 5
80,245,245, 5
81,245,245, 5
82,245,245, 5
83,245,245, 5
84,244,244, 6
85,244,244, 6
86,244,244, 6
87,244,244, 6
88,244,244, 6
89,244,244, 6
90,244,244, 6
91,244,244, 6
92,244,244, 6
93,244,244, 6
94,244,244, 6
95,244,244, 6
96,244,244, 6
97,244,244, 6
98,244,244, 6
99,244,244, 6
100,244,244, 6
101,244,244, 6
102,244,244, 6
103,244,244, 6
104,244,244, 6
105,244,244, 6
106,244,244, 6
107,244,244, 6
108,244,244, 6
109,244,244, 6
110,244,244, 6
111,244,244, 6
112,244,244, 6
113,244,244, 6
114,244,244, 6
115,244,244, 6
116,244,244, 6
117,244,244, 6
118,244,244, 6
119,244,244, 6
120,244,244, 6
121,244,244, 6
122,244,244, 6
123,244,244, 6
124,244,244, 6
125,244,244, 6
126,244,244, 6
127,244,244, 6
128,244,244, 6
129,244,244, 6
130,244,244, 6
131,244,244, 6
132,243,243, 7
133,243,243, 7
134,242,242, 8
135,242,242, 8
136,241,241, 9
137,241,241, 9
138,241,241, 9
139,241,241, 9
140,241,241, 9
141,241,241, 9
142,241,241, 9
143,241,241, 9
144,241,241, 9
145,241,241, 9
146,241,241, 9
147,241,241, 9
148,241,241, 9
149,241,241, 9
150,241,241, 9
151,241,241, 9
152,241,241, 9
153,241,241, 9
154,241,241, 9
155,241,241, 9
156,241,241, 9
157,241,241, 9
158,241,241, 9
159,241,241, 9
160,240,240, 10
161,239,239, 11
162,239,239, 11
163,239,239, 11
164,239,239, 11
165,239,239, 11
166,239,239, 11
167,238,238, 12
168,238,238, 12
169,238,238, 12
170,238,238, 12
171,238,238, 12
172,238,238, 12
173,238,238, 12
174,238,238, 12
175,238,238, 12
176,238,238, 12
177,238,238, 12
178,238,238, 12
179,238,238, 12
180,238,238, 12
181,238,238, 12
182,238,238, 12
183,238,238, 12
184,238,238, 12
185,238,238, 12
186,238,238, 12
187,238,238, 12
188,238,238, 12
189,238,238, 12
190,238,238, 12
191,238,238, 12
192,238,238, 12
193,238,238, 12
194,238,238, 12
195,238,238, 12
196,238,238, 12
197,238,238, 12
198,237,237, 13
199,237,237, 13
200,237,237, 13
201,237,237, 13
202,237,237, 13
203,237,237, 13
204,237,237, 13
205,237,237, 13
206,237,237, 13
207,237,237, 13
208,237,237, 13
209,237,237, 13
210,237,237, 13
211,237,237, 13
212,237,237, 13
213,237,237, 13
214,237,237, 13
215,237,237, 13
216,237,237, 13
217,237,237, 13
218,237,237, 13
219,237,237, 13
220,237,237, 13
221,237,237, 13
222,237,237, 13
223,237,237, 13
224,237,237, 13
225,237,237, 13
226,237,237, 13
227,237,237, 13
228,237,237, 13
229,236,236, 14
230,236,236, 14
231,236,236, 14
232,236,236, 14
233,236,236, 14
234,236,236, 14
235,235,235, 15
236,235,235, 15
237,235,235, 15
238,235,235, 15
239,234,234, 16
240,234,234, 16
241,234,234, 16
242,234,234, 16
243,234,234, 16
244,234,234, 16
245,234,234, 16
246,234,234, 16
247,234,234, 16
248,234,234, 16
249,234,234, 16
250,234,234, 16
251,234,234, 16
252,234,234, 16
253,234,234, 16
254,234,234, 16
255,234,234, 16
256,234,234, 16
257,234,234, 16
258,234,234, 16
259,234,234, 16
260,234,234, 16
261,234,234, 16
262,233,233, 17
263,233,233, 17
264,233,233, 17
265,233,233, 17
266,233,233, 17
267,233,233, 17
268,233,233, 17
269,233,233, 17
270,233,233, 17
271,233,233, 17
272,232,232, 18
273,232,232, 18
274,232,232, 18
275,232,232, 18
276,232,232, 18
277,232,232, 18
278,231,231, 19
279,231,231, 19
280,231,231, 19
281,231,231, 19
282,231,231, 19
283,231,231, 19
284,231,231, 19
285,231,231, 19
286,231,231, 19
287,231,231, 19
288,231,231, 19
289,231,231, 19
290,231,231, 19
291,231,231, 19
292,231,231, 19
293,231,231, 19
294,231,231, 19
295,231,231, 19
296,231,231, 19
297,231,231, 19
298,231,231, 19
299,231,231, 19
300,231,231, 19
301,231,231, 19
302,231,231, 19
303,231,231, 19
304,231,231, 19
305,231,231, 19
306,231,231, 19
307,231,231, 19
308,231,231, 19
309,231,231, 19
310,231,231, 19
311,231,231, 19
312,231,231, 19
313,231,231, 19
314,231,231, 19
315,231,231, 19
316,231,231, 19
317,231,231, 19
318,231,231, 19
319,231,231, 19
320,231,231, 19
321,231,231, 19
322,231,231, 19
323,231,231, 19
324,231,231, 19
325,231,231, 19
326,231,231, 19
327,231,231, 19
328,231,231, 19
329,231,231, 19
330,231,231, 19
331,231,231, 19
332,231,231, 19
333,231,231, 19
334,231,231, 19
335,231,231, 19
336,231,231, 19
337,231,231, 19
338,231,231, 19
339,231,231, 19
340,231,231, 19
341,231,231, 19
342,231,231, 19
343,231,231, 19
344,231,231, 19
345,231,231, 19
346,231,231, 19
347,231,231, 19
348,231,231, 19
349,231,231, 19
350,231,231, 19
351,231,231, 19
352,231,231, 19
353,231,231, 19
354,231,231, 19
355,231,231, 19
356,231,231, 19
357,231,231, 19
358,231,231, 19
359,231,231, 19
360,231,231, 19
361,231,231, 19
362,231,231, 19
363,231,231, 19
364,231,231, 19
365,230,230, 20
366,230,230, 20
367,230,230, 20
368,230,230, 20
369,229,229, 21
370,229,229, 21
371,229,229, 21
372,229,229, 21
373,229,229, 21
374,229,229, 21
375,229,229, 21
376,229,229, 21
377,229,229, 21
378,229,229, 21
379,229,229, 21
380,229,229, 21
381,229,229, 21
382,229,229, 21
383,229,229, 21
384,229,229, 21
385,229,229, 21
386,229,229, 21
387,229,229, 21
388,229,229, 21
389,229,229, 21
390,229,229, 21
391,229,229, 21
392,229,229, 21
393,229,229, 21
394,229,229, 21
395,229,229, 21
396,229,229, 21
397,229,229, 21
398,229,229, 21
399,229,229, 21
400,229,229, 21
401,229,229, 21
402,229,229, 21
403,229,229, 21
404,229,229, 21
405,229,229, 21
406,229,229, 21
407,229,229, 21
408,229,229, 21
409,229,229, 21
410,229,229, 21
411,228,228, 22
412,228,228, 22
413,228,228, 22
414,228,228, 22
415,228,228, 22
416,228,228, 22
417,228,228, 22
418,228,228, 22
419,228,228, 22
420,228,228, 22
421,228,228, 22
422,228,228, 22
423,228,228, 22
424,228,228, 22
425,228,228, 22
426,228,228, 22
427,228,228, 22
428,228,228, 22
429,228,228, 22
430,228,228, 22
431,228,228, 22
432,228,228, 22
433,228,228, 22
434,228,228, 22
435,228,228, 22
436,228,228, 22
437,228,228, 22
438,228,228, 22
439,228,228, 22
440,228,228, 22
441,228,228, 22
442,228,228, 22
443,228,228, 22
444,228,228, 22
445,228,228, 22
446,228,228, 22
447,228,228, 22
448,228,228, 22
449,228,228, 22
450,228,228, 22
451,227,227, 23
452,227,227, 23
453,227,227, 23
454,227,227, 23
455,227,227, 23
456,227,227, 23
457,227,227, 23
458,227,227, 23
459,227,227, 23
460,227,227, 23
461,227,227, 23
462,227,227, 23
463,227,227, 23
464,227,227, 23
465,227,227, 23
466,227,227, 23
467,227,227, 23
468,227,227, 23
469,227,227, 23
470,227,227, 23
471,227,227, 23
472,227,227, 23
473,227,227, 23
474,227,227, 23
475,227,227, 23
476,227,227, 23
477,227,227, 23
478,227,227, 23
479,227,227, 23
480,227,227, 23
481,227,227, 23
482,227,227, 23
483,227,227, 23
484,227,227, 23
485,227,227, 23
486,227,227, 23
487,227,227, 23
488,227,227, 23
489,227,227, 23
490,227,227, 23
491,227,227, 23
492,227,227, 23
493,227,227, 23
494,227,227, 23
495,227,227, 23
496,227,227, 23
497,227,227, 23
498,227,227, 23
499,227,227, 23
500,227,227, 23
501,227,227, 23
502,227,227, 23
503,227,227, 23
504,227,227, 23
505,227,227, 23
506,227,227, 23
507,227,227, 23
508,227,227, 23
509,227,227, 23
510,227,227, 23
511,227,227, 23
512,227,227, 23
513,227,227, 23
514,227,227, 23
515,227,227, 23
516,227,227, 23
517,227,227, 23
518,227,227, 23
519,227,227, 23
520,227,227, 23
521,227,227, 23
522,227,227, 23
523,227,227, 23
524,227,227, 23
525,227,227, 23
526,227,227, 23
527,227,227, 23
528,227,227, 23
529,227,227, 23
530,227,227, 23
531,227,227, 23
532,227,227, 23
533,227,227, 23
534,227,227, 23
535,227,227, 23
536,227,227, 23
537,227,227, 23
538,227,227, 23
539,227,227, 23
540,227,227, 23
541,227,227, 23
542,227,227, 23
543,227,227, 23
544,227,227, 23
545,227,227, 23
546,227,227, 23
547,227,227, 23
548,227,227, 23
549,227,227, 23
550,227,227, 23
551,227,227, 23
552,227,227, 23
553,227,227, 23
554,227,227, 23
555,227,227, 23
556,227,227, 23
557,227,227, 23
558,227,227, 23
559,227,227, 23
560,227,227, 23
561,227,227, 23
562,227,227, 23
563,227,227, 23
564,227,227, 23
565,227,227, 23
566,227,227, 23
567,227,227, 23
568,227,227, 23
569,227,227, 23
570,227,227, 23
571,227,227, 23
572,227,227, 23
573,227,227, 23
574,227,227, 23
575,227,227, 23
576,227,227, 23
577,227,227, 23
578,227,227, 23
579,227,227, 23
580,227,227, 23
581,227,227, 23
582,227,227, 23
583,227,227, 23
584,227,227, 23
585,227,227, 23
586,226,226, 24
587,226,226, 24
588,226,226, 24
589,226,226, 24
590,226,226, 24
591,226,226, 24
592,226,226, 24
593,226,226, 24
594,226,226, 24
595,226,226, 24
596,226,226, 24
597,226,226, 24
598,226,226, 24
599,226,226, 24
600,226,226, 24
601,226,226, 24
602,226,226, 24
603,226,226, 24
604,226,226, 24
605,226,226, 24
606,226,226, 24
607,226,226, 24
608,226,226, 24
609,226,226, 24
610,226,226, 24
611,226,226, 24
612,226,226, 24
613,226,226, 24
614,226,226, 24
615,226,226, 24
616,226,226, 24
617,226,226, 24
618,226,226, 24
619,226,226, 24
620,226,226, 24
621,226,226, 24
622,226,226, 24
623,226,226, 24
624,226,226, 24
625,226,226, 24
626,226,226, 24
627,226,226, 24
628,226,226, 24
629,226,226, 24
630,226,226, 24
631,226,226, 24
632,226,226, 24
633,226,226, 24
634,226,226, 24
635,226,226, 24
636,226,226, 24
637,226,226, 24
638,226,226, 24
639,226,226, 24
640,226,226, 24
641,226,226, 24
642,226,226, 24
643,226,226, 24
644,226,226, 24
645,226,226, 24
646,226,226, 24
647,226,226, 24
648,226,226, 24
649,226,226, 24
650,226,226, 24
651,226,226, 24
652,226,226, 24
653,226,226, 24
654,226,226, 24
655,226,226, 24
656,226,226, 24
657,226,226, 24
658,226,226, 24
659,226,226, 24
660,226,226, 24
661,226,226, 24
662,226,226, 24
663,226,226, 24
664,226,226, 24
665,226,226, 24
666,226,226, 24
667,226,226, 24
668,226,226, 24
669,226,226, 24
670,226,226, 24
671,226,226, 24
672,226,226, 24
673,226,226, 24
674,226,226, 24
675,226,226, 24
676,226,226, 24
677,226,226, 24
678,226,226, 24
679,226,226, 24
680,226,226, 24
681,226,226, 24
682,226,226, 24
683,226,226, 24
684,226,226, 24
685,226,226, 24
686,226,226, 24
687,226,226, 24
688,226,226, 24
689,226,226, 24
690,226,226, 24
691,226,226, 24
692,226,226, 24
693,226,226, 24
694,226,226, 24
695,226,226, 24
696,226,226, 24
697,226,226, 24
698,226,226, 24
699,226,226, 24
700,226,226, 24
701,226,226, 24
702,226,226, 24
703,226,226, 24
704,226,226, 24
705,226,226, 24
706,226,226, 24
707,226,226, 24
708,226,226, 24
709,226,226, 24
710,226,226, 24
711,226,226, 24
712,226,226, 24
713,226,226, 24
714,226,226, 24
715,226,226, 24
716,226,226, 24
717,226,226, 24
718,226,226, 24
719,226,226, 24
720,226,226, 24
721,226,226, 24
722,226,226, 24
723,226,226, 24
724,226,226, 24
725,226,226, 24
726,226,226, 24
727,226,226, 24
728,226,226, 24
729,226,226, 24
730,226,226, 24
731,226,226, 24
732,226,226, 24
733,226,226, 24
734,226,226, 24
735,226,226, 24
736,226,226, 24
737,226,226, 24
738,226,226, 24
739,226,226, 24
740,226,226, 24
741,226,226, 24
742,226,226, 24
743,226,226, 24
744,226,226, 24
745,226,226, 24
746,226,226, 24
747,226,226, 24
748,226,226, 24
749,226,226, 24
750,226,226, 24
751,226,226, 24
752,226,226, 24
753,226,226, 24
754,226,226, 24
755,226,226, 24
756,226,226, 24
757,226,226, 24
758,226,226, 24
759,226,226, 24
760,226,226, 24
761,226,226, 24
762,226,226, 24
763,226,226, 24
764,226,226, 24
765,226,226, 24
766,226,226, 24
767,226,226, 24
768,226,226, 24
769,226,226, 24
770,226,226, 24
771,226,226, 24
772,226,226, 24
773,226,226, 24
774,226,226, 24
775,226,226, 24
776,226,226, 24
777,226,226, 24
778,226,226, 24
779,226,226, 24
780,226,226, 24
781,226,226, 24
782,226,226, 24
783,226,226, 24
784,226,226, 24
785,226,226, 24
786,226,226, 24
787,226,226, 24
788,226,226, 24
789,226,226, 24
790,226,226, 24
791,226,226, 24
792,226,226, 24
793,226,226, 24
794,226,226, 24
795,226,226, 24
796,226,226, 24
797,226,226, 24
798,226,226, 24
799,226,226, 24
800,226,226, 24
801,226,226, 24
802,226,226, 24
803,226,226, 24
804,226,226, 24
805,226,226, 24
806,226,226, 24
807,226,226, 24
808,226,226, 24
809,226,226, 24
810,226,226, 24
811,226,226, 24
812,226,226, 24
813,226,226, 24
814,226,226, 24
815,226,226, 24
816,226,226, 24
817,226,226, 24
818,226,226, 24
819,226,226, 24
820,226,226, 24
821,226,226, 24
822,226,226, 24
823,226,226, 24
824,226,226, 24
825,226,226, 24
826,226,226, 24
827,226,226, 24
828,226,226, 24
829,226,226, 24
830,226,226, 24
831,226,226, 24
832,226,226, 24
833,226,226, 24
834,226,226, 24
835,226,226, 24
836,226,226, 24
837,226,226, 24
838,226,226, 24
839,226,226, 24
840,226,226, 24
841,226,226, 24
842,226,226, 24
843,226,226, 24
844,226,226, 24
845,226,226, 24
846,226,226, 24
847,226,226, 24
848,226,226, 24
849,226,226, 24
850,226,226, 24
851,226,226, 24
852,226,226, 24
853,226,226, 24
854,226,226, 24
855,226,226, 24
856,226,226, 24
857,226,226, 24
858,226,226, 24
859,226,226, 24
860,226,226, 24
861,226,226, 24
862,226,226, 24
863,226,226, 24
864,226,226, 24
865,226,226, 24
866,226,226, 24
867,226,226, 24
868,226,226, 24
869,226,226, 24
870,226,226, 24
871,226,226, 24
872,226,226, 24
873,226,226, 24
874,226,226, 24
875,226,226, 24
876,226,226, 24
877,226,226, 24
878,226,226, 24
879,226,226, 24
880,226,226, 24
881,226,226, 24
882,226,226, 24
883,226,226, 24
884,226,226, 24
885,226,226, 24
886,226,226, 24
887,226,226, 24
888,226,226, 24
889,226,226, 24
890,226,226, 24
891,226,226, 24
892,226,226, 24
893,226,226, 24
894,226,226, 24
895,226,226, 24
896,226,226, 24
897,226,226, 24
898,226,226, 24
899,226,226, 24
900,226,226, 24
901,226,226, 24
902,226,226, 24
903,226,226, 24
904,226,226, 24
905,226,226, 24
906,226,226, 24
907,226,226, 24
908,226,226, 24
909,226,226, 24
910,226,226, 24
911,226,226, 24
912,226,226, 24
913,226,226, 24
914,226,226, 24
915,226,226, 24
916,226,226, 24
917,226,226, 24
918,226,226, 24
919,226,226, 24
920,226,226, 24
921,226,226, 24
922,226,226, 24
923,226,226, 24
924,226,226, 24
925,226,226, 24
926,226,226, 24
927,226,226, 24
928,226,226, 24
929,226,226, 24
930,226,226, 24
931,226,226, 24
932,226,226, 24
933,226,226, 24
934,226,226, 24
935,226,226, 24
936,226,226, 24
937,226,226, 24
938,226,226, 24
939,226,226, 24
940,226,226, 24
941,226,226, 24
942,226,226, 24
943,226,226, 24
944,226,226, 24
945,226,226, 24
946,226,226, 24
947,226,226, 24
948,226,226, 24
949,226,226, 24
950,226,226, 24
951,226,226, 24
952,226,226, 24
953,226,226, 24
954,226,226, 24
955,226,226, 24
956,226,226, 24
957,226,226, 24
958,226,226, 24
959,226,226, 24
960,226,226, 24
961,226,226, 24
962,226,226, 24
963,226,226, 24
964,226,226, 24
965,226,226, 24
966,226,226, 24
967,226,226, 24
968,226,226, 24
969,226,226, 24
970,226,226, 24
971,226,226, 24
972,226,226, 24
973,226,226, 24
974,226,226, 24
975,226,226, 24
976,226,226, 24
977,226,226, 24
978,226,226, 24
979,226,226, 24
980,226,226, 24
981,226,226, 24
982,226,226, 24
983,226,226, 24
984,226,226, 24
985,226,226, 24
986,226,226, 24
987,226,226, 24
988,226,226, 24
989,226,226, 24
990,226,226, 24
991,226,226, 24
992,226,226, 24
993,226,226, 24
994,226,226, 24
995,226,226, 24
996,226,226, 24
997,226,226, 24
998,226,226, 24
999,226,226, 24
1000,226,226, 24
1001,226,226, 24
1002,226,226, 24
1003,226,226, 24
1004,226,226, 24
1005,226,226, 24
1006,226,226, 24
1007,226,226, 24
1008,226,226, 24
1009,226,226, 24
1010,226,226, 24
1011,226,226, 24
1012,226,226, 24
1013,226,226, 24
1014,226,226, 24
1015,226,226, 24
1016,226,226, 24
1017,226,226, 24
1018,226,226, 24
1019,226,226, 24
1020,226,226, 24
1021,226,226, 24
1022,226,226, 24
1023,226,226, 24
1024,226,226, 24
1025,226,226, 24
1026,226,226, 24
1027,226,226, 24
1028,226,226, 24
1029,226,226, 24
1030,226,226, 24
1031,226,226, 24
1032,226,226, 24
1033,226,226, 24
1034,226,226, 24
1035,226,226, 24
1036,226,226, 24
1037,226,226, 24
1038,226,226, 24
1039,226,226, 24
1040,226,226, 24
1041,226,226, 24
1042,226,226, 24
1043,226,226, 24
1044,226,226, 24
1045,226,226, 24
1046,226,226, 24
1047,226,226, 24
1048,226,226, 24
1049,226,226, 24
1050,226,226, 24
1051,226,226, 24
1052,226,226, 24
1053,226,226, 24
1054,226,226, 24
1055,226,226, 24
1056,226,226, 24
1057,226,226, 24
1058,226,226, 24
1059,226,226, 24
1060,226,226, 24
1061,226,226, 24
1062,226,226, 24
1063,226,226, 24
1064,226,226, 24
1065,226,226, 24
1066,226,226, 24
1067,226,226, 24
1068,226,226, 24
1069,226,226, 24
1070,226,226, 24
1071,226,226, 24
1072,226,226, 24
1073,226,226, 24
1074,226,226, 24
1075,226,226, 24
1076,226,226, 24
1077,226,226, 24
1078,226,226, 24
1079,226,226, 24
1080,226,226, 24
1081,226,226, 24
1082,226,226, 24
1083,226,226, 24
1084,226,226, 24
1085,226,226, 24
1086,226,226, 24
1087,226,226, 24
1088,226,226, 24
1089,226,226, 24
1090,226,226, 24
1091,226,226, 24
1092,226,226, 24
1093,226,226, 24
1094,226,226, 24
1095,226,226, 24
1096,226,226, 24
1097,226,226, 24
1098,226,226, 24
1099,226,226, 24
1100,226,226, 24
1101,226,226, 24
1102,226,226, 24
1103,226,226, 24
1104,226,226, 24
1105,226,226, 24
1106,226,226, 24
1107,226,226, 24
1108,226,226, 24
1109,226,226, 24
1110,226,226, 24
1111,226,226, 24
1112,226,226, 24
1113,226,226, 24
1114,226,226, 24
1115,226,226, 24
1116,226,226, 24
1117,226,226, 24
1118,226,226, 24
1119,226,226, 24
1120,226,226, 24
1121,226,226, 24
1122,226,226, 24
1123,226,226, 24
1124,226,226, 24
1125,226,226, 24
1126,226,226, 24
1127,226,226, 24
1128,226,226, 24
1129,226,226, 24
1130,226,226, 24
1131,226,226, 24
1132,226,226, 24
1133,226,226, 24
1134,226,226, 24
1135,226,226, 24
1136,226,226, 24
1137,226,226, 24
1138,226,226, 24
1139,226,226, 24
1140,226,226, 24
1141,226,226, 24
1142,226,226, 24
1143,226,226, 24
1144,226,226, 24
1145,226,226, 24
1146,226,226, 24
1147,226,226, 24
1148,226,226, 24
1149,226,226, 24
1150,226,226, 24
1151,226,226, 24
1152,226,226, 24
1153,226,226, 24
1154,226,226, 24
1155,226,226, 24
1156,226,226, 24
1157,226,226, 24
1158,226,226, 24
1159,226,226, 24
1160,226,226, 24
1161,226,226, 24
1162,226,226, 24
1163,226,226, 24
1164,226,226, 24
1165,226,226, 24
1166,226,226, 24
1167,226,226, 24
1168,226,226, 24
1169,226,226, 24
1170,226,226, 24
1171,226,226, 24
1172,226,226, 24
1173,226,226, 24
1174,226,226, 24
1175,226,226, 24
1176,226,226, 24
1177,226,226, 24
1178,226,226, 24
1179,226,226, 24
1180,226,226, 24
1181,225,225, 25
1182,225,225, 25
1183,225,225, 25
1184,225,225, 25
1185,225,225, 25
1186,225,225, 25
1187,225,225, 25
1188,225,225, 25
1189,225,225, 25
1190,225,225, 25
1191,225,225, 25
1192,225,225, 25
1193,225,225, 25
1194,225,225, 25
1195,225,225, 25
1196,225,225, 25
1197,225,225, 25
1198,225,225, 25
1199,225,225, 25
1200,225,225, 25
1201,225,225, 25
1202,225,225, 25
1203,225,225, 25
1204,225,225, 25
1205,225,225, 25
1206,225,225, 25
1207,225,225, 25
1208,225,225, 25
1209,225,225, 25
1210,225,225, 25
1211,225,225, 25
1212,225,225, 25
1213,225,225, 25
1214,225,225, 25
1215,225,225, 25
1216,225,225, 25
1217,225,225, 25
1218,225,225, 25
1219,225,225, 25
1220,225,225, 25
1221,225,225, 25
1222,225,225, 25
1223,225,225, 25
1224,225,225, 25
1225,225,225, 25
1226,225,225, 25
1227,225,225, 25
1228,225,225, 25
1229,225,225, 25
1230,225,225, 25
1231,225,225, 25
1232,225,225, 25
1233,225,225, 25
1234,225,225, 25
1235,225,225, 25
1236,225,225, 25
1237,225,225, 25
1238,225,225, 25
1239,225,225, 25
1240,225,225, 25
1241,225,225, 25
1242,225,225, 25
1243,225,225, 25
1244,225,225, 25
1245,225,225, 25
1246,225,225, 25
1247,225,225, 25
1248,225,225, 25
1249,225,225, 25
1250,225,225, 25
1251,225,225, 25
1252,225,225, 25
1253,225,225, 25
1254,225,225, 25
1255,225,225, 25
1256,225,225, 25
1257,225,225, 25
1258,225,225, 25
1259,225,225, 25
1260,225,225, 25
1261,225,225, 25
1262,225,225, 25
1263,225,225, 25
1264,225,225, 25
1265,225,225, 25
1266,225,225, 25
1267,225,225, 25
1268,225,225, 25
1269,225,225, 25
1270,225,225, 25
1271,225,225, 25
1272,225,225, 25
1273,225,225, 25
1274,225,225, 25
1275,225,225, 25
1276,225,225, 25
1277,225,225, 25
1278,225,225, 25
1279,225,225, 25
1280,225,225, 25
1281,225,225, 25
1282,225,225, 25
1283,225,225, 25
1284,225,225, 25
1285,225,225, 25
1286,225,225, 25
1287,225,225, 25
1288,225,225, 25
1289,225,225, 25
1290,225,225, 25
1291,225,225, 25
1292,225,225, 25
1293,225,225, 25
1294,225,225, 25
1295,225,225, 25
1296,225,225, 25
1297,225,225, 25
1298,225,225, 25
1299,225,225, 25
1300,225,225, 25
1301,225,225, 25
1302,225,225, 25
1303,225,225, 25
1304,225,225, 25
1305,225,225, 25
1306,225,225, 25
1307,225,225, 25
1308,225,225, 25
1309,225,225, 25
1310,225,225, 25
1311,225,225, 25
1312,225,225, 25
1313,225,225, 25
1314,225,225, 25
1315,225,225, 25
1316,225,225, 25
1317,225,225, 25
1318,225,225, 25
1319,225,225, 25
1320,225,225, 25
1321,225,225, 25
1322,225,225, 25
1323,225,225, 25
1324,225,225, 25
1325,225,225, 25
1326,225,225, 25
1327,225,225, 25
1328,225,225, 25
1329,225,225, 25
1330,225,225, 25
1331,225,225, 25
1332,225,225, 25
1333,225,225, 25
1334,225,225, 25
1335,225,225, 25
1336,225,225, 25
1337,225,225, 25
1338,225,225, 25
1339,225,225, 25
1340,225,225, 25
1341,225,225, 25
1342,225,225, 25
1343,225,225, 25
1344,225,225, 25
1345,225,225, 25
1346,225,225, 25
1347,225,225, 25
1348,225,225, 25
1349,225,225, 25
1350,225,225, 25
1351,225,225, 25
1352,225,225, 25
1353,225,225, 25
1354,225,225, 25
1355,225,225, 25
1356,225,225, 25
1357,225,225, 25
1358,225,225, 25
1359,225,225, 25
1360,225,225, 25
1361,225,225, 25
1362,225,225, 25
1363,225,225, 25
1364,225,225, 25
1365,225,225, 25
1366,225,225, 25
1367,225,225, 25
1368,225,225, 25
1369,225,225, 25
1370,225,225, 25
1371,225,225, 25
1372,225,225, 25
1373,225,225, 25
1374,225,225, 25
1375,225,225, 25
1376,225,225, 25
1377,225,225, 25
1378,225,225, 25
1379,225,225, 25
1380,225,225, 25
1381,225,225, 25
1382,225,225, 25
1383,225,225, 25
1384,225,225, 25
1385,225,225, 25
1386,225,225, 25
1387,225,225, 25
1388,225,225, 25
1389,225,225, 25
1390,225,225, 25
1391,225,225, 25
1392,225,225, 25
1393,225,225, 25
1394,225,225, 25
1395,225,225, 25
1396,225,225, 25
1397,225,225, 25
1398,225,225, 25
1399,225,225, 25
1400,225,225, 25
1401,225,225, 25
1402,225,225, 25
1403,225,225, 25
1404,225,225, 25
1405,225,225, 25
1406,225,225, 25
1407,225,225, 25
1408,225,225, 25
1409,225,225, 25
1410,225,225, 25
1411,225,225, 25
1412,225,225, 25
1413,225,225, 25
1414,225,225, 25
1415,225,225, 25
1416,225,225, 25
1417,225,225, 25
1418,225,225, 25
1419,225,225, 25
1420,225,225, 25
1421,225,225, 25
1422,225,225, 25
1423,225,225, 25
1424,225,225, 25
1425,225,225, 25
1426,225,225, 25
1427,225,225, 25
1428,225,225, 25
1429,225,225, 25
1430,225,225, 25
1431,225,225, 25
1432,225,225, 25
1433,225,225, 25
1434,225,225, 25
1435,225,225, 25
1436,225,225, 25
1437,225,225, 25
1438,225,225, 25
1439,225,225, 25
1440,225,225, 25
1441,225,225, 25
1442,225,225, 25
1443,225,225, 25
1444,225,225, 25
1445,225,225, 25
1446,225,225, 25
1447,225,225, 25
1448,225,225, 25
1449,225,225, 25
1450,225,225, 25
1451,225,225, 25
1452,225,225, 25
1453,225,225, 25
1454,225,225, 25
1455,225,225, 25
1456,225,225, 25
1457,225,225, 25
1458,225,225, 25
1459,225,225, 25
1460,225,225, 25
1461,225,225, 25
1462,225,225, 25
1463,225,225, 25
1464,225,225, 25
1465,225,225, 25
1466,225,225, 25
1467,225,225, 25
1468,225,225, 25
1469,225,225, 25
1470,225,225, 25
1471,225,225, 25
1472,225,225, 25
1473,225,225, 25
1474,225,225, 25
1475,225,225, 25
1476,225,225, 25
1477,225,225, 25
1478,225,225, 25
1479,225,225, 25
1480,225,225, 25
1481,225,225, 25
1482,225,225, 25
1483,225,225, 25
1484,225,225, 25
1485,225,225, 25
1486,225,225, 25
1487,225,225, 25
1488,225,225, 25
1489,225,225, 25
1490,225,225, 25
1491,225,225, 25
1492,225,225, 25
1493,225,225, 25
1494,225,225, 25
1495,225,225, 25
1496,225,225, 25
1497,225,225, 25
1498,225,225, 25
1499,225,225, 25
