0,250,250, 0
1,250,250, 0
2,250,250, 0
3,250,250, 0
4,250,250, 0
5,250,250, 0
6,250,250, 0
7,250,250, 0
8,250,250, 0
9,250,250, 0
10,250,250, 0
11,250,250, 0
12,250,250, 0
13,250,250, 0
14,250,250, 0
15,250,250, 0
16,250,250, 0
17,250,250, 0
18,250,250, 0
19,250,250, 0
20,250,250, 0
21,250,250, 0
22,250,250, 0
23,250,250, 0
24,250,250, 0
25,250,250, 0
26,250,250, 0
27,250,250, 0
28,250,250, 0
29,249,249, 1
30,249,249, 1
31,249,249, 1
32,249,249, 1
33,249,249, 1
34,249,249, 1
35,249,249, 1
36,249,249, 1
37,249,249, 1
38,249,249, 1
39,249,249, 1
40,249,249, 1
41,249,249, 1
42,248,248, 2
43,248,248, 2
44,248,248, 2
45,248,248, 2
46,248,248, 2
47,248,248, 2
48,248,248, 2
49,248,248, 2
50,248,248, 2
51,248,248, 2
52,247,247, 3
53,247,247, 3
54,246,246, 4
55,246,246, 4
56,246,246, 4
57,246,246, 4
58,246,246, 4
59,246,246, 4
60,246,246, 4
61,246,246, 4
62,246,246, 4
63,245,245, 5
64,245,245, 5
65,245,245, 5
66,245,245, 5
67,245,245, 5
68,245,245, 5
69,245,245, 5
70,245,245, 5
71,245,245, 5
72,245,245, 5
73,244,244, 6
74,244,244, 6
75,244,244, 6
76,244,244, 6
77,244,244, 6
78,243,243, 7
79,243,243, 7
80,243,243, 7
81,243,243, 7
82,243,243, 7
83,243,243, 7
84,243,243, 7
85,243,243, 7
86,243,243, 7
87,243,243, 7
88,243,243, 7
89,243,243, 7
90,243,243, 7
91,243,243, 7
92,243,243, 7
93,243,243, 7
94,243,243, 7
95,243,243, 7
96,243,243, 7
97,243,243, 7
98,243,243, 7
99,243,243, 7
100,243,243, 7
101,243,243, 7
102,243,243, 7
103,243,243, 7
104,243,243, 7
105,243,243, 7
106,243,243, 7
107,243,243, 7
108,243,243, 7
109,243,243, 7
110,243,243, 7
111,243,243, 7
112,243,243, 7
113,242,242, 8
114,242,242, 8
115,242,242, 8
116,242,242, 8
117,242,242, 8
118,242,242, 8
119,242,242, 8
120,242,242, 8
121,242,242, 8
122,242,242, 8
123,242,242, 8
124,242,242, 8
125,242,242, 8
126,242,242, 8
127,242,242, 8
128,242,242, 8
129,242,242, 8
130,242,242, 8
131,242,242, 8
132,242,242, 8
133,242,242, 8
134,242,242, 8
135,242,242, 8
136,242,242, 8
137,242,242, 8
138,242,242, 8
139,242,242, 8
140,242,242, 8
141,242,242, 8
142,242,242, 8
143,242,242, 8
144,242,242, 8
145,242,242, 8
146,242,242, 8
147,242,242, 8
148,241,241, 9
149,241,241, 9
150,241,241, 9
151,241,241, 9
152,241,241, 9
153,241,241, 9
154,241,241, 9
155,241,241, 9
156,241,241, 9
157,241,241, 9
158,241,241, 9
159,241,241, 9
160,241,241, 9
161,241,241, 9
162,241,241, 9
163,241,241, 9
164,241,241, 9
165,241,241, 9
166,241,241, 9
167,241,241, 9
168,241,241, 9
169,240,240, 10
170,240,240, 10
171,240,240, 10
172,240,240, 10
173,240,240, 10
174,240,240, 10
175,240,240, 10
176,240,240, 10
177,240,240, 10
178,240,240, 10
179,240,240, 10
180,240,240, 10
181,239,239, 11
182,239,239, 11
183,239,239, 11
184,239,239, 11
185,239,239, 11
186,239,239, 11
187,239,239, 11
188,239,239, 11
189,239,239, 11
190,239,239, 11
191,239,239, 11
192,239,239, 11
193,239,239, 11
194,239,239, 11
195,239,239, 11
196,239,239, 11
197,239,239, 11
198,239,239, 11
199,239,239, 11
200,239,239, 11
201,239,239, 11
202,239,239, 11
203,239,239, 11
204,239,239, 11
205,239,239, 11
206,239,239, 11
207,239,239, 11
208,239,239, 11
209,239,239, 11
210,239,239, 11
211,239,239, 11
212,239,239, 11
213,239,239, 11
214,239,239, 11
215,239,239, 11
216,239,239, 11
217,239,239, 11
218,239,239, 11
219,239,239, 11
220,239,239, 11
221,239,239, 11
222,239,239, 11
223,239,239, 11
224,239,239, 11
225,239,239, 11
226,239,239, 11
227,239,239, 11
228,239,239, 11
229,239,239, 11
230,239,239, 11
231,239,239, 11
232,239,239, 11
233,239,239, 11
234,239,239, 11
235,239,239, 11
236,239,239, 11
237,238,238, 12
238,238,238, 12
239,238,238, 12
240,238,238, 12
241,238,238, 12
242,238,238, 12
243,238,238, 12
244,238,238, 12
245,238,238, 12
246,238,238, 12
247,238,238, 12
248,238,238, 12
249,238,238, 12
250,238,238, 12
251,238,238, 12
252,238,238, 12
253,238,238, 12
254,238,238, 12
255,238,238, 12
256,238,238, 12
257,238,238, 12
258,238,238, 12
259,238,238, 12
260,238,238, 12
261,238,238, 12
262,238,238, 12
263,238,238, 12
264,238,238, 12
265,238,238, 12
266,237,237, 13
267,237,237, 13
268,237,237, 13
269,237,237, 13
270,237,237, 13
271,237,237, 13
272,237,237, 13
273,237,237, 13
274,237,237, 13
275,237,237, 13
276,237,237, 13
277,237,237, 13
278,237,237, 13
279,237,237, 13
280,237,237, 13
281,237,237, 13
282,237,237, 13
283,237,237, 13
284,237,237, 13
285,237,237, 13
286,237,237, 13
287,237,237, 13
288,237,237, 13
289,237,237, 13
290,237,237, 13
291,237,237, 13
292,237,237, 13
293,237,237, 13
294,237,237, 13
295,237,237, 13
296,237,237, 13
297,237,237, 13
298,237,237, 13
299,237,237, 13
300,237,237, 13
301,237,237, 13
302,237,237, 13
303,237,237, 13
304,237,237, 13
305,237,237, 13
306,237,237, 13
307,237,237, 13
308,237,237, 13
309,237,237, 13
310,237,237, 13
311,237,237, 13
312,237,237, 13
313,237,237, 13
314,237,237, 13
315,237,237, 13
316,237,237, 13
317,237,237, 13
318,237,237, 13
319,237,237, 13
320,237,237, 13
321,237,237, 13
322,237,237, 13
323,237,237, 13
324,237,237, 13
325,237,237, 13
326,237,237, 13
327,237,237, 13
328,237,237, 13
329,237,237, 13
330,237,237, 13
331,237,237, 13
332,237,237, 13
333,237,237, 13
334,237,237, 13
335,237,237, 13
336,237,237, 13
337,237,237, 13
338,237,237, 13
339,237,237, 13
340,237,237, 13
341,237,237, 13
342,237,237, 13
343,237,237, 13
344,237,237, 13
345,237,237, 13
346,237,237, 13
347,237,237, 13
348,237,237, 13
349,237,237, 13
350,237,237, 13
351,237,237, 13
352,237,237, 13
353,237,237, 13
354,237,237, 13
355,237,237, 13
356,237,237, 13
357,237,237, 13
358,237,237, 13
359,237,237, 13
360,237,237, 13
361,237,237, 13
362,237,237, 13
363,237,237, 13
364,237,237, 13
365,237,237, 13
366,237,237, 13
367,237,237, 13
368,237,237, 13
369,237,237, 13
370,237,237, 13
371,237,237, 13
372,237,237, 13
373,237,237, 13
374,237,237, 13
375,237,237, 13
376,237,237, 13
377,237,237, 13
378,237,237, 13
379,237,237, 13
380,237,237, 13
381,237,237, 13
382,237,237, 13
383,237,237, 13
384,237,237, 13
385,237,237, 13
386,237,237, 13
387,237,237, 13
388,237,237, 13
389,237,237, 13
390,237,237, 13
391,237,237, 13
392,237,237, 13
393,237,237, 13
394,237,237, 13
395,237,237, 13
396,237,237, 13
397,237,237, 13
398,237,237, 13
399,236,236, 14
400,236,236, 14
401,236,236, 14
402,236,236, 14
403,236,236, 14
404,236,236, 14
405,236,236, 14
406,236,236, 14
407,236,236, 14
408,236,236, 14
409,236,236, 14
410,236,236, 14
411,236,236, 14
412,236,236, 14
413,236,236, 14
414,236,236, 14
415,235,235, 15
416,235,235, 15
417,235,235, 15
418,235,235, 15
419,235,235, 15
420,235,235, 15
421,235,235, 15
422,235,235, 15
423,235,235, 15
424,235,235, 15
425,235,235, 15
426,235,235, 15
427,235,235, 15
428,235,235, 15
429,235,235, 15
430,235,235, 15
431,235,235, 15
432,235,235, 15
433,235,235, 15
434,235,235, 15
435,235,235, 15
436,235,235, 15
437,235,235, 15
438,235,235, 15
439,235,235, 15
440,235,235, 15
441,234,234, 16
442,234,234, 16
443,234,234, 16
444,234,234, 16
445,234,234, 16
446,234,234, 16
447,234,234, 16
448,234,234, 16
449,234,234, 16
450,234,234, 16
451,234,234, 16
452,234,234, 16
453,234,234, 16
454,234,234, 16
455,234,234, 16
456,234,234, 16
457,234,234, 16
458,234,234, 16
459,234,234, 16
460,234,234, 16
461,234,234, 16
462,234,234, 16
463,234,234, 16
464,234,234, 16
465,234,234, 16
466,234,234, 16
467,234,234, 16
468,233,233, 17
469,233,233, 17
470,233,233, 17
471,233,233, 17
472,233,233, 17
473,233,233, 17
474,233,233, 17
475,233,233, 17
476,233,233, 17
477,233,233, 17
478,233,233, 17
479,233,233, 17
480,233,233, 17
481,233,233, 17
482,233,233, 17
483,233,233, 17
484,233,233, 17
485,233,233, 17
486,233,233, 17
487,233,233, 17
488,233,233, 17
489,233,233, 17
490,232,232, 18
491,232,232, 18
492,232,232, 18
493,232,232, 18
494,232,232, 18
495,232,232, 18
496,232,232, 18
497,232,232, 18
498,232,232, 18
499,232,232, 18
500,232,232, 18
501,232,232, 18
502,232,232, 18
503,232,232, 18
504,232,232, 18
505,232,232, 18
506,232,232, 18
507,232,232, 18
508,232,232, 18
509,232,232, 18
510,232,232, 18
511,232,232, 18
512,232,232, 18
513,232,232, 18
514,232,232, 18
515,232,232, 18
516,232,232, 18
517,232,232, 18
518,232,232, 18
519,232,232, 18
520,232,232, 18
521,232,232, 18
522,232,232, 18
523,232,232, 18
524,232,232, 18
525,232,232, 18
526,232,232, 18
527,232,232, 18
528,232,232, 18
529,232,232, 18
530,232,232, 18
531,232,232, 18
532,232,232, 18
533,232,232, 18
534,232,232, 18
535,232,232, 18
536,232,232, 18
537,232,232, 18
538,232,232, 18
539,232,232, 18
540,232,232, 18
541,232,232, 18
542,232,232, 18
543,232,232, 18
544,232,232, 18
545,232,232, 18
546,232,232, 18
547,232,232, 18
548,232,232, 18
549,232,232, 18
550,232,232, 18
551,232,232, 18
552,232,232, 18
553,232,232, 18
554,232,232, 18
555,232,232, 18
556,232,232, 18
557,232,232, 18
558,232,232, 18
559,232,232, 18
560,232,232, 18
561,232,232, 18
562,232,232, 18
563,232,232, 18
564,232,232, 18
565,232,232, 18
566,232,232, 18
567,232,232, 18
568,232,232, 18
569,232,232, 18
570,232,232, 18
571,232,232, 18
572,232,232, 18
573,232,232, 18
574,232,232, 18
575,232,232, 18
576,232,232, 18
577,232,232, 18
578,232,232, 18
579,232,232, 18
580,232,232, 18
581,232,232, 18
582,232,232, 18
583,232,232, 18
584,232,232, 18
585,232,232, 18
586,232,232, 18
587,232,232, 18
588,232,232, 18
589,232,232, 18
590,232,232, 18
591,232,232, 18
592,232,232, 18
593,232,232, 18
594,232,232, 18
595,232,232, 18
596,232,232, 18
597,232,232, 18
598,232,232, 18
599,232,232, 18
600,232,232, 18
601,232,232, 18
602,232,232, 18
603,232,232, 18
604,232,232, 18
605,232,232, 18
606,232,232, 18
607,232,232, 18
608,232,232, 18
609,232,232, 18
610,232,232, 18
611,232,232, 18
612,232,232, 18
613,232,232, 18
614,232,232, 18
615,232,232, 18
616,232,232, 18
617,232,232, 18
618,232,232, 18
619,232,232, 18
620,232,232, 18
621,232,232, 18
622,232,232, 18
623,232,232, 18
624,232,232, 18
625,232,232, 18
626,232,232, 18
627,232,232, 18
628,232,232, 18
629,232,232, 18
630,232,232, 18
631,232,232, 18
632,232,232, 18
633,232,232, 18
634,232,232, 18
635,232,232, 18
636,232,232, 18
637,232,232, 18
638,232,232, 18
639,232,232, 18
640,232,232, 18
641,232,232, 18
642,232,232, 18
643,232,232, 18
644,232,232, 18
645,231,231, 19
646,231,231, 19
647,231,231, 19
648,231,231, 19
649,231,231, 19
650,231,231, 19
651,231,231, 19
652,231,231, 19
653,231,231, 19
654,231,231, 19
655,231,231, 19
656,231,231, 19
657,231,231, 19
658,231,231, 19
659,231,231, 19
660,231,231, 19
661,231,231, 19
662,231,231, 19
663,231,231, 19
664,231,231, 19
665,231,231, 19
666,231,231, 19
667,231,231, 19
668,231,231, 19
669,231,231, 19
670,231,231, 19
671,231,231, 19
672,231,231, 19
673,231,231, 19
674,231,231, 19
675,231,231, 19
676,231,231, 19
677,231,231, 19
678,231,231, 19
679,231,231, 19
680,231,231, 19
681,231,231, 19
682,231,231, 19
683,231,231, 19
684,231,231, 19
685,231,231, 19
686,231,231, 19
687,231,231, 19
688,231,231, 19
689,231,231, 19
690,231,231, 19
691,231,231, 19
692,231,231, 19
693,231,231, 19
694,231,231, 19
695,231,231, 19
696,231,231, 19
697,231,231, 19
698,231,231, 19
699,231,231, 19
700,231,231, 19
701,231,231, 19
702,231,231, 19
703,231,231, 19
704,231,231, 19
705,231,231, 19
706,231,231, 19
707,231,231, 19
708,231,231, 19
709,231,231, 19
710,231,231, 19
711,231,231, 19
712,231,231, 19
713,231,231, 19
714,231,231, 19
715,231,231, 19
716,231,231, 19
717,231,231, 19
718,231,231, 19
719,231,231, 19
720,231,231, 19
721,231,231, 19
722,231,231, 19
723,231,231, 19
724,231,231, 19
725,231,231, 19
726,231,231, 19
727,231,231, 19
728,231,231, 19
729,231,231, 19
730,231,231, 19
731,231,231, 19
732,231,231, 19
733,231,231, 19
734,231,231, 19
735,231,231, 19
736,231,231, 19
737,231,231, 19
738,231,231, 19
739,231,231, 19
740,231,231, 19
741,231,231, 19
742,231,231, 19
743,231,231, 19
744,231,231, 19
745,231,231, 19
746,231,231, 19
747,231,231, 19
748,231,231, 19
749,231,231, 19
750,231,231, 19
751,231,231, 19
752,231,231, 19
753,231,231, 19
754,231,231, 19
755,231,231, 19
756,231,231, 19
757,231,231, 19
758,231,231, 19
759,231,231, 19
760,231,231, 19
761,231,231, 19
762,231,231, 19
763,231,231, 19
764,231,231, 19
765,231,231, 19
766,231,231, 19
767,231,231, 19
768,231,231, 19
769,231,231, 19
770,231,231, 19
771,231,231, 19
772,231,231, 19
773,231,231, 19
774,231,231, 19
775,231,231, 19
776,231,231, 19
777,231,231, 19
778,231,231, 19
779,231,231, 19
780,231,231, 19
781,231,231, 19
782,231,231, 19
783,231,231, 19
784,231,231, 19
785,231,231, 19
786,231,231, 19
787,231,231, 19
788,231,231, 19
789,231,231, 19
790,231,231, 19
791,231,231, 19
792,231,231, 19
793,231,231, 19
794,231,231, 19
795,231,231, 19
796,231,231, 19
797,231,231, 19
798,231,231, 19
799,231,231, 19
800,231,231, 19
801,231,231, 19
802,231,231, 19
803,231,231, 19
804,231,231, 19
805,231,231, 19
806,231,231, 19
807,231,231, 19
808,231,231, 19
809,231,231, 19
810,231,231, 19
811,231,231, 19
812,231,231, 19
813,231,231, 19
814,231,231, 19
815,231,231, 19
816,231,231, 19
817,231,231, 19
818,231,231, 19
819,231,231, 19
820,231,231, 19
821,231,231, 19
822,231,231, 19
823,231,231, 19
824,231,231, 19
825,231,231, 19
826,231,231, 19
827,230,230, 20
828,230,230, 20
829,230,230, 20
830,230,230, 20
831,230,230, 20
832,230,230, 20
833,230,230, 20
834,230,230, 20
835,230,230, 20
836,230,230, 20
837,230,230, 20
838,230,230, 20
839,230,230, 20
840,230,230, 20
841,230,230, 20
842,230,230, 20
843,230,230, 20
844,230,230, 20
845,230,230, 20
846,230,230, 20
847,230,230, 20
848,230,230, 20
849,230,230, 20
850,230,230, 20
851,230,230, 20
852,230,230, 20
853,230,230, 20
854,230,230, 20
855,230,230, 20
856,230,230, 20
857,230,230, 20
858,230,230, 20
859,230,230, 20
860,230,230, 20
861,230,230, 20
862,230,230, 20
863,230,230, 20
864,230,230, 20
865,230,230, 20
866,230,230, 20
867,230,230, 20
868,230,230, 20
869,230,230, 20
870,229,229, 21
871,229,229, 21
872,229,229, 21
873,229,229, 21
874,229,229, 21
875,229,229, 21
876,229,229, 21
877,229,229, 21
878,229,229, 21
879,229,229, 21
880,229,229, 21
881,229,229, 21
882,229,229, 21
883,229,229, 21
884,229,229, 21
885,229,229, 21
886,229,229, 21
887,229,229, 21
888,229,229, 21
889,229,229, 21
890,229,229, 21
891,229,229, 21
892,229,229, 21
893,229,229, 21
894,229,229, 21
895,229,229, 21
896,229,229, 21
897,229,229, 21
898,229,229, 21
899,228,228, 22
900,228,228, 22
901,228,228, 22
902,228,228, 22
903,228,228, 22
904,228,228, 22
905,228,228, 22
906,228,228, 22
907,228,228, 22
908,228,228, 22
909,228,228, 22
910,228,228, 22
911,228,228, 22
912,228,228, 22
913,228,228, 22
914,228,228, 22
915,228,228, 22
916,228,228, 22
917,228,228, 22
918,228,228, 22
919,228,228, 22
920,228,228, 22
921,228,228, 22
922,228,228, 22
923,228,228, 22
924,228,228, 22
925,228,228, 22
926,228,228, 22
927,228,228, 22
928,228,228, 22
929,228,228, 22
930,228,228, 22
931,228,228, 22
932,228,228, 22
933,228,228, 22
934,228,228, 22
935,228,228, 22
936,228,228, 22
937,228,228, 22
938,228,228, 22
939,228,228, 22
940,228,228, 22
941,228,228, 22
942,228,228, 22
943,228,228, 22
944,228,228, 22
945,228,228, 22
946,228,228, 22
947,228,228, 22
948,228,228, 22
949,228,228, 22
950,228,228, 22
951,228,228, 22
952,228,228, 22
953,228,228, 22
954,228,228, 22
955,228,228, 22
956,228,228, 22
957,228,228, 22
958,228,228, 22
959,228,228, 22
960,228,228, 22
961,228,228, 22
962,228,228, 22
963,228,228, 22
964,228,228, 22
965,228,228, 22
966,228,228, 22
967,228,228, 22
968,228,228, 22
969,228,228, 22
970,228,228, 22
971,228,228, 22
972,228,228, 22
973,228,228, 22
974,228,228, 22
975,228,228, 22
976,228,228, 22
977,228,228, 22
978,228,228, 22
979,228,228, 22
980,228,228, 22
981,228,228, 22
982,228,228, 22
983,228,228, 22
984,228,228, 22
985,228,228, 22
986,228,228, 22
987,228,228, 22
988,228,228, 22
989,228,228, 22
990,228,228, 22
991,228,228, 22
992,228,228, 22
993,228,228, 22
994,228,228, 22
995,228,228, 22
996,228,228, 22
997,228,228, 22
998,228,228, 22
999,228,228, 22
1000,228,228, 22
1001,228,228, 22
1002,228,228, 22
1003,228,228, 22
1004,228,228, 22
1005,228,228, 22
1006,228,228, 22
1007,228,228, 22
1008,228,228, 22
1009,228,228, 22
1010,228,228, 22
1011,228,228, 22
1012,228,228, 22
1013,228,228, 22
1014,228,228, 22
1015,228,228, 22
1016,228,228, 22
1017,228,228, 22
1018,228,228, 22
1019,228,228, 22
1020,228,228, 22
1021,228,228, 22
1022,228,228, 22
1023,228,228, 22
1024,228,228, 22
1025,228,228, 22
1026,228,228, 22
1027,228,228, 22
1028,228,228, 22
1029,228,228, 22
1030,228,228, 22
1031,228,228, 22
1032,228,228, 22
1033,227,227, 23
1034,227,227, 23
1035,227,227, 23
1036,227,227, 23
1037,227,227, 23
1038,227,227, 23
1039,227,227, 23
1040,227,227, 23
1041,227,227, 23
1042,227,227, 23
1043,227,227, 23
1044,227,227, 23
1045,227,227, 23
1046,227,227, 23
1047,227,227, 23
1048,227,227, 23
1049,227,227, 23
1050,226,226, 24
1051,226,226, 24
1052,226,226, 24
1053,226,226, 24
1054,226,226, 24
1055,226,226, 24
1056,226,226, 24
1057,226,226, 24
1058,226,226, 24
1059,226,226, 24
1060,226,226, 24
1061,226,226, 24
1062,226,226, 24
1063,226,226, 24
1064,226,226, 24
1065,226,226, 24
1066,226,226, 24
1067,226,226, 24
1068,226,226, 24
1069,226,226, 24
1070,226,226, 24
1071,226,226, 24
1072,226,226, 24
1073,226,226, 24
1074,226,226, 24
1075,226,226, 24
1076,226,226, 24
1077,226,226, 24
1078,226,226, 24
1079,226,226, 24
1080,226,226, 24
1081,226,226, 24
1082,226,226, 24
1083,226,226, 24
1084,226,226, 24
1085,226,226, 24
1086,226,226, 24
1087,226,226, 24
1088,226,226, 24
1089,226,226, 24
1090,226,226, 24
1091,226,226, 24
1092,226,226, 24
1093,226,226, 24
1094,226,226, 24
1095,226,226, 24
1096,226,226, 24
1097,226,226, 24
1098,226,226, 24
1099,226,226, 24
1100,226,226, 24
1101,226,226, 24
1102,226,226, 24
1103,226,226, 24
1104,226,226, 24
1105,226,226, 24
1106,226,226, 24
1107,226,226, 24
1108,226,226, 24
1109,226,226, 24
1110,226,226, 24
1111,226,226, 24
1112,226,226, 24
1113,226,226, 24
1114,226,226, 24
1115,226,226, 24
1116,226,226, 24
1117,226,226, 24
1118,226,226, 24
1119,226,226, 24
1120,226,226, 24
1121,226,226, 24
1122,226,226, 24
1123,226,226, 24
1124,226,226, 24
1125,226,226, 24
1126,226,226, 24
1127,226,226, 24
1128,226,226, 24
1129,226,226, 24
1130,226,226, 24
1131,226,226, 24
1132,226,226, 24
1133,226,226, 24
1134,226,226, 24
1135,226,226, 24
1136,226,226, 24
1137,226,226, 24
1138,226,226, 24
1139,226,226, 24
1140,226,226, 24
1141,226,226, 24
1142,226,226, 24
1143,226,226, 24
1144,226,226, 24
1145,226,226, 24
1146,226,226, 24
1147,226,226, 24
1148,226,226, 24
1149,226,226, 24
1150,226,226, 24
1151,226,226, 24
1152,226,226, 24
1153,226,226, 24
1154,226,226, 24
1155,226,226, 24
1156,226,226, 24
1157,226,226, 24
1158,226,226, 24
1159,226,226, 24
1160,226,226, 24
1161,226,226, 24
1162,226,226, 24
1163,226,226, 24
1164,226,226, 24
1165,226,226, 24
1166,226,226, 24
1167,226,226, 24
1168,226,226, 24
1169,226,226, 24
1170,226,226, 24
1171,226,226, 24
1172,226,226, 24
1173,226,226, 24
1174,226,226, 24
1175,226,226, 24
1176,226,226, 24
1177,226,226, 24
1178,226,226, 24
1179,226,226, 24
1180,226,226, 24
1181,226,226, 24
1182,226,226, 24
1183,226,226, 24
1184,226,226, 24
1185,226,226, 24
1186,226,226, 24
1187,226,226, 24
1188,226,226, 24
1189,226,226, 24
1190,226,226, 24
1191,226,226, 24
1192,226,226, 24
1193,226,226, 24
1194,226,226, 24
1195,226,226, 24
1196,226,226, 24
1197,226,226, 24
1198,226,226, 24
1199,226,226, 24
1200,226,226, 24
1201,226,226, 24
1202,226,226, 24
1203,226,226, 24
1204,226,226, 24
1205,226,226, 24
1206,226,226, 24
1207,226,226, 24
1208,226,226, 24
1209,226,226, 24
1210,226,226, 24
1211,226,226, 24
1212,226,226, 24
1213,226,226, 24
1214,226,226, 24
1215,226,226, 24
1216,226,226, 24
1217,226,226, 24
1218,226,226, 24
1219,226,226, 24
1220,226,226, 24
1221,226,226, 24
1222,226,226, 24
1223,226,226, 24
1224,226,226, 24
1225,226,226, 24
1226,226,226, 24
1227,226,226, 24
1228,226,226, 24
1229,226,226, 24
1230,226,226, 24
1231,226,226, 24
1232,226,226, 24
1233,226,226, 24
1234,226,226, 24
1235,226,226, 24
1236,226,226, 24
1237,226,226, 24
1238,226,226, 24
1239,226,226, 24
1240,226,226, 24
1241,226,226, 24
1242,226,226, 24
1243,226,226, 24
1244,226,226, 24
1245,226,226, 24
1246,226,226, 24
1247,226,226, 24
1248,226,226, 24
1249,226,226, 24
1250,226,226, 24
1251,226,226, 24
1252,226,226, 24
1253,226,226, 24
1254,226,226, 24
1255,226,226, 24
1256,226,226, 24
1257,226,226, 24
1258,226,226, 24
1259,226,226, 24
1260,226,226, 24
1261,226,226, 24
1262,226,226, 24
1263,226,226, 24
1264,226,226, 24
1265,226,226, 24
1266,226,226, 24
1267,226,226, 24
1268,226,226, 24
1269,226,226, 24
1270,226,226, 24
1271,226,226, 24
1272,226,226, 24
1273,226,226, 24
1274,226,226, 24
1275,226,226, 24
1276,226,226, 24
1277,226,226, 24
1278,226,226, 24
1279,226,226, 24
1280,226,226, 24
1281,226,226, 24
1282,226,226, 24
1283,226,226, 24
1284,226,226, 24
1285,226,226, 24
1286,226,226, 24
1287,226,226, 24
1288,226,226, 24
1289,226,226, 24
1290,226,226, 24
1291,226,226, 24
1292,226,226, 24
1293,226,226, 24
1294,226,226, 24
1295,226,226, 24
1296,226,226, 24
1297,226,226, 24
1298,226,226, 24
1299,226,226, 24
1300,226,226, 24
1301,226,226, 24
1302,226,226, 24
1303,226,226, 24
1304,226,226, 24
1305,226,226, 24
1306,226,226, 24
1307,226,226, 24
1308,226,226, 24
1309,226,226, 24
1310,226,226, 24
1311,226,226, 24
1312,226,226, 24
1313,226,226, 24
1314,226,226, 24
1315,226,226, 24
1316,226,226, 24
1317,226,226, 24
1318,226,226, 24
1319,226,226, 24
1320,226,226, 24
1321,226,226, 24
1322,226,226, 24
1323,226,226, 24
1324,226,226, 24
1325,226,226, 24
1326,226,226, 24
1327,226,226, 24
1328,226,226, 24
1329,226,226, 24
1330,226,226, 24
1331,226,226, 24
1332,226,226, 24
1333,226,226, 24
1334,226,226, 24
1335,226,226, 24
1336,226,226, 24
1337,226,226, 24
1338,226,226, 24
1339,226,226, 24
1340,226,226, 24
1341,226,226, 24
1342,226,226, 24
1343,226,226, 24
1344,226,226, 24
1345,226,226, 24
1346,226,226, 24
1347,226,226, 24
1348,226,226, 24
1349,226,226, 24
1350,226,226, 24
1351,226,226, 24
1352,226,226, 24
1353,226,226, 24
1354,226,226, 24
1355,226,226, 24
1356,226,226, 24
1357,226,226, 24
1358,226,226, 24
1359,226,226, 24
1360,226,226, 24
1361,226,226, 24
1362,226,226, 24
1363,226,226, 24
1364,226,226, 24
1365,226,226, 24
1366,226,226, 24
1367,226,226, 24
1368,226,226, 24
1369,226,226, 24
1370,226,226, 24
1371,226,226, 24
1372,226,226, 24
1373,226,226, 24
1374,226,226, 24
1375,226,226, 24
1376,226,226, 24
1377,226,226, 24
1378,226,226, 24
1379,226,226, 24
1380,226,226, 24
1381,226,226, 24
1382,226,226, 24
1383,226,226, 24
1384,226,226, 24
1385,226,226, 24
1386,226,226, 24
1387,226,226, 24
1388,226,226, 24
1389,226,226, 24
1390,226,226, 24
1391,226,226, 24
1392,226,226, 24
1393,226,226, 24
1394,226,226, 24
1395,226,226, 24
1396,226,226, 24
1397,226,226, 24
1398,226,226, 24
1399,226,226, 24
1400,226,226, 24
1401,226,226, 24
1402,226,226, 24
1403,226,226, 24
1404,226,226, 24
1405,226,226, 24
1406,226,226, 24
1407,226,226, 24
1408,226,226, 24
1409,226,226, 24
1410,226,226, 24
1411,226,226, 24
1412,226,226, 24
1413,226,226, 24
1414,226,226, 24
1415,226,226, 24
1416,226,226, 24
1417,226,226, 24
1418,226,226, 24
1419,226,226, 24
1420,226,226, 24
1421,226,226, 24
1422,226,226, 24
1423,226,226, 24
1424,226,226, 24
1425,226,226, 24
1426,226,226, 24
1427,226,226, 24
1428,226,226, 24
1429,226,226, 24
1430,226,226, 24
1431,226,226, 24
1432,226,226, 24
1433,226,226, 24
1434,226,226, 24
1435,226,226, 24
1436,226,226, 24
1437,226,226, 24
1438,226,226, 24
1439,226,226, 24
1440,226,226, 24
1441,226,226, 24
1442,226,226, 24
1443,226,226, 24
1444,226,226, 24
1445,226,226, 24
1446,226,226, 24
1447,226,226, 24
1448,226,226, 24
1449,226,226, 24
1450,226,226, 24
1451,226,226, 24
1452,226,226, 24
1453,226,226, 24
1454,226,226, 24
1455,226,226, 24
1456,226,226, 24
1457,226,226, 24
1458,226,226, 24
1459,226,226, 24
1460,226,226, 24
1461,226,226, 24
1462,226,226, 24
1463,226,226, 24
1464,226,226, 24
1465,226,226, 24
1466,226,226, 24
1467,226,226, 24
1468,226,226, 24
1469,226,226, 24
1470,226,226, 24
1471,226,226, 24
1472,226,226, 24
1473,226,226, 24
1474,226,226, 24
1475,226,226, 24
1476,226,226, 24
1477,226,226, 24
1478,226,226, 24
1479,226,226, 24
1480,226,226, 24
1481,226,226, 24
1482,226,226, 24
1483,226,226, 24
1484,226,226, 24
1485,226,226, 24
1486,226,226, 24
1487,226,226, 24
1488,226,226, 24
1489,226,226, 24
1490,226,226, 24
1491,226,226, 24
1492,226,226, 24
1493,226,226, 24
1494,226,226, 24
1495,226,226, 24
1496,226,226, 24
1497,226,226, 24
1498,226,226, 24
1499,226,226, 24
