0,250,250, 0
1,250,250, 0
2,250,250, 0
3,250,250, 0
4,250,250, 0
5,250,250, 0
6,250,250, 0
7,250,250, 0
8,250,250, 0
9,250,250, 0
10,250,250, 0
11,250,250, 0
12,250,250, 0
13,250,250, 0
14,250,250, 0
15,250,250, 0
16,249,249, 1
17,249,249, 1
18,249,249, 1
19,249,249, 1
20,249,249, 1
21,249,249, 1
22,249,249, 1
23,249,249, 1
24,249,249, 1
25,248,248, 2
26,248,248, 2
27,247,247, 3
28,247,247, 3
29,247,247, 3
30,247,247, 3
31,247,247, 3
32,247,247, 3
33,247,247, 3
34,247,247, 3
35,247,247, 3
36,247,247, 3
37,247,247, 3
38,247,247, 3
39,247,247, 3
40,247,247, 3
41,247,247, 3
42,247,247, 3
43,247,247, 3
44,247,247, 3
45,247,247, 3
46,247,247, 3
47,247,247, 3
48,247,247, 3
49,247,247, 3
50,247,247, 3
51,247,247, 3
52,247,247, 3
53,247,247, 3
54,247,247, 3
55,247,247, 3
56,247,247, 3
57,247,247, 3
58,247,247, 3
59,247,247, 3
60,247,247, 3
61,247,247, 3
62,247,247, 3
63,247,247, 3
64,247,247, 3
65,247,247, 3
66,247,247, 3
67,247,247, 3
68,247,247, 3
69,247,247, 3
70,247,247, 3
71,247,247, 3
72,247,247, 3
73,247,247, 3
74,247,247, 3
75,247,247, 3
76,247,247, 3
77,247,247, 3
78,247,247, 3
79,247,247, 3
80,247,247, 3
81,247,247, 3
82,247,247, 3
83,247,247, 3
84,247,247, 3
85,246,246, 4
86,246,246, 4
87,246,246, 4
88,246,246, 4
89,246,246, 4
90,246,246, 4
91,246,246, 4
92,246,246, 4
93,246,246, 4
94,246,246, 4
95,246,246, 4
96,246,246, 4
97,246,246, 4
98,246,246, 4
99,246,246, 4
100,246,246, 4
101,246,246, 4
102,246,246, 4
103,246,246, 4
104,246,246, 4
105,246,246, 4
106,246,246, 4
107,246,246, 4
108,246,246, 4
109,246,246, 4
110,246,246, 4
111,246,246, 4
112,246,246, 4
113,246,246, 4
114,246,246, 4
115,246,246, 4
116,246,246, 4
117,246,246, 4
118,246,246, 4
119,246,246, 4
120,246,246, 4
121,246,246, 4
122,246,246, 4
123,246,246, 4
124,246,246, 4
125,246,246, 4
126,246,246, 4
127,246,246, 4
128,246,246, 4
129,246,246, 4
130,246,246, 4
131,246,246, 4
132,246,246, 4
133,246,246, 4
134,246,246, 4
135,246,246, 4
136,246,246, 4
137,246,246, 4
138,246,246, 4
139,246,246, 4
140,246,246, 4
141,246,246, 4
142,246,246, 4
143,246,246, 4
144,246,246, 4
145,246,246, 4
146,246,246, 4
147,246,246, 4
148,246,246, 4
149,246,246, 4
150,246,246, 4
151,246,246, 4
152,246,246, 4
153,246,246, 4
154,245,245, 5
155,245,245, 5
156,245,245, 5
157,245,245, 5
158,245,245, 5
159,245,245, 5
160,245,245, 5
161,245,245, 5
162,245,245, 5
163,245,245, 5
164,245,245, 5
165,245,245, 5
166,245,245, 5
167,245,245, 5
168,245,245, 5
169,245,245, 5
170,245,245, 5
171,245,245, 5
172,245,245, 5
173,245,245, 5
174,245,245, 5
175,245,245, 5
176,245,245, 5
177,245,245, 5
178,245,245, 5
179,245,245, 5
180,245,245, 5
181,245,245, 5
182,245,245, 5
183,245,245, 5
184,245,245, 5
185,245,245, 5
186,245,245, 5
187,245,245, 5
188,245,245, 5
189,245,245, 5
190,245,245, 5
191,245,245, 5
192,245,245, 5
193,245,245, 5
194,245,245, 5
195,245,245, 5
196,245,245, 5
197,245,245, 5
198,245,245, 5
199,245,245, 5
200,245,245, 5
201,245,245, 5
202,245,245, 5
203,245,245, 5
204,245,245, 5
205,245,245, 5
206,245,245, 5
207,245,245, 5
208,245,245, 5
209,245,245, 5
210,245,245, 5
211,245,245, 5
212,245,245, 5
213,245,245, 5
214,245,245, 5
215,245,245, 5
216,245,245, 5
217,245,245, 5
218,245,245, 5
219,245,245, 5
220,245,245, 5
221,245,245, 5
222,245,245, 5
223,245,245, 5
224,245,245, 5
225,245,245, 5
226,245,245, 5
227,245,245, 5
228,245,245, 5
229,245,245, 5
230,245,245, 5
231,245,245, 5
232,245,245, 5
233,245,245, 5
234,245,245, 5
235,245,245, 5
236,245,245, 5
237,245,245, 5
238,245,245, 5
239,245,245, 5
240,245,245, 5
241,245,245, 5
242,245,245, 5
243,245,245, 5
244,245,245, 5
245,245,245, 5
246,245,245, 5
247,245,245, 5
248,245,245, 5
249,245,245, 5
250,245,245, 5
251,245,245, 5
252,245,245, 5
253,245,245, 5
254,245,245, 5
255,244,244, 6
256,244,244, 6
257,244,244, 6
258,244,244, 6
259,244,244, 6
260,244,244, 6
261,244,244, 6
262,244,244, 6
263,244,244, 6
264,244,244, 6
265,244,244, 6
266,244,244, 6
267,244,244, 6
268,244,244, 6
269,243,243, 7
270,243,243, 7
271,243,243, 7
272,243,243, 7
273,243,243, 7
274,243,243, 7
275,243,243, 7
276,243,243, 7
277,243,243, 7
278,243,243, 7
279,243,243, 7
280,243,243, 7
281,243,243, 7
282,243,243, 7
283,243,243, 7
284,243,243, 7
285,243,243, 7
286,243,243, 7
287,243,243, 7
288,243,243, 7
289,243,243, 7
290,243,243, 7
291,243,243, 7
292,243,243, 7
293,243,243, 7
294,243,243, 7
295,243,243, 7
296,243,243, 7
297,243,243, 7
298,243,243, 7
299,242,242, 8
300,242,242, 8
301,242,242, 8
302,242,242, 8
303,242,242, 8
304,242,242, 8
305,242,242, 8
306,242,242, 8
307,242,242, 8
308,242,242, 8
309,242,242, 8
310,242,242, 8
311,242,242, 8
312,242,242, 8
313,242,242, 8
314,242,242, 8
315,242,242, 8
316,242,242, 8
317,242,242, 8
318,242,242, 8
319,242,242, 8
320,242,242, 8
321,242,242, 8
322,242,242, 8
323,242,242, 8
324,242,242, 8
325,242,242, 8
326,242,242, 8
327,242,242, 8
328,242,242, 8
329,242,242, 8
330,242,242, 8
331,242,242, 8
332,242,242, 8
333,242,242, 8
334,242,242, 8
335,242,242, 8
336,242,242, 8
337,242,242, 8
338,242,242, 8
339,242,242, 8
340,242,242, 8
341,242,242, 8
342,242,242, 8
343,241,241, 9
344,241,241, 9
345,241,241, 9
346,241,241, 9
347,241,241, 9
348,241,241, 9
349,241,241, 9
350,241,241, 9
351,241,241, 9
352,241,241, 9
353,241,241, 9
354,241,241, 9
355,241,241, 9
356,241,241, 9
357,241,241, 9
358,241,241, 9
359,241,241, 9
360,241,241, 9
361,241,241, 9
362,241,241, 9
363,241,241, 9
364,241,241, 9
365,241,241, 9
366,241,241, 9
367,241,241, 9
368,241,241, 9
369,241,241, 9
370,241,241, 9
371,241,241, 9
372,241,241, 9
373,241,241, 9
374,241,241, 9
375,241,241, 9
376,241,241, 9
377,241,241, 9
378,241,241, 9
379,241,241, 9
380,241,241, 9
381,241,241, 9
382,241,241, 9
383,241,241, 9
384,241,241, 9
385,241,241, 9
386,241,241, 9
387,241,241, 9
388,241,241, 9
389,241,241, 9
390,241,241, 9
391,241,241, 9
392,241,241, 9
393,241,241, 9
394,241,241, 9
395,241,241, 9
396,241,241, 9
397,241,241, 9
398,241,241, 9
399,241,241, 9
400,241,241, 9
401,241,241, 9
402,241,241, 9
403,241,241, 9
404,241,241, 9
405,241,241, 9
406,241,241, 9
407,241,241, 9
408,241,241, 9
409,241,241, 9
410,241,241, 9
411,241,241, 9
412,241,241, 9
413,241,241, 9
414,241,241, 9
415,241,241, 9
416,241,241, 9
417,241,241, 9
418,241,241, 9
419,241,241, 9
420,241,241, 9
421,241,241, 9
422,241,241, 9
423,241,241, 9
424,241,241, 9
425,241,241, 9
426,241,241, 9
427,241,241, 9
428,241,241, 9
429,241,241, 9
430,241,241, 9
431,241,241, 9
432,241,241, 9
433,241,241, 9
434,241,241, 9
435,241,241, 9
436,241,241, 9
437,241,241, 9
438,241,241, 9
439,241,241, 9
440,241,241, 9
441,241,241, 9
442,241,241, 9
443,241,241, 9
444,241,241, 9
445,241,241, 9
446,241,241, 9
447,241,241, 9
448,241,241, 9
449,241,241, 9
450,241,241, 9
451,241,241, 9
452,241,241, 9
453,241,241, 9
454,241,241, 9
455,241,241, 9
456,241,241, 9
457,241,241, 9
458,241,241, 9
459,241,241, 9
460,241,241, 9
461,241,241, 9
462,241,241, 9
463,241,241, 9
464,241,241, 9
465,241,241, 9
466,241,241, 9
467,241,241, 9
468,241,241, 9
469,241,241, 9
470,241,241, 9
471,241,241, 9
472,241,241, 9
473,241,241, 9
474,241,241, 9
475,241,241, 9
476,241,241, 9
477,241,241, 9
478,241,241, 9
479,241,241, 9
480,241,241, 9
481,241,241, 9
482,241,241, 9
483,241,241, 9
484,241,241, 9
485,241,241, 9
486,241,241, 9
487,241,241, 9
488,241,241, 9
489,241,241, 9
490,241,241, 9
491,241,241, 9
492,241,241, 9
493,241,241, 9
494,241,241, 9
495,241,241, 9
496,241,241, 9
497,241,241, 9
498,241,241, 9
499,241,241, 9
500,241,241, 9
501,241,241, 9
502,241,241, 9
503,241,241, 9
504,241,241, 9
505,241,241, 9
506,241,241, 9
507,240,240, 10
508,240,240, 10
509,240,240, 10
510,240,240, 10
511,240,240, 10
512,240,240, 10
513,240,240, 10
514,240,240, 10
515,240,240, 10
516,240,240, 10
517,240,240, 10
518,240,240, 10
519,240,240, 10
520,240,240, 10
521,240,240, 10
522,240,240, 10
523,240,240, 10
524,240,240, 10
525,240,240, 10
526,240,240, 10
527,240,240, 10
528,240,240, 10
529,240,240, 10
530,240,240, 10
531,240,240, 10
532,240,240, 10
533,240,240, 10
534,240,240, 10
535,240,240, 10
536,240,240, 10
537,240,240, 10
538,240,240, 10
539,240,240, 10
540,240,240, 10
541,240,240, 10
542,240,240, 10
543,240,240, 10
544,240,240, 10
545,240,240, 10
546,240,240, 10
547,240,240, 10
548,240,240, 10
549,240,240, 10
550,240,240, 10
551,240,240, 10
552,240,240, 10
553,240,240, 10
554,240,240, 10
555,240,240, 10
556,240,240, 10
557,240,240, 10
558,240,240, 10
559,240,240, 10
560,240,240, 10
561,240,240, 10
562,240,240, 10
563,240,240, 10
564,240,240, 10
565,240,240, 10
566,240,240, 10
567,240,240, 10
568,240,240, 10
569,240,240, 10
570,240,240, 10
571,240,240, 10
572,240,240, 10
573,240,240, 10
574,240,240, 10
575,240,240, 10
576,240,240, 10
577,240,240, 10
578,240,240, 10
579,240,240, 10
580,240,240, 10
581,240,240, 10
582,240,240, 10
583,240,240, 10
584,240,240, 10
585,240,240, 10
586,240,240, 10
587,240,240, 10
588,240,240, 10
589,240,240, 10
590,240,240, 10
591,240,240, 10
592,240,240, 10
593,240,240, 10
594,240,240, 10
595,240,240, 10
596,240,240, 10
597,240,240, 10
598,240,240, 10
599,240,240, 10
600,240,240, 10
601,240,240, 10
602,240,240, 10
603,240,240, 10
604,240,240, 10
605,240,240, 10
606,240,240, 10
607,240,240, 10
608,240,240, 10
609,240,240, 10
610,240,240, 10
611,240,240, 10
612,240,240, 10
613,240,240, 10
614,240,240, 10
615,240,240, 10
616,240,240, 10
617,240,240, 10
618,240,240, 10
619,240,240, 10
620,240,240, 10
621,240,240, 10
622,240,240, 10
623,240,240, 10
624,240,240, 10
625,240,240, 10
626,240,240, 10
627,240,240, 10
628,239,239, 11
629,239,239, 11
630,239,239, 11
631,239,239, 11
632,239,239, 11
633,239,239, 11
634,239,239, 11
635,239,239, 11
636,239,239, 11
637,239,239, 11
638,239,239, 11
639,239,239, 11
640,239,239, 11
641,239,239, 11
642,239,239, 11
643,239,239, 11
644,239,239, 11
645,239,239, 11
646,239,239, 11
647,239,239, 11
648,239,239, 11
649,239,239, 11
650,239,239, 11
651,239,239, 11
652,239,239, 11
653,239,239, 11
654,239,239, 11
655,239,239, 11
656,239,239, 11
657,239,239, 11
658,239,239, 11
659,239,239, 11
660,239,239, 11
661,239,239, 11
662,239,239, 11
663,239,239, 11
664,239,239, 11
665,239,239, 11
666,239,239, 11
667,239,239, 11
668,239,239, 11
669,239,239, 11
670,239,239, 11
671,239,239, 11
672,239,239, 11
673,239,239, 11
674,239,239, 11
675,239,239, 11
676,239,239, 11
677,239,239, 11
678,239,239, 11
679,239,239, 11
680,239,239, 11
681,239,239, 11
682,239,239, 11
683,239,239, 11
684,239,239, 11
685,239,239, 11
686,239,239, 11
687,239,239, 11
688,239,239, 11
689,239,239, 11
690,239,239, 11
691,239,239, 11
692,239,239, 11
693,239,239, 11
694,239,239, 11
695,239,239, 11
696,239,239, 11
697,239,239, 11
698,239,239, 11
699,239,239, 11
700,239,239, 11
701,239,239, 11
702,239,239, 11
703,239,239, 11
704,239,239, 11
705,239,239, 11
706,239,239, 11
707,239,239, 11
708,239,239, 11
709,239,239, 11
710,239,239, 11
711,239,239, 11
712,239,239, 11
713,239,239, 11
714,239,239, 11
715,239,239, 11
716,239,239, 11
717,239,239, 11
718,239,239, 11
719,239,239, 11
720,239,239, 11
721,239,239, 11
722,239,239, 11
723,239,239, 11
724,239,239, 11
725,239,239, 11
726,239,239, 11
727,238,238, 12
728,238,238, 12
729,238,238, 12
730,238,238, 12
731,238,238, 12
732,238,238, 12
733,238,238, 12
734,238,238, 12
735,238,238, 12
736,238,238, 12
737,238,238, 12
738,238,238, 12
739,238,238, 12
740,238,238, 12
741,238,238, 12
742,238,238, 12
743,238,238, 12
744,238,238, 12
745,238,238, 12
746,238,238, 12
747,238,238, 12
748,238,238, 12
749,238,238, 12
750,238,238, 12
751,238,238, 12
752,238,238, 12
753,238,238, 12
754,238,238, 12
755,238,238, 12
756,238,238, 12
757,238,238, 12
758,238,238, 12
759,238,238, 12
760,238,238, 12
761,238,238, 12
762,238,238, 12
763,238,238, 12
764,238,238, 12
765,238,238, 12
766,238,238, 12
767,238,238, 12
768,238,238, 12
769,238,238, 12
770,238,238, 12
771,238,238, 12
772,238,238, 12
773,238,238, 12
774,238,238, 12
775,238,238, 12
776,238,238, 12
777,238,238, 12
778,238,238, 12
779,238,238, 12
780,238,238, 12
781,238,238, 12
782,238,238, 12
783,238,238, 12
784,238,238, 12
785,238,238, 12
786,237,237, 13
787,237,237, 13
788,237,237, 13
789,237,237, 13
790,237,237, 13
791,237,237, 13
792,237,237, 13
793,237,237, 13
794,237,237, 13
795,237,237, 13
796,237,237, 13
797,237,237, 13
798,237,237, 13
799,237,237, 13
800,237,237, 13
801,237,237, 13
802,237,237, 13
803,237,237, 13
804,237,237, 13
805,237,237, 13
806,237,237, 13
807,237,237, 13
808,237,237, 13
809,237,237, 13
810,237,237, 13
811,237,237, 13
812,237,237, 13
813,237,237, 13
814,237,237, 13
815,237,237, 13
816,237,237, 13
817,237,237, 13
818,237,237, 13
819,237,237, 13
820,237,237, 13
821,237,237, 13
822,236,236, 14
823,236,236, 14
824,236,236, 14
825,236,236, 14
826,236,236, 14
827,236,236, 14
828,236,236, 14
829,236,236, 14
830,236,236, 14
831,236,236, 14
832,236,236, 14
833,236,236, 14
834,236,236, 14
835,236,236, 14
836,236,236, 14
837,236,236, 14
838,236,236, 14
839,236,236, 14
840,236,236, 14
841,236,236, 14
842,236,236, 14
843,236,236, 14
844,236,236, 14
845,236,236, 14
846,236,236, 14
847,236,236, 14
848,236,236, 14
849,236,236, 14
850,236,236, 14
851,236,236, 14
852,236,236, 14
853,236,236, 14
854,236,236, 14
855,236,236, 14
856,236,236, 14
857,236,236, 14
858,236,236, 14
859,236,236, 14
860,236,236, 14
861,236,236, 14
862,236,236, 14
863,236,236, 14
864,236,236, 14
865,236,236, 14
866,236,236, 14
867,236,236, 14
868,236,236, 14
869,236,236, 14
870,236,236, 14
871,235,235, 15
872,235,235, 15
873,235,235, 15
874,235,235, 15
875,235,235, 15
876,235,235, 15
877,235,235, 15
878,235,235, 15
879,235,235, 15
880,235,235, 15
881,235,235, 15
882,235,235, 15
883,235,235, 15
884,235,235, 15
885,235,235, 15
886,235,235, 15
887,235,235, 15
888,235,235, 15
889,235,235, 15
890,235,235, 15
891,235,235, 15
892,235,235, 15
893,235,235, 15
894,235,235, 15
895,235,235, 15
896,235,235, 15
897,235,235, 15
898,235,235, 15
899,235,235, 15
900,235,235, 15
901,235,235, 15
902,235,235, 15
903,235,235, 15
904,235,235, 15
905,235,235, 15
906,235,235, 15
907,235,235, 15
908,235,235, 15
909,235,235, 15
910,235,235, 15
911,235,235, 15
912,235,235, 15
913,235,235, 15
914,235,235, 15
915,235,235, 15
916,235,235, 15
917,235,235, 15
918,235,235, 15
919,235,235, 15
920,235,235, 15
921,235,235, 15
922,235,235, 15
923,235,235, 15
924,235,235, 15
925,235,235, 15
926,235,235, 15
927,235,235, 15
928,235,235, 15
929,235,235, 15
930,235,235, 15
931,235,235, 15
932,235,235, 15
933,235,235, 15
934,235,235, 15
935,235,235, 15
936,235,235, 15
937,235,235, 15
938,235,235, 15
939,235,235, 15
940,235,235, 15
941,235,235, 15
942,235,235, 15
943,235,235, 15
944,235,235, 15
945,235,235, 15
946,235,235, 15
947,235,235, 15
948,235,235, 15
949,235,235, 15
950,235,235, 15
951,235,235, 15
952,235,235, 15
953,235,235, 15
954,235,235, 15
955,235,235, 15
956,235,235, 15
957,235,235, 15
958,235,235, 15
959,235,235, 15
960,235,235, 15
961,235,235, 15
962,235,235, 15
963,235,235, 15
964,235,235, 15
965,235,235, 15
966,235,235, 15
967,235,235, 15
968,235,235, 15
969,235,235, 15
970,235,235, 15
971,235,235, 15
972,235,235, 15
973,235,235, 15
974,235,235, 15
975,235,235, 15
976,235,235, 15
977,235,235, 15
978,235,235, 15
979,235,235, 15
980,235,235, 15
981,235,235, 15
982,235,235, 15
983,235,235, 15
984,235,235, 15
985,235,235, 15
986,235,235, 15
987,235,235, 15
988,235,235, 15
989,235,235, 15
990,235,235, 15
991,235,235, 15
992,235,235, 15
993,235,235, 15
994,235,235, 15
995,235,235, 15
996,235,235, 15
997,235,235, 15
998,235,235, 15
999,235,235, 15
1000,235,235, 15
1001,235,235, 15
1002,235,235, 15
1003,235,235, 15
1004,235,235, 15
1005,235,235, 15
1006,235,235, 15
1007,235,235, 15
1008,235,235, 15
1009,235,235, 15
1010,235,235, 15
1011,235,235, 15
1012,235,235, 15
1013,235,235, 15
1014,235,235, 15
1015,235,235, 15
1016,235,235, 15
1017,235,235, 15
1018,235,235, 15
1019,235,235, 15
1020,235,235, 15
1021,235,235, 15
1022,235,235, 15
1023,235,235, 15
1024,235,235, 15
1025,235,235, 15
1026,235,235, 15
1027,235,235, 15
1028,235,235, 15
1029,235,235, 15
1030,235,235, 15
1031,235,235, 15
1032,235,235, 15
1033,235,235, 15
1034,235,235, 15
1035,235,235, 15
1036,235,235, 15
1037,235,235, 15
1038,235,235, 15
1039,235,235, 15
1040,235,235, 15
1041,235,235, 15
1042,235,235, 15
1043,235,235, 15
1044,235,235, 15
1045,235,235, 15
1046,235,235, 15
1047,235,235, 15
1048,235,235, 15
1049,235,235, 15
1050,235,235, 15
1051,235,235, 15
1052,235,235, 15
1053,235,235, 15
1054,235,235, 15
1055,235,235, 15
1056,235,235, 15
1057,235,235, 15
1058,235,235, 15
1059,235,235, 15
1060,235,235, 15
1061,235,235, 15
1062,235,235, 15
1063,235,235, 15
1064,235,235, 15
1065,235,235, 15
1066,235,235, 15
1067,235,235, 15
1068,235,235, 15
1069,235,235, 15
1070,235,235, 15
1071,235,235, 15
1072,235,235, 15
1073,235,235, 15
1074,234,234, 16
1075,234,234, 16
1076,234,234, 16
1077,234,234, 16
1078,234,234, 16
1079,234,234, 16
1080,234,234, 16
1081,234,234, 16
1082,234,234, 16
1083,234,234, 16
1084,234,234, 16
1085,234,234, 16
1086,234,234, 16
1087,234,234, 16
1088,234,234, 16
1089,234,234, 16
1090,234,234, 16
1091,234,234, 16
1092,234,234, 16
1093,234,234, 16
1094,234,234, 16
1095,234,234, 16
1096,234,234, 16
1097,234,234, 16
1098,234,234, 16
1099,234,234, 16
1100,234,234, 16
1101,234,234, 16
1102,234,234, 16
1103,234,234, 16
1104,234,234, 16
1105,234,234, 16
1106,234,234, 16
1107,234,234, 16
1108,234,234, 16
1109,234,234, 16
1110,234,234, 16
1111,234,234, 16
1112,234,234, 16
1113,234,234, 16
1114,234,234, 16
1115,234,234, 16
1116,234,234, 16
1117,234,234, 16
1118,234,234, 16
1119,234,234, 16
1120,234,234, 16
1121,234,234, 16
1122,234,234, 16
1123,234,234, 16
1124,234,234, 16
1125,234,234, 16
1126,234,234, 16
1127,234,234, 16
1128,234,234, 16
1129,234,234, 16
1130,234,234, 16
1131,234,234, 16
1132,234,234, 16
1133,234,234, 16
1134,234,234, 16
1135,234,234, 16
1136,234,234, 16
1137,234,234, 16
1138,234,234, 16
1139,234,234, 16
1140,234,234, 16
1141,234,234, 16
1142,234,234, 16
1143,234,234, 16
1144,234,234, 16
1145,234,234, 16
1146,234,234, 16
1147,234,234, 16
1148,234,234, 16
1149,234,234, 16
1150,234,234, 16
1151,234,234, 16
1152,234,234, 16
1153,234,234, 16
1154,234,234, 16
1155,234,234, 16
1156,234,234, 16
1157,234,234, 16
1158,234,234, 16
1159,234,234, 16
1160,234,234, 16
1161,234,234, 16
1162,234,234, 16
1163,234,234, 16
1164,234,234, 16
1165,234,234, 16
1166,234,234, 16
1167,234,234, 16
1168,234,234, 16
1169,234,234, 16
1170,234,234, 16
1171,234,234, 16
1172,234,234, 16
1173,234,234, 16
1174,234,234, 16
1175,234,234, 16
1176,234,234, 16
1177,234,234, 16
1178,234,234, 16
1179,234,234, 16
1180,234,234, 16
1181,234,234, 16
1182,234,234, 16
1183,234,234, 16
1184,234,234, 16
1185,234,234, 16
1186,234,234, 16
1187,234,234, 16
1188,234,234, 16
1189,234,234, 16
1190,234,234, 16
1191,234,234, 16
1192,234,234, 16
1193,234,234, 16
1194,234,234, 16
1195,234,234, 16
1196,234,234, 16
1197,234,234, 16
1198,234,234, 16
1199,234,234, 16
1200,234,234, 16
1201,234,234, 16
1202,234,234, 16
1203,234,234, 16
1204,234,234, 16
1205,234,234, 16
1206,234,234, 16
1207,234,234, 16
1208,234,234, 16
1209,234,234, 16
1210,234,234, 16
1211,234,234, 16
1212,234,234, 16
1213,234,234, 16
1214,234,234, 16
1215,234,234, 16
1216,234,234, 16
1217,234,234, 16
1218,234,234, 16
1219,234,234, 16
1220,234,234, 16
1221,234,234, 16
1222,234,234, 16
1223,234,234, 16
1224,234,234, 16
1225,234,234, 16
1226,234,234, 16
1227,234,234, 16
1228,234,234, 16
1229,234,234, 16
1230,234,234, 16
1231,234,234, 16
1232,234,234, 16
1233,234,234, 16
1234,234,234, 16
1235,234,234, 16
1236,234,234, 16
1237,234,234, 16
1238,234,234, 16
1239,234,234, 16
1240,234,234, 16
1241,234,234, 16
1242,234,234, 16
1243,234,234, 16
1244,234,234, 16
1245,234,234, 16
1246,234,234, 16
1247,234,234, 16
1248,234,234, 16
1249,234,234, 16
1250,234,234, 16
1251,234,234, 16
1252,234,234, 16
1253,234,234, 16
1254,234,234, 16
1255,234,234, 16
1256,234,234, 16
1257,234,234, 16
1258,234,234, 16
1259,234,234, 16
1260,234,234, 16
1261,234,234, 16
1262,234,234, 16
1263,234,234, 16
1264,234,234, 16
1265,234,234, 16
1266,234,234, 16
1267,234,234, 16
1268,234,234, 16
1269,234,234, 16
1270,234,234, 16
1271,234,234, 16
1272,234,234, 16
1273,234,234, 16
1274,234,234, 16
1275,234,234, 16
1276,234,234, 16
1277,234,234, 16
1278,234,234, 16
1279,234,234, 16
1280,234,234, 16
1281,234,234, 16
1282,234,234, 16
1283,234,234, 16
1284,234,234, 16
1285,234,234, 16
1286,234,234, 16
1287,234,234, 16
1288,234,234, 16
1289,234,234, 16
1290,234,234, 16
1291,234,234, 16
1292,234,234, 16
1293,234,234, 16
1294,234,234, 16
1295,234,234, 16
1296,234,234, 16
1297,234,234, 16
1298,234,234, 16
1299,234,234, 16
1300,234,234, 16
1301,234,234, 16
1302,234,234, 16
1303,234,234, 16
1304,234,234, 16
1305,234,234, 16
1306,234,234, 16
1307,234,234, 16
1308,234,234, 16
1309,234,234, 16
1310,234,234, 16
1311,234,234, 16
1312,234,234, 16
1313,234,234, 16
1314,234,234, 16
1315,234,234, 16
1316,234,234, 16
1317,234,234, 16
1318,234,234, 16
1319,234,234, 16
1320,234,234, 16
1321,234,234, 16
1322,234,234, 16
1323,234,234, 16
1324,234,234, 16
1325,234,234, 16
1326,234,234, 16
1327,234,234, 16
1328,234,234, 16
1329,234,234, 16
1330,234,234, 16
1331,234,234, 16
1332,234,234, 16
1333,234,234, 16
1334,234,234, 16
1335,234,234, 16
1336,234,234, 16
1337,234,234, 16
1338,234,234, 16
1339,234,234, 16
1340,234,234, 16
1341,234,234, 16
1342,234,234, 16
1343,234,234, 16
1344,234,234, 16
1345,234,234, 16
1346,234,234, 16
1347,234,234, 16
1348,234,234, 16
1349,234,234, 16
1350,234,234, 16
1351,234,234, 16
1352,234,234, 16
1353,234,234, 16
1354,234,234, 16
1355,234,234, 16
1356,234,234, 16
1357,234,234, 16
1358,234,234, 16
1359,234,234, 16
1360,234,234, 16
1361,234,234, 16
1362,234,234, 16
1363,234,234, 16
1364,234,234, 16
1365,234,234, 16
1366,234,234, 16
1367,234,234, 16
1368,234,234, 16
1369,234,234, 16
1370,234,234, 16
1371,234,234, 16
1372,234,234, 16
1373,234,234, 16
1374,234,234, 16
1375,234,234, 16
1376,234,234, 16
1377,234,234, 16
1378,234,234, 16
1379,234,234, 16
1380,234,234, 16
1381,234,234, 16
1382,234,234, 16
1383,234,234, 16
1384,234,234, 16
1385,234,234, 16
1386,234,234, 16
1387,234,234, 16
1388,234,234, 16
1389,234,234, 16
1390,234,234, 16
1391,234,234, 16
1392,234,234, 16
1393,234,234, 16
1394,234,234, 16
1395,234,234, 16
1396,234,234, 16
1397,234,234, 16
1398,234,234, 16
1399,234,234, 16
1400,234,234, 16
1401,234,234, 16
1402,234,234, 16
1403,234,234, 16
1404,234,234, 16
1405,234,234, 16
1406,234,234, 16
1407,234,234, 16
1408,234,234, 16
1409,234,234, 16
1410,234,234, 16
1411,234,234, 16
1412,234,234, 16
1413,234,234, 16
1414,234,234, 16
1415,234,234, 16
1416,234,234, 16
1417,234,234, 16
1418,234,234, 16
1419,234,234, 16
1420,234,234, 16
1421,234,234, 16
1422,234,234, 16
1423,234,234, 16
1424,234,234, 16
1425,234,234, 16
1426,234,234, 16
1427,234,234, 16
1428,234,234, 16
1429,234,234, 16
1430,234,234, 16
1431,234,234, 16
1432,234,234, 16
1433,234,234, 16
1434,234,234, 16
1435,234,234, 16
1436,234,234, 16
1437,234,234, 16
1438,234,234, 16
1439,234,234, 16
1440,234,234, 16
1441,234,234, 16
1442,234,234, 16
1443,234,234, 16
1444,234,234, 16
1445,234,234, 16
1446,234,234, 16
1447,234,234, 16
1448,234,234, 16
1449,234,234, 16
1450,234,234, 16
1451,234,234, 16
1452,234,234, 16
1453,234,234, 16
1454,234,234, 16
1455,234,234, 16
1456,234,234, 16
1457,234,234, 16
1458,234,234, 16
1459,234,234, 16
1460,234,234, 16
1461,234,234, 16
1462,234,234, 16
1463,234,234, 16
1464,234,234, 16
1465,234,234, 16
1466,234,234, 16
1467,234,234, 16
1468,234,234, 16
1469,234,234, 16
1470,234,234, 16
1471,234,234, 16
1472,234,234, 16
1473,234,234, 16
1474,234,234, 16
1475,234,234, 16
1476,234,234, 16
1477,234,234, 16
1478,234,234, 16
1479,234,234, 16
1480,234,234, 16
1481,234,234, 16
1482,234,234, 16
1483,234,234, 16
1484,234,234, 16
1485,234,234, 16
1486,234,234, 16
1487,234,234, 16
1488,234,234, 16
1489,234,234, 16
1490,234,234, 16
1491,234,234, 16
1492,234,234, 16
1493,234,234, 16
1494,234,234, 16
1495,234,234, 16
1496,234,234, 16
1497,234,234, 16
1498,234,234, 16
1499,234,234, 16
