0,250,250, 0
1,249,249, 1
2,248,248, 2
3,248,248, 2
4,248,248, 2
5,248,248, 2
6,248,248, 2
7,248,248, 2
8,248,248, 2
9,248,248, 2
10,247,247, 3
11,247,247, 3
12,247,247, 3
13,246,246, 4
14,246,246, 4
15,245,245, 5
16,245,245, 5
17,245,245, 5
18,245,245, 5
19,245,245, 5
20,245,245, 5
21,244,244, 6
22,244,244, 6
23,244,244, 6
24,244,244, 6
25,244,244, 6
26,244,244, 6
27,244,244, 6
28,244,244, 6
29,244,244, 6
30,244,244, 6
31,244,244, 6
32,244,244, 6
33,244,244, 6
34,244,244, 6
35,244,244, 6
36,244,244, 6
37,244,244, 6
38,244,244, 6
39,244,244, 6
40,244,244, 6
41,244,244, 6
42,244,244, 6
43,244,244, 6
44,244,244, 6
45,244,244, 6
46,244,244, 6
47,244,244, 6
48,244,244, 6
49,244,244, 6
50,244,244, 6
51,244,244, 6
52,244,244, 6
53,244,244, 6
54,244,244, 6
55,244,244, 6
56,244,244, 6
57,244,244, 6
58,244,244, 6
59,244,244, 6
60,244,244, 6
61,244,244, 6
62,244,244, 6
63,244,244, 6
64,244,244, 6
65,244,244, 6
66,244,244, 6
67,244,244, 6
68,244,244, 6
69,244,244, 6
70,244,244, 6
71,244,244, 6
72,244,244, 6
73,244,244, 6
74,244,244, 6
75,244,244, 6
76,244,244, 6
77,244,244, 6
78,244,244, 6
79,244,244, 6
80,244,244, 6
81,244,244, 6
82,244,244, 6
83,244,244, 6
84,244,244, 6
85,244,244, 6
86,244,244, 6
87,244,244, 6
88,244,244, 6
89,244,244, 6
90,244,244, 6
91,243,243, 7
92,243,243, 7
93,243,243, 7
94,243,243, 7
95,243,243, 7
96,243,243, 7
97,243,243, 7
98,243,243, 7
99,243,243, 7
100,243,243, 7
101,243,243, 7
102,243,243, 7
103,243,243, 7
104,243,243, 7
105,243,243, 7
106,243,243, 7
107,243,243, 7
108,243,243, 7
109,243,243, 7
110,243,243, 7
111,243,243, 7
112,243,243, 7
113,243,243, 7
114,243,243, 7
115,243,243, 7
116,243,243, 7
117,243,243, 7
118,243,243, 7
119,243,243, 7
120,243,243, 7
121,243,243, 7
122,243,243, 7
123,243,243, 7
124,243,243, 7
125,243,243, 7
126,243,243, 7
127,243,243, 7
128,242,242, 8
129,242,242, 8
130,242,242, 8
131,242,242, 8
132,242,242, 8
133,242,242, 8
134,242,242, 8
135,242,242, 8
136,242,242, 8
137,242,242, 8
138,242,242, 8
139,242,242, 8
140,242,242, 8
141,242,242, 8
142,242,242, 8
143,242,242, 8
144,242,242, 8
145,242,242, 8
146,242,242, 8
147,242,242, 8
148,242,242, 8
149,242,242, 8
150,242,242, 8
151,242,242, 8
152,242,242, 8
153,242,242, 8
154,242,242, 8
155,242,242, 8
156,242,242, 8
157,242,242, 8
158,242,242, 8
159,242,242, 8
160,242,242, 8
161,242,242, 8
162,242,242, 8
163,242,242, 8
164,242,242, 8
165,242,242, 8
166,242,242, 8
167,242,242, 8
168,241,241, 9
169,241,241, 9
170,241,241, 9
171,241,241, 9
172,241,241, 9
173,241,241, 9
174,241,241, 9
175,241,241, 9
176,241,241, 9
177,241,241, 9
178,241,241, 9
179,241,241, 9
180,241,241, 9
181,241,241, 9
182,241,241, 9
183,241,241, 9
184,241,241, 9
185,241,241, 9
186,241,241, 9
187,241,241, 9
188,241,241, 9
189,241,241, 9
190,241,241, 9
191,241,241, 9
192,241,241, 9
193,241,241, 9
194,241,241, 9
195,241,241, 9
196,241,241, 9
197,241,241, 9
198,241,241, 9
199,241,241, 9
200,241,241, 9
201,241,241, 9
202,240,240, 10
203,240,240, 10
204,240,240, 10
205,240,240, 10
206,240,240, 10
207,240,240, 10
208,240,240, 10
209,240,240, 10
210,240,240, 10
211,240,240, 10
212,240,240, 10
213,239,239, 11
214,239,239, 11
215,239,239, 11
216,239,239, 11
217,239,239, 11
218,239,239, 11
219,239,239, 11
220,239,239, 11
221,237,237, 13
222,237,237, 13
223,237,237, 13
224,237,237, 13
225,237,237, 13
226,237,237, 13
227,237,237, 13
228,237,237, 13
229,237,237, 13
230,237,237, 13
231,237,237, 13
232,237,237, 13
233,237,237, 13
234,237,237, 13
235,237,237, 13
236,237,237, 13
237,237,237, 13
238,237,237, 13
239,237,237, 13
240,237,237, 13
241,237,237, 13
242,237,237, 13
243,237,237, 13
244,237,237, 13
245,237,237, 13
246,237,237, 13
247,237,237, 13
248,237,237, 13
249,237,237, 13
250,237,237, 13
251,237,237, 13
252,237,237, 13
253,237,237, 13
254,237,237, 13
255,237,237, 13
256,237,237, 13
257,237,237, 13
258,237,237, 13
259,237,237, 13
260,237,237, 13
261,237,237, 13
262,237,237, 13
263,237,237, 13
264,237,237, 13
265,237,237, 13
266,237,237, 13
267,237,237, 13
268,237,237, 13
269,237,237, 13
270,237,237, 13
271,237,237, 13
272,237,237, 13
273,237,237, 13
274,237,237, 13
275,237,237, 13
276,237,237, 13
277,237,237, 13
278,237,237, 13
279,237,237, 13
280,237,237, 13
281,237,237, 13
282,237,237, 13
283,237,237, 13
284,237,237, 13
285,237,237, 13
286,237,237, 13
287,237,237, 13
288,237,237, 13
289,237,237, 13
290,237,237, 13
291,237,237, 13
292,237,237, 13
293,237,237, 13
294,237,237, 13
295,237,237, 13
296,237,237, 13
297,237,237, 13
298,237,237, 13
299,237,237, 13
300,237,237, 13
301,237,237, 13
302,237,237, 13
303,237,237, 13
304,237,237, 13
305,237,237, 13
306,237,237, 13
307,237,237, 13
308,237,237, 13
309,237,237, 13
310,237,237, 13
311,237,237, 13
312,237,237, 13
313,237,237, 13
314,237,237, 13
315,237,237, 13
316,237,237, 13
317,237,237, 13
318,237,237, 13
319,237,237, 13
320,237,237, 13
321,237,237, 13
322,237,237, 13
323,237,237, 13
324,237,237, 13
325,237,237, 13
326,237,237, 13
327,237,237, 13
328,237,237, 13
329,237,237, 13
330,237,237, 13
331,237,237, 13
332,237,237, 13
333,237,237, 13
334,237,237, 13
335,237,237, 13
336,237,237, 13
337,237,237, 13
338,237,237, 13
339,237,237, 13
340,237,237, 13
341,237,237, 13
342,237,237, 13
343,237,237, 13
344,237,237, 13
345,237,237, 13
346,237,237, 13
347,237,237, 13
348,237,237, 13
349,237,237, 13
350,237,237, 13
351,237,237, 13
352,236,236, 14
353,236,236, 14
354,236,236, 14
355,236,236, 14
356,236,236, 14
357,236,236, 14
358,236,236, 14
359,236,236, 14
360,236,236, 14
361,236,236, 14
362,236,236, 14
363,236,236, 14
364,236,236, 14
365,236,236, 14
366,236,236, 14
367,236,236, 14
368,236,236, 14
369,236,236, 14
370,236,236, 14
371,236,236, 14
372,236,236, 14
373,236,236, 14
374,236,236, 14
375,236,236, 14
376,236,236, 14
377,236,236, 14
378,236,236, 14
379,236,236, 14
380,236,236, 14
381,236,236, 14
382,236,236, 14
383,236,236, 14
384,236,236, 14
385,236,236, 14
386,236,236, 14
387,236,236, 14
388,236,236, 14
389,236,236, 14
390,236,236, 14
391,236,236, 14
392,236,236, 14
393,236,236, 14
394,236,236, 14
395,236,236, 14
396,236,236, 14
397,236,236, 14
398,236,236, 14
399,236,236, 14
400,236,236, 14
401,236,236, 14
402,236,236, 14
403,236,236, 14
404,235,235, 15
405,235,235, 15
406,235,235, 15
407,235,235, 15
408,235,235, 15
409,235,235, 15
410,235,235, 15
411,235,235, 15
412,235,235, 15
413,235,235, 15
414,235,235, 15
415,235,235, 15
416,235,235, 15
417,235,235, 15
418,235,235, 15
419,235,235, 15
420,235,235, 15
421,235,235, 15
422,235,235, 15
423,235,235, 15
424,235,235, 15
425,235,235, 15
426,235,235, 15
427,235,235, 15
428,235,235, 15
429,235,235, 15
430,235,235, 15
431,235,235, 15
432,235,235, 15
433,235,235, 15
434,235,235, 15
435,235,235, 15
436,235,235, 15
437,235,235, 15
438,235,235, 15
439,235,235, 15
440,235,235, 15
441,235,235, 15
442,235,235, 15
443,234,234, 16
444,234,234, 16
445,234,234, 16
446,234,234, 16
447,234,234, 16
448,233,233, 17
449,233,233, 17
450,233,233, 17
451,233,233, 17
452,233,233, 17
453,233,233, 17
454,233,233, 17
455,233,233, 17
456,233,233, 17
457,233,233, 17
458,233,233, 17
459,233,233, 17
460,233,233, 17
461,233,233, 17
462,233,233, 17
463,233,233, 17
464,233,233, 17
465,233,233, 17
466,233,233, 17
467,233,233, 17
468,233,233, 17
469,233,233, 17
470,233,233, 17
471,233,233, 17
472,233,233, 17
473,232,232, 18
474,232,232, 18
475,232,232, 18
476,232,232, 18
477,232,232, 18
478,232,232, 18
479,232,232, 18
480,232,232, 18
481,232,232, 18
482,232,232, 18
483,232,232, 18
484,232,232, 18
485,232,232, 18
486,232,232, 18
487,232,232, 18
488,232,232, 18
489,232,232, 18
490,232,232, 18
491,232,232, 18
492,232,232, 18
493,232,232, 18
494,232,232, 18
495,232,232, 18
496,232,232, 18
497,232,232, 18
498,232,232, 18
499,232,232, 18
500,232,232, 18
501,232,232, 18
502,232,232, 18
503,232,232, 18
504,232,232, 18
505,232,232, 18
506,232,232, 18
507,232,232, 18
508,232,232, 18
509,232,232, 18
510,232,232, 18
511,232,232, 18
512,232,232, 18
513,232,232, 18
514,232,232, 18
515,232,232, 18
516,232,232, 18
517,232,232, 18
518,232,232, 18
519,232,232, 18
520,232,232, 18
521,232,232, 18
522,232,232, 18
523,232,232, 18
524,232,232, 18
525,232,232, 18
526,232,232, 18
527,232,232, 18
528,232,232, 18
529,232,232, 18
530,232,232, 18
531,232,232, 18
532,232,232, 18
533,232,232, 18
534,232,232, 18
535,232,232, 18
536,232,232, 18
537,232,232, 18
538,232,232, 18
539,232,232, 18
540,232,232, 18
541,232,232, 18
542,232,232, 18
543,232,232, 18
544,232,232, 18
545,232,232, 18
546,232,232, 18
547,232,232, 18
548,232,232, 18
549,232,232, 18
550,232,232, 18
551,232,232, 18
552,231,231, 19
553,231,231, 19
554,231,231, 19
555,231,231, 19
556,231,231, 19
557,231,231, 19
558,231,231, 19
559,231,231, 19
560,231,231, 19
561,231,231, 19
562,231,231, 19
563,231,231, 19
564,231,231, 19
565,231,231, 19
566,231,231, 19
567,231,231, 19
568,231,231, 19
569,231,231, 19
570,231,231, 19
571,231,231, 19
572,231,231, 19
573,231,231, 19
574,231,231, 19
575,231,231, 19
576,231,231, 19
577,231,231, 19
578,230,230, 20
579,230,230, 20
580,230,230, 20
581,230,230, 20
582,230,230, 20
583,230,230, 20
584,230,230, 20
585,230,230, 20
586,230,230, 20
587,230,230, 20
588,230,230, 20
589,230,230, 20
590,230,230, 20
591,230,230, 20
592,230,230, 20
593,230,230, 20
594,230,230, 20
595,230,230, 20
596,230,230, 20
597,230,230, 20
598,230,230, 20
599,230,230, 20
600,230,230, 20
601,230,230, 20
602,230,230, 20
603,230,230, 20
604,230,230, 20
605,230,230, 20
606,230,230, 20
607,230,230, 20
608,230,230, 20
609,230,230, 20
610,230,230, 20
611,230,230, 20
612,230,230, 20
613,230,230, 20
614,230,230, 20
615,230,230, 20
616,230,230, 20
617,230,230, 20
618,230,230, 20
619,230,230, 20
620,230,230, 20
621,230,230, 20
622,230,230, 20
623,230,230, 20
624,230,230, 20
625,230,230, 20
626,230,230, 20
627,230,230, 20
628,230,230, 20
629,230,230, 20
630,230,230, 20
631,230,230, 20
632,230,230, 20
633,230,230, 20
634,230,230, 20
635,230,230, 20
636,230,230, 20
637,230,230, 20
638,230,230, 20
639,230,230, 20
640,230,230, 20
641,230,230, 20
642,230,230, 20
643,230,230, 20
644,230,230, 20
645,230,230, 20
646,230,230, 20
647,230,230, 20
648,230,230, 20
649,230,230, 20
650,230,230, 20
651,230,230, 20
652,230,230, 20
653,230,230, 20
654,230,230, 20
655,230,230, 20
656,230,230, 20
657,230,230, 20
658,229,229, 21
659,229,229, 21
660,229,229, 21
661,229,229, 21
662,229,229, 21
663,229,229, 21
664,229,229, 21
665,229,229, 21
666,229,229, 21
667,229,229, 21
668,229,229, 21
669,229,229, 21
670,229,229, 21
671,229,229, 21
672,229,229, 21
673,229,229, 21
674,229,229, 21
675,229,229, 21
676,229,229, 21
677,229,229, 21
678,229,229, 21
679,229,229, 21
680,229,229, 21
681,229,229, 21
682,229,229, 21
683,229,229, 21
684,229,229, 21
685,229,229, 21
686,229,229, 21
687,229,229, 21
688,229,229, 21
689,229,229, 21
690,229,229, 21
691,229,229, 21
692,229,229, 21
693,229,229, 21
694,229,229, 21
695,229,229, 21
696,229,229, 21
697,229,229, 21
698,229,229, 21
699,229,229, 21
700,229,229, 21
701,229,229, 21
702,229,229, 21
703,229,229, 21
704,229,229, 21
705,229,229, 21
706,229,229, 21
707,229,229, 21
708,229,229, 21
709,229,229, 21
710,229,229, 21
711,229,229, 21
712,229,229, 21
713,229,229, 21
714,229,229, 21
715,229,229, 21
716,229,229, 21
717,229,229, 21
718,229,229, 21
719,229,229, 21
720,229,229, 21
721,229,229, 21
722,229,229, 21
723,229,229, 21
724,229,229, 21
725,229,229, 21
726,229,229, 21
727,229,229, 21
728,229,229, 21
729,229,229, 21
730,229,229, 21
731,229,229, 21
732,229,229, 21
733,229,229, 21
734,228,228, 22
735,228,228, 22
736,228,228, 22
737,228,228, 22
738,228,228, 22
739,228,228, 22
740,228,228, 22
741,228,228, 22
742,228,228, 22
743,228,228, 22
744,228,228, 22
745,228,228, 22
746,228,228, 22
747,228,228, 22
748,228,228, 22
749,228,228, 22
750,228,228, 22
751,228,228, 22
752,228,228, 22
753,228,228, 22
754,228,228, 22
755,228,228, 22
756,228,228, 22
757,228,228, 22
758,228,228, 22
759,228,228, 22
760,228,228, 22
761,228,228, 22
762,228,228, 22
763,228,228, 22
764,228,228, 22
765,228,228, 22
766,228,228, 22
767,228,228, 22
768,228,228, 22
769,228,228, 22
770,228,228, 22
771,228,228, 22
772,228,228, 22
773,228,228, 22
774,228,228, 22
775,228,228, 22
776,228,228, 22
777,228,228, 22
778,228,228, 22
779,228,228, 22
780,228,228, 22
781,228,228, 22
782,228,228, 22
783,228,228, 22
784,228,228, 22
785,228,228, 22
786,228,228, 22
787,228,228, 22
788,228,228, 22
789,228,228, 22
790,228,228, 22
791,228,228, 22
792,228,228, 22
793,228,228, 22
794,228,228, 22
795,228,228, 22
796,228,228, 22
797,228,228, 22
798,228,228, 22
799,228,228, 22
800,228,228, 22
801,228,228, 22
802,228,228, 22
803,228,228, 22
804,228,228, 22
805,228,228, 22
806,228,228, 22
807,228,228, 22
808,228,228, 22
809,228,228, 22
810,228,228, 22
811,228,228, 22
812,228,228, 22
813,228,228, 22
814,228,228, 22
815,228,228, 22
816,228,228, 22
817,228,228, 22
818,228,228, 22
819,228,228, 22
820,228,228, 22
821,228,228, 22
822,228,228, 22
823,228,228, 22
824,228,228, 22
825,228,228, 22
826,228,228, 22
827,228,228, 22
828,228,228, 22
829,228,228, 22
830,228,228, 22
831,228,228, 22
832,228,228, 22
833,228,228, 22
834,228,228, 22
835,228,228, 22
836,228,228, 22
837,228,228, 22
838,228,228, 22
839,228,228, 22
840,228,228, 22
841,228,228, 22
842,228,228, 22
843,228,228, 22
844,228,228, 22
845,228,228, 22
846,227,227, 23
847,227,227, 23
848,227,227, 23
849,227,227, 23
850,227,227, 23
851,227,227, 23
852,227,227, 23
853,227,227, 23
854,227,227, 23
855,227,227, 23
856,227,227, 23
857,227,227, 23
858,227,227, 23
859,227,227, 23
860,227,227, 23
861,227,227, 23
862,227,227, 23
863,227,227, 23
864,227,227, 23
865,227,227, 23
866,227,227, 23
867,227,227, 23
868,227,227, 23
869,227,227, 23
870,227,227, 23
871,227,227, 23
872,227,227, 23
873,227,227, 23
874,227,227, 23
875,227,227, 23
876,227,227, 23
877,227,227, 23
878,227,227, 23
879,227,227, 23
880,227,227, 23
881,227,227, 23
882,227,227, 23
883,227,227, 23
884,227,227, 23
885,227,227, 23
886,227,227, 23
887,227,227, 23
888,227,227, 23
889,227,227, 23
890,227,227, 23
891,227,227, 23
892,227,227, 23
893,227,227, 23
894,227,227, 23
895,227,227, 23
896,227,227, 23
897,227,227, 23
898,227,227, 23
899,227,227, 23
900,227,227, 23
901,227,227, 23
902,227,227, 23
903,227,227, 23
904,227,227, 23
905,227,227, 23
906,227,227, 23
907,227,227, 23
908,227,227, 23
909,227,227, 23
910,227,227, 23
911,227,227, 23
912,227,227, 23
913,227,227, 23
914,227,227, 23
915,227,227, 23
916,227,227, 23
917,227,227, 23
918,227,227, 23
919,227,227, 23
920,227,227, 23
921,227,227, 23
922,227,227, 23
923,227,227, 23
924,227,227, 23
925,227,227, 23
926,227,227, 23
927,227,227, 23
928,227,227, 23
929,227,227, 23
930,227,227, 23
931,227,227, 23
932,227,227, 23
933,227,227, 23
934,227,227, 23
935,227,227, 23
936,227,227, 23
937,227,227, 23
938,227,227, 23
939,227,227, 23
940,227,227, 23
941,227,227, 23
942,227,227, 23
943,227,227, 23
944,227,227, 23
945,227,227, 23
946,227,227, 23
947,227,227, 23
948,227,227, 23
949,227,227, 23
950,227,227, 23
951,227,227, 23
952,227,227, 23
953,227,227, 23
954,227,227, 23
955,227,227, 23
956,227,227, 23
957,227,227, 23
958,227,227, 23
959,227,227, 23
960,227,227, 23
961,227,227, 23
962,227,227, 23
963,227,227, 23
964,227,227, 23
965,227,227, 23
966,226,226, 24
967,226,226, 24
968,226,226, 24
969,226,226, 24
970,226,226, 24
971,226,226, 24
972,226,226, 24
973,226,226, 24
974,226,226, 24
975,226,226, 24
976,226,226, 24
977,226,226, 24
978,226,226, 24
979,226,226, 24
980,226,226, 24
981,226,226, 24
982,226,226, 24
983,226,226, 24
984,226,226, 24
985,226,226, 24
986,226,226, 24
987,226,226, 24
988,226,226, 24
989,226,226, 24
990,226,226, 24
991,226,226, 24
992,226,226, 24
993,226,226, 24
994,226,226, 24
995,226,226, 24
996,226,226, 24
997,226,226, 24
998,226,226, 24
999,226,226, 24
1000,226,226, 24
1001,226,226, 24
1002,226,226, 24
1003,226,226, 24
1004,226,226, 24
1005,226,226, 24
1006,226,226, 24
1007,226,226, 24
1008,226,226, 24
1009,226,226, 24
1010,226,226, 24
1011,226,226, 24
1012,226,226, 24
1013,226,226, 24
1014,226,226, 24
1015,226,226, 24
1016,226,226, 24
1017,226,226, 24
1018,226,226, 24
1019,226,226, 24
1020,226,226, 24
1021,226,226, 24
1022,226,226, 24
1023,226,226, 24
1024,226,226, 24
1025,226,226, 24
1026,226,226, 24
1027,226,226, 24
1028,226,226, 24
1029,226,226, 24
1030,226,226, 24
1031,226,226, 24
1032,226,226, 24
1033,226,226, 24
1034,226,226, 24
1035,226,226, 24
1036,226,226, 24
1037,226,226, 24
1038,226,226, 24
1039,226,226, 24
1040,226,226, 24
1041,226,226, 24
1042,226,226, 24
1043,226,226, 24
1044,226,226, 24
1045,226,226, 24
1046,226,226, 24
1047,226,226, 24
1048,226,226, 24
1049,226,226, 24
1050,226,226, 24
1051,226,226, 24
1052,226,226, 24
1053,226,226, 24
1054,226,226, 24
1055,226,226, 24
1056,226,226, 24
1057,226,226, 24
1058,226,226, 24
1059,226,226, 24
1060,226,226, 24
1061,226,226, 24
1062,226,226, 24
1063,226,226, 24
1064,226,226, 24
1065,226,226, 24
1066,226,226, 24
1067,226,226, 24
1068,226,226, 24
1069,226,226, 24
1070,226,226, 24
1071,226,226, 24
1072,226,226, 24
1073,226,226, 24
1074,226,226, 24
1075,226,226, 24
1076,226,226, 24
1077,226,226, 24
1078,226,226, 24
1079,226,226, 24
1080,226,226, 24
1081,226,226, 24
1082,226,226, 24
1083,226,226, 24
1084,226,226, 24
1085,226,226, 24
1086,226,226, 24
1087,226,226, 24
1088,226,226, 24
1089,226,226, 24
1090,226,226, 24
1091,226,226, 24
1092,226,226, 24
1093,226,226, 24
1094,226,226, 24
1095,226,226, 24
1096,226,226, 24
1097,226,226, 24
1098,226,226, 24
1099,226,226, 24
1100,226,226, 24
1101,226,226, 24
1102,226,226, 24
1103,226,226, 24
1104,226,226, 24
1105,226,226, 24
1106,226,226, 24
1107,226,226, 24
1108,226,226, 24
1109,226,226, 24
1110,226,226, 24
1111,226,226, 24
1112,226,226, 24
1113,226,226, 24
1114,226,226, 24
1115,226,226, 24
1116,226,226, 24
1117,226,226, 24
1118,226,226, 24
1119,226,226, 24
1120,226,226, 24
1121,226,226, 24
1122,226,226, 24
1123,226,226, 24
1124,226,226, 24
1125,226,226, 24
1126,226,226, 24
1127,226,226, 24
1128,226,226, 24
1129,226,226, 24
1130,226,226, 24
1131,226,226, 24
1132,226,226, 24
1133,226,226, 24
1134,226,226, 24
1135,226,226, 24
1136,226,226, 24
1137,226,226, 24
1138,226,226, 24
1139,226,226, 24
1140,226,226, 24
1141,226,226, 24
1142,226,226, 24
1143,226,226, 24
1144,226,226, 24
1145,226,226, 24
1146,226,226, 24
1147,226,226, 24
1148,226,226, 24
1149,226,226, 24
1150,226,226, 24
1151,226,226, 24
1152,226,226, 24
1153,226,226, 24
1154,226,226, 24
1155,226,226, 24
1156,226,226, 24
1157,226,226, 24
1158,226,226, 24
1159,226,226, 24
1160,226,226, 24
1161,226,226, 24
1162,226,226, 24
1163,226,226, 24
1164,226,226, 24
1165,226,226, 24
1166,226,226, 24
1167,226,226, 24
1168,226,226, 24
1169,226,226, 24
1170,226,226, 24
1171,226,226, 24
1172,226,226, 24
1173,226,226, 24
1174,226,226, 24
1175,226,226, 24
1176,226,226, 24
1177,226,226, 24
1178,226,226, 24
1179,226,226, 24
1180,226,226, 24
1181,226,226, 24
1182,226,226, 24
1183,226,226, 24
1184,226,226, 24
1185,226,226, 24
1186,226,226, 24
1187,226,226, 24
1188,226,226, 24
1189,226,226, 24
1190,226,226, 24
1191,226,226, 24
1192,226,226, 24
1193,226,226, 24
1194,226,226, 24
1195,226,226, 24
1196,226,226, 24
1197,226,226, 24
1198,226,226, 24
1199,226,226, 24
1200,226,226, 24
1201,226,226, 24
1202,226,226, 24
1203,226,226, 24
1204,226,226, 24
1205,226,226, 24
1206,226,226, 24
1207,226,226, 24
1208,226,226, 24
1209,226,226, 24
1210,226,226, 24
1211,226,226, 24
1212,226,226, 24
1213,226,226, 24
1214,226,226, 24
1215,226,226, 24
1216,226,226, 24
1217,226,226, 24
1218,226,226, 24
1219,226,226, 24
1220,226,226, 24
1221,226,226, 24
1222,226,226, 24
1223,226,226, 24
1224,226,226, 24
1225,226,226, 24
1226,226,226, 24
1227,226,226, 24
1228,226,226, 24
1229,226,226, 24
1230,226,226, 24
1231,226,226, 24
1232,226,226, 24
1233,226,226, 24
1234,226,226, 24
1235,226,226, 24
1236,226,226, 24
1237,226,226, 24
1238,226,226, 24
1239,226,226, 24
1240,226,226, 24
1241,226,226, 24
1242,226,226, 24
1243,226,226, 24
1244,226,226, 24
1245,226,226, 24
1246,226,226, 24
1247,226,226, 24
1248,226,226, 24
1249,226,226, 24
1250,226,226, 24
1251,226,226, 24
1252,226,226, 24
1253,226,226, 24
1254,226,226, 24
1255,226,226, 24
1256,226,226, 24
1257,226,226, 24
1258,226,226, 24
1259,226,226, 24
1260,226,226, 24
1261,226,226, 24
1262,226,226, 24
1263,226,226, 24
1264,226,226, 24
1265,226,226, 24
1266,226,226, 24
1267,226,226, 24
1268,226,226, 24
1269,226,226, 24
1270,226,226, 24
1271,226,226, 24
1272,226,226, 24
1273,226,226, 24
1274,226,226, 24
1275,226,226, 24
1276,226,226, 24
1277,226,226, 24
1278,226,226, 24
1279,226,226, 24
1280,226,226, 24
1281,226,226, 24
1282,226,226, 24
1283,226,226, 24
1284,226,226, 24
1285,226,226, 24
1286,226,226, 24
1287,226,226, 24
1288,226,226, 24
1289,226,226, 24
1290,226,226, 24
1291,226,226, 24
1292,226,226, 24
1293,226,226, 24
1294,226,226, 24
1295,226,226, 24
1296,226,226, 24
1297,226,226, 24
1298,226,226, 24
1299,226,226, 24
1300,226,226, 24
1301,226,226, 24
1302,226,226, 24
1303,226,226, 24
1304,226,226, 24
1305,226,226, 24
1306,226,226, 24
1307,226,226, 24
1308,225,225, 25
1309,225,225, 25
1310,225,225, 25
1311,225,225, 25
1312,225,225, 25
1313,225,225, 25
1314,225,225, 25
1315,225,225, 25
1316,225,225, 25
1317,225,225, 25
1318,225,225, 25
1319,225,225, 25
1320,225,225, 25
1321,225,225, 25
1322,225,225, 25
1323,225,225, 25
1324,225,225, 25
1325,225,225, 25
1326,225,225, 25
1327,225,225, 25
1328,225,225, 25
1329,225,225, 25
1330,225,225, 25
1331,225,225, 25
1332,225,225, 25
1333,225,225, 25
1334,225,225, 25
1335,225,225, 25
1336,225,225, 25
1337,225,225, 25
1338,225,225, 25
1339,225,225, 25
1340,225,225, 25
1341,225,225, 25
1342,225,225, 25
1343,225,225, 25
1344,225,225, 25
1345,225,225, 25
1346,225,225, 25
1347,225,225, 25
1348,225,225, 25
1349,225,225, 25
1350,225,225, 25
1351,225,225, 25
1352,225,225, 25
1353,225,225, 25
1354,225,225, 25
1355,225,225, 25
1356,225,225, 25
1357,225,225, 25
1358,225,225, 25
1359,225,225, 25
1360,225,225, 25
1361,225,225, 25
1362,225,225, 25
1363,225,225, 25
1364,225,225, 25
1365,225,225, 25
1366,225,225, 25
1367,225,225, 25
1368,225,225, 25
1369,225,225, 25
1370,225,225, 25
1371,225,225, 25
1372,225,225, 25
1373,225,225, 25
1374,225,225, 25
1375,225,225, 25
1376,225,225, 25
1377,225,225, 25
1378,225,225, 25
1379,225,225, 25
1380,225,225, 25
1381,225,225, 25
1382,225,225, 25
1383,225,225, 25
1384,225,225, 25
1385,225,225, 25
1386,225,225, 25
1387,225,225, 25
1388,225,225, 25
1389,225,225, 25
1390,225,225, 25
1391,225,225, 25
1392,225,225, 25
1393,225,225, 25
1394,225,225, 25
1395,225,225, 25
1396,225,225, 25
1397,225,225, 25
1398,225,225, 25
1399,225,225, 25
1400,225,225, 25
1401,225,225, 25
1402,225,225, 25
1403,225,225, 25
1404,225,225, 25
1405,225,225, 25
1406,225,225, 25
1407,225,225, 25
1408,225,225, 25
1409,225,225, 25
1410,225,225, 25
1411,225,225, 25
1412,225,225, 25
1413,225,225, 25
1414,225,225, 25
1415,225,225, 25
1416,225,225, 25
1417,225,225, 25
1418,225,225, 25
1419,225,225, 25
1420,225,225, 25
1421,225,225, 25
1422,225,225, 25
1423,225,225, 25
1424,225,225, 25
1425,225,225, 25
1426,225,225, 25
1427,225,225, 25
1428,225,225, 25
1429,225,225, 25
1430,225,225, 25
1431,225,225, 25
1432,225,225, 25
1433,225,225, 25
1434,225,225, 25
1435,225,225, 25
1436,225,225, 25
1437,225,225, 25
1438,225,225, 25
1439,225,225, 25
1440,225,225, 25
1441,225,225, 25
1442,225,225, 25
1443,225,225, 25
1444,225,225, 25
1445,225,225, 25
1446,225,225, 25
1447,225,225, 25
1448,225,225, 25
1449,225,225, 25
1450,225,225, 25
1451,225,225, 25
1452,225,225, 25
1453,225,225, 25
1454,225,225, 25
1455,225,225, 25
1456,225,225, 25
1457,225,225, 25
1458,225,225, 25
1459,225,225, 25
1460,225,225, 25
1461,225,225, 25
1462,225,225, 25
1463,225,225, 25
1464,225,225, 25
1465,225,225, 25
1466,225,225, 25
1467,225,225, 25
1468,225,225, 25
1469,225,225, 25
1470,225,225, 25
1471,225,225, 25
1472,225,225, 25
1473,225,225, 25
1474,225,225, 25
1475,225,225, 25
1476,225,225, 25
1477,225,225, 25
1478,225,225, 25
1479,225,225, 25
1480,225,225, 25
1481,225,225, 25
1482,225,225, 25
1483,225,225, 25
1484,225,225, 25
1485,225,225, 25
1486,225,225, 25
1487,225,225, 25
1488,225,225, 25
1489,225,225, 25
1490,225,225, 25
1491,225,225, 25
1492,225,225, 25
1493,225,225, 25
1494,225,225, 25
1495,225,225, 25
1496,225,225, 25
1497,225,225, 25
1498,225,225, 25
1499,225,225, 25
