0,249,249, 1
1,249,249, 1
2,249,249, 1
3,249,249, 1
4,249,249, 1
5,249,249, 1
6,249,249, 1
7,249,249, 1
8,249,249, 1
9,249,249, 1
10,249,249, 1
11,249,249, 1
12,249,249, 1
13,249,249, 1
14,249,249, 1
15,249,249, 1
16,249,249, 1
17,249,249, 1
18,249,249, 1
19,248,248, 2
20,248,248, 2
21,248,248, 2
22,248,248, 2
23,248,248, 2
24,248,248, 2
25,248,248, 2
26,248,248, 2
27,248,248, 2
28,248,248, 2
29,248,248, 2
30,248,248, 2
31,248,248, 2
32,248,248, 2
33,248,248, 2
34,248,248, 2
35,248,248, 2
36,248,248, 2
37,248,248, 2
38,248,248, 2
39,248,248, 2
40,248,248, 2
41,246,246, 4
42,246,246, 4
43,246,246, 4
44,246,246, 4
45,246,246, 4
46,246,246, 4
47,246,246, 4
48,246,246, 4
49,244,244, 6
50,244,244, 6
51,244,244, 6
52,244,244, 6
53,244,244, 6
54,244,244, 6
55,244,244, 6
56,244,244, 6
57,244,244, 6
58,244,244, 6
59,243,243, 7
60,243,243, 7
61,243,243, 7
62,243,243, 7
63,242,242, 8
64,242,242, 8
65,242,242, 8
66,242,242, 8
67,242,242, 8
68,242,242, 8
69,242,242, 8
70,242,242, 8
71,242,242, 8
72,242,242, 8
73,242,242, 8
74,242,242, 8
75,242,242, 8
76,242,242, 8
77,242,242, 8
78,242,242, 8
79,242,242, 8
80,242,242, 8
81,242,242, 8
82,242,242, 8
83,242,242, 8
84,242,242, 8
85,242,242, 8
86,242,242, 8
87,242,242, 8
88,242,242, 8
89,242,242, 8
90,242,242, 8
91,242,242, 8
92,242,242, 8
93,242,242, 8
94,242,242, 8
95,242,242, 8
96,242,242, 8
97,242,242, 8
98,242,242, 8
99,242,242, 8
100,242,242, 8
101,242,242, 8
102,242,242, 8
103,241,241, 9
104,241,241, 9
105,241,241, 9
106,241,241, 9
107,241,241, 9
108,241,241, 9
109,241,241, 9
110,241,241, 9
111,241,241, 9
112,241,241, 9
113,241,241, 9
114,241,241, 9
115,241,241, 9
116,240,240, 10
117,239,239, 11
118,239,239, 11
119,239,239, 11
120,239,239, 11
121,239,239, 11
122,239,239, 11
123,239,239, 11
124,239,239, 11
125,239,239, 11
126,239,239, 11
127,239,239, 11
128,239,239, 11
129,239,239, 11
130,239,239, 11
131,239,239, 11
132,239,239, 11
133,239,239, 11
134,238,238, 12
135,238,238, 12
136,238,238, 12
137,238,238, 12
138,238,238, 12
139,238,238, 12
140,238,238, 12
141,238,238, 12
142,235,235, 15
143,235,235, 15
144,235,235, 15
145,235,235, 15
146,235,235, 15
147,235,235, 15
148,235,235, 15
149,235,235, 15
150,235,235, 15
151,235,235, 15
152,235,235, 15
153,235,235, 15
154,235,235, 15
155,235,235, 15
156,235,235, 15
157,235,235, 15
158,235,235, 15
159,235,235, 15
160,235,235, 15
161,235,235, 15
162,235,235, 15
163,235,235, 15
164,234,234, 16
165,234,234, 16
166,234,234, 16
167,234,234, 16
168,234,234, 16
169,234,234, 16
170,234,234, 16
171,234,234, 16
172,234,234, 16
173,234,234, 16
174,233,233, 17
175,233,233, 17
176,233,233, 17
177,233,233, 17
178,233,233, 17
179,233,233, 17
180,233,233, 17
181,233,233, 17
182,233,233, 17
183,233,233, 17
184,233,233, 17
185,233,233, 17
186,233,233, 17
187,233,233, 17
188,233,233, 17
189,233,233, 17
190,233,233, 17
191,233,233, 17
192,233,233, 17
193,233,233, 17
194,233,233, 17
195,233,233, 17
196,232,232, 18
197,231,231, 19
198,231,231, 19
199,231,231, 19
200,231,231, 19
201,231,231, 19
202,231,231, 19
203,231,231, 19
204,231,231, 19
205,231,231, 19
206,231,231, 19
207,231,231, 19
208,231,231, 19
209,231,231, 19
210,231,231, 19
211,231,231, 19
212,231,231, 19
213,231,231, 19
214,231,231, 19
215,231,231, 19
216,231,231, 19
217,231,231, 19
218,231,231, 19
219,231,231, 19
220,231,231, 19
221,231,231, 19
222,231,231, 19
223,231,231, 19
224,231,231, 19
225,231,231, 19
226,231,231, 19
227,231,231, 19
228,231,231, 19
229,231,231, 19
230,231,231, 19
231,231,231, 19
232,231,231, 19
233,231,231, 19
234,231,231, 19
235,231,231, 19
236,231,231, 19
237,231,231, 19
238,231,231, 19
239,231,231, 19
240,230,230, 20
241,230,230, 20
242,230,230, 20
243,230,230, 20
244,230,230, 20
245,230,230, 20
246,230,230, 20
247,230,230, 20
248,230,230, 20
249,230,230, 20
250,230,230, 20
251,230,230, 20
252,230,230, 20
253,230,230, 20
254,230,230, 20
255,230,230, 20
256,230,230, 20
257,230,230, 20
258,230,230, 20
259,230,230, 20
260,230,230, 20
261,230,230, 20
262,230,230, 20
263,230,230, 20
264,230,230, 20
265,230,230, 20
266,230,230, 20
267,230,230, 20
268,230,230, 20
269,230,230, 20
270,230,230, 20
271,230,230, 20
272,230,230, 20
273,230,230, 20
274,230,230, 20
275,230,230, 20
276,230,230, 20
277,230,230, 20
278,230,230, 20
279,230,230, 20
280,230,230, 20
281,230,230, 20
282,230,230, 20
283,230,230, 20
284,230,230, 20
285,230,230, 20
286,230,230, 20
287,230,230, 20
288,230,230, 20
289,230,230, 20
290,230,230, 20
291,230,230, 20
292,230,230, 20
293,230,230, 20
294,230,230, 20
295,230,230, 20
296,228,228, 22
297,228,228, 22
298,228,228, 22
299,228,228, 22
300,228,228, 22
301,228,228, 22
302,228,228, 22
303,228,228, 22
304,228,228, 22
305,228,228, 22
306,228,228, 22
307,228,228, 22
308,228,228, 22
309,228,228, 22
310,228,228, 22
311,228,228, 22
312,228,228, 22
313,228,228, 22
314,228,228, 22
315,228,228, 22
316,228,228, 22
317,228,228, 22
318,228,228, 22
319,228,228, 22
320,228,228, 22
321,228,228, 22
322,228,228, 22
323,228,228, 22
324,228,228, 22
325,228,228, 22
326,228,228, 22
327,228,228, 22
328,228,228, 22
329,228,228, 22
330,228,228, 22
331,228,228, 22
332,228,228, 22
333,228,228, 22
334,228,228, 22
335,228,228, 22
336,228,228, 22
337,228,228, 22
338,228,228, 22
339,228,228, 22
340,228,228, 22
341,228,228, 22
342,228,228, 22
343,228,228, 22
344,228,228, 22
345,228,228, 22
346,228,228, 22
347,228,228, 22
348,227,227, 23
349,227,227, 23
350,227,227, 23
351,227,227, 23
352,227,227, 23
353,227,227, 23
354,227,227, 23
355,227,227, 23
356,227,227, 23
357,227,227, 23
358,227,227, 23
359,227,227, 23
360,227,227, 23
361,227,227, 23
362,227,227, 23
363,227,227, 23
364,227,227, 23
365,227,227, 23
366,227,227, 23
367,227,227, 23
368,227,227, 23
369,227,227, 23
370,227,227, 23
371,227,227, 23
372,227,227, 23
373,227,227, 23
374,227,227, 23
375,227,227, 23
376,227,227, 23
377,227,227, 23
378,227,227, 23
379,227,227, 23
380,227,227, 23
381,227,227, 23
382,227,227, 23
383,227,227, 23
384,227,227, 23
385,227,227, 23
386,227,227, 23
387,227,227, 23
388,227,227, 23
389,227,227, 23
390,227,227, 23
391,227,227, 23
392,227,227, 23
393,227,227, 23
394,227,227, 23
395,227,227, 23
396,227,227, 23
397,227,227, 23
398,227,227, 23
399,227,227, 23
400,227,227, 23
401,227,227, 23
402,227,227, 23
403,227,227, 23
404,227,227, 23
405,227,227, 23
406,227,227, 23
407,227,227, 23
408,227,227, 23
409,227,227, 23
410,227,227, 23
411,227,227, 23
412,226,226, 24
413,225,225, 25
414,225,225, 25
415,225,225, 25
416,225,225, 25
417,225,225, 25
418,225,225, 25
419,225,225, 25
420,225,225, 25
421,225,225, 25
422,225,225, 25
423,225,225, 25
424,225,225, 25
425,225,225, 25
426,225,225, 25
427,225,225, 25
428,225,225, 25
429,225,225, 25
430,225,225, 25
431,225,225, 25
432,225,225, 25
433,225,225, 25
434,225,225, 25
435,225,225, 25
436,225,225, 25
437,225,225, 25
438,225,225, 25
439,225,225, 25
440,225,225, 25
441,225,225, 25
442,225,225, 25
443,225,225, 25
444,225,225, 25
445,225,225, 25
446,225,225, 25
447,225,225, 25
448,225,225, 25
449,225,225, 25
450,225,225, 25
451,225,225, 25
452,225,225, 25
453,225,225, 25
454,225,225, 25
455,225,225, 25
456,225,225, 25
457,225,225, 25
458,225,225, 25
459,225,225, 25
460,225,225, 25
461,225,225, 25
462,225,225, 25
463,225,225, 25
464,225,225, 25
465,225,225, 25
466,225,225, 25
467,225,225, 25
468,225,225, 25
469,225,225, 25
470,225,225, 25
471,225,225, 25
472,225,225, 25
473,225,225, 25
474,225,225, 25
475,225,225, 25
476,225,225, 25
477,225,225, 25
478,225,225, 25
479,225,225, 25
480,225,225, 25
481,225,225, 25
482,225,225, 25
483,225,225, 25
484,225,225, 25
485,225,225, 25
486,225,225, 25
487,225,225, 25
488,225,225, 25
489,225,225, 25
490,225,225, 25
491,225,225, 25
492,225,225, 25
493,225,225, 25
494,225,225, 25
495,225,225, 25
496,225,225, 25
497,223,223, 27
498,223,223, 27
499,223,223, 27
500,223,223, 27
501,223,223, 27
502,223,223, 27
503,223,223, 27
504,223,223, 27
505,223,223, 27
506,223,223, 27
507,223,223, 27
508,223,223, 27
509,223,223, 27
510,222,222, 28
511,222,222, 28
512,222,222, 28
513,222,222, 28
514,222,222, 28
515,222,222, 28
516,222,222, 28
517,222,222, 28
518,222,222, 28
519,222,222, 28
520,222,222, 28
521,222,222, 28
522,222,222, 28
523,222,222, 28
524,222,222, 28
525,222,222, 28
526,222,222, 28
527,222,222, 28
528,222,222, 28
529,222,222, 28
530,222,222, 28
531,222,222, 28
532,222,222, 28
533,222,222, 28
534,222,222, 28
535,222,222, 28
536,222,222, 28
537,222,222, 28
538,222,222, 28
539,222,222, 28
540,222,222, 28
541,222,222, 28
542,222,222, 28
543,222,222, 28
544,222,222, 28
545,222,222, 28
546,222,222, 28
547,222,222, 28
548,222,222, 28
549,222,222, 28
550,222,222, 28
551,222,222, 28
552,222,222, 28
553,222,222, 28
554,222,222, 28
555,222,222, 28
556,222,222, 28
557,222,222, 28
558,222,222, 28
559,222,222, 28
560,222,222, 28
561,222,222, 28
562,222,222, 28
563,222,222, 28
564,222,222, 28
565,222,222, 28
566,222,222, 28
567,222,222, 28
568,222,222, 28
569,222,222, 28
570,222,222, 28
571,222,222, 28
572,222,222, 28
573,222,222, 28
574,222,222, 28
575,222,222, 28
576,222,222, 28
577,222,222, 28
578,222,222, 28
579,222,222, 28
580,222,222, 28
581,222,222, 28
582,222,222, 28
583,222,222, 28
584,222,222, 28
585,222,222, 28
586,222,222, 28
587,222,222, 28
588,222,222, 28
589,222,222, 28
590,222,222, 28
591,222,222, 28
592,222,222, 28
593,222,222, 28
594,222,222, 28
595,222,222, 28
596,222,222, 28
597,222,222, 28
598,222,222, 28
599,222,222, 28
600,222,222, 28
601,222,222, 28
602,222,222, 28
603,222,222, 28
604,222,222, 28
605,222,222, 28
606,222,222, 28
607,222,222, 28
608,222,222, 28
609,222,222, 28
610,222,222, 28
611,222,222, 28
612,222,222, 28
613,222,222, 28
614,222,222, 28
615,222,222, 28
616,222,222, 28
617,222,222, 28
618,222,222, 28
619,222,222, 28
620,222,222, 28
621,222,222, 28
622,222,222, 28
623,222,222, 28
624,222,222, 28
625,222,222, 28
626,222,222, 28
627,222,222, 28
628,222,222, 28
629,222,222, 28
630,222,222, 28
631,222,222, 28
632,222,222, 28
633,222,222, 28
634,222,222, 28
635,222,222, 28
636,222,222, 28
637,222,222, 28
638,222,222, 28
639,222,222, 28
640,222,222, 28
641,222,222, 28
642,222,222, 28
643,222,222, 28
644,222,222, 28
645,222,222, 28
646,222,222, 28
647,222,222, 28
648,222,222, 28
649,222,222, 28
650,222,222, 28
651,222,222, 28
652,222,222, 28
653,222,222, 28
654,222,222, 28
655,222,222, 28
656,222,222, 28
657,222,222, 28
658,222,222, 28
659,222,222, 28
660,222,222, 28
661,222,222, 28
662,222,222, 28
663,222,222, 28
664,222,222, 28
665,222,222, 28
666,222,222, 28
667,222,222, 28
668,222,222, 28
669,222,222, 28
670,222,222, 28
671,222,222, 28
672,222,222, 28
673,222,222, 28
674,222,222, 28
675,222,222, 28
676,222,222, 28
677,222,222, 28
678,222,222, 28
679,222,222, 28
680,222,222, 28
681,222,222, 28
682,222,222, 28
683,222,222, 28
684,222,222, 28
685,222,222, 28
686,222,222, 28
687,222,222, 28
688,222,222, 28
689,222,222, 28
690,222,222, 28
691,222,222, 28
692,222,222, 28
693,222,222, 28
694,222,222, 28
695,222,222, 28
696,222,222, 28
697,222,222, 28
698,222,222, 28
699,222,222, 28
700,222,222, 28
701,222,222, 28
702,222,222, 28
703,222,222, 28
704,222,222, 28
705,222,222, 28
706,222,222, 28
707,222,222, 28
708,222,222, 28
709,222,222, 28
710,222,222, 28
711,222,222, 28
712,222,222, 28
713,222,222, 28
714,222,222, 28
715,222,222, 28
716,222,222, 28
717,222,222, 28
718,222,222, 28
719,222,222, 28
720,222,222, 28
721,222,222, 28
722,222,222, 28
723,222,222, 28
724,222,222, 28
725,222,222, 28
726,222,222, 28
727,222,222, 28
728,222,222, 28
729,222,222, 28
730,222,222, 28
731,222,222, 28
732,222,222, 28
733,222,222, 28
734,222,222, 28
735,222,222, 28
736,222,222, 28
737,222,222, 28
738,222,222, 28
739,222,222, 28
740,222,222, 28
741,222,222, 28
742,222,222, 28
743,222,222, 28
744,222,222, 28
745,222,222, 28
746,222,222, 28
747,222,222, 28
748,222,222, 28
749,222,222, 28
750,222,222, 28
751,222,222, 28
752,222,222, 28
753,222,222, 28
754,222,222, 28
755,222,222, 28
756,222,222, 28
757,222,222, 28
758,222,222, 28
759,222,222, 28
760,222,222, 28
761,222,222, 28
762,222,222, 28
763,222,222, 28
764,222,222, 28
765,222,222, 28
766,222,222, 28
767,222,222, 28
768,222,222, 28
769,222,222, 28
770,222,222, 28
771,222,222, 28
772,222,222, 28
773,222,222, 28
774,222,222, 28
775,222,222, 28
776,222,222, 28
777,222,222, 28
778,222,222, 28
779,222,222, 28
780,222,222, 28
781,222,222, 28
782,222,222, 28
783,222,222, 28
784,222,222, 28
785,222,222, 28
786,222,222, 28
787,222,222, 28
788,222,222, 28
789,222,222, 28
790,222,222, 28
791,222,222, 28
792,222,222, 28
793,222,222, 28
794,222,222, 28
795,222,222, 28
796,222,222, 28
797,222,222, 28
798,222,222, 28
799,222,222, 28
800,222,222, 28
801,222,222, 28
802,222,222, 28
803,222,222, 28
804,222,222, 28
805,222,222, 28
806,222,222, 28
807,222,222, 28
808,222,222, 28
809,222,222, 28
810,222,222, 28
811,222,222, 28
812,222,222, 28
813,222,222, 28
814,222,222, 28
815,222,222, 28
816,222,222, 28
817,222,222, 28
818,222,222, 28
819,222,222, 28
820,222,222, 28
821,222,222, 28
822,222,222, 28
823,222,222, 28
824,222,222, 28
825,222,222, 28
826,221,221, 29
827,221,221, 29
828,220,220, 30
829,220,220, 30
830,220,220, 30
831,220,220, 30
832,220,220, 30
833,220,220, 30
834,220,220, 30
835,220,220, 30
836,220,220, 30
837,220,220, 30
838,220,220, 30
839,220,220, 30
840,220,220, 30
841,220,220, 30
842,220,220, 30
843,220,220, 30
844,219,219, 31
845,218,218, 32
846,218,218, 32
847,218,218, 32
848,218,218, 32
849,218,218, 32
850,218,218, 32
851,218,218, 32
852,218,218, 32
853,218,218, 32
854,218,218, 32
855,218,218, 32
856,218,218, 32
857,218,218, 32
858,218,218, 32
859,218,218, 32
860,218,218, 32
861,218,218, 32
862,218,218, 32
863,218,218, 32
864,218,218, 32
865,218,218, 32
866,218,218, 32
867,218,218, 32
868,218,218, 32
869,218,218, 32
870,218,218, 32
871,218,218, 32
872,218,218, 32
873,218,218, 32
874,218,218, 32
875,218,218, 32
876,218,218, 32
877,218,218, 32
878,218,218, 32
879,217,217, 33
880,217,217, 33
881,217,217, 33
882,217,217, 33
883,217,217, 33
884,217,217, 33
885,217,217, 33
886,217,217, 33
887,217,217, 33
888,216,216, 34
889,216,216, 34
890,216,216, 34
891,216,216, 34
892,216,216, 34
893,216,216, 34
894,216,216, 34
895,216,216, 34
896,216,216, 34
897,216,216, 34
898,216,216, 34
899,216,216, 34
900,216,216, 34
901,216,216, 34
902,216,216, 34
903,216,216, 34
904,216,216, 34
905,216,216, 34
906,216,216, 34
907,216,216, 34
908,215,215, 35
909,215,215, 35
910,215,215, 35
911,215,215, 35
912,215,215, 35
913,215,215, 35
914,215,215, 35
915,215,215, 35
916,215,215, 35
917,215,215, 35
918,215,215, 35
919,215,215, 35
920,215,215, 35
921,215,215, 35
922,215,215, 35
923,215,215, 35
924,215,215, 35
925,215,215, 35
926,215,215, 35
927,215,215, 35
928,215,215, 35
929,215,215, 35
930,215,215, 35
931,215,215, 35
932,215,215, 35
933,215,215, 35
934,215,215, 35
935,215,215, 35
936,215,215, 35
937,215,215, 35
938,215,215, 35
939,215,215, 35
940,215,215, 35
941,215,215, 35
942,215,215, 35
943,215,215, 35
944,215,215, 35
945,215,215, 35
946,215,215, 35
947,215,215, 35
948,215,215, 35
949,215,215, 35
950,215,215, 35
951,215,215, 35
952,215,215, 35
953,215,215, 35
954,215,215, 35
955,215,215, 35
956,215,215, 35
957,215,215, 35
958,215,215, 35
959,215,215, 35
960,215,215, 35
961,215,215, 35
962,215,215, 35
963,215,215, 35
964,215,215, 35
965,215,215, 35
966,215,215, 35
967,215,215, 35
968,215,215, 35
969,215,215, 35
970,215,215, 35
971,214,214, 36
972,214,214, 36
973,214,214, 36
974,214,214, 36
975,214,214, 36
976,214,214, 36
977,214,214, 36
978,214,214, 36
979,214,214, 36
980,214,214, 36
981,213,213, 37
982,213,213, 37
983,213,213, 37
984,213,213, 37
985,213,213, 37
986,213,213, 37
987,213,213, 37
988,213,213, 37
989,213,213, 37
990,213,213, 37
991,213,213, 37
992,213,213, 37
993,213,213, 37
994,213,213, 37
995,213,213, 37
996,213,213, 37
997,213,213, 37
998,213,213, 37
999,213,213, 37
1000,213,213, 37
1001,213,213, 37
1002,213,213, 37
1003,213,213, 37
1004,213,213, 37
1005,213,213, 37
1006,213,213, 37
1007,213,213, 37
1008,213,213, 37
1009,213,213, 37
1010,213,213, 37
1011,213,213, 37
1012,213,213, 37
1013,213,213, 37
1014,213,213, 37
1015,213,213, 37
1016,213,213, 37
1017,213,213, 37
1018,213,213, 37
1019,212,212, 38
1020,212,212, 38
1021,212,212, 38
1022,212,212, 38
1023,212,212, 38
1024,212,212, 38
1025,212,212, 38
1026,212,212, 38
1027,212,212, 38
1028,212,212, 38
1029,212,212, 38
1030,212,212, 38
1031,212,212, 38
1032,212,212, 38
1033,212,212, 38
1034,212,212, 38
1035,212,212, 38
1036,212,212, 38
1037,212,212, 38
1038,212,212, 38
1039,212,212, 38
1040,212,212, 38
1041,212,212, 38
1042,212,212, 38
1043,212,212, 38
1044,212,212, 38
1045,212,212, 38
1046,211,211, 39
1047,211,211, 39
1048,211,211, 39
1049,211,211, 39
1050,211,211, 39
1051,211,211, 39
1052,211,211, 39
1053,211,211, 39
1054,211,211, 39
1055,211,211, 39
1056,211,211, 39
1057,211,211, 39
1058,211,211, 39
1059,211,211, 39
1060,211,211, 39
1061,211,211, 39
1062,211,211, 39
1063,211,211, 39
1064,211,211, 39
1065,211,211, 39
1066,211,211, 39
1067,211,211, 39
1068,211,211, 39
1069,211,211, 39
1070,211,211, 39
1071,211,211, 39
1072,211,211, 39
1073,211,211, 39
1074,211,211, 39
1075,211,211, 39
1076,211,211, 39
1077,211,211, 39
1078,211,211, 39
1079,211,211, 39
1080,211,211, 39
1081,211,211, 39
1082,211,211, 39
1083,211,211, 39
1084,211,211, 39
1085,211,211, 39
1086,211,211, 39
1087,211,211, 39
1088,211,211, 39
1089,211,211, 39
1090,211,211, 39
1091,211,211, 39
1092,211,211, 39
1093,211,211, 39
1094,211,211, 39
1095,211,211, 39
1096,211,211, 39
1097,211,211, 39
1098,211,211, 39
1099,211,211, 39
1100,211,211, 39
1101,211,211, 39
1102,211,211, 39
1103,210,210, 40
1104,210,210, 40
1105,210,210, 40
1106,209,209, 41
1107,209,209, 41
1108,208,208, 42
1109,208,208, 42
1110,207,207, 43
1111,206,206, 44
1112,206,206, 44
1113,206,206, 44
1114,206,206, 44
1115,206,206, 44
1116,206,206, 44
1117,206,206, 44
1118,206,206, 44
1119,206,206, 44
1120,206,206, 44
1121,206,206, 44
1122,206,206, 44
1123,206,206, 44
1124,206,206, 44
1125,206,206, 44
1126,206,206, 44
1127,206,206, 44
1128,206,206, 44
1129,206,206, 44
1130,206,206, 44
1131,206,206, 44
1132,206,206, 44
1133,206,206, 44
1134,206,206, 44
1135,206,206, 44
1136,206,206, 44
1137,206,206, 44
1138,206,206, 44
1139,206,206, 44
1140,206,206, 44
1141,206,206, 44
1142,206,206, 44
1143,206,206, 44
1144,206,206, 44
1145,206,206, 44
1146,206,206, 44
1147,206,206, 44
1148,206,206, 44
1149,205,205, 45
1150,205,205, 45
1151,205,205, 45
1152,205,205, 45
1153,205,205, 45
1154,205,205, 45
1155,205,205, 45
1156,205,205, 45
1157,205,205, 45
1158,205,205, 45
1159,204,204, 46
1160,203,203, 47
1161,203,203, 47
1162,203,203, 47
1163,203,203, 47
1164,203,203, 47
1165,203,203, 47
1166,203,203, 47
1167,203,203, 47
1168,203,203, 47
1169,203,203, 47
1170,203,203, 47
1171,203,203, 47
1172,203,203, 47
1173,203,203, 47
1174,203,203, 47
1175,203,203, 47
1176,203,203, 47
1177,203,203, 47
1178,203,203, 47
1179,203,203, 47
1180,203,203, 47
1181,203,203, 47
1182,203,203, 47
1183,203,203, 47
1184,203,203, 47
1185,203,203, 47
1186,203,203, 47
1187,203,203, 47
1188,203,203, 47
1189,203,203, 47
1190,203,203, 47
1191,203,203, 47
1192,203,203, 47
1193,203,203, 47
1194,203,203, 47
1195,203,203, 47
1196,203,203, 47
1197,203,203, 47
1198,203,203, 47
1199,203,203, 47
1200,203,203, 47
1201,203,203, 47
1202,203,203, 47
1203,203,203, 47
1204,203,203, 47
1205,203,203, 47
1206,203,203, 47
1207,203,203, 47
1208,203,203, 47
1209,203,203, 47
1210,203,203, 47
1211,203,203, 47
1212,203,203, 47
1213,203,203, 47
1214,203,203, 47
1215,203,203, 47
1216,203,203, 47
1217,203,203, 47
1218,203,203, 47
1219,203,203, 47
1220,203,203, 47
1221,203,203, 47
1222,203,203, 47
1223,203,203, 47
1224,203,203, 47
1225,203,203, 47
1226,203,203, 47
1227,203,203, 47
1228,203,203, 47
1229,203,203, 47
1230,203,203, 47
1231,203,203, 47
1232,203,203, 47
1233,203,203, 47
1234,203,203, 47
1235,203,203, 47
1236,203,203, 47
1237,203,203, 47
1238,203,203, 47
1239,203,203, 47
1240,203,203, 47
1241,203,203, 47
1242,203,203, 47
1243,203,203, 47
1244,203,203, 47
1245,203,203, 47
1246,203,203, 47
1247,203,203, 47
1248,203,203, 47
1249,203,203, 47
1250,203,203, 47
1251,203,203, 47
1252,203,203, 47
1253,203,203, 47
1254,203,203, 47
1255,203,203, 47
1256,203,203, 47
1257,203,203, 47
1258,203,203, 47
1259,203,203, 47
1260,203,203, 47
1261,203,203, 47
1262,203,203, 47
1263,203,203, 47
1264,203,203, 47
1265,203,203, 47
1266,203,203, 47
1267,203,203, 47
1268,203,203, 47
1269,203,203, 47
1270,203,203, 47
1271,203,203, 47
1272,203,203, 47
1273,203,203, 47
1274,203,203, 47
1275,203,203, 47
1276,203,203, 47
1277,203,203, 47
1278,203,203, 47
1279,203,203, 47
1280,203,203, 47
1281,203,203, 47
1282,203,203, 47
1283,203,203, 47
1284,203,203, 47
1285,202,202, 48
1286,202,202, 48
1287,200,200, 50
1288,200,200, 50
1289,200,200, 50
1290,200,200, 50
1291,200,200, 50
1292,200,200, 50
1293,200,200, 50
1294,200,200, 50
1295,199,199, 51
1296,199,199, 51
1297,199,199, 51
1298,199,199, 51
1299,199,199, 51
1300,199,199, 51
1301,199,199, 51
1302,199,199, 51
1303,199,199, 51
1304,199,199, 51
1305,199,199, 51
1306,199,199, 51
1307,199,199, 51
1308,199,199, 51
1309,199,199, 51
1310,199,199, 51
1311,199,199, 51
1312,199,199, 51
1313,199,199, 51
1314,199,199, 51
1315,199,199, 51
1316,199,199, 51
1317,199,199, 51
1318,199,199, 51
1319,199,199, 51
1320,199,199, 51
1321,199,199, 51
1322,199,199, 51
1323,199,199, 51
1324,199,199, 51
1325,199,199, 51
1326,199,199, 51
1327,199,199, 51
1328,199,199, 51
1329,199,199, 51
1330,199,199, 51
1331,199,199, 51
1332,199,199, 51
1333,199,199, 51
1334,199,199, 51
1335,199,199, 51
1336,199,199, 51
1337,199,199, 51
1338,199,199, 51
1339,199,199, 51
1340,199,199, 51
1341,199,199, 51
1342,199,199, 51
1343,199,199, 51
1344,199,199, 51
1345,199,199, 51
1346,199,199, 51
1347,199,199, 51
1348,199,199, 51
1349,199,199, 51
1350,199,199, 51
1351,199,199, 51
1352,199,199, 51
1353,199,199, 51
1354,199,199, 51
1355,198,198, 52
1356,198,198, 52
1357,198,198, 52
1358,198,198, 52
1359,198,198, 52
1360,198,198, 52
1361,198,198, 52
1362,198,198, 52
1363,198,198, 52
1364,198,198, 52
1365,198,198, 52
1366,198,198, 52
1367,198,198, 52
1368,198,198, 52
1369,198,198, 52
1370,198,198, 52
1371,198,198, 52
1372,198,198, 52
1373,198,198, 52
1374,198,198, 52
1375,198,198, 52
1376,198,198, 52
1377,198,198, 52
1378,198,198, 52
1379,198,198, 52
1380,198,198, 52
1381,198,198, 52
1382,198,198, 52
1383,198,198, 52
1384,198,198, 52
1385,198,198, 52
1386,198,198, 52
1387,197,197, 53
1388,197,197, 53
1389,197,197, 53
1390,196,196, 54
1391,196,196, 54
1392,196,196, 54
1393,196,196, 54
1394,196,196, 54
1395,196,196, 54
1396,196,196, 54
1397,196,196, 54
1398,196,196, 54
1399,196,196, 54
1400,196,196, 54
1401,196,196, 54
1402,196,196, 54
1403,196,196, 54
1404,196,196, 54
1405,196,196, 54
1406,196,196, 54
1407,196,196, 54
1408,196,196, 54
1409,196,196, 54
1410,196,196, 54
1411,196,196, 54
1412,196,196, 54
1413,196,196, 54
1414,196,196, 54
1415,196,196, 54
1416,196,196, 54
1417,196,196, 54
1418,196,196, 54
1419,196,196, 54
1420,196,196, 54
1421,196,196, 54
1422,196,196, 54
1423,196,196, 54
1424,196,196, 54
1425,196,196, 54
1426,196,196, 54
1427,196,196, 54
1428,196,196, 54
1429,196,196, 54
1430,196,196, 54
1431,196,196, 54
1432,196,196, 54
1433,196,196, 54
1434,196,196, 54
1435,196,196, 54
1436,196,196, 54
1437,196,196, 54
1438,196,196, 54
1439,196,196, 54
1440,196,196, 54
1441,196,196, 54
1442,196,196, 54
1443,196,196, 54
1444,196,196, 54
1445,196,196, 54
1446,196,196, 54
1447,196,196, 54
1448,196,196, 54
1449,196,196, 54
1450,196,196, 54
1451,196,196, 54
1452,196,196, 54
1453,196,196, 54
1454,196,196, 54
1455,196,196, 54
1456,196,196, 54
1457,196,196, 54
1458,196,196, 54
1459,196,196, 54
1460,196,196, 54
1461,196,196, 54
1462,196,196, 54
1463,196,196, 54
1464,196,196, 54
1465,196,196, 54
1466,196,196, 54
1467,196,196, 54
1468,196,196, 54
1469,196,196, 54
1470,196,196, 54
1471,196,196, 54
1472,196,196, 54
1473,196,196, 54
1474,196,196, 54
1475,196,196, 54
1476,196,196, 54
1477,196,196, 54
1478,196,196, 54
1479,196,196, 54
1480,196,196, 54
1481,196,196, 54
1482,196,196, 54
1483,196,196, 54
1484,196,196, 54
1485,196,196, 54
1486,196,196, 54
1487,196,196, 54
1488,196,196, 54
1489,196,196, 54
1490,196,196, 54
1491,196,196, 54
1492,196,196, 54
1493,196,196, 54
1494,196,196, 54
1495,196,196, 54
1496,196,196, 54
1497,196,196, 54
1498,196,196, 54
1499,196,196, 54
