0,249,249, 1
1,248,248, 2
2,248,248, 2
3,248,248, 2
4,248,248, 2
5,248,248, 2
6,248,248, 2
7,248,248, 2
8,248,248, 2
9,248,248, 2
10,248,248, 2
11,248,248, 2
12,248,248, 2
13,248,248, 2
14,247,247, 3
15,247,247, 3
16,247,247, 3
17,247,247, 3
18,247,247, 3
19,247,247, 3
20,247,247, 3
21,247,247, 3
22,247,247, 3
23,247,247, 3
24,247,247, 3
25,247,247, 3
26,247,247, 3
27,246,246, 4
28,246,246, 4
29,246,246, 4
30,246,246, 4
31,246,246, 4
32,246,246, 4
33,246,246, 4
34,246,246, 4
35,245,245, 5
36,244,244, 6
37,243,243, 7
38,243,243, 7
39,243,243, 7
40,243,243, 7
41,243,243, 7
42,243,243, 7
43,243,243, 7
44,243,243, 7
45,243,243, 7
46,243,243, 7
47,243,243, 7
48,243,243, 7
49,243,243, 7
50,243,243, 7
51,243,243, 7
52,243,243, 7
53,243,243, 7
54,243,243, 7
55,243,243, 7
56,243,243, 7
57,243,243, 7
58,243,243, 7
59,243,243, 7
60,243,243, 7
61,243,243, 7
62,243,243, 7
63,243,243, 7
64,243,243, 7
65,243,243, 7
66,243,243, 7
67,243,243, 7
68,243,243, 7
69,243,243, 7
70,243,243, 7
71,243,243, 7
72,243,243, 7
73,243,243, 7
74,243,243, 7
75,242,242, 8
76,242,242, 8
77,242,242, 8
78,242,242, 8
79,242,242, 8
80,242,242, 8
81,242,242, 8
82,242,242, 8
83,242,242, 8
84,242,242, 8
85,242,242, 8
86,241,241, 9
87,241,241, 9
88,241,241, 9
89,241,241, 9
90,241,241, 9
91,241,241, 9
92,241,241, 9
93,241,241, 9
94,241,241, 9
95,241,241, 9
96,241,241, 9
97,241,241, 9
98,241,241, 9
99,241,241, 9
100,241,241, 9
101,241,241, 9
102,241,241, 9
103,241,241, 9
104,241,241, 9
105,241,241, 9
106,241,241, 9
107,241,241, 9
108,241,241, 9
109,241,241, 9
110,241,241, 9
111,241,241, 9
112,241,241, 9
113,241,241, 9
114,241,241, 9
115,241,241, 9
116,241,241, 9
117,241,241, 9
118,241,241, 9
119,241,241, 9
120,241,241, 9
121,241,241, 9
122,240,240, 10
123,240,240, 10
124,240,240, 10
125,240,240, 10
126,240,240, 10
127,240,240, 10
128,239,239, 11
129,239,239, 11
130,239,239, 11
131,239,239, 11
132,239,239, 11
133,239,239, 11
134,239,239, 11
135,239,239, 11
136,239,239, 11
137,239,239, 11
138,239,239, 11
139,239,239, 11
140,239,239, 11
141,239,239, 11
142,239,239, 11
143,239,239, 11
144,239,239, 11
145,239,239, 11
146,239,239, 11
147,239,239, 11
148,239,239, 11
149,239,239, 11
150,239,239, 11
151,239,239, 11
152,239,239, 11
153,239,239, 11
154,238,238, 12
155,238,238, 12
156,238,238, 12
157,238,238, 12
158,238,238, 12
159,238,238, 12
160,238,238, 12
161,238,238, 12
162,238,238, 12
163,238,238, 12
164,237,237, 13
165,237,237, 13
166,237,237, 13
167,237,237, 13
168,237,237, 13
169,237,237, 13
170,237,237, 13
171,237,237, 13
172,237,237, 13
173,237,237, 13
174,237,237, 13
175,237,237, 13
176,237,237, 13
177,237,237, 13
178,237,237, 13
179,237,237, 13
180,237,237, 13
181,237,237, 13
182,237,237, 13
183,236,236, 14
184,236,236, 14
185,235,235, 15
186,235,235, 15
187,235,235, 15
188,235,235, 15
189,235,235, 15
190,235,235, 15
191,235,235, 15
192,235,235, 15
193,235,235, 15
194,235,235, 15
195,235,235, 15
196,235,235, 15
197,235,235, 15
198,235,235, 15
199,235,235, 15
200,235,235, 15
201,235,235, 15
202,235,235, 15
203,235,235, 15
204,235,235, 15
205,235,235, 15
206,235,235, 15
207,235,235, 15
208,235,235, 15
209,235,235, 15
210,235,235, 15
211,235,235, 15
212,235,235, 15
213,235,235, 15
214,235,235, 15
215,235,235, 15
216,235,235, 15
217,235,235, 15
218,235,235, 15
219,235,235, 15
220,235,235, 15
221,235,235, 15
222,235,235, 15
223,235,235, 15
224,235,235, 15
225,233,233, 17
226,233,233, 17
227,233,233, 17
228,233,233, 17
229,233,233, 17
230,233,233, 17
231,233,233, 17
232,233,233, 17
233,233,233, 17
234,233,233, 17
235,233,233, 17
236,233,233, 17
237,233,233, 17
238,233,233, 17
239,233,233, 17
240,233,233, 17
241,233,233, 17
242,233,233, 17
243,233,233, 17
244,233,233, 17
245,233,233, 17
246,233,233, 17
247,233,233, 17
248,233,233, 17
249,233,233, 17
250,233,233, 17
251,233,233, 17
252,233,233, 17
253,233,233, 17
254,233,233, 17
255,233,233, 17
256,233,233, 17
257,233,233, 17
258,233,233, 17
259,233,233, 17
260,233,233, 17
261,233,233, 17
262,233,233, 17
263,233,233, 17
264,233,233, 17
265,233,233, 17
266,233,233, 17
267,233,233, 17
268,233,233, 17
269,233,233, 17
270,233,233, 17
271,233,233, 17
272,233,233, 17
273,233,233, 17
274,233,233, 17
275,233,233, 17
276,233,233, 17
277,233,233, 17
278,233,233, 17
279,233,233, 17
280,233,233, 17
281,233,233, 17
282,233,233, 17
283,233,233, 17
284,233,233, 17
285,233,233, 17
286,233,233, 17
287,233,233, 17
288,233,233, 17
289,233,233, 17
290,233,233, 17
291,233,233, 17
292,233,233, 17
293,233,233, 17
294,233,233, 17
295,233,233, 17
296,233,233, 17
297,233,233, 17
298,233,233, 17
299,233,233, 17
300,233,233, 17
301,233,233, 17
302,233,233, 17
303,233,233, 17
304,233,233, 17
305,233,233, 17
306,233,233, 17
307,233,233, 17
308,233,233, 17
309,233,233, 17
310,233,233, 17
311,233,233, 17
312,233,233, 17
313,233,233, 17
314,233,233, 17
315,233,233, 17
316,233,233, 17
317,233,233, 17
318,233,233, 17
319,233,233, 17
320,233,233, 17
321,233,233, 17
322,233,233, 17
323,233,233, 17
324,233,233, 17
325,233,233, 17
326,233,233, 17
327,233,233, 17
328,233,233, 17
329,233,233, 17
330,233,233, 17
331,233,233, 17
332,233,233, 17
333,233,233, 17
334,233,233, 17
335,233,233, 17
336,233,233, 17
337,233,233, 17
338,233,233, 17
339,233,233, 17
340,233,233, 17
341,233,233, 17
342,233,233, 17
343,233,233, 17
344,233,233, 17
345,233,233, 17
346,233,233, 17
347,233,233, 17
348,233,233, 17
349,233,233, 17
350,233,233, 17
351,233,233, 17
352,233,233, 17
353,233,233, 17
354,233,233, 17
355,233,233, 17
356,233,233, 17
357,233,233, 17
358,233,233, 17
359,233,233, 17
360,233,233, 17
361,232,232, 18
362,232,232, 18
363,232,232, 18
364,232,232, 18
365,232,232, 18
366,232,232, 18
367,232,232, 18
368,232,232, 18
369,232,232, 18
370,232,232, 18
371,232,232, 18
372,232,232, 18
373,232,232, 18
374,232,232, 18
375,232,232, 18
376,231,231, 19
377,231,231, 19
378,231,231, 19
379,230,230, 20
380,230,230, 20
381,230,230, 20
382,230,230, 20
383,230,230, 20
384,230,230, 20
385,230,230, 20
386,230,230, 20
387,230,230, 20
388,230,230, 20
389,230,230, 20
390,230,230, 20
391,230,230, 20
392,230,230, 20
393,230,230, 20
394,230,230, 20
395,230,230, 20
396,230,230, 20
397,230,230, 20
398,230,230, 20
399,230,230, 20
400,230,230, 20
401,230,230, 20
402,230,230, 20
403,230,230, 20
404,230,230, 20
405,230,230, 20
406,230,230, 20
407,230,230, 20
408,230,230, 20
409,230,230, 20
410,230,230, 20
411,230,230, 20
412,230,230, 20
413,230,230, 20
414,230,230, 20
415,230,230, 20
416,230,230, 20
417,230,230, 20
418,230,230, 20
419,230,230, 20
420,230,230, 20
421,230,230, 20
422,230,230, 20
423,230,230, 20
424,230,230, 20
425,230,230, 20
426,230,230, 20
427,230,230, 20
428,230,230, 20
429,230,230, 20
430,230,230, 20
431,230,230, 20
432,230,230, 20
433,230,230, 20
434,230,230, 20
435,230,230, 20
436,230,230, 20
437,230,230, 20
438,230,230, 20
439,230,230, 20
440,230,230, 20
441,230,230, 20
442,230,230, 20
443,230,230, 20
444,230,230, 20
445,230,230, 20
446,230,230, 20
447,230,230, 20
448,230,230, 20
449,230,230, 20
450,230,230, 20
451,230,230, 20
452,230,230, 20
453,230,230, 20
454,230,230, 20
455,230,230, 20
456,230,230, 20
457,230,230, 20
458,230,230, 20
459,230,230, 20
460,230,230, 20
461,230,230, 20
462,230,230, 20
463,230,230, 20
464,230,230, 20
465,230,230, 20
466,230,230, 20
467,230,230, 20
468,230,230, 20
469,230,230, 20
470,230,230, 20
471,230,230, 20
472,230,230, 20
473,230,230, 20
474,230,230, 20
475,230,230, 20
476,230,230, 20
477,230,230, 20
478,230,230, 20
479,230,230, 20
480,230,230, 20
481,230,230, 20
482,229,229, 21
483,229,229, 21
484,229,229, 21
485,229,229, 21
486,229,229, 21
487,229,229, 21
488,229,229, 21
489,229,229, 21
490,229,229, 21
491,229,229, 21
492,229,229, 21
493,229,229, 21
494,229,229, 21
495,229,229, 21
496,229,229, 21
497,229,229, 21
498,229,229, 21
499,229,229, 21
500,229,229, 21
501,229,229, 21
502,229,229, 21
503,229,229, 21
504,229,229, 21
505,229,229, 21
506,229,229, 21
507,229,229, 21
508,229,229, 21
509,229,229, 21
510,229,229, 21
511,229,229, 21
512,229,229, 21
513,229,229, 21
514,229,229, 21
515,229,229, 21
516,229,229, 21
517,229,229, 21
518,229,229, 21
519,229,229, 21
520,229,229, 21
521,229,229, 21
522,229,229, 21
523,229,229, 21
524,229,229, 21
525,229,229, 21
526,229,229, 21
527,229,229, 21
528,229,229, 21
529,229,229, 21
530,229,229, 21
531,229,229, 21
532,229,229, 21
533,229,229, 21
534,229,229, 21
535,229,229, 21
536,229,229, 21
537,229,229, 21
538,229,229, 21
539,229,229, 21
540,229,229, 21
541,229,229, 21
542,229,229, 21
543,229,229, 21
544,229,229, 21
545,229,229, 21
546,229,229, 21
547,229,229, 21
548,229,229, 21
549,229,229, 21
550,229,229, 21
551,229,229, 21
552,229,229, 21
553,229,229, 21
554,229,229, 21
555,229,229, 21
556,229,229, 21
557,229,229, 21
558,229,229, 21
559,229,229, 21
560,229,229, 21
561,229,229, 21
562,229,229, 21
563,229,229, 21
564,229,229, 21
565,229,229, 21
566,229,229, 21
567,229,229, 21
568,229,229, 21
569,229,229, 21
570,229,229, 21
571,229,229, 21
572,229,229, 21
573,229,229, 21
574,229,229, 21
575,229,229, 21
576,229,229, 21
577,229,229, 21
578,229,229, 21
579,229,229, 21
580,229,229, 21
581,229,229, 21
582,229,229, 21
583,229,229, 21
584,229,229, 21
585,229,229, 21
586,229,229, 21
587,229,229, 21
588,229,229, 21
589,229,229, 21
590,229,229, 21
591,229,229, 21
592,229,229, 21
593,229,229, 21
594,229,229, 21
595,229,229, 21
596,229,229, 21
597,229,229, 21
598,229,229, 21
599,229,229, 21
600,229,229, 21
601,229,229, 21
602,229,229, 21
603,229,229, 21
604,229,229, 21
605,229,229, 21
606,229,229, 21
607,229,229, 21
608,229,229, 21
609,229,229, 21
610,229,229, 21
611,229,229, 21
612,229,229, 21
613,229,229, 21
614,229,229, 21
615,229,229, 21
616,229,229, 21
617,229,229, 21
618,229,229, 21
619,229,229, 21
620,229,229, 21
621,229,229, 21
622,229,229, 21
623,229,229, 21
624,229,229, 21
625,229,229, 21
626,229,229, 21
627,229,229, 21
628,229,229, 21
629,229,229, 21
630,229,229, 21
631,229,229, 21
632,229,229, 21
633,229,229, 21
634,229,229, 21
635,229,229, 21
636,229,229, 21
637,229,229, 21
638,229,229, 21
639,229,229, 21
640,229,229, 21
641,229,229, 21
642,229,229, 21
643,229,229, 21
644,229,229, 21
645,229,229, 21
646,229,229, 21
647,229,229, 21
648,229,229, 21
649,229,229, 21
650,229,229, 21
651,229,229, 21
652,229,229, 21
653,229,229, 21
654,229,229, 21
655,229,229, 21
656,229,229, 21
657,229,229, 21
658,228,228, 22
659,228,228, 22
660,228,228, 22
661,228,228, 22
662,228,228, 22
663,228,228, 22
664,228,228, 22
665,228,228, 22
666,228,228, 22
667,228,228, 22
668,228,228, 22
669,228,228, 22
670,228,228, 22
671,228,228, 22
672,228,228, 22
673,228,228, 22
674,228,228, 22
675,227,227, 23
676,227,227, 23
677,227,227, 23
678,227,227, 23
679,227,227, 23
680,227,227, 23
681,227,227, 23
682,227,227, 23
683,227,227, 23
684,227,227, 23
685,227,227, 23
686,227,227, 23
687,227,227, 23
688,227,227, 23
689,227,227, 23
690,227,227, 23
691,227,227, 23
692,227,227, 23
693,227,227, 23
694,227,227, 23
695,227,227, 23
696,227,227, 23
697,227,227, 23
698,227,227, 23
699,227,227, 23
700,227,227, 23
701,227,227, 23
702,227,227, 23
703,227,227, 23
704,227,227, 23
705,227,227, 23
706,227,227, 23
707,227,227, 23
708,227,227, 23
709,227,227, 23
710,227,227, 23
711,227,227, 23
712,227,227, 23
713,227,227, 23
714,227,227, 23
715,227,227, 23
716,227,227, 23
717,227,227, 23
718,227,227, 23
719,227,227, 23
720,227,227, 23
721,227,227, 23
722,227,227, 23
723,227,227, 23
724,227,227, 23
725,227,227, 23
726,227,227, 23
727,227,227, 23
728,227,227, 23
729,227,227, 23
730,227,227, 23
731,227,227, 23
732,227,227, 23
733,227,227, 23
734,227,227, 23
735,227,227, 23
736,227,227, 23
737,227,227, 23
738,227,227, 23
739,227,227, 23
740,227,227, 23
741,227,227, 23
742,227,227, 23
743,227,227, 23
744,227,227, 23
745,227,227, 23
746,227,227, 23
747,227,227, 23
748,227,227, 23
749,227,227, 23
750,227,227, 23
751,227,227, 23
752,227,227, 23
753,227,227, 23
754,227,227, 23
755,227,227, 23
756,227,227, 23
757,227,227, 23
758,227,227, 23
759,227,227, 23
760,227,227, 23
761,227,227, 23
762,227,227, 23
763,227,227, 23
764,227,227, 23
765,227,227, 23
766,227,227, 23
767,227,227, 23
768,227,227, 23
769,227,227, 23
770,227,227, 23
771,227,227, 23
772,227,227, 23
773,227,227, 23
774,227,227, 23
775,227,227, 23
776,227,227, 23
777,227,227, 23
778,227,227, 23
779,227,227, 23
780,227,227, 23
781,227,227, 23
782,227,227, 23
783,227,227, 23
784,227,227, 23
785,227,227, 23
786,227,227, 23
787,227,227, 23
788,227,227, 23
789,227,227, 23
790,227,227, 23
791,227,227, 23
792,227,227, 23
793,227,227, 23
794,227,227, 23
795,227,227, 23
796,227,227, 23
797,227,227, 23
798,227,227, 23
799,227,227, 23
800,227,227, 23
801,227,227, 23
802,227,227, 23
803,227,227, 23
804,227,227, 23
805,227,227, 23
806,227,227, 23
807,227,227, 23
808,227,227, 23
809,227,227, 23
810,227,227, 23
811,227,227, 23
812,227,227, 23
813,227,227, 23
814,227,227, 23
815,227,227, 23
816,227,227, 23
817,227,227, 23
818,227,227, 23
819,227,227, 23
820,227,227, 23
821,227,227, 23
822,227,227, 23
823,227,227, 23
824,227,227, 23
825,227,227, 23
826,227,227, 23
827,227,227, 23
828,227,227, 23
829,227,227, 23
830,227,227, 23
831,227,227, 23
832,227,227, 23
833,227,227, 23
834,227,227, 23
835,227,227, 23
836,227,227, 23
837,227,227, 23
838,227,227, 23
839,227,227, 23
840,227,227, 23
841,227,227, 23
842,227,227, 23
843,227,227, 23
844,227,227, 23
845,227,227, 23
846,227,227, 23
847,227,227, 23
848,227,227, 23
849,227,227, 23
850,227,227, 23
851,227,227, 23
852,227,227, 23
853,227,227, 23
854,227,227, 23
855,227,227, 23
856,227,227, 23
857,227,227, 23
858,227,227, 23
859,227,227, 23
860,227,227, 23
861,227,227, 23
862,227,227, 23
863,227,227, 23
864,227,227, 23
865,227,227, 23
866,227,227, 23
867,227,227, 23
868,227,227, 23
869,227,227, 23
870,227,227, 23
871,227,227, 23
872,227,227, 23
873,227,227, 23
874,227,227, 23
875,227,227, 23
876,227,227, 23
877,227,227, 23
878,227,227, 23
879,227,227, 23
880,227,227, 23
881,227,227, 23
882,227,227, 23
883,227,227, 23
884,226,226, 24
885,226,226, 24
886,226,226, 24
887,226,226, 24
888,226,226, 24
889,226,226, 24
890,226,226, 24
891,226,226, 24
892,226,226, 24
893,226,226, 24
894,226,226, 24
895,226,226, 24
896,226,226, 24
897,226,226, 24
898,226,226, 24
899,226,226, 24
900,226,226, 24
901,226,226, 24
902,226,226, 24
903,226,226, 24
904,226,226, 24
905,226,226, 24
906,226,226, 24
907,226,226, 24
908,226,226, 24
909,226,226, 24
910,226,226, 24
911,226,226, 24
912,226,226, 24
913,226,226, 24
914,226,226, 24
915,226,226, 24
916,226,226, 24
917,226,226, 24
918,226,226, 24
919,226,226, 24
920,226,226, 24
921,226,226, 24
922,226,226, 24
923,226,226, 24
924,226,226, 24
925,226,226, 24
926,226,226, 24
927,226,226, 24
928,226,226, 24
929,226,226, 24
930,226,226, 24
931,226,226, 24
932,226,226, 24
933,226,226, 24
934,226,226, 24
935,225,225, 25
936,225,225, 25
937,225,225, 25
938,225,225, 25
939,225,225, 25
940,225,225, 25
941,225,225, 25
942,225,225, 25
943,225,225, 25
944,225,225, 25
945,225,225, 25
946,225,225, 25
947,225,225, 25
948,225,225, 25
949,225,225, 25
950,225,225, 25
951,225,225, 25
952,225,225, 25
953,225,225, 25
954,225,225, 25
955,225,225, 25
956,225,225, 25
957,225,225, 25
958,225,225, 25
959,225,225, 25
960,225,225, 25
961,225,225, 25
962,225,225, 25
963,225,225, 25
964,225,225, 25
965,225,225, 25
966,225,225, 25
967,225,225, 25
968,225,225, 25
969,225,225, 25
970,225,225, 25
971,225,225, 25
972,225,225, 25
973,225,225, 25
974,225,225, 25
975,225,225, 25
976,225,225, 25
977,225,225, 25
978,225,225, 25
979,225,225, 25
980,225,225, 25
981,225,225, 25
982,225,225, 25
983,225,225, 25
984,225,225, 25
985,225,225, 25
986,225,225, 25
987,225,225, 25
988,225,225, 25
989,225,225, 25
990,225,225, 25
991,225,225, 25
992,225,225, 25
993,225,225, 25
994,225,225, 25
995,225,225, 25
996,225,225, 25
997,225,225, 25
998,225,225, 25
999,225,225, 25
1000,225,225, 25
1001,225,225, 25
1002,225,225, 25
1003,225,225, 25
1004,225,225, 25
1005,225,225, 25
1006,225,225, 25
1007,225,225, 25
1008,225,225, 25
1009,225,225, 25
1010,225,225, 25
1011,225,225, 25
1012,225,225, 25
1013,225,225, 25
1014,225,225, 25
1015,225,225, 25
1016,225,225, 25
1017,225,225, 25
1018,225,225, 25
1019,225,225, 25
1020,225,225, 25
1021,225,225, 25
1022,225,225, 25
1023,225,225, 25
1024,225,225, 25
1025,225,225, 25
1026,225,225, 25
1027,225,225, 25
1028,225,225, 25
1029,225,225, 25
1030,225,225, 25
1031,225,225, 25
1032,225,225, 25
1033,225,225, 25
1034,225,225, 25
1035,225,225, 25
1036,225,225, 25
1037,225,225, 25
1038,225,225, 25
1039,225,225, 25
1040,225,225, 25
1041,225,225, 25
1042,225,225, 25
1043,225,225, 25
1044,225,225, 25
1045,225,225, 25
1046,225,225, 25
1047,225,225, 25
1048,225,225, 25
1049,225,225, 25
1050,225,225, 25
1051,225,225, 25
1052,225,225, 25
1053,225,225, 25
1054,225,225, 25
1055,225,225, 25
1056,225,225, 25
1057,225,225, 25
1058,225,225, 25
1059,225,225, 25
1060,225,225, 25
1061,225,225, 25
1062,225,225, 25
1063,225,225, 25
1064,225,225, 25
1065,225,225, 25
1066,225,225, 25
1067,225,225, 25
1068,225,225, 25
1069,225,225, 25
1070,225,225, 25
1071,225,225, 25
1072,225,225, 25
1073,225,225, 25
1074,225,225, 25
1075,225,225, 25
1076,225,225, 25
1077,225,225, 25
1078,225,225, 25
1079,225,225, 25
1080,225,225, 25
1081,225,225, 25
1082,225,225, 25
1083,225,225, 25
1084,225,225, 25
1085,225,225, 25
1086,225,225, 25
1087,225,225, 25
1088,225,225, 25
1089,225,225, 25
1090,225,225, 25
1091,225,225, 25
1092,225,225, 25
1093,225,225, 25
1094,225,225, 25
1095,225,225, 25
1096,225,225, 25
1097,225,225, 25
1098,225,225, 25
1099,225,225, 25
1100,225,225, 25
1101,225,225, 25
1102,225,225, 25
1103,225,225, 25
1104,225,225, 25
1105,225,225, 25
1106,225,225, 25
1107,225,225, 25
1108,225,225, 25
1109,225,225, 25
1110,225,225, 25
1111,225,225, 25
1112,225,225, 25
1113,225,225, 25
1114,225,225, 25
1115,225,225, 25
1116,225,225, 25
1117,225,225, 25
1118,225,225, 25
1119,225,225, 25
1120,225,225, 25
1121,225,225, 25
1122,225,225, 25
1123,225,225, 25
1124,225,225, 25
1125,225,225, 25
1126,225,225, 25
1127,225,225, 25
1128,225,225, 25
1129,225,225, 25
1130,225,225, 25
1131,225,225, 25
1132,225,225, 25
1133,225,225, 25
1134,225,225, 25
1135,225,225, 25
1136,225,225, 25
1137,225,225, 25
1138,225,225, 25
1139,225,225, 25
1140,225,225, 25
1141,225,225, 25
1142,225,225, 25
1143,225,225, 25
1144,225,225, 25
1145,225,225, 25
1146,225,225, 25
1147,225,225, 25
1148,225,225, 25
1149,225,225, 25
1150,225,225, 25
1151,225,225, 25
1152,225,225, 25
1153,225,225, 25
1154,225,225, 25
1155,225,225, 25
1156,225,225, 25
1157,225,225, 25
1158,225,225, 25
1159,225,225, 25
1160,225,225, 25
1161,225,225, 25
1162,225,225, 25
1163,225,225, 25
1164,225,225, 25
1165,225,225, 25
1166,225,225, 25
1167,225,225, 25
1168,225,225, 25
1169,225,225, 25
1170,225,225, 25
1171,225,225, 25
1172,225,225, 25
1173,225,225, 25
1174,225,225, 25
1175,225,225, 25
1176,225,225, 25
1177,225,225, 25
1178,225,225, 25
1179,225,225, 25
1180,225,225, 25
1181,225,225, 25
1182,225,225, 25
1183,225,225, 25
1184,225,225, 25
1185,225,225, 25
1186,225,225, 25
1187,225,225, 25
1188,225,225, 25
1189,225,225, 25
1190,225,225, 25
1191,225,225, 25
1192,225,225, 25
1193,225,225, 25
1194,225,225, 25
1195,225,225, 25
1196,225,225, 25
1197,225,225, 25
1198,225,225, 25
1199,225,225, 25
1200,225,225, 25
1201,225,225, 25
1202,225,225, 25
1203,225,225, 25
1204,225,225, 25
1205,225,225, 25
1206,225,225, 25
1207,225,225, 25
1208,225,225, 25
1209,225,225, 25
1210,225,225, 25
1211,225,225, 25
1212,225,225, 25
1213,225,225, 25
1214,225,225, 25
1215,225,225, 25
1216,225,225, 25
1217,225,225, 25
1218,225,225, 25
1219,225,225, 25
1220,225,225, 25
1221,225,225, 25
1222,225,225, 25
1223,225,225, 25
1224,225,225, 25
1225,225,225, 25
1226,225,225, 25
1227,225,225, 25
1228,225,225, 25
1229,225,225, 25
1230,225,225, 25
1231,225,225, 25
1232,225,225, 25
1233,225,225, 25
1234,225,225, 25
1235,225,225, 25
1236,225,225, 25
1237,225,225, 25
1238,225,225, 25
1239,225,225, 25
1240,225,225, 25
1241,225,225, 25
1242,225,225, 25
1243,225,225, 25
1244,225,225, 25
1245,225,225, 25
1246,225,225, 25
1247,225,225, 25
1248,225,225, 25
1249,225,225, 25
1250,225,225, 25
1251,225,225, 25
1252,225,225, 25
1253,225,225, 25
1254,225,225, 25
1255,225,225, 25
1256,225,225, 25
1257,225,225, 25
1258,225,225, 25
1259,225,225, 25
1260,225,225, 25
1261,225,225, 25
1262,225,225, 25
1263,225,225, 25
1264,225,225, 25
1265,225,225, 25
1266,225,225, 25
1267,225,225, 25
1268,225,225, 25
1269,225,225, 25
1270,225,225, 25
1271,225,225, 25
1272,225,225, 25
1273,225,225, 25
1274,225,225, 25
1275,225,225, 25
1276,225,225, 25
1277,225,225, 25
1278,225,225, 25
1279,225,225, 25
1280,225,225, 25
1281,225,225, 25
1282,225,225, 25
1283,225,225, 25
1284,225,225, 25
1285,225,225, 25
1286,225,225, 25
1287,225,225, 25
1288,225,225, 25
1289,225,225, 25
1290,225,225, 25
1291,225,225, 25
1292,225,225, 25
1293,225,225, 25
1294,225,225, 25
1295,225,225, 25
1296,225,225, 25
1297,225,225, 25
1298,225,225, 25
1299,225,225, 25
1300,225,225, 25
1301,225,225, 25
1302,225,225, 25
1303,224,224, 26
1304,224,224, 26
1305,224,224, 26
1306,224,224, 26
1307,224,224, 26
1308,224,224, 26
1309,224,224, 26
1310,224,224, 26
1311,224,224, 26
1312,224,224, 26
1313,224,224, 26
1314,224,224, 26
1315,224,224, 26
1316,224,224, 26
1317,224,224, 26
1318,224,224, 26
1319,224,224, 26
1320,224,224, 26
1321,224,224, 26
1322,224,224, 26
1323,224,224, 26
1324,224,224, 26
1325,224,224, 26
1326,224,224, 26
1327,224,224, 26
1328,224,224, 26
1329,224,224, 26
1330,224,224, 26
1331,224,224, 26
1332,224,224, 26
1333,224,224, 26
1334,224,224, 26
1335,224,224, 26
1336,224,224, 26
1337,224,224, 26
1338,224,224, 26
1339,224,224, 26
1340,224,224, 26
1341,224,224, 26
1342,224,224, 26
1343,224,224, 26
1344,224,224, 26
1345,224,224, 26
1346,224,224, 26
1347,224,224, 26
1348,224,224, 26
1349,224,224, 26
1350,224,224, 26
1351,224,224, 26
1352,224,224, 26
1353,224,224, 26
1354,224,224, 26
1355,224,224, 26
1356,224,224, 26
1357,224,224, 26
1358,224,224, 26
1359,224,224, 26
1360,224,224, 26
1361,224,224, 26
1362,224,224, 26
1363,224,224, 26
1364,224,224, 26
1365,224,224, 26
1366,224,224, 26
1367,224,224, 26
1368,224,224, 26
1369,224,224, 26
1370,224,224, 26
1371,224,224, 26
1372,224,224, 26
1373,224,224, 26
1374,224,224, 26
1375,224,224, 26
1376,224,224, 26
1377,224,224, 26
1378,224,224, 26
1379,224,224, 26
1380,224,224, 26
1381,224,224, 26
1382,224,224, 26
1383,224,224, 26
1384,224,224, 26
1385,224,224, 26
1386,224,224, 26
1387,224,224, 26
1388,224,224, 26
1389,224,224, 26
1390,224,224, 26
1391,224,224, 26
1392,224,224, 26
1393,224,224, 26
1394,224,224, 26
1395,224,224, 26
1396,224,224, 26
1397,224,224, 26
1398,224,224, 26
1399,224,224, 26
1400,224,224, 26
1401,224,224, 26
1402,224,224, 26
1403,224,224, 26
1404,224,224, 26
1405,224,224, 26
1406,224,224, 26
1407,224,224, 26
1408,224,224, 26
1409,224,224, 26
1410,224,224, 26
1411,224,224, 26
1412,224,224, 26
1413,224,224, 26
1414,224,224, 26
1415,224,224, 26
1416,223,223, 27
1417,223,223, 27
1418,223,223, 27
1419,223,223, 27
1420,223,223, 27
1421,223,223, 27
1422,223,223, 27
1423,223,223, 27
1424,223,223, 27
1425,223,223, 27
1426,223,223, 27
1427,223,223, 27
1428,223,223, 27
1429,223,223, 27
1430,223,223, 27
1431,223,223, 27
1432,223,223, 27
1433,223,223, 27
1434,223,223, 27
1435,223,223, 27
1436,223,223, 27
1437,223,223, 27
1438,223,223, 27
1439,223,223, 27
1440,223,223, 27
1441,223,223, 27
1442,223,223, 27
1443,223,223, 27
1444,223,223, 27
1445,223,223, 27
1446,223,223, 27
1447,223,223, 27
1448,223,223, 27
1449,223,223, 27
1450,223,223, 27
1451,223,223, 27
1452,223,223, 27
1453,223,223, 27
1454,223,223, 27
1455,223,223, 27
1456,223,223, 27
1457,223,223, 27
1458,223,223, 27
1459,223,223, 27
1460,223,223, 27
1461,223,223, 27
1462,223,223, 27
1463,223,223, 27
1464,223,223, 27
1465,223,223, 27
1466,223,223, 27
1467,223,223, 27
1468,223,223, 27
1469,223,223, 27
1470,223,223, 27
1471,223,223, 27
1472,223,223, 27
1473,223,223, 27
1474,223,223, 27
1475,223,223, 27
1476,223,223, 27
1477,223,223, 27
1478,223,223, 27
1479,223,223, 27
1480,223,223, 27
1481,223,223, 27
1482,223,223, 27
1483,223,223, 27
1484,223,223, 27
1485,223,223, 27
1486,223,223, 27
1487,223,223, 27
1488,223,223, 27
1489,223,223, 27
1490,223,223, 27
1491,223,223, 27
1492,223,223, 27
1493,223,223, 27
1494,223,223, 27
1495,223,223, 27
1496,223,223, 27
1497,223,223, 27
1498,223,223, 27
1499,223,223, 27
