0,250,250, 0
1,250,250, 0
2,250,250, 0
3,250,250, 0
4,250,250, 0
5,250,250, 0
6,249,249, 1
7,248,248, 2
8,248,248, 2
9,248,248, 2
10,248,248, 2
11,248,248, 2
12,248,248, 2
13,248,248, 2
14,248,248, 2
15,248,248, 2
16,248,248, 2
17,248,248, 2
18,248,248, 2
19,248,248, 2
20,248,248, 2
21,248,248, 2
22,248,248, 2
23,248,248, 2
24,248,248, 2
25,248,248, 2
26,247,247, 3
27,247,247, 3
28,247,247, 3
29,247,247, 3
30,247,247, 3
31,247,247, 3
32,247,247, 3
33,247,247, 3
34,247,247, 3
35,247,247, 3
36,247,247, 3
37,247,247, 3
38,247,247, 3
39,247,247, 3
40,247,247, 3
41,247,247, 3
42,247,247, 3
43,247,247, 3
44,247,247, 3
45,247,247, 3
46,247,247, 3
47,247,247, 3
48,247,247, 3
49,247,247, 3
50,247,247, 3
51,247,247, 3
52,247,247, 3
53,247,247, 3
54,247,247, 3
55,247,247, 3
56,247,247, 3
57,247,247, 3
58,247,247, 3
59,247,247, 3
60,247,247, 3
61,247,247, 3
62,247,247, 3
63,247,247, 3
64,247,247, 3
65,247,247, 3
66,247,247, 3
67,247,247, 3
68,247,247, 3
69,247,247, 3
70,247,247, 3
71,247,247, 3
72,247,247, 3
73,247,247, 3
74,247,247, 3
75,247,247, 3
76,247,247, 3
77,247,247, 3
78,247,247, 3
79,247,247, 3
80,247,247, 3
81,247,247, 3
82,247,247, 3
83,247,247, 3
84,247,247, 3
85,246,246, 4
86,246,246, 4
87,246,246, 4
88,246,246, 4
89,246,246, 4
90,246,246, 4
91,246,246, 4
92,246,246, 4
93,246,246, 4
94,246,246, 4
95,246,246, 4
96,246,246, 4
97,245,245, 5
98,245,245, 5
99,245,245, 5
100,245,245, 5
101,245,245, 5
102,245,245, 5
103,245,245, 5
104,245,245, 5
105,245,245, 5
106,245,245, 5
107,245,245, 5
108,245,245, 5
109,244,244, 6
110,244,244, 6
111,244,244, 6
112,244,244, 6
113,244,244, 6
114,244,244, 6
115,244,244, 6
116,244,244, 6
117,243,243, 7
118,243,243, 7
119,243,243, 7
120,243,243, 7
121,242,242, 8
122,242,242, 8
123,242,242, 8
124,242,242, 8
125,242,242, 8
126,242,242, 8
127,242,242, 8
128,242,242, 8
129,242,242, 8
130,242,242, 8
131,242,242, 8
132,241,241, 9
133,241,241, 9
134,241,241, 9
135,241,241, 9
136,241,241, 9
137,241,241, 9
138,241,241, 9
139,241,241, 9
140,241,241, 9
141,241,241, 9
142,241,241, 9
143,241,241, 9
144,241,241, 9
145,241,241, 9
146,241,241, 9
147,241,241, 9
148,241,241, 9
149,241,241, 9
150,241,241, 9
151,241,241, 9
152,241,241, 9
153,241,241, 9
154,241,241, 9
155,241,241, 9
156,241,241, 9
157,241,241, 9
158,241,241, 9
159,241,241, 9
160,241,241, 9
161,241,241, 9
162,241,241, 9
163,241,241, 9
164,241,241, 9
165,241,241, 9
166,241,241, 9
167,241,241, 9
168,241,241, 9
169,241,241, 9
170,241,241, 9
171,241,241, 9
172,241,241, 9
173,241,241, 9
174,241,241, 9
175,241,241, 9
176,241,241, 9
177,241,241, 9
178,241,241, 9
179,241,241, 9
180,241,241, 9
181,241,241, 9
182,241,241, 9
183,241,241, 9
184,241,241, 9
185,241,241, 9
186,241,241, 9
187,241,241, 9
188,241,241, 9
189,241,241, 9
190,241,241, 9
191,241,241, 9
192,241,241, 9
193,241,241, 9
194,241,241, 9
195,241,241, 9
196,241,241, 9
197,241,241, 9
198,241,241, 9
199,241,241, 9
200,241,241, 9
201,241,241, 9
202,241,241, 9
203,241,241, 9
204,241,241, 9
205,241,241, 9
206,241,241, 9
207,241,241, 9
208,241,241, 9
209,241,241, 9
210,241,241, 9
211,241,241, 9
212,241,241, 9
213,241,241, 9
214,241,241, 9
215,241,241, 9
216,241,241, 9
217,241,241, 9
218,241,241, 9
219,241,241, 9
220,241,241, 9
221,240,240, 10
222,240,240, 10
223,240,240, 10
224,240,240, 10
225,240,240, 10
226,240,240, 10
227,240,240, 10
228,240,240, 10
229,240,240, 10
230,240,240, 10
231,240,240, 10
232,240,240, 10
233,240,240, 10
234,240,240, 10
235,240,240, 10
236,240,240, 10
237,240,240, 10
238,240,240, 10
239,240,240, 10
240,240,240, 10
241,239,239, 11
242,239,239, 11
243,239,239, 11
244,239,239, 11
245,239,239, 11
246,239,239, 11
247,239,239, 11
248,238,238, 12
249,238,238, 12
250,238,238, 12
251,238,238, 12
252,238,238, 12
253,238,238, 12
254,238,238, 12
255,238,238, 12
256,238,238, 12
257,238,238, 12
258,238,238, 12
259,238,238, 12
260,238,238, 12
261,238,238, 12
262,238,238, 12
263,238,238, 12
264,238,238, 12
265,238,238, 12
266,238,238, 12
267,238,238, 12
268,238,238, 12
269,237,237, 13
270,237,237, 13
271,237,237, 13
272,237,237, 13
273,237,237, 13
274,237,237, 13
275,237,237, 13
276,237,237, 13
277,237,237, 13
278,237,237, 13
279,237,237, 13
280,237,237, 13
281,237,237, 13
282,237,237, 13
283,237,237, 13
284,237,237, 13
285,237,237, 13
286,237,237, 13
287,237,237, 13
288,237,237, 13
289,237,237, 13
290,237,237, 13
291,237,237, 13
292,237,237, 13
293,237,237, 13
294,237,237, 13
295,237,237, 13
296,237,237, 13
297,237,237, 13
298,237,237, 13
299,237,237, 13
300,237,237, 13
301,237,237, 13
302,237,237, 13
303,237,237, 13
304,237,237, 13
305,237,237, 13
306,237,237, 13
307,237,237, 13
308,237,237, 13
309,237,237, 13
310,237,237, 13
311,237,237, 13
312,237,237, 13
313,237,237, 13
314,237,237, 13
315,237,237, 13
316,237,237, 13
317,237,237, 13
318,237,237, 13
319,237,237, 13
320,237,237, 13
321,237,237, 13
322,237,237, 13
323,237,237, 13
324,237,237, 13
325,237,237, 13
326,237,237, 13
327,237,237, 13
328,237,237, 13
329,237,237, 13
330,237,237, 13
331,237,237, 13
332,237,237, 13
333,237,237, 13
334,237,237, 13
335,237,237, 13
336,237,237, 13
337,237,237, 13
338,237,237, 13
339,237,237, 13
340,237,237, 13
341,237,237, 13
342,237,237, 13
343,237,237, 13
344,237,237, 13
345,237,237, 13
346,237,237, 13
347,237,237, 13
348,237,237, 13
349,237,237, 13
350,237,237, 13
351,237,237, 13
352,237,237, 13
353,237,237, 13
354,237,237, 13
355,237,237, 13
356,237,237, 13
357,237,237, 13
358,237,237, 13
359,237,237, 13
360,237,237, 13
361,237,237, 13
362,237,237, 13
363,237,237, 13
364,237,237, 13
365,237,237, 13
366,237,237, 13
367,237,237, 13
368,237,237, 13
369,237,237, 13
370,237,237, 13
371,237,237, 13
372,237,237, 13
373,237,237, 13
374,237,237, 13
375,237,237, 13
376,237,237, 13
377,237,237, 13
378,237,237, 13
379,237,237, 13
380,237,237, 13
381,237,237, 13
382,237,237, 13
383,237,237, 13
384,237,237, 13
385,237,237, 13
386,237,237, 13
387,237,237, 13
388,237,237, 13
389,237,237, 13
390,237,237, 13
391,237,237, 13
392,237,237, 13
393,237,237, 13
394,237,237, 13
395,237,237, 13
396,237,237, 13
397,237,237, 13
398,237,237, 13
399,237,237, 13
400,237,237, 13
401,237,237, 13
402,237,237, 13
403,237,237, 13
404,237,237, 13
405,237,237, 13
406,237,237, 13
407,237,237, 13
408,237,237, 13
409,237,237, 13
410,237,237, 13
411,237,237, 13
412,237,237, 13
413,237,237, 13
414,237,237, 13
415,236,236, 14
416,236,236, 14
417,236,236, 14
418,236,236, 14
419,236,236, 14
420,236,236, 14
421,236,236, 14
422,236,236, 14
423,236,236, 14
424,236,236, 14
425,236,236, 14
426,236,236, 14
427,236,236, 14
428,236,236, 14
429,236,236, 14
430,236,236, 14
431,236,236, 14
432,236,236, 14
433,236,236, 14
434,236,236, 14
435,236,236, 14
436,236,236, 14
437,236,236, 14
438,236,236, 14
439,236,236, 14
440,236,236, 14
441,236,236, 14
442,236,236, 14
443,236,236, 14
444,236,236, 14
445,236,236, 14
446,236,236, 14
447,236,236, 14
448,236,236, 14
449,236,236, 14
450,236,236, 14
451,236,236, 14
452,236,236, 14
453,236,236, 14
454,236,236, 14
455,236,236, 14
456,236,236, 14
457,236,236, 14
458,236,236, 14
459,236,236, 14
460,236,236, 14
461,236,236, 14
462,236,236, 14
463,236,236, 14
464,236,236, 14
465,236,236, 14
466,236,236, 14
467,236,236, 14
468,236,236, 14
469,236,236, 14
470,236,236, 14
471,236,236, 14
472,236,236, 14
473,236,236, 14
474,236,236, 14
475,236,236, 14
476,236,236, 14
477,236,236, 14
478,236,236, 14
479,236,236, 14
480,236,236, 14
481,236,236, 14
482,236,236, 14
483,236,236, 14
484,236,236, 14
485,236,236, 14
486,236,236, 14
487,236,236, 14
488,236,236, 14
489,236,236, 14
490,236,236, 14
491,236,236, 14
492,236,236, 14
493,236,236, 14
494,236,236, 14
495,236,236, 14
496,235,235, 15
497,235,235, 15
498,235,235, 15
499,235,235, 15
500,235,235, 15
501,235,235, 15
502,235,235, 15
503,235,235, 15
504,235,235, 15
505,235,235, 15
506,235,235, 15
507,235,235, 15
508,235,235, 15
509,235,235, 15
510,235,235, 15
511,235,235, 15
512,235,235, 15
513,235,235, 15
514,235,235, 15
515,235,235, 15
516,235,235, 15
517,235,235, 15
518,235,235, 15
519,235,235, 15
520,235,235, 15
521,235,235, 15
522,235,235, 15
523,235,235, 15
524,235,235, 15
525,235,235, 15
526,235,235, 15
527,235,235, 15
528,235,235, 15
529,235,235, 15
530,235,235, 15
531,235,235, 15
532,235,235, 15
533,235,235, 15
534,235,235, 15
535,235,235, 15
536,235,235, 15
537,235,235, 15
538,235,235, 15
539,235,235, 15
540,235,235, 15
541,235,235, 15
542,235,235, 15
543,235,235, 15
544,235,235, 15
545,235,235, 15
546,235,235, 15
547,235,235, 15
548,235,235, 15
549,235,235, 15
550,235,235, 15
551,235,235, 15
552,235,235, 15
553,235,235, 15
554,235,235, 15
555,235,235, 15
556,235,235, 15
557,235,235, 15
558,235,235, 15
559,235,235, 15
560,235,235, 15
561,235,235, 15
562,235,235, 15
563,235,235, 15
564,235,235, 15
565,235,235, 15
566,235,235, 15
567,235,235, 15
568,235,235, 15
569,235,235, 15
570,235,235, 15
571,235,235, 15
572,235,235, 15
573,235,235, 15
574,235,235, 15
575,235,235, 15
576,235,235, 15
577,235,235, 15
578,235,235, 15
579,235,235, 15
580,235,235, 15
581,235,235, 15
582,235,235, 15
583,235,235, 15
584,235,235, 15
585,235,235, 15
586,235,235, 15
587,235,235, 15
588,235,235, 15
589,235,235, 15
590,235,235, 15
591,235,235, 15
592,235,235, 15
593,235,235, 15
594,235,235, 15
595,235,235, 15
596,235,235, 15
597,234,234, 16
598,234,234, 16
599,234,234, 16
600,234,234, 16
601,234,234, 16
602,234,234, 16
603,234,234, 16
604,234,234, 16
605,234,234, 16
606,234,234, 16
607,234,234, 16
608,234,234, 16
609,234,234, 16
610,234,234, 16
611,234,234, 16
612,234,234, 16
613,234,234, 16
614,234,234, 16
615,234,234, 16
616,234,234, 16
617,234,234, 16
618,234,234, 16
619,234,234, 16
620,234,234, 16
621,234,234, 16
622,234,234, 16
623,234,234, 16
624,234,234, 16
625,234,234, 16
626,234,234, 16
627,234,234, 16
628,234,234, 16
629,234,234, 16
630,234,234, 16
631,234,234, 16
632,234,234, 16
633,234,234, 16
634,234,234, 16
635,234,234, 16
636,234,234, 16
637,234,234, 16
638,234,234, 16
639,234,234, 16
640,234,234, 16
641,234,234, 16
642,234,234, 16
643,234,234, 16
644,234,234, 16
645,234,234, 16
646,234,234, 16
647,234,234, 16
648,234,234, 16
649,234,234, 16
650,234,234, 16
651,234,234, 16
652,234,234, 16
653,234,234, 16
654,234,234, 16
655,234,234, 16
656,234,234, 16
657,234,234, 16
658,234,234, 16
659,234,234, 16
660,234,234, 16
661,234,234, 16
662,234,234, 16
663,234,234, 16
664,234,234, 16
665,234,234, 16
666,234,234, 16
667,234,234, 16
668,234,234, 16
669,234,234, 16
670,234,234, 16
671,234,234, 16
672,234,234, 16
673,234,234, 16
674,234,234, 16
675,234,234, 16
676,234,234, 16
677,234,234, 16
678,234,234, 16
679,234,234, 16
680,234,234, 16
681,234,234, 16
682,234,234, 16
683,234,234, 16
684,234,234, 16
685,234,234, 16
686,234,234, 16
687,234,234, 16
688,234,234, 16
689,234,234, 16
690,234,234, 16
691,234,234, 16
692,234,234, 16
693,234,234, 16
694,234,234, 16
695,234,234, 16
696,234,234, 16
697,234,234, 16
698,234,234, 16
699,234,234, 16
700,234,234, 16
701,234,234, 16
702,234,234, 16
703,234,234, 16
704,234,234, 16
705,234,234, 16
706,234,234, 16
707,234,234, 16
708,234,234, 16
709,234,234, 16
710,234,234, 16
711,234,234, 16
712,234,234, 16
713,234,234, 16
714,234,234, 16
715,234,234, 16
716,234,234, 16
717,234,234, 16
718,234,234, 16
719,234,234, 16
720,234,234, 16
721,234,234, 16
722,234,234, 16
723,234,234, 16
724,234,234, 16
725,234,234, 16
726,234,234, 16
727,234,234, 16
728,234,234, 16
729,234,234, 16
730,234,234, 16
731,234,234, 16
732,234,234, 16
733,234,234, 16
734,234,234, 16
735,234,234, 16
736,234,234, 16
737,234,234, 16
738,234,234, 16
739,234,234, 16
740,234,234, 16
741,234,234, 16
742,234,234, 16
743,234,234, 16
744,234,234, 16
745,234,234, 16
746,234,234, 16
747,234,234, 16
748,234,234, 16
749,234,234, 16
750,234,234, 16
751,234,234, 16
752,234,234, 16
753,234,234, 16
754,234,234, 16
755,234,234, 16
756,234,234, 16
757,234,234, 16
758,234,234, 16
759,234,234, 16
760,234,234, 16
761,234,234, 16
762,234,234, 16
763,234,234, 16
764,234,234, 16
765,234,234, 16
766,234,234, 16
767,234,234, 16
768,234,234, 16
769,234,234, 16
770,234,234, 16
771,234,234, 16
772,234,234, 16
773,234,234, 16
774,234,234, 16
775,234,234, 16
776,234,234, 16
777,234,234, 16
778,234,234, 16
779,234,234, 16
780,234,234, 16
781,234,234, 16
782,234,234, 16
783,234,234, 16
784,234,234, 16
785,234,234, 16
786,234,234, 16
787,234,234, 16
788,234,234, 16
789,234,234, 16
790,234,234, 16
791,234,234, 16
792,234,234, 16
793,234,234, 16
794,234,234, 16
795,234,234, 16
796,234,234, 16
797,234,234, 16
798,234,234, 16
799,234,234, 16
800,234,234, 16
801,234,234, 16
802,234,234, 16
803,234,234, 16
804,234,234, 16
805,234,234, 16
806,234,234, 16
807,234,234, 16
808,234,234, 16
809,234,234, 16
810,234,234, 16
811,234,234, 16
812,234,234, 16
813,234,234, 16
814,234,234, 16
815,234,234, 16
816,234,234, 16
817,234,234, 16
818,234,234, 16
819,234,234, 16
820,234,234, 16
821,234,234, 16
822,233,233, 17
823,233,233, 17
824,233,233, 17
825,233,233, 17
826,232,232, 18
827,232,232, 18
828,232,232, 18
829,232,232, 18
830,232,232, 18
831,232,232, 18
832,232,232, 18
833,232,232, 18
834,232,232, 18
835,232,232, 18
836,232,232, 18
837,232,232, 18
838,232,232, 18
839,232,232, 18
840,232,232, 18
841,232,232, 18
842,232,232, 18
843,232,232, 18
844,232,232, 18
845,232,232, 18
846,232,232, 18
847,232,232, 18
848,232,232, 18
849,232,232, 18
850,232,232, 18
851,232,232, 18
852,232,232, 18
853,232,232, 18
854,232,232, 18
855,232,232, 18
856,232,232, 18
857,232,232, 18
858,232,232, 18
859,232,232, 18
860,232,232, 18
861,232,232, 18
862,232,232, 18
863,232,232, 18
864,232,232, 18
865,232,232, 18
866,232,232, 18
867,232,232, 18
868,232,232, 18
869,232,232, 18
870,232,232, 18
871,232,232, 18
872,232,232, 18
873,232,232, 18
874,232,232, 18
875,232,232, 18
876,232,232, 18
877,232,232, 18
878,232,232, 18
879,232,232, 18
880,232,232, 18
881,232,232, 18
882,232,232, 18
883,232,232, 18
884,232,232, 18
885,232,232, 18
886,232,232, 18
887,232,232, 18
888,232,232, 18
889,232,232, 18
890,232,232, 18
891,232,232, 18
892,232,232, 18
893,232,232, 18
894,232,232, 18
895,232,232, 18
896,232,232, 18
897,232,232, 18
898,232,232, 18
899,232,232, 18
900,232,232, 18
901,232,232, 18
902,232,232, 18
903,232,232, 18
904,232,232, 18
905,232,232, 18
906,232,232, 18
907,232,232, 18
908,232,232, 18
909,232,232, 18
910,232,232, 18
911,232,232, 18
912,232,232, 18
913,232,232, 18
914,232,232, 18
915,232,232, 18
916,232,232, 18
917,232,232, 18
918,232,232, 18
919,232,232, 18
920,232,232, 18
921,232,232, 18
922,232,232, 18
923,232,232, 18
924,232,232, 18
925,232,232, 18
926,232,232, 18
927,232,232, 18
928,232,232, 18
929,232,232, 18
930,232,232, 18
931,232,232, 18
932,232,232, 18
933,232,232, 18
934,232,232, 18
935,232,232, 18
936,232,232, 18
937,232,232, 18
938,232,232, 18
939,232,232, 18
940,232,232, 18
941,232,232, 18
942,232,232, 18
943,232,232, 18
944,232,232, 18
945,232,232, 18
946,232,232, 18
947,232,232, 18
948,232,232, 18
949,232,232, 18
950,232,232, 18
951,232,232, 18
952,232,232, 18
953,232,232, 18
954,232,232, 18
955,232,232, 18
956,232,232, 18
957,232,232, 18
958,232,232, 18
959,232,232, 18
960,232,232, 18
961,232,232, 18
962,232,232, 18
963,232,232, 18
964,232,232, 18
965,232,232, 18
966,232,232, 18
967,232,232, 18
968,232,232, 18
969,232,232, 18
970,232,232, 18
971,232,232, 18
972,232,232, 18
973,232,232, 18
974,232,232, 18
975,232,232, 18
976,232,232, 18
977,232,232, 18
978,232,232, 18
979,232,232, 18
980,232,232, 18
981,232,232, 18
982,232,232, 18
983,232,232, 18
984,232,232, 18
985,232,232, 18
986,232,232, 18
987,231,231, 19
988,231,231, 19
989,231,231, 19
990,231,231, 19
991,231,231, 19
992,231,231, 19
993,231,231, 19
994,231,231, 19
995,231,231, 19
996,231,231, 19
997,231,231, 19
998,231,231, 19
999,231,231, 19
1000,231,231, 19
1001,231,231, 19
1002,231,231, 19
1003,231,231, 19
1004,231,231, 19
1005,231,231, 19
1006,231,231, 19
1007,231,231, 19
1008,231,231, 19
1009,231,231, 19
1010,231,231, 19
1011,231,231, 19
1012,231,231, 19
1013,231,231, 19
1014,231,231, 19
1015,231,231, 19
1016,231,231, 19
1017,231,231, 19
1018,231,231, 19
1019,231,231, 19
1020,231,231, 19
1021,231,231, 19
1022,231,231, 19
1023,231,231, 19
1024,231,231, 19
1025,231,231, 19
1026,231,231, 19
1027,231,231, 19
1028,231,231, 19
1029,231,231, 19
1030,231,231, 19
1031,231,231, 19
1032,231,231, 19
1033,231,231, 19
1034,231,231, 19
1035,231,231, 19
1036,231,231, 19
1037,231,231, 19
1038,231,231, 19
1039,231,231, 19
1040,231,231, 19
1041,231,231, 19
1042,231,231, 19
1043,231,231, 19
1044,231,231, 19
1045,231,231, 19
1046,231,231, 19
1047,231,231, 19
1048,231,231, 19
1049,231,231, 19
1050,231,231, 19
1051,231,231, 19
1052,231,231, 19
1053,231,231, 19
1054,231,231, 19
1055,231,231, 19
1056,231,231, 19
1057,231,231, 19
1058,231,231, 19
1059,231,231, 19
1060,231,231, 19
1061,231,231, 19
1062,231,231, 19
1063,231,231, 19
1064,231,231, 19
1065,231,231, 19
1066,231,231, 19
1067,231,231, 19
1068,231,231, 19
1069,231,231, 19
1070,231,231, 19
1071,231,231, 19
1072,231,231, 19
1073,231,231, 19
1074,231,231, 19
1075,231,231, 19
1076,231,231, 19
1077,231,231, 19
1078,231,231, 19
1079,231,231, 19
1080,231,231, 19
1081,231,231, 19
1082,231,231, 19
1083,231,231, 19
1084,231,231, 19
1085,231,231, 19
1086,231,231, 19
1087,231,231, 19
1088,231,231, 19
1089,231,231, 19
1090,231,231, 19
1091,231,231, 19
1092,231,231, 19
1093,231,231, 19
1094,231,231, 19
1095,231,231, 19
1096,231,231, 19
1097,231,231, 19
1098,231,231, 19
1099,231,231, 19
1100,231,231, 19
1101,231,231, 19
1102,231,231, 19
1103,231,231, 19
1104,231,231, 19
1105,231,231, 19
1106,231,231, 19
1107,231,231, 19
1108,231,231, 19
1109,231,231, 19
1110,231,231, 19
1111,231,231, 19
1112,231,231, 19
1113,231,231, 19
1114,231,231, 19
1115,231,231, 19
1116,231,231, 19
1117,231,231, 19
1118,231,231, 19
1119,231,231, 19
1120,231,231, 19
1121,231,231, 19
1122,231,231, 19
1123,231,231, 19
1124,231,231, 19
1125,231,231, 19
1126,231,231, 19
1127,231,231, 19
1128,231,231, 19
1129,231,231, 19
1130,231,231, 19
1131,231,231, 19
1132,231,231, 19
1133,231,231, 19
1134,231,231, 19
1135,231,231, 19
1136,231,231, 19
1137,231,231, 19
1138,231,231, 19
1139,231,231, 19
1140,231,231, 19
1141,231,231, 19
1142,231,231, 19
1143,231,231, 19
1144,231,231, 19
1145,231,231, 19
1146,231,231, 19
1147,231,231, 19
1148,231,231, 19
1149,231,231, 19
1150,231,231, 19
1151,231,231, 19
1152,231,231, 19
1153,231,231, 19
1154,231,231, 19
1155,231,231, 19
1156,231,231, 19
1157,231,231, 19
1158,231,231, 19
1159,231,231, 19
1160,231,231, 19
1161,231,231, 19
1162,231,231, 19
1163,231,231, 19
1164,231,231, 19
1165,231,231, 19
1166,231,231, 19
1167,231,231, 19
1168,231,231, 19
1169,231,231, 19
1170,231,231, 19
1171,231,231, 19
1172,231,231, 19
1173,231,231, 19
1174,231,231, 19
1175,231,231, 19
1176,231,231, 19
1177,231,231, 19
1178,231,231, 19
1179,231,231, 19
1180,231,231, 19
1181,231,231, 19
1182,231,231, 19
1183,231,231, 19
1184,231,231, 19
1185,231,231, 19
1186,231,231, 19
1187,231,231, 19
1188,231,231, 19
1189,231,231, 19
1190,231,231, 19
1191,231,231, 19
1192,231,231, 19
1193,231,231, 19
1194,231,231, 19
1195,231,231, 19
1196,231,231, 19
1197,231,231, 19
1198,231,231, 19
1199,231,231, 19
1200,231,231, 19
1201,231,231, 19
1202,231,231, 19
1203,231,231, 19
1204,231,231, 19
1205,231,231, 19
1206,231,231, 19
1207,231,231, 19
1208,231,231, 19
1209,231,231, 19
1210,231,231, 19
1211,231,231, 19
1212,231,231, 19
1213,231,231, 19
1214,231,231, 19
1215,231,231, 19
1216,231,231, 19
1217,231,231, 19
1218,231,231, 19
1219,231,231, 19
1220,231,231, 19
1221,231,231, 19
1222,231,231, 19
1223,231,231, 19
1224,231,231, 19
1225,231,231, 19
1226,231,231, 19
1227,231,231, 19
1228,231,231, 19
1229,231,231, 19
1230,231,231, 19
1231,231,231, 19
1232,231,231, 19
1233,231,231, 19
1234,231,231, 19
1235,231,231, 19
1236,231,231, 19
1237,231,231, 19
1238,231,231, 19
1239,231,231, 19
1240,231,231, 19
1241,231,231, 19
1242,231,231, 19
1243,231,231, 19
1244,231,231, 19
1245,231,231, 19
1246,231,231, 19
1247,231,231, 19
1248,231,231, 19
1249,231,231, 19
1250,231,231, 19
1251,231,231, 19
1252,231,231, 19
1253,231,231, 19
1254,231,231, 19
1255,231,231, 19
1256,231,231, 19
1257,231,231, 19
1258,231,231, 19
1259,231,231, 19
1260,231,231, 19
1261,231,231, 19
1262,231,231, 19
1263,231,231, 19
1264,231,231, 19
1265,231,231, 19
1266,231,231, 19
1267,231,231, 19
1268,231,231, 19
1269,231,231, 19
1270,231,231, 19
1271,231,231, 19
1272,231,231, 19
1273,231,231, 19
1274,231,231, 19
1275,231,231, 19
1276,231,231, 19
1277,231,231, 19
1278,231,231, 19
1279,231,231, 19
1280,231,231, 19
1281,231,231, 19
1282,231,231, 19
1283,231,231, 19
1284,231,231, 19
1285,231,231, 19
1286,231,231, 19
1287,231,231, 19
1288,231,231, 19
1289,231,231, 19
1290,231,231, 19
1291,231,231, 19
1292,231,231, 19
1293,231,231, 19
1294,231,231, 19
1295,231,231, 19
1296,231,231, 19
1297,231,231, 19
1298,231,231, 19
1299,231,231, 19
1300,231,231, 19
1301,231,231, 19
1302,231,231, 19
1303,231,231, 19
1304,231,231, 19
1305,231,231, 19
1306,231,231, 19
1307,231,231, 19
1308,231,231, 19
1309,231,231, 19
1310,231,231, 19
1311,231,231, 19
1312,231,231, 19
1313,231,231, 19
1314,231,231, 19
1315,231,231, 19
1316,231,231, 19
1317,231,231, 19
1318,231,231, 19
1319,231,231, 19
1320,231,231, 19
1321,231,231, 19
1322,231,231, 19
1323,231,231, 19
1324,231,231, 19
1325,231,231, 19
1326,231,231, 19
1327,231,231, 19
1328,230,230, 20
1329,230,230, 20
1330,230,230, 20
1331,230,230, 20
1332,230,230, 20
1333,230,230, 20
1334,230,230, 20
1335,230,230, 20
1336,230,230, 20
1337,230,230, 20
1338,230,230, 20
1339,230,230, 20
1340,230,230, 20
1341,230,230, 20
1342,230,230, 20
1343,230,230, 20
1344,230,230, 20
1345,230,230, 20
1346,230,230, 20
1347,230,230, 20
1348,230,230, 20
1349,230,230, 20
1350,230,230, 20
1351,230,230, 20
1352,230,230, 20
1353,230,230, 20
1354,230,230, 20
1355,230,230, 20
1356,230,230, 20
1357,230,230, 20
1358,230,230, 20
1359,230,230, 20
1360,230,230, 20
1361,230,230, 20
1362,230,230, 20
1363,230,230, 20
1364,230,230, 20
1365,230,230, 20
1366,230,230, 20
1367,230,230, 20
1368,230,230, 20
1369,230,230, 20
1370,230,230, 20
1371,230,230, 20
1372,230,230, 20
1373,230,230, 20
1374,230,230, 20
1375,230,230, 20
1376,230,230, 20
1377,230,230, 20
1378,230,230, 20
1379,230,230, 20
1380,230,230, 20
1381,230,230, 20
1382,230,230, 20
1383,230,230, 20
1384,230,230, 20
1385,230,230, 20
1386,230,230, 20
1387,230,230, 20
1388,230,230, 20
1389,230,230, 20
1390,230,230, 20
1391,230,230, 20
1392,230,230, 20
1393,230,230, 20
1394,230,230, 20
1395,230,230, 20
1396,230,230, 20
1397,230,230, 20
1398,230,230, 20
1399,230,230, 20
1400,230,230, 20
1401,230,230, 20
1402,230,230, 20
1403,230,230, 20
1404,230,230, 20
1405,230,230, 20
1406,230,230, 20
1407,230,230, 20
1408,230,230, 20
1409,230,230, 20
1410,230,230, 20
1411,230,230, 20
1412,230,230, 20
1413,230,230, 20
1414,230,230, 20
1415,230,230, 20
1416,230,230, 20
1417,230,230, 20
1418,230,230, 20
1419,230,230, 20
1420,230,230, 20
1421,230,230, 20
1422,230,230, 20
1423,229,229, 21
1424,229,229, 21
1425,229,229, 21
1426,229,229, 21
1427,229,229, 21
1428,229,229, 21
1429,229,229, 21
1430,229,229, 21
1431,229,229, 21
1432,229,229, 21
1433,229,229, 21
1434,229,229, 21
1435,229,229, 21
1436,229,229, 21
1437,229,229, 21
1438,229,229, 21
1439,229,229, 21
1440,229,229, 21
1441,229,229, 21
1442,229,229, 21
1443,229,229, 21
1444,229,229, 21
1445,229,229, 21
1446,229,229, 21
1447,229,229, 21
1448,229,229, 21
1449,229,229, 21
1450,229,229, 21
1451,229,229, 21
1452,229,229, 21
1453,229,229, 21
1454,229,229, 21
1455,229,229, 21
1456,229,229, 21
1457,229,229, 21
1458,229,229, 21
1459,229,229, 21
1460,229,229, 21
1461,229,229, 21
1462,229,229, 21
1463,229,229, 21
1464,229,229, 21
1465,229,229, 21
1466,229,229, 21
1467,229,229, 21
1468,229,229, 21
1469,229,229, 21
1470,229,229, 21
1471,229,229, 21
1472,229,229, 21
1473,229,229, 21
1474,229,229, 21
1475,229,229, 21
1476,229,229, 21
1477,229,229, 21
1478,229,229, 21
1479,229,229, 21
1480,229,229, 21
1481,229,229, 21
1482,229,229, 21
1483,229,229, 21
1484,229,229, 21
1485,229,229, 21
1486,229,229, 21
1487,229,229, 21
1488,229,229, 21
1489,229,229, 21
1490,229,229, 21
1491,229,229, 21
1492,229,229, 21
1493,229,229, 21
1494,229,229, 21
1495,229,229, 21
1496,229,229, 21
1497,229,229, 21
1498,229,229, 21
1499,229,229, 21
