6 6.46 5.45
6 6.46 15.25
6 6.46 25.05
6 6.46 34.85
6 6.46 44.65
6 6.46 54.45
6 6.46 64.25
6 6.46 74.05
6 6.46 83.85
6 6.46 93.65
6 16.853 5.45
6 16.853 15.25
6 16.853 25.05
6 16.853 34.85
6 16.853 44.65
6 16.853 54.45
6 16.853 64.25
6 16.853 74.05
6 16.853 83.85
6 16.853 93.65
6 27.246 5.45
6 27.246 15.25
6 27.246 25.05
6 27.246 34.85
6 27.246 44.65
6 27.246 54.45
6 27.246 64.25
6 27.246 74.05
6 27.246 83.85
6 27.246 93.65
6 37.639 5.45
6 37.639 15.25
6 37.639 25.05
6 37.639 34.85
6 37.639 44.65
6 37.639 54.45
6 37.639 64.25
6 37.639 74.05
6 37.639 83.85
6 37.639 93.65
6 48.032 5.45
6 48.032 15.25
6 48.032 25.05
6 48.032 34.85
6 48.032 44.65
6 48.032 54.45
6 48.032 64.25
6 48.032 74.05
6 48.032 83.85
6 48.032 93.65
6 58.425 5.45
6 58.425 15.25
6 58.425 25.05
6 58.425 34.85
6 58.425 44.65
6 58.425 54.45
6 58.425 64.25
6 58.425 74.05
6 58.425 83.85
6 58.425 93.65
6 68.818 5.45
6 68.818 15.25
6 68.818 25.05
6 68.818 34.85
6 68.818 44.65
6 68.818 54.45
6 68.818 64.25
6 68.818 74.05
6 68.818 83.85
6 68.818 93.65
6 79.211 5.45
6 79.211 15.25
6 79.211 25.05
6 79.211 34.85
6 79.211 44.65
6 79.211 54.45
6 79.211 64.25
6 79.211 74.05
6 79.211 83.85
6 79.211 93.65
6 89.604 5.45
6 89.604 15.25
6 89.604 25.05
6 89.604 34.85
6 89.604 44.65
6 89.604 54.45
6 89.604 64.25
6 89.604 74.05
6 89.604 83.85
6 89.604 93.65
6 99.997 5.45
6 99.997 15.25
6 99.997 25.05
6 99.997 34.85
6 99.997 44.65
6 99.997 54.45
6 99.997 64.25
6 99.997 74.05
6 99.997 83.85
6 99.997 93.65
12 6.46 5.45
12 6.46 15.25
12 6.46 25.05
12 6.46 34.85
12 6.46 44.65
12 6.46 54.45
12 6.46 64.25
12 6.46 74.05
12 6.46 83.85
12 6.46 93.65
12 16.853 5.45
12 16.853 15.25
12 16.853 25.05
12 16.853 34.85
12 16.853 44.65
12 16.853 54.45
12 16.853 64.25
12 16.853 74.05
12 16.853 83.85
12 16.853 93.65
12 27.246 5.45
12 27.246 15.25
12 27.246 25.05
12 27.246 34.85
12 27.246 44.65
12 27.246 54.45
12 27.246 64.25
12 27.246 74.05
12 27.246 83.85
12 27.246 93.65
12 37.639 5.45
12 37.639 15.25
12 37.639 25.05
12 37.639 34.85
12 37.639 44.65
12 37.639 54.45
12 37.639 64.25
12 37.639 74.05
12 37.639 83.85
12 37.639 93.65
12 48.032 5.45
12 48.032 15.25
12 48.032 25.05
12 48.032 34.85
12 48.032 44.65
12 48.032 54.45
12 48.032 64.25
12 48.032 74.05
12 48.032 83.85
12 48.032 93.65
12 58.425 5.45
12 58.425 15.25
12 58.425 25.05
12 58.425 34.85
12 58.425 44.65
12 58.425 54.45
12 58.425 64.25
12 58.425 74.05
12 58.425 83.85
12 58.425 93.65
12 68.818 5.45
12 68.818 15.25
12 68.818 25.05
12 68.818 34.85
12 68.818 44.65
12 68.818 54.45
12 68.818 64.25
12 68.818 74.05
12 68.818 83.85
12 68.818 93.65
12 79.211 5.45
12 79.211 15.25
12 79.211 25.05
12 79.211 34.85
12 79.211 44.65
12 79.211 54.45
12 79.211 64.25
12 79.211 74.05
12 79.211 83.85
12 79.211 93.65
12 89.604 5.45
12 89.604 15.25
12 89.604 25.05
12 89.604 34.85
12 89.604 44.65
12 89.604 54.45
12 89.604 64.25
12 89.604 74.05
12 89.604 83.85
12 89.604 93.65
12 99.997 5.45
12 99.997 15.25
12 99.997 25.05
12 99.997 34.85
12 99.997 44.65
12 99.997 54.45
12 99.997 64.25
12 99.997 74.05
12 99.997 83.85
12 99.997 93.65
18 6.46 5.45
18 6.46 15.25
18 6.46 25.05
18 6.46 34.85
18 6.46 44.65
18 6.46 54.45
18 6.46 64.25
18 6.46 74.05
18 6.46 83.85
18 6.46 93.65
18 16.853 5.45
18 16.853 15.25
18 16.853 25.05
18 16.853 34.85
18 16.853 44.65
18 16.853 54.45
18 16.853 64.25
18 16.853 74.05
18 16.853 83.85
18 16.853 93.65
18 27.246 5.45
18 27.246 15.25
18 27.246 25.05
18 27.246 34.85
18 27.246 44.65
18 27.246 54.45
18 27.246 64.25
18 27.246 74.05
18 27.246 83.85
18 27.246 93.65
18 37.639 5.45
18 37.639 15.25
18 37.639 25.05
18 37.639 34.85
18 37.639 44.65
18 37.639 54.45
18 37.639 64.25
18 37.639 74.05
18 37.639 83.85
18 37.639 93.65
18 48.032 5.45
18 48.032 15.25
18 48.032 25.05
18 48.032 34.85
18 48.032 44.65
18 48.032 54.45
18 48.032 64.25
18 48.032 74.05
18 48.032 83.85
18 48.032 93.65
18 58.425 5.45
18 58.425 15.25
18 58.425 25.05
18 58.425 34.85
18 58.425 44.65
18 58.425 54.45
18 58.425 64.25
18 58.425 74.05
18 58.425 83.85
18 58.425 93.65
18 68.818 5.45
18 68.818 15.25
18 68.818 25.05
18 68.818 34.85
18 68.818 44.65
18 68.818 54.45
18 68.818 64.25
18 68.818 74.05
18 68.818 83.85
18 68.818 93.65
18 79.211 5.45
18 79.211 15.25
18 79.211 25.05
18 79.211 34.85
18 79.211 44.65
18 79.211 54.45
18 79.211 64.25
18 79.211 74.05
18 79.211 83.85
18 79.211 93.65
18 89.604 5.45
18 89.604 15.25
18 89.604 25.05
18 89.604 34.85
18 89.604 44.65
18 89.604 54.45
18 89.604 64.25
18 89.604 74.05
18 89.604 83.85
18 89.604 93.65
18 99.997 5.45
18 99.997 15.25
18 99.997 25.05
18 99.997 34.85
18 99.997 44.65
18 99.997 54.45
18 99.997 64.25
18 99.997 74.05
18 99.997 83.85
18 99.997 93.65
24 6.46 5.45
24 6.46 15.25
24 6.46 25.05
24 6.46 34.85
24 6.46 44.65
24 6.46 54.45
24 6.46 64.25
24 6.46 74.05
24 6.46 83.85
24 6.46 93.65
24 16.853 5.45
24 16.853 15.25
24 16.853 25.05
24 16.853 34.85
24 16.853 44.65
24 16.853 54.45
24 16.853 64.25
24 16.853 74.05
24 16.853 83.85
24 16.853 93.65
24 27.246 5.45
24 27.246 15.25
24 27.246 25.05
24 27.246 34.85
24 27.246 44.65
24 27.246 54.45
24 27.246 64.25
24 27.246 74.05
24 27.246 83.85
24 27.246 93.65
24 37.639 5.45
24 37.639 15.25
24 37.639 25.05
24 37.639 34.85
24 37.639 44.65
24 37.639 54.45
24 37.639 64.25
24 37.639 74.05
24 37.639 83.85
24 37.639 93.65
24 48.032 5.45
24 48.032 15.25
24 48.032 25.05
24 48.032 34.85
24 48.032 44.65
24 48.032 54.45
24 48.032 64.25
24 48.032 74.05
24 48.032 83.85
24 48.032 93.65
24 58.425 5.45
24 58.425 15.25
24 58.425 25.05
24 58.425 34.85
24 58.425 44.65
24 58.425 54.45
24 58.425 64.25
24 58.425 74.05
24 58.425 83.85
24 58.425 93.65
24 68.818 5.45
24 68.818 15.25
24 68.818 25.05
24 68.818 34.85
24 68.818 44.65
24 68.818 54.45
24 68.818 64.25
24 68.818 74.05
24 68.818 83.85
24 68.818 93.65
24 79.211 5.45
24 79.211 15.25
24 79.211 25.05
24 79.211 34.85
24 79.211 44.65
24 79.211 54.45
24 79.211 64.25
24 79.211 74.05
24 79.211 83.85
24 79.211 93.65
24 89.604 5.45
24 89.604 15.25
24 89.604 25.05
24 89.604 34.85
24 89.604 44.65
24 89.604 54.45
24 89.604 64.25
24 89.604 74.05
24 89.604 83.85
24 89.604 93.65
24 99.997 5.45
24 99.997 15.25
24 99.997 25.05
24 99.997 34.85
24 99.997 44.65
24 99.997 54.45
24 99.997 64.25
24 99.997 74.05
24 99.997 83.85
24 99.997 93.65
30 6.46 5.45
30 6.46 15.25
30 6.46 25.05
30 6.46 34.85
30 6.46 44.65
30 6.46 54.45
30 6.46 64.25
30 6.46 74.05
30 6.46 83.85
30 6.46 93.65
30 16.853 5.45
30 16.853 15.25
30 16.853 25.05
30 16.853 34.85
30 16.853 44.65
30 16.853 54.45
30 16.853 64.25
30 16.853 74.05
30 16.853 83.85
30 16.853 93.65
30 27.246 5.45
30 27.246 15.25
30 27.246 25.05
30 27.246 34.85
30 27.246 44.65
30 27.246 54.45
30 27.246 64.25
30 27.246 74.05
30 27.246 83.85
30 27.246 93.65
30 37.639 5.45
30 37.639 15.25
30 37.639 25.05
30 37.639 34.85
30 37.639 44.65
30 37.639 54.45
30 37.639 64.25
30 37.639 74.05
30 37.639 83.85
30 37.639 93.65
30 48.032 5.45
30 48.032 15.25
30 48.032 25.05
30 48.032 34.85
30 48.032 44.65
30 48.032 54.45
30 48.032 64.25
30 48.032 74.05
30 48.032 83.85
30 48.032 93.65
30 58.425 5.45
30 58.425 15.25
30 58.425 25.05
30 58.425 34.85
30 58.425 44.65
30 58.425 54.45
30 58.425 64.25
30 58.425 74.05
30 58.425 83.85
30 58.425 93.65
30 68.818 5.45
30 68.818 15.25
30 68.818 25.05
30 68.818 34.85
30 68.818 44.65
30 68.818 54.45
30 68.818 64.25
30 68.818 74.05
30 68.818 83.85
30 68.818 93.65
30 79.211 5.45
30 79.211 15.25
30 79.211 25.05
30 79.211 34.85
30 79.211 44.65
30 79.211 54.45
30 79.211 64.25
30 79.211 74.05
30 79.211 83.85
30 79.211 93.65
30 89.604 5.45
30 89.604 15.25
30 89.604 25.05
30 89.604 34.85
30 89.604 44.65
30 89.604 54.45
30 89.604 64.25
30 89.604 74.05
30 89.604 83.85
30 89.604 93.65
30 99.997 5.45
30 99.997 15.25
30 99.997 25.05
30 99.997 34.85
30 99.997 44.65
30 99.997 54.45
30 99.997 64.25
30 99.997 74.05
30 99.997 83.85
30 99.997 93.65
36 6.46 5.45
36 6.46 15.25
36 6.46 25.05
36 6.46 34.85
36 6.46 44.65
36 6.46 54.45
36 6.46 64.25
36 6.46 74.05
36 6.46 83.85
36 6.46 93.65
36 16.853 5.45
36 16.853 15.25
36 16.853 25.05
36 16.853 34.85
36 16.853 44.65
36 16.853 54.45
36 16.853 64.25
36 16.853 74.05
36 16.853 83.85
36 16.853 93.65
36 27.246 5.45
36 27.246 15.25
36 27.246 25.05
36 27.246 34.85
36 27.246 44.65
36 27.246 54.45
36 27.246 64.25
36 27.246 74.05
36 27.246 83.85
36 27.246 93.65
36 37.639 5.45
36 37.639 15.25
36 37.639 25.05
36 37.639 34.85
36 37.639 44.65
36 37.639 54.45
36 37.639 64.25
36 37.639 74.05
36 37.639 83.85
36 37.639 93.65
36 48.032 5.45
36 48.032 15.25
36 48.032 25.05
36 48.032 34.85
36 48.032 44.65
36 48.032 54.45
36 48.032 64.25
36 48.032 74.05
36 48.032 83.85
36 48.032 93.65
36 58.425 5.45
36 58.425 15.25
36 58.425 25.05
36 58.425 34.85
36 58.425 44.65
36 58.425 54.45
36 58.425 64.25
36 58.425 74.05
36 58.425 83.85
36 58.425 93.65
36 68.818 5.45
36 68.818 15.25
36 68.818 25.05
36 68.818 34.85
36 68.818 44.65
36 68.818 54.45
36 68.818 64.25
36 68.818 74.05
36 68.818 83.85
36 68.818 93.65
36 79.211 5.45
36 79.211 15.25
36 79.211 25.05
36 79.211 34.85
36 79.211 44.65
36 79.211 54.45
36 79.211 64.25
36 79.211 74.05
36 79.211 83.85
36 79.211 93.65
36 89.604 5.45
36 89.604 15.25
36 89.604 25.05
36 89.604 34.85
36 89.604 44.65
36 89.604 54.45
36 89.604 64.25
36 89.604 74.05
36 89.604 83.85
36 89.604 93.65
36 99.997 5.45
36 99.997 15.25
36 99.997 25.05
36 99.997 34.85
36 99.997 44.65
36 99.997 54.45
36 99.997 64.25
36 99.997 74.05
36 99.997 83.85
36 99.997 93.65
42 6.46 5.45
42 6.46 15.25
42 6.46 25.05
42 6.46 34.85
42 6.46 44.65
42 6.46 54.45
42 6.46 64.25
42 6.46 74.05
42 6.46 83.85
42 6.46 93.65
42 16.853 5.45
42 16.853 15.25
42 16.853 25.05
42 16.853 34.85
42 16.853 44.65
42 16.853 54.45
42 16.853 64.25
42 16.853 74.05
42 16.853 83.85
42 16.853 93.65
42 27.246 5.45
42 27.246 15.25
42 27.246 25.05
42 27.246 34.85
42 27.246 44.65
42 27.246 54.45
42 27.246 64.25
42 27.246 74.05
42 27.246 83.85
42 27.246 93.65
42 37.639 5.45
42 37.639 15.25
42 37.639 25.05
42 37.639 34.85
42 37.639 44.65
42 37.639 54.45
42 37.639 64.25
42 37.639 74.05
42 37.639 83.85
42 37.639 93.65
42 48.032 5.45
42 48.032 15.25
42 48.032 25.05
42 48.032 34.85
42 48.032 44.65
42 48.032 54.45
42 48.032 64.25
42 48.032 74.05
42 48.032 83.85
42 48.032 93.65
42 58.425 5.45
42 58.425 15.25
42 58.425 25.05
42 58.425 34.85
42 58.425 44.65
42 58.425 54.45
42 58.425 64.25
42 58.425 74.05
42 58.425 83.85
42 58.425 93.65
42 68.818 5.45
42 68.818 15.25
42 68.818 25.05
42 68.818 34.85
42 68.818 44.65
42 68.818 54.45
42 68.818 64.25
42 68.818 74.05
42 68.818 83.85
42 68.818 93.65
42 79.211 5.45
42 79.211 15.25
42 79.211 25.05
42 79.211 34.85
42 79.211 44.65
42 79.211 54.45
42 79.211 64.25
42 79.211 74.05
42 79.211 83.85
42 79.211 93.65
42 89.604 5.45
42 89.604 15.25
42 89.604 25.05
42 89.604 34.85
42 89.604 44.65
42 89.604 54.45
42 89.604 64.25
42 89.604 74.05
42 89.604 83.85
42 89.604 93.65
42 99.997 5.45
42 99.997 15.25
42 99.997 25.05
42 99.997 34.85
42 99.997 44.65
42 99.997 54.45
42 99.997 64.25
42 99.997 74.05
42 99.997 83.85
42 99.997 93.65
48 6.46 5.45
48 6.46 15.25
48 6.46 25.05
48 6.46 34.85
48 6.46 44.65
48 6.46 54.45
48 6.46 64.25
48 6.46 74.05
48 6.46 83.85
48 6.46 93.65
48 16.853 5.45
48 16.853 15.25
48 16.853 25.05
48 16.853 34.85
48 16.853 44.65
48 16.853 54.45
48 16.853 64.25
48 16.853 74.05
48 16.853 83.85
48 16.853 93.65
48 27.246 5.45
48 27.246 15.25
48 27.246 25.05
48 27.246 34.85
48 27.246 44.65
48 27.246 54.45
48 27.246 64.25
48 27.246 74.05
48 27.246 83.85
48 27.246 93.65
48 37.639 5.45
48 37.639 15.25
48 37.639 25.05
48 37.639 34.85
48 37.639 44.65
48 37.639 54.45
48 37.639 64.25
48 37.639 74.05
48 37.639 83.85
48 37.639 93.65
48 48.032 5.45
48 48.032 15.25
48 48.032 25.05
48 48.032 34.85
48 48.032 44.65
48 48.032 54.45
48 48.032 64.25
48 48.032 74.05
48 48.032 83.85
48 48.032 93.65
48 58.425 5.45
48 58.425 15.25
48 58.425 25.05
48 58.425 34.85
48 58.425 44.65
48 58.425 54.45
48 58.425 64.25
48 58.425 74.05
48 58.425 83.85
48 58.425 93.65
48 68.818 5.45
48 68.818 15.25
48 68.818 25.05
48 68.818 34.85
48 68.818 44.65
48 68.818 54.45
48 68.818 64.25
48 68.818 74.05
48 68.818 83.85
48 68.818 93.65
48 79.211 5.45
48 79.211 15.25
48 79.211 25.05
48 79.211 34.85
48 79.211 44.65
48 79.211 54.45
48 79.211 64.25
48 79.211 74.05
48 79.211 83.85
48 79.211 93.65
48 89.604 5.45
48 89.604 15.25
48 89.604 25.05
48 89.604 34.85
48 89.604 44.65
48 89.604 54.45
48 89.604 64.25
48 89.604 74.05
48 89.604 83.85
48 89.604 93.65
48 99.997 5.45
48 99.997 15.25
48 99.997 25.05
48 99.997 34.85
48 99.997 44.65
48 99.997 54.45
48 99.997 64.25
48 99.997 74.05
48 99.997 83.85
48 99.997 93.65
54 6.46 5.45
54 6.46 15.25
54 6.46 25.05
54 6.46 34.85
54 6.46 44.65
54 6.46 54.45
54 6.46 64.25
54 6.46 74.05
54 6.46 83.85
54 6.46 93.65
54 16.853 5.45
54 16.853 15.25
54 16.853 25.05
54 16.853 34.85
54 16.853 44.65
54 16.853 54.45
54 16.853 64.25
54 16.853 74.05
54 16.853 83.85
54 16.853 93.65
54 27.246 5.45
54 27.246 15.25
54 27.246 25.05
54 27.246 34.85
54 27.246 44.65
54 27.246 54.45
54 27.246 64.25
54 27.246 74.05
54 27.246 83.85
54 27.246 93.65
54 37.639 5.45
54 37.639 15.25
54 37.639 25.05
54 37.639 34.85
54 37.639 44.65
54 37.639 54.45
54 37.639 64.25
54 37.639 74.05
54 37.639 83.85
54 37.639 93.65
54 48.032 5.45
54 48.032 15.25
54 48.032 25.05
54 48.032 34.85
54 48.032 44.65
54 48.032 54.45
54 48.032 64.25
54 48.032 74.05
54 48.032 83.85
54 48.032 93.65
54 58.425 5.45
54 58.425 15.25
54 58.425 25.05
54 58.425 34.85
54 58.425 44.65
54 58.425 54.45
54 58.425 64.25
54 58.425 74.05
54 58.425 83.85
54 58.425 93.65
54 68.818 5.45
54 68.818 15.25
54 68.818 25.05
54 68.818 34.85
54 68.818 44.65
54 68.818 54.45
54 68.818 64.25
54 68.818 74.05
54 68.818 83.85
54 68.818 93.65
54 79.211 5.45
54 79.211 15.25
54 79.211 25.05
54 79.211 34.85
54 79.211 44.65
54 79.211 54.45
54 79.211 64.25
54 79.211 74.05
54 79.211 83.85
54 79.211 93.65
54 89.604 5.45
54 89.604 15.25
54 89.604 25.05
54 89.604 34.85
54 89.604 44.65
54 89.604 54.45
54 89.604 64.25
54 89.604 74.05
54 89.604 83.85
54 89.604 93.65
54 99.997 5.45
54 99.997 15.25
54 99.997 25.05
54 99.997 34.85
54 99.997 44.65
54 99.997 54.45
54 99.997 64.25
54 99.997 74.05
54 99.997 83.85
54 99.997 93.65
60 6.46 5.45
60 6.46 15.25
60 6.46 25.05
60 6.46 34.85
60 6.46 44.65
60 6.46 54.45
60 6.46 64.25
60 6.46 74.05
60 6.46 83.85
60 6.46 93.65
60 16.853 5.45
60 16.853 15.25
60 16.853 25.05
60 16.853 34.85
60 16.853 44.65
60 16.853 54.45
60 16.853 64.25
60 16.853 74.05
60 16.853 83.85
60 16.853 93.65
60 27.246 5.45
60 27.246 15.25
60 27.246 25.05
60 27.246 34.85
60 27.246 44.65
60 27.246 54.45
60 27.246 64.25
60 27.246 74.05
60 27.246 83.85
60 27.246 93.65
60 37.639 5.45
60 37.639 15.25
60 37.639 25.05
60 37.639 34.85
60 37.639 44.65
60 37.639 54.45
60 37.639 64.25
60 37.639 74.05
60 37.639 83.85
60 37.639 93.65
60 48.032 5.45
60 48.032 15.25
60 48.032 25.05
60 48.032 34.85
60 48.032 44.65
60 48.032 54.45
60 48.032 64.25
60 48.032 74.05
60 48.032 83.85
60 48.032 93.65
60 58.425 5.45
60 58.425 15.25
60 58.425 25.05
60 58.425 34.85
60 58.425 44.65
60 58.425 54.45
60 58.425 64.25
60 58.425 74.05
60 58.425 83.85
60 58.425 93.65
60 68.818 5.45
60 68.818 15.25
60 68.818 25.05
60 68.818 34.85
60 68.818 44.65
60 68.818 54.45
60 68.818 64.25
60 68.818 74.05
60 68.818 83.85
60 68.818 93.65
60 79.211 5.45
60 79.211 15.25
60 79.211 25.05
60 79.211 34.85
60 79.211 44.65
60 79.211 54.45
60 79.211 64.25
60 79.211 74.05
60 79.211 83.85
60 79.211 93.65
60 89.604 5.45
60 89.604 15.25
60 89.604 25.05
60 89.604 34.85
60 89.604 44.65
60 89.604 54.45
60 89.604 64.25
60 89.604 74.05
60 89.604 83.85
60 89.604 93.65
60 99.997 5.45
60 99.997 15.25
60 99.997 25.05
60 99.997 34.85
60 99.997 44.65
60 99.997 54.45
60 99.997 64.25
60 99.997 74.05
60 99.997 83.85
60 99.997 93.65
66 6.46 5.45
66 6.46 15.25
66 6.46 25.05
66 6.46 34.85
66 6.46 44.65
66 6.46 54.45
66 6.46 64.25
66 6.46 74.05
66 6.46 83.85
66 6.46 93.65
66 16.853 5.45
66 16.853 15.25
66 16.853 25.05
66 16.853 34.85
66 16.853 44.65
66 16.853 54.45
66 16.853 64.25
66 16.853 74.05
66 16.853 83.85
66 16.853 93.65
66 27.246 5.45
66 27.246 15.25
66 27.246 25.05
66 27.246 34.85
66 27.246 44.65
66 27.246 54.45
66 27.246 64.25
66 27.246 74.05
66 27.246 83.85
66 27.246 93.65
66 37.639 5.45
66 37.639 15.25
66 37.639 25.05
66 37.639 34.85
66 37.639 44.65
66 37.639 54.45
66 37.639 64.25
66 37.639 74.05
66 37.639 83.85
66 37.639 93.65
66 48.032 5.45
66 48.032 15.25
66 48.032 25.05
66 48.032 34.85
66 48.032 44.65
66 48.032 54.45
66 48.032 64.25
66 48.032 74.05
66 48.032 83.85
66 48.032 93.65
66 58.425 5.45
66 58.425 15.25
66 58.425 25.05
66 58.425 34.85
66 58.425 44.65
66 58.425 54.45
66 58.425 64.25
66 58.425 74.05
66 58.425 83.85
66 58.425 93.65
66 68.818 5.45
66 68.818 15.25
66 68.818 25.05
66 68.818 34.85
66 68.818 44.65
66 68.818 54.45
66 68.818 64.25
66 68.818 74.05
66 68.818 83.85
66 68.818 93.65
66 79.211 5.45
66 79.211 15.25
66 79.211 25.05
66 79.211 34.85
66 79.211 44.65
66 79.211 54.45
66 79.211 64.25
66 79.211 74.05
66 79.211 83.85
66 79.211 93.65
66 89.604 5.45
66 89.604 15.25
66 89.604 25.05
66 89.604 34.85
66 89.604 44.65
66 89.604 54.45
66 89.604 64.25
66 89.604 74.05
66 89.604 83.85
66 89.604 93.65
66 99.997 5.45
66 99.997 15.25
66 99.997 25.05
66 99.997 34.85
66 99.997 44.65
66 99.997 54.45
66 99.997 64.25
66 99.997 74.05
66 99.997 83.85
66 99.997 93.65
72 6.46 5.45
72 6.46 15.25
72 6.46 25.05
72 6.46 34.85
72 6.46 44.65
72 6.46 54.45
72 6.46 64.25
72 6.46 74.05
72 6.46 83.85
72 6.46 93.65
72 16.853 5.45
72 16.853 15.25
72 16.853 25.05
72 16.853 34.85
72 16.853 44.65
72 16.853 54.45
72 16.853 64.25
72 16.853 74.05
72 16.853 83.85
72 16.853 93.65
72 27.246 5.45
72 27.246 15.25
72 27.246 25.05
72 27.246 34.85
72 27.246 44.65
72 27.246 54.45
72 27.246 64.25
72 27.246 74.05
72 27.246 83.85
72 27.246 93.65
72 37.639 5.45
72 37.639 15.25
72 37.639 25.05
72 37.639 34.85
72 37.639 44.65
72 37.639 54.45
72 37.639 64.25
72 37.639 74.05
72 37.639 83.85
72 37.639 93.65
72 48.032 5.45
72 48.032 15.25
72 48.032 25.05
72 48.032 34.85
72 48.032 44.65
72 48.032 54.45
72 48.032 64.25
72 48.032 74.05
72 48.032 83.85
72 48.032 93.65
72 58.425 5.45
72 58.425 15.25
72 58.425 25.05
72 58.425 34.85
72 58.425 44.65
72 58.425 54.45
72 58.425 64.25
72 58.425 74.05
72 58.425 83.85
72 58.425 93.65
72 68.818 5.45
72 68.818 15.25
72 68.818 25.05
72 68.818 34.85
72 68.818 44.65
72 68.818 54.45
72 68.818 64.25
72 68.818 74.05
72 68.818 83.85
72 68.818 93.65
72 79.211 5.45
72 79.211 15.25
72 79.211 25.05
72 79.211 34.85
72 79.211 44.65
72 79.211 54.45
72 79.211 64.25
72 79.211 74.05
72 79.211 83.85
72 79.211 93.65
72 89.604 5.45
72 89.604 15.25
72 89.604 25.05
72 89.604 34.85
72 89.604 44.65
72 89.604 54.45
72 89.604 64.25
72 89.604 74.05
72 89.604 83.85
72 89.604 93.65
72 99.997 5.45
72 99.997 15.25
72 99.997 25.05
72 99.997 34.85
72 99.997 44.65
72 99.997 54.45
72 99.997 64.25
72 99.997 74.05
72 99.997 83.85
72 99.997 93.65
78 6.46 5.45
78 6.46 15.25
78 6.46 25.05
78 6.46 34.85
78 6.46 44.65
78 6.46 54.45
78 6.46 64.25
78 6.46 74.05
78 6.46 83.85
78 6.46 93.65
78 16.853 5.45
78 16.853 15.25
78 16.853 25.05
78 16.853 34.85
78 16.853 44.65
78 16.853 54.45
78 16.853 64.25
78 16.853 74.05
78 16.853 83.85
78 16.853 93.65
78 27.246 5.45
78 27.246 15.25
78 27.246 25.05
78 27.246 34.85
78 27.246 44.65
78 27.246 54.45
78 27.246 64.25
78 27.246 74.05
78 27.246 83.85
78 27.246 93.65
78 37.639 5.45
78 37.639 15.25
78 37.639 25.05
78 37.639 34.85
78 37.639 44.65
78 37.639 54.45
78 37.639 64.25
78 37.639 74.05
78 37.639 83.85
78 37.639 93.65
78 48.032 5.45
78 48.032 15.25
78 48.032 25.05
78 48.032 34.85
78 48.032 44.65
78 48.032 54.45
78 48.032 64.25
78 48.032 74.05
78 48.032 83.85
78 48.032 93.65
78 58.425 5.45
78 58.425 15.25
78 58.425 25.05
78 58.425 34.85
78 58.425 44.65
78 58.425 54.45
78 58.425 64.25
78 58.425 74.05
78 58.425 83.85
78 58.425 93.65
78 68.818 5.45
78 68.818 15.25
78 68.818 25.05
78 68.818 34.85
78 68.818 44.65
78 68.818 54.45
78 68.818 64.25
78 68.818 74.05
78 68.818 83.85
78 68.818 93.65
78 79.211 5.45
78 79.211 15.25
78 79.211 25.05
78 79.211 34.85
78 79.211 44.65
78 79.211 54.45
78 79.211 64.25
78 79.211 74.05
78 79.211 83.85
78 79.211 93.65
78 89.604 5.45
78 89.604 15.25
78 89.604 25.05
78 89.604 34.85
78 89.604 44.65
78 89.604 54.45
78 89.604 64.25
78 89.604 74.05
78 89.604 83.85
78 89.604 93.65
78 99.997 5.45
78 99.997 15.25
78 99.997 25.05
78 99.997 34.85
78 99.997 44.65
78 99.997 54.45
78 99.997 64.25
78 99.997 74.05
78 99.997 83.85
78 99.997 93.65
84 6.46 5.45
84 6.46 15.25
84 6.46 25.05
84 6.46 34.85
84 6.46 44.65
84 6.46 54.45
84 6.46 64.25
84 6.46 74.05
84 6.46 83.85
84 6.46 93.65
84 16.853 5.45
84 16.853 15.25
84 16.853 25.05
84 16.853 34.85
84 16.853 44.65
84 16.853 54.45
84 16.853 64.25
84 16.853 74.05
84 16.853 83.85
84 16.853 93.65
84 27.246 5.45
84 27.246 15.25
84 27.246 25.05
84 27.246 34.85
84 27.246 44.65
84 27.246 54.45
84 27.246 64.25
84 27.246 74.05
84 27.246 83.85
84 27.246 93.65
84 37.639 5.45
84 37.639 15.25
84 37.639 25.05
84 37.639 34.85
84 37.639 44.65
84 37.639 54.45
84 37.639 64.25
84 37.639 74.05
84 37.639 83.85
84 37.639 93.65
84 48.032 5.45
84 48.032 15.25
84 48.032 25.05
84 48.032 34.85
84 48.032 44.65
84 48.032 54.45
84 48.032 64.25
84 48.032 74.05
84 48.032 83.85
84 48.032 93.65
84 58.425 5.45
84 58.425 15.25
84 58.425 25.05
84 58.425 34.85
84 58.425 44.65
84 58.425 54.45
84 58.425 64.25
84 58.425 74.05
84 58.425 83.85
84 58.425 93.65
84 68.818 5.45
84 68.818 15.25
84 68.818 25.05
84 68.818 34.85
84 68.818 44.65
84 68.818 54.45
84 68.818 64.25
84 68.818 74.05
84 68.818 83.85
84 68.818 93.65
84 79.211 5.45
84 79.211 15.25
84 79.211 25.05
84 79.211 34.85
84 79.211 44.65
84 79.211 54.45
84 79.211 64.25
84 79.211 74.05
84 79.211 83.85
84 79.211 93.65
84 89.604 5.45
84 89.604 15.25
84 89.604 25.05
84 89.604 34.85
84 89.604 44.65
84 89.604 54.45
84 89.604 64.25
84 89.604 74.05
84 89.604 83.85
84 89.604 93.65
84 99.997 5.45
84 99.997 15.25
84 99.997 25.05
84 99.997 34.85
84 99.997 44.65
84 99.997 54.45
84 99.997 64.25
84 99.997 74.05
84 99.997 83.85
84 99.997 93.65
90 6.46 5.45
90 6.46 15.25
90 6.46 25.05
90 6.46 34.85
90 6.46 44.65
90 6.46 54.45
90 6.46 64.25
90 6.46 74.05
90 6.46 83.85
90 6.46 93.65
90 16.853 5.45
90 16.853 15.25
90 16.853 25.05
90 16.853 34.85
90 16.853 44.65
90 16.853 54.45
90 16.853 64.25
90 16.853 74.05
90 16.853 83.85
90 16.853 93.65
90 27.246 5.45
90 27.246 15.25
90 27.246 25.05
90 27.246 34.85
90 27.246 44.65
90 27.246 54.45
90 27.246 64.25
90 27.246 74.05
90 27.246 83.85
90 27.246 93.65
90 37.639 5.45
90 37.639 15.25
90 37.639 25.05
90 37.639 34.85
90 37.639 44.65
90 37.639 54.45
90 37.639 64.25
90 37.639 74.05
90 37.639 83.85
90 37.639 93.65
90 48.032 5.45
90 48.032 15.25
90 48.032 25.05
90 48.032 34.85
90 48.032 44.65
90 48.032 54.45
90 48.032 64.25
90 48.032 74.05
90 48.032 83.85
90 48.032 93.65
90 58.425 5.45
90 58.425 15.25
90 58.425 25.05
90 58.425 34.85
90 58.425 44.65
90 58.425 54.45
90 58.425 64.25
90 58.425 74.05
90 58.425 83.85
90 58.425 93.65
90 68.818 5.45
90 68.818 15.25
90 68.818 25.05
90 68.818 34.85
90 68.818 44.65
90 68.818 54.45
90 68.818 64.25
90 68.818 74.05
90 68.818 83.85
90 68.818 93.65
90 79.211 5.45
90 79.211 15.25
90 79.211 25.05
90 79.211 34.85
90 79.211 44.65
90 79.211 54.45
90 79.211 64.25
90 79.211 74.05
90 79.211 83.85
90 79.211 93.65
90 89.604 5.45
90 89.604 15.25
90 89.604 25.05
90 89.604 34.85
90 89.604 44.65
90 89.604 54.45
90 89.604 64.25
90 89.604 74.05
90 89.604 83.85
90 89.604 93.65
90 99.997 5.45
90 99.997 15.25
90 99.997 25.05
90 99.997 34.85
90 99.997 44.65
90 99.997 54.45
90 99.997 64.25
90 99.997 74.05
90 99.997 83.85
90 99.997 93.65
96 6.46 5.45
96 6.46 15.25
96 6.46 25.05
96 6.46 34.85
96 6.46 44.65
96 6.46 54.45
96 6.46 64.25
96 6.46 74.05
96 6.46 83.85
96 6.46 93.65
96 16.853 5.45
96 16.853 15.25
96 16.853 25.05
96 16.853 34.85
96 16.853 44.65
96 16.853 54.45
96 16.853 64.25
96 16.853 74.05
96 16.853 83.85
96 16.853 93.65
96 27.246 5.45
96 27.246 15.25
96 27.246 25.05
96 27.246 34.85
96 27.246 44.65
96 27.246 54.45
96 27.246 64.25
96 27.246 74.05
96 27.246 83.85
96 27.246 93.65
96 37.639 5.45
96 37.639 15.25
96 37.639 25.05
96 37.639 34.85
96 37.639 44.65
96 37.639 54.45
96 37.639 64.25
96 37.639 74.05
96 37.639 83.85
96 37.639 93.65
96 48.032 5.45
96 48.032 15.25
96 48.032 25.05
96 48.032 34.85
96 48.032 44.65
96 48.032 54.45
96 48.032 64.25
96 48.032 74.05
96 48.032 83.85
96 48.032 93.65
96 58.425 5.45
96 58.425 15.25
96 58.425 25.05
96 58.425 34.85
96 58.425 44.65
96 58.425 54.45
96 58.425 64.25
96 58.425 74.05
96 58.425 83.85
96 58.425 93.65
96 68.818 5.45
96 68.818 15.25
96 68.818 25.05
96 68.818 34.85
96 68.818 44.65
96 68.818 54.45
96 68.818 64.25
96 68.818 74.05
96 68.818 83.85
96 68.818 93.65
96 79.211 5.45
96 79.211 15.25
96 79.211 25.05
96 79.211 34.85
96 79.211 44.65
96 79.211 54.45
96 79.211 64.25
96 79.211 74.05
96 79.211 83.85
96 79.211 93.65
96 89.604 5.45
96 89.604 15.25
96 89.604 25.05
96 89.604 34.85
96 89.604 44.65
96 89.604 54.45
96 89.604 64.25
96 89.604 74.05
96 89.604 83.85
96 89.604 93.65
96 99.997 5.45
96 99.997 15.25
96 99.997 25.05
96 99.997 34.85
96 99.997 44.65
96 99.997 54.45
96 99.997 64.25
96 99.997 74.05
96 99.997 83.85
96 99.997 93.65
3 11.66 5.45
3 11.66 15.25
3 11.66 25.05
3 11.66 34.85
3 11.66 44.65
3 11.66 54.45
3 11.66 64.25
3 11.66 74.05
3 11.66 83.85
3 11.66 93.65
3 22.053 5.45
3 22.053 15.25
3 22.053 25.05
3 22.053 34.85
3 22.053 44.65
3 22.053 54.45
3 22.053 64.25
3 22.053 74.05
3 22.053 83.85
3 22.053 93.65
3 32.446 5.45
3 32.446 15.25
3 32.446 25.05
3 32.446 34.85
3 32.446 44.65
3 32.446 54.45
3 32.446 64.25
3 32.446 74.05
3 32.446 83.85
3 32.446 93.65
3 42.839 5.45
3 42.839 15.25
3 42.839 25.05
3 42.839 34.85
3 42.839 44.65
3 42.839 54.45
3 42.839 64.25
3 42.839 74.05
3 42.839 83.85
3 42.839 93.65
3 53.232 5.45
3 53.232 15.25
3 53.232 25.05
3 53.232 34.85
3 53.232 44.65
3 53.232 54.45
3 53.232 64.25
3 53.232 74.05
3 53.232 83.85
3 53.232 93.65
3 63.625 5.45
3 63.625 15.25
3 63.625 25.05
3 63.625 34.85
3 63.625 44.65
3 63.625 54.45
3 63.625 64.25
3 63.625 74.05
3 63.625 83.85
3 63.625 93.65
3 74.018 5.45
3 74.018 15.25
3 74.018 25.05
3 74.018 34.85
3 74.018 44.65
3 74.018 54.45
3 74.018 64.25
3 74.018 74.05
3 74.018 83.85
3 74.018 93.65
3 84.411 5.45
3 84.411 15.25
3 84.411 25.05
3 84.411 34.85
3 84.411 44.65
3 84.411 54.45
3 84.411 64.25
3 84.411 74.05
3 84.411 83.85
3 84.411 93.65
3 94.804 5.45
3 94.804 15.25
3 94.804 25.05
3 94.804 34.85
3 94.804 44.65
3 94.804 54.45
3 94.804 64.25
3 94.804 74.05
3 94.804 83.85
3 94.804 93.65
9 11.66 5.45
9 11.66 15.25
9 11.66 25.05
9 11.66 34.85
9 11.66 44.65
9 11.66 54.45
9 11.66 64.25
9 11.66 74.05
9 11.66 83.85
9 11.66 93.65
9 22.053 5.45
9 22.053 15.25
9 22.053 25.05
9 22.053 34.85
9 22.053 44.65
9 22.053 54.45
9 22.053 64.25
9 22.053 74.05
9 22.053 83.85
9 22.053 93.65
9 32.446 5.45
9 32.446 15.25
9 32.446 25.05
9 32.446 34.85
9 32.446 44.65
9 32.446 54.45
9 32.446 64.25
9 32.446 74.05
9 32.446 83.85
9 32.446 93.65
9 42.839 5.45
9 42.839 15.25
9 42.839 25.05
9 42.839 34.85
9 42.839 44.65
9 42.839 54.45
9 42.839 64.25
9 42.839 74.05
9 42.839 83.85
9 42.839 93.65
9 53.232 5.45
9 53.232 15.25
9 53.232 25.05
9 53.232 34.85
9 53.232 44.65
9 53.232 54.45
9 53.232 64.25
9 53.232 74.05
9 53.232 83.85
9 53.232 93.65
9 63.625 5.45
9 63.625 15.25
9 63.625 25.05
9 63.625 34.85
9 63.625 44.65
9 63.625 54.45
9 63.625 64.25
9 63.625 74.05
9 63.625 83.85
9 63.625 93.65
9 74.018 5.45
9 74.018 15.25
9 74.018 25.05
9 74.018 34.85
9 74.018 44.65
9 74.018 54.45
9 74.018 64.25
9 74.018 74.05
9 74.018 83.85
9 74.018 93.65
9 84.411 5.45
9 84.411 15.25
9 84.411 25.05
9 84.411 34.85
9 84.411 44.65
9 84.411 54.45
9 84.411 64.25
9 84.411 74.05
9 84.411 83.85
9 84.411 93.65
9 94.804 5.45
9 94.804 15.25
9 94.804 25.05
9 94.804 34.85
9 94.804 44.65
9 94.804 54.45
9 94.804 64.25
9 94.804 74.05
9 94.804 83.85
9 94.804 93.65
15 11.66 5.45
15 11.66 15.25
15 11.66 25.05
15 11.66 34.85
15 11.66 44.65
15 11.66 54.45
15 11.66 64.25
15 11.66 74.05
15 11.66 83.85
15 11.66 93.65
15 22.053 5.45
15 22.053 15.25
15 22.053 25.05
15 22.053 34.85
15 22.053 44.65
15 22.053 54.45
15 22.053 64.25
15 22.053 74.05
15 22.053 83.85
15 22.053 93.65
15 32.446 5.45
15 32.446 15.25
15 32.446 25.05
15 32.446 34.85
15 32.446 44.65
15 32.446 54.45
15 32.446 64.25
15 32.446 74.05
15 32.446 83.85
15 32.446 93.65
15 42.839 5.45
15 42.839 15.25
15 42.839 25.05
15 42.839 34.85
15 42.839 44.65
15 42.839 54.45
15 42.839 64.25
15 42.839 74.05
15 42.839 83.85
15 42.839 93.65
15 53.232 5.45
15 53.232 15.25
15 53.232 25.05
15 53.232 34.85
15 53.232 44.65
15 53.232 54.45
15 53.232 64.25
15 53.232 74.05
15 53.232 83.85
15 53.232 93.65
15 63.625 5.45
15 63.625 15.25
15 63.625 25.05
15 63.625 34.85
15 63.625 44.65
15 63.625 54.45
15 63.625 64.25
15 63.625 74.05
15 63.625 83.85
15 63.625 93.65
15 74.018 5.45
15 74.018 15.25
15 74.018 25.05
15 74.018 34.85
15 74.018 44.65
15 74.018 54.45
15 74.018 64.25
15 74.018 74.05
15 74.018 83.85
15 74.018 93.65
15 84.411 5.45
15 84.411 15.25
15 84.411 25.05
15 84.411 34.85
15 84.411 44.65
15 84.411 54.45
15 84.411 64.25
15 84.411 74.05
15 84.411 83.85
15 84.411 93.65
15 94.804 5.45
15 94.804 15.25
15 94.804 25.05
15 94.804 34.85
15 94.804 44.65
15 94.804 54.45
15 94.804 64.25
15 94.804 74.05
15 94.804 83.85
15 94.804 93.65
21 11.66 5.45
21 11.66 15.25
21 11.66 25.05
21 11.66 34.85
21 11.66 44.65
21 11.66 54.45
21 11.66 64.25
21 11.66 74.05
21 11.66 83.85
21 11.66 93.65
21 22.053 5.45
21 22.053 15.25
21 22.053 25.05
21 22.053 34.85
21 22.053 44.65
21 22.053 54.45
21 22.053 64.25
21 22.053 74.05
21 22.053 83.85
21 22.053 93.65
21 32.446 5.45
21 32.446 15.25
21 32.446 25.05
21 32.446 34.85
21 32.446 44.65
21 32.446 54.45
21 32.446 64.25
21 32.446 74.05
21 32.446 83.85
21 32.446 93.65
21 42.839 5.45
21 42.839 15.25
21 42.839 25.05
21 42.839 34.85
21 42.839 44.65
21 42.839 54.45
21 42.839 64.25
21 42.839 74.05
21 42.839 83.85
21 42.839 93.65
21 53.232 5.45
21 53.232 15.25
21 53.232 25.05
21 53.232 34.85
21 53.232 44.65
21 53.232 54.45
21 53.232 64.25
21 53.232 74.05
21 53.232 83.85
21 53.232 93.65
21 63.625 5.45
21 63.625 15.25
21 63.625 25.05
21 63.625 34.85
21 63.625 44.65
21 63.625 54.45
21 63.625 64.25
21 63.625 74.05
21 63.625 83.85
21 63.625 93.65
21 74.018 5.45
21 74.018 15.25
21 74.018 25.05
21 74.018 34.85
21 74.018 44.65
21 74.018 54.45
21 74.018 64.25
21 74.018 74.05
21 74.018 83.85
21 74.018 93.65
21 84.411 5.45
21 84.411 15.25
21 84.411 25.05
21 84.411 34.85
21 84.411 44.65
21 84.411 54.45
21 84.411 64.25
21 84.411 74.05
21 84.411 83.85
21 84.411 93.65
21 94.804 5.45
21 94.804 15.25
21 94.804 25.05
21 94.804 34.85
21 94.804 44.65
21 94.804 54.45
21 94.804 64.25
21 94.804 74.05
21 94.804 83.85
21 94.804 93.65
27 11.66 5.45
27 11.66 15.25
27 11.66 25.05
27 11.66 34.85
27 11.66 44.65
27 11.66 54.45
27 11.66 64.25
27 11.66 74.05
27 11.66 83.85
27 11.66 93.65
27 22.053 5.45
27 22.053 15.25
27 22.053 25.05
27 22.053 34.85
27 22.053 44.65
27 22.053 54.45
27 22.053 64.25
27 22.053 74.05
27 22.053 83.85
27 22.053 93.65
27 32.446 5.45
27 32.446 15.25
27 32.446 25.05
27 32.446 34.85
27 32.446 44.65
27 32.446 54.45
27 32.446 64.25
27 32.446 74.05
27 32.446 83.85
27 32.446 93.65
27 42.839 5.45
27 42.839 15.25
27 42.839 25.05
27 42.839 34.85
27 42.839 44.65
27 42.839 54.45
27 42.839 64.25
27 42.839 74.05
27 42.839 83.85
27 42.839 93.65
27 53.232 5.45
27 53.232 15.25
27 53.232 25.05
27 53.232 34.85
27 53.232 44.65
27 53.232 54.45
27 53.232 64.25
27 53.232 74.05
27 53.232 83.85
27 53.232 93.65
27 63.625 5.45
27 63.625 15.25
27 63.625 25.05
27 63.625 34.85
27 63.625 44.65
27 63.625 54.45
27 63.625 64.25
27 63.625 74.05
27 63.625 83.85
27 63.625 93.65
27 74.018 5.45
27 74.018 15.25
27 74.018 25.05
27 74.018 34.85
27 74.018 44.65
27 74.018 54.45
27 74.018 64.25
27 74.018 74.05
27 74.018 83.85
27 74.018 93.65
27 84.411 5.45
27 84.411 15.25
27 84.411 25.05
27 84.411 34.85
27 84.411 44.65
27 84.411 54.45
27 84.411 64.25
27 84.411 74.05
27 84.411 83.85
27 84.411 93.65
27 94.804 5.45
27 94.804 15.25
27 94.804 25.05
27 94.804 34.85
27 94.804 44.65
27 94.804 54.45
27 94.804 64.25
27 94.804 74.05
27 94.804 83.85
27 94.804 93.65
33 11.66 5.45
33 11.66 15.25
33 11.66 25.05
33 11.66 34.85
33 11.66 44.65
33 11.66 54.45
33 11.66 64.25
33 11.66 74.05
33 11.66 83.85
33 11.66 93.65
33 22.053 5.45
33 22.053 15.25
33 22.053 25.05
33 22.053 34.85
33 22.053 44.65
33 22.053 54.45
33 22.053 64.25
33 22.053 74.05
33 22.053 83.85
33 22.053 93.65
33 32.446 5.45
33 32.446 15.25
33 32.446 25.05
33 32.446 34.85
33 32.446 44.65
33 32.446 54.45
33 32.446 64.25
33 32.446 74.05
33 32.446 83.85
33 32.446 93.65
33 42.839 5.45
33 42.839 15.25
33 42.839 25.05
33 42.839 34.85
33 42.839 44.65
33 42.839 54.45
33 42.839 64.25
33 42.839 74.05
33 42.839 83.85
33 42.839 93.65
33 53.232 5.45
33 53.232 15.25
33 53.232 25.05
33 53.232 34.85
33 53.232 44.65
33 53.232 54.45
33 53.232 64.25
33 53.232 74.05
33 53.232 83.85
33 53.232 93.65
33 63.625 5.45
33 63.625 15.25
33 63.625 25.05
33 63.625 34.85
33 63.625 44.65
33 63.625 54.45
33 63.625 64.25
33 63.625 74.05
33 63.625 83.85
33 63.625 93.65
33 74.018 5.45
33 74.018 15.25
33 74.018 25.05
33 74.018 34.85
33 74.018 44.65
33 74.018 54.45
33 74.018 64.25
33 74.018 74.05
33 74.018 83.85
33 74.018 93.65
33 84.411 5.45
33 84.411 15.25
33 84.411 25.05
33 84.411 34.85
33 84.411 44.65
33 84.411 54.45
33 84.411 64.25
33 84.411 74.05
33 84.411 83.85
33 84.411 93.65
33 94.804 5.45
33 94.804 15.25
33 94.804 25.05
33 94.804 34.85
33 94.804 44.65
33 94.804 54.45
33 94.804 64.25
33 94.804 74.05
33 94.804 83.85
33 94.804 93.65
39 11.66 5.45
39 11.66 15.25
39 11.66 25.05
39 11.66 34.85
39 11.66 44.65
39 11.66 54.45
39 11.66 64.25
39 11.66 74.05
39 11.66 83.85
39 11.66 93.65
39 22.053 5.45
39 22.053 15.25
39 22.053 25.05
39 22.053 34.85
39 22.053 44.65
39 22.053 54.45
39 22.053 64.25
39 22.053 74.05
39 22.053 83.85
39 22.053 93.65
39 32.446 5.45
39 32.446 15.25
39 32.446 25.05
39 32.446 34.85
39 32.446 44.65
39 32.446 54.45
39 32.446 64.25
39 32.446 74.05
39 32.446 83.85
39 32.446 93.65
39 42.839 5.45
39 42.839 15.25
39 42.839 25.05
39 42.839 34.85
39 42.839 44.65
39 42.839 54.45
39 42.839 64.25
39 42.839 74.05
39 42.839 83.85
39 42.839 93.65
39 53.232 5.45
39 53.232 15.25
39 53.232 25.05
39 53.232 34.85
39 53.232 44.65
39 53.232 54.45
39 53.232 64.25
39 53.232 74.05
39 53.232 83.85
39 53.232 93.65
39 63.625 5.45
39 63.625 15.25
39 63.625 25.05
39 63.625 34.85
39 63.625 44.65
39 63.625 54.45
39 63.625 64.25
39 63.625 74.05
39 63.625 83.85
39 63.625 93.65
39 74.018 5.45
39 74.018 15.25
39 74.018 25.05
39 74.018 34.85
39 74.018 44.65
39 74.018 54.45
39 74.018 64.25
39 74.018 74.05
39 74.018 83.85
39 74.018 93.65
39 84.411 5.45
39 84.411 15.25
39 84.411 25.05
39 84.411 34.85
39 84.411 44.65
39 84.411 54.45
39 84.411 64.25
39 84.411 74.05
39 84.411 83.85
39 84.411 93.65
39 94.804 5.45
39 94.804 15.25
39 94.804 25.05
39 94.804 34.85
39 94.804 44.65
39 94.804 54.45
39 94.804 64.25
39 94.804 74.05
39 94.804 83.85
39 94.804 93.65
45 11.66 5.45
45 11.66 15.25
45 11.66 25.05
45 11.66 34.85
45 11.66 44.65
45 11.66 54.45
45 11.66 64.25
45 11.66 74.05
45 11.66 83.85
45 11.66 93.65
45 22.053 5.45
45 22.053 15.25
45 22.053 25.05
45 22.053 34.85
45 22.053 44.65
45 22.053 54.45
45 22.053 64.25
45 22.053 74.05
45 22.053 83.85
45 22.053 93.65
45 32.446 5.45
45 32.446 15.25
45 32.446 25.05
45 32.446 34.85
45 32.446 44.65
45 32.446 54.45
45 32.446 64.25
45 32.446 74.05
45 32.446 83.85
45 32.446 93.65
45 42.839 5.45
45 42.839 15.25
45 42.839 25.05
45 42.839 34.85
45 42.839 44.65
45 42.839 54.45
45 42.839 64.25
45 42.839 74.05
45 42.839 83.85
45 42.839 93.65
45 53.232 5.45
45 53.232 15.25
45 53.232 25.05
45 53.232 34.85
45 53.232 44.65
45 53.232 54.45
45 53.232 64.25
45 53.232 74.05
45 53.232 83.85
45 53.232 93.65
45 63.625 5.45
45 63.625 15.25
45 63.625 25.05
45 63.625 34.85
45 63.625 44.65
45 63.625 54.45
45 63.625 64.25
45 63.625 74.05
45 63.625 83.85
45 63.625 93.65
45 74.018 5.45
45 74.018 15.25
45 74.018 25.05
45 74.018 34.85
45 74.018 44.65
45 74.018 54.45
45 74.018 64.25
45 74.018 74.05
45 74.018 83.85
45 74.018 93.65
45 84.411 5.45
45 84.411 15.25
45 84.411 25.05
45 84.411 34.85
45 84.411 44.65
45 84.411 54.45
45 84.411 64.25
45 84.411 74.05
45 84.411 83.85
45 84.411 93.65
45 94.804 5.45
45 94.804 15.25
45 94.804 25.05
45 94.804 34.85
45 94.804 44.65
45 94.804 54.45
45 94.804 64.25
45 94.804 74.05
45 94.804 83.85
45 94.804 93.65
51 11.66 5.45
51 11.66 15.25
51 11.66 25.05
51 11.66 34.85
51 11.66 44.65
51 11.66 54.45
51 11.66 64.25
51 11.66 74.05
51 11.66 83.85
51 11.66 93.65
51 22.053 5.45
51 22.053 15.25
51 22.053 25.05
51 22.053 34.85
51 22.053 44.65
51 22.053 54.45
51 22.053 64.25
51 22.053 74.05
51 22.053 83.85
51 22.053 93.65
51 32.446 5.45
51 32.446 15.25
51 32.446 25.05
51 32.446 34.85
51 32.446 44.65
51 32.446 54.45
51 32.446 64.25
51 32.446 74.05
51 32.446 83.85
51 32.446 93.65
51 42.839 5.45
51 42.839 15.25
51 42.839 25.05
51 42.839 34.85
51 42.839 44.65
51 42.839 54.45
51 42.839 64.25
51 42.839 74.05
51 42.839 83.85
51 42.839 93.65
51 53.232 5.45
51 53.232 15.25
51 53.232 25.05
51 53.232 34.85
51 53.232 44.65
51 53.232 54.45
51 53.232 64.25
51 53.232 74.05
51 53.232 83.85
51 53.232 93.65
51 63.625 5.45
51 63.625 15.25
51 63.625 25.05
51 63.625 34.85
51 63.625 44.65
51 63.625 54.45
51 63.625 64.25
51 63.625 74.05
51 63.625 83.85
51 63.625 93.65
51 74.018 5.45
51 74.018 15.25
51 74.018 25.05
51 74.018 34.85
51 74.018 44.65
51 74.018 54.45
51 74.018 64.25
51 74.018 74.05
51 74.018 83.85
51 74.018 93.65
51 84.411 5.45
51 84.411 15.25
51 84.411 25.05
51 84.411 34.85
51 84.411 44.65
51 84.411 54.45
51 84.411 64.25
51 84.411 74.05
51 84.411 83.85
51 84.411 93.65
51 94.804 5.45
51 94.804 15.25
51 94.804 25.05
51 94.804 34.85
51 94.804 44.65
51 94.804 54.45
51 94.804 64.25
51 94.804 74.05
51 94.804 83.85
51 94.804 93.65
57 11.66 5.45
57 11.66 15.25
57 11.66 25.05
57 11.66 34.85
57 11.66 44.65
57 11.66 54.45
57 11.66 64.25
57 11.66 74.05
57 11.66 83.85
57 11.66 93.65
57 22.053 5.45
57 22.053 15.25
57 22.053 25.05
57 22.053 34.85
57 22.053 44.65
57 22.053 54.45
57 22.053 64.25
57 22.053 74.05
57 22.053 83.85
57 22.053 93.65
57 32.446 5.45
57 32.446 15.25
57 32.446 25.05
57 32.446 34.85
57 32.446 44.65
57 32.446 54.45
57 32.446 64.25
57 32.446 74.05
57 32.446 83.85
57 32.446 93.65
57 42.839 5.45
57 42.839 15.25
57 42.839 25.05
57 42.839 34.85
57 42.839 44.65
57 42.839 54.45
57 42.839 64.25
57 42.839 74.05
57 42.839 83.85
57 42.839 93.65
57 53.232 5.45
57 53.232 15.25
57 53.232 25.05
57 53.232 34.85
57 53.232 44.65
57 53.232 54.45
57 53.232 64.25
57 53.232 74.05
57 53.232 83.85
57 53.232 93.65
57 63.625 5.45
57 63.625 15.25
57 63.625 25.05
57 63.625 34.85
57 63.625 44.65
57 63.625 54.45
57 63.625 64.25
57 63.625 74.05
57 63.625 83.85
57 63.625 93.65
57 74.018 5.45
57 74.018 15.25
57 74.018 25.05
57 74.018 34.85
57 74.018 44.65
57 74.018 54.45
57 74.018 64.25
57 74.018 74.05
57 74.018 83.85
57 74.018 93.65
57 84.411 5.45
57 84.411 15.25
57 84.411 25.05
57 84.411 34.85
57 84.411 44.65
57 84.411 54.45
57 84.411 64.25
57 84.411 74.05
57 84.411 83.85
57 84.411 93.65
57 94.804 5.45
57 94.804 15.25
57 94.804 25.05
57 94.804 34.85
57 94.804 44.65
57 94.804 54.45
57 94.804 64.25
57 94.804 74.05
57 94.804 83.85
57 94.804 93.65
63 11.66 5.45
63 11.66 15.25
63 11.66 25.05
63 11.66 34.85
63 11.66 44.65
63 11.66 54.45
63 11.66 64.25
63 11.66 74.05
63 11.66 83.85
63 11.66 93.65
63 22.053 5.45
63 22.053 15.25
63 22.053 25.05
63 22.053 34.85
63 22.053 44.65
63 22.053 54.45
63 22.053 64.25
63 22.053 74.05
63 22.053 83.85
63 22.053 93.65
63 32.446 5.45
63 32.446 15.25
63 32.446 25.05
63 32.446 34.85
63 32.446 44.65
63 32.446 54.45
63 32.446 64.25
63 32.446 74.05
63 32.446 83.85
63 32.446 93.65
63 42.839 5.45
63 42.839 15.25
63 42.839 25.05
63 42.839 34.85
63 42.839 44.65
63 42.839 54.45
63 42.839 64.25
63 42.839 74.05
63 42.839 83.85
63 42.839 93.65
63 53.232 5.45
63 53.232 15.25
63 53.232 25.05
63 53.232 34.85
63 53.232 44.65
63 53.232 54.45
63 53.232 64.25
63 53.232 74.05
63 53.232 83.85
63 53.232 93.65
63 63.625 5.45
63 63.625 15.25
63 63.625 25.05
63 63.625 34.85
63 63.625 44.65
63 63.625 54.45
63 63.625 64.25
63 63.625 74.05
63 63.625 83.85
63 63.625 93.65
63 74.018 5.45
63 74.018 15.25
63 74.018 25.05
63 74.018 34.85
63 74.018 44.65
63 74.018 54.45
63 74.018 64.25
63 74.018 74.05
63 74.018 83.85
63 74.018 93.65
63 84.411 5.45
63 84.411 15.25
63 84.411 25.05
63 84.411 34.85
63 84.411 44.65
63 84.411 54.45
63 84.411 64.25
63 84.411 74.05
63 84.411 83.85
63 84.411 93.65
63 94.804 5.45
63 94.804 15.25
63 94.804 25.05
63 94.804 34.85
63 94.804 44.65
63 94.804 54.45
63 94.804 64.25
63 94.804 74.05
63 94.804 83.85
63 94.804 93.65
69 11.66 5.45
69 11.66 15.25
69 11.66 25.05
69 11.66 34.85
69 11.66 44.65
69 11.66 54.45
69 11.66 64.25
69 11.66 74.05
69 11.66 83.85
69 11.66 93.65
69 22.053 5.45
69 22.053 15.25
69 22.053 25.05
69 22.053 34.85
69 22.053 44.65
69 22.053 54.45
69 22.053 64.25
69 22.053 74.05
69 22.053 83.85
69 22.053 93.65
69 32.446 5.45
69 32.446 15.25
69 32.446 25.05
69 32.446 34.85
69 32.446 44.65
69 32.446 54.45
69 32.446 64.25
69 32.446 74.05
69 32.446 83.85
69 32.446 93.65
69 42.839 5.45
69 42.839 15.25
69 42.839 25.05
69 42.839 34.85
69 42.839 44.65
69 42.839 54.45
69 42.839 64.25
69 42.839 74.05
69 42.839 83.85
69 42.839 93.65
69 53.232 5.45
69 53.232 15.25
69 53.232 25.05
69 53.232 34.85
69 53.232 44.65
69 53.232 54.45
69 53.232 64.25
69 53.232 74.05
69 53.232 83.85
69 53.232 93.65
69 63.625 5.45
69 63.625 15.25
69 63.625 25.05
69 63.625 34.85
69 63.625 44.65
69 63.625 54.45
69 63.625 64.25
69 63.625 74.05
69 63.625 83.85
69 63.625 93.65
69 74.018 5.45
69 74.018 15.25
69 74.018 25.05
69 74.018 34.85
69 74.018 44.65
69 74.018 54.45
69 74.018 64.25
69 74.018 74.05
69 74.018 83.85
69 74.018 93.65
69 84.411 5.45
69 84.411 15.25
69 84.411 25.05
69 84.411 34.85
69 84.411 44.65
69 84.411 54.45
69 84.411 64.25
69 84.411 74.05
69 84.411 83.85
69 84.411 93.65
69 94.804 5.45
69 94.804 15.25
69 94.804 25.05
69 94.804 34.85
69 94.804 44.65
69 94.804 54.45
69 94.804 64.25
69 94.804 74.05
69 94.804 83.85
69 94.804 93.65
75 11.66 5.45
75 11.66 15.25
75 11.66 25.05
75 11.66 34.85
75 11.66 44.65
75 11.66 54.45
75 11.66 64.25
75 11.66 74.05
75 11.66 83.85
75 11.66 93.65
75 22.053 5.45
75 22.053 15.25
75 22.053 25.05
75 22.053 34.85
75 22.053 44.65
75 22.053 54.45
75 22.053 64.25
75 22.053 74.05
75 22.053 83.85
75 22.053 93.65
75 32.446 5.45
75 32.446 15.25
75 32.446 25.05
75 32.446 34.85
75 32.446 44.65
75 32.446 54.45
75 32.446 64.25
75 32.446 74.05
75 32.446 83.85
75 32.446 93.65
75 42.839 5.45
75 42.839 15.25
75 42.839 25.05
75 42.839 34.85
75 42.839 44.65
75 42.839 54.45
75 42.839 64.25
75 42.839 74.05
75 42.839 83.85
75 42.839 93.65
75 53.232 5.45
75 53.232 15.25
75 53.232 25.05
75 53.232 34.85
75 53.232 44.65
75 53.232 54.45
75 53.232 64.25
75 53.232 74.05
75 53.232 83.85
75 53.232 93.65
75 63.625 5.45
75 63.625 15.25
75 63.625 25.05
75 63.625 34.85
75 63.625 44.65
75 63.625 54.45
75 63.625 64.25
75 63.625 74.05
75 63.625 83.85
75 63.625 93.65
75 74.018 5.45
75 74.018 15.25
75 74.018 25.05
75 74.018 34.85
75 74.018 44.65
75 74.018 54.45
75 74.018 64.25
75 74.018 74.05
75 74.018 83.85
75 74.018 93.65
75 84.411 5.45
75 84.411 15.25
75 84.411 25.05
75 84.411 34.85
75 84.411 44.65
75 84.411 54.45
75 84.411 64.25
75 84.411 74.05
75 84.411 83.85
75 84.411 93.65
75 94.804 5.45
75 94.804 15.25
75 94.804 25.05
75 94.804 34.85
75 94.804 44.65
75 94.804 54.45
75 94.804 64.25
75 94.804 74.05
75 94.804 83.85
75 94.804 93.65
81 11.66 5.45
81 11.66 15.25
81 11.66 25.05
81 11.66 34.85
81 11.66 44.65
81 11.66 54.45
81 11.66 64.25
81 11.66 74.05
81 11.66 83.85
81 11.66 93.65
81 22.053 5.45
81 22.053 15.25
81 22.053 25.05
81 22.053 34.85
81 22.053 44.65
81 22.053 54.45
81 22.053 64.25
81 22.053 74.05
81 22.053 83.85
81 22.053 93.65
81 32.446 5.45
81 32.446 15.25
81 32.446 25.05
81 32.446 34.85
81 32.446 44.65
81 32.446 54.45
81 32.446 64.25
81 32.446 74.05
81 32.446 83.85
81 32.446 93.65
81 42.839 5.45
81 42.839 15.25
81 42.839 25.05
81 42.839 34.85
81 42.839 44.65
81 42.839 54.45
81 42.839 64.25
81 42.839 74.05
81 42.839 83.85
81 42.839 93.65
81 53.232 5.45
81 53.232 15.25
81 53.232 25.05
81 53.232 34.85
81 53.232 44.65
81 53.232 54.45
81 53.232 64.25
81 53.232 74.05
81 53.232 83.85
81 53.232 93.65
81 63.625 5.45
81 63.625 15.25
81 63.625 25.05
81 63.625 34.85
81 63.625 44.65
81 63.625 54.45
81 63.625 64.25
81 63.625 74.05
81 63.625 83.85
81 63.625 93.65
81 74.018 5.45
81 74.018 15.25
81 74.018 25.05
81 74.018 34.85
81 74.018 44.65
81 74.018 54.45
81 74.018 64.25
81 74.018 74.05
81 74.018 83.85
81 74.018 93.65
81 84.411 5.45
81 84.411 15.25
81 84.411 25.05
81 84.411 34.85
81 84.411 44.65
81 84.411 54.45
81 84.411 64.25
81 84.411 74.05
81 84.411 83.85
81 84.411 93.65
81 94.804 5.45
81 94.804 15.25
81 94.804 25.05
81 94.804 34.85
81 94.804 44.65
81 94.804 54.45
81 94.804 64.25
81 94.804 74.05
81 94.804 83.85
81 94.804 93.65
87 11.66 5.45
87 11.66 15.25
87 11.66 25.05
87 11.66 34.85
87 11.66 44.65
87 11.66 54.45
87 11.66 64.25
87 11.66 74.05
87 11.66 83.85
87 11.66 93.65
87 22.053 5.45
87 22.053 15.25
87 22.053 25.05
87 22.053 34.85
87 22.053 44.65
87 22.053 54.45
87 22.053 64.25
87 22.053 74.05
87 22.053 83.85
87 22.053 93.65
87 32.446 5.45
87 32.446 15.25
87 32.446 25.05
87 32.446 34.85
87 32.446 44.65
87 32.446 54.45
87 32.446 64.25
87 32.446 74.05
87 32.446 83.85
87 32.446 93.65
87 42.839 5.45
87 42.839 15.25
87 42.839 25.05
87 42.839 34.85
87 42.839 44.65
87 42.839 54.45
87 42.839 64.25
87 42.839 74.05
87 42.839 83.85
87 42.839 93.65
87 53.232 5.45
87 53.232 15.25
87 53.232 25.05
87 53.232 34.85
87 53.232 44.65
87 53.232 54.45
87 53.232 64.25
87 53.232 74.05
87 53.232 83.85
87 53.232 93.65
87 63.625 5.45
87 63.625 15.25
87 63.625 25.05
87 63.625 34.85
87 63.625 44.65
87 63.625 54.45
87 63.625 64.25
87 63.625 74.05
87 63.625 83.85
87 63.625 93.65
87 74.018 5.45
87 74.018 15.25
87 74.018 25.05
87 74.018 34.85
87 74.018 44.65
87 74.018 54.45
87 74.018 64.25
87 74.018 74.05
87 74.018 83.85
87 74.018 93.65
87 84.411 5.45
87 84.411 15.25
87 84.411 25.05
87 84.411 34.85
87 84.411 44.65
87 84.411 54.45
87 84.411 64.25
87 84.411 74.05
87 84.411 83.85
87 84.411 93.65
87 94.804 5.45
87 94.804 15.25
87 94.804 25.05
87 94.804 34.85
87 94.804 44.65
87 94.804 54.45
87 94.804 64.25
87 94.804 74.05
87 94.804 83.85
87 94.804 93.65
93 11.66 5.45
93 11.66 15.25
93 11.66 25.05
93 11.66 34.85
93 11.66 44.65
93 11.66 54.45
93 11.66 64.25
93 11.66 74.05
93 11.66 83.85
93 11.66 93.65
93 22.053 5.45
93 22.053 15.25
93 22.053 25.05
93 22.053 34.85
93 22.053 44.65
93 22.053 54.45
93 22.053 64.25
93 22.053 74.05
93 22.053 83.85
93 22.053 93.65
93 32.446 5.45
93 32.446 15.25
93 32.446 25.05
93 32.446 34.85
93 32.446 44.65
93 32.446 54.45
93 32.446 64.25
93 32.446 74.05
93 32.446 83.85
93 32.446 93.65
93 42.839 5.45
93 42.839 15.25
93 42.839 25.05
93 42.839 34.85
93 42.839 44.65
93 42.839 54.45
93 42.839 64.25
93 42.839 74.05
93 42.839 83.85
93 42.839 93.65
93 53.232 5.45
93 53.232 15.25
93 53.232 25.05
93 53.232 34.85
93 53.232 44.65
93 53.232 54.45
93 53.232 64.25
93 53.232 74.05
93 53.232 83.85
93 53.232 93.65
93 63.625 5.45
93 63.625 15.25
93 63.625 25.05
93 63.625 34.85
93 63.625 44.65
93 63.625 54.45
93 63.625 64.25
93 63.625 74.05
93 63.625 83.85
93 63.625 93.65
93 74.018 5.45
93 74.018 15.25
93 74.018 25.05
93 74.018 34.85
93 74.018 44.65
93 74.018 54.45
93 74.018 64.25
93 74.018 74.05
93 74.018 83.85
93 74.018 93.65
93 84.411 5.45
93 84.411 15.25
93 84.411 25.05
93 84.411 34.85
93 84.411 44.65
93 84.411 54.45
93 84.411 64.25
93 84.411 74.05
93 84.411 83.85
93 84.411 93.65
93 94.804 5.45
93 94.804 15.25
93 94.804 25.05
93 94.804 34.85
93 94.804 44.65
93 94.804 54.45
93 94.804 64.25
93 94.804 74.05
93 94.804 83.85
93 94.804 93.65
99 11.66 5.45
99 11.66 15.25
99 11.66 25.05
99 11.66 34.85
99 11.66 44.65
99 11.66 54.45
99 11.66 64.25
99 11.66 74.05
99 11.66 83.85
99 11.66 93.65
99 22.053 5.45
99 22.053 15.25
99 22.053 25.05
99 22.053 34.85
99 22.053 44.65
99 22.053 54.45
99 22.053 64.25
99 22.053 74.05
99 22.053 83.85
99 22.053 93.65
99 32.446 5.45
99 32.446 15.25
99 32.446 25.05
99 32.446 34.85
99 32.446 44.65
99 32.446 54.45
99 32.446 64.25
99 32.446 74.05
99 32.446 83.85
99 32.446 93.65
99 42.839 5.45
99 42.839 15.25
99 42.839 25.05
99 42.839 34.85
99 42.839 44.65
99 42.839 54.45
99 42.839 64.25
99 42.839 74.05
99 42.839 83.85
99 42.839 93.65
99 53.232 5.45
99 53.232 15.25
99 53.232 25.05
99 53.232 34.85
99 53.232 44.65
99 53.232 54.45
99 53.232 64.25
99 53.232 74.05
99 53.232 83.85
99 53.232 93.65
99 63.625 5.45
99 63.625 15.25
99 63.625 25.05
99 63.625 34.85
99 63.625 44.65
99 63.625 54.45
99 63.625 64.25
99 63.625 74.05
99 63.625 83.85
99 63.625 93.65
99 74.018 5.45
99 74.018 15.25
99 74.018 25.05
99 74.018 34.85
99 74.018 44.65
99 74.018 54.45
99 74.018 64.25
99 74.018 74.05
99 74.018 83.85
99 74.018 93.65
99 84.411 5.45
99 84.411 15.25
99 84.411 25.05
99 84.411 34.85
99 84.411 44.65
99 84.411 54.45
99 84.411 64.25
99 84.411 74.05
99 84.411 83.85
99 84.411 93.65
99 94.804 5.45
99 94.804 15.25
99 94.804 25.05
99 94.804 34.85
99 94.804 44.65
99 94.804 54.45
99 94.804 64.25
99 94.804 74.05
99 94.804 83.85
99 94.804 93.65
