0,250,25, 0
1,250,25, 0
2,250,25, 0
3,250,25, 0
4,250,25, 0
5,250,25, 0
6,250,25, 0
7,250,25, 0
8,250,25, 0
9,250,25, 0
10,250,25, 0
11,250,25, 0
12,250,25, 0
13,250,25, 0
14,250,25, 0
15,250,25, 0
16,250,25, 0
17,250,25, 0
18,250,25, 0
19,250,25, 0
20,250,25, 0
21,250,25, 0
22,250,25, 0
23,250,25, 0
24,250,25, 0
25,250,25, 0
26,250,25, 0
27,250,25, 0
28,250,25, 0
29,250,25, 0
30,250,25, 0
31,250,25, 0
32,250,25, 0
33,250,25, 0
34,250,25, 0
35,250,25, 0
36,250,25, 0
37,250,25, 0
38,250,25, 0
39,250,25, 0
40,250,25, 0
41,250,25, 0
42,250,25, 0
43,250,25, 0
44,250,25, 0
45,250,25, 0
46,250,25, 0
47,250,25, 0
48,250,25, 0
49,250,25, 0
50,250,25, 0
51,250,25, 0
52,250,25, 0
53,250,25, 0
54,250,25, 0
55,250,25, 0
56,250,25, 0
57,250,25, 0
58,250,25, 0
59,250,25, 0
60,250,25, 0
61,250,25, 0
62,250,25, 0
63,250,25, 0
64,250,25, 0
65,250,25, 0
66,250,25, 0
67,250,25, 0
68,250,25, 0
69,250,25, 0
70,250,25, 0
71,250,25, 0
72,250,25, 0
73,250,25, 0
74,250,25, 0
75,250,25, 0
76,250,25, 0
77,250,25, 0
78,250,25, 0
79,250,25, 0
80,250,25, 0
81,250,25, 0
82,250,25, 0
83,250,25, 0
84,250,25, 0
85,250,25, 0
86,250,25, 0
87,250,25, 0
88,250,25, 0
89,250,25, 0
90,250,25, 0
91,250,25, 0
92,250,25, 0
93,250,25, 0
94,250,25, 0
95,250,25, 0
96,250,25, 0
97,250,25, 0
98,250,25, 0
99,250,25, 0
100,250,25, 0
101,250,25, 0
102,250,25, 0
103,250,25, 0
104,250,25, 0
105,250,25, 0
106,250,25, 0
107,250,25, 0
108,250,25, 0
109,250,25, 0
110,250,25, 0
111,250,25, 0
112,250,25, 0
113,250,25, 0
114,250,25, 0
115,250,25, 0
116,250,25, 0
117,250,25, 0
118,250,25, 0
119,250,25, 0
120,250,25, 0
121,250,25, 0
122,250,25, 0
123,250,25, 0
124,250,25, 0
125,250,25, 0
126,250,25, 0
127,250,25, 0
128,250,25, 0
129,250,25, 0
130,250,25, 0
131,250,25, 0
132,250,25, 0
133,250,25, 0
134,250,25, 0
135,250,25, 0
136,250,25, 0
137,250,25, 0
138,250,25, 0
139,250,25, 0
140,250,25, 0
141,250,25, 0
142,250,25, 0
143,250,25, 0
144,250,25, 0
145,250,25, 0
146,250,25, 0
147,250,25, 0
148,250,25, 0
149,250,25, 0
150,250,25, 0
151,250,25, 0
152,250,25, 0
153,250,25, 0
154,250,25, 0
155,250,25, 0
156,250,25, 0
157,250,25, 0
158,250,25, 0
159,250,25, 0
160,250,25, 0
161,250,25, 0
162,250,25, 0
163,250,25, 0
164,250,25, 0
165,250,25, 0
166,250,25, 0
167,250,25, 0
168,250,25, 0
169,250,25, 0
170,250,25, 0
171,250,25, 0
172,250,25, 0
173,250,25, 0
174,250,25, 0
175,250,25, 0
176,250,25, 0
177,250,25, 0
178,250,25, 0
179,250,25, 0
180,250,25, 0
181,250,25, 0
182,250,25, 0
183,250,25, 0
184,250,25, 0
185,250,25, 0
186,250,25, 0
187,250,25, 0
188,250,25, 0
189,250,25, 0
190,250,25, 0
191,250,25, 0
192,250,25, 0
193,250,25, 0
194,250,25, 0
195,250,25, 0
196,250,25, 0
197,250,25, 0
198,250,25, 0
199,250,25, 0
200,250,25, 0
201,250,25, 0
202,250,25, 0
203,250,25, 0
204,250,25, 0
205,250,25, 0
206,250,25, 0
207,250,25, 0
208,250,25, 0
209,250,25, 0
210,250,25, 0
211,250,25, 0
212,250,25, 0
213,250,25, 0
214,250,25, 0
215,250,25, 0
216,250,25, 0
217,250,25, 0
218,250,25, 0
219,250,25, 0
220,250,25, 0
221,250,25, 0
222,250,25, 0
223,250,25, 0
224,250,25, 0
225,250,25, 0
226,250,25, 0
227,250,25, 0
228,250,25, 0
229,250,25, 0
230,250,25, 0
231,250,25, 0
232,250,25, 0
233,250,25, 0
234,250,25, 0
235,250,25, 0
236,250,25, 0
237,250,25, 0
238,250,25, 0
239,250,25, 0
240,250,25, 0
241,250,25, 0
242,250,25, 0
243,250,25, 0
244,250,25, 0
245,250,25, 0
246,250,25, 0
247,250,25, 0
248,250,25, 0
249,250,25, 0
250,250,25, 0
251,250,25, 0
252,250,25, 0
253,250,25, 0
254,250,25, 0
255,250,25, 0
256,250,25, 0
257,250,25, 0
258,250,25, 0
259,250,25, 0
260,250,25, 0
261,250,25, 0
262,250,25, 0
263,250,25, 0
264,250,25, 0
265,250,25, 0
266,250,25, 0
267,250,25, 0
268,250,25, 0
269,250,25, 0
270,250,25, 0
271,250,25, 0
272,250,25, 0
273,250,25, 0
274,250,25, 0
275,250,25, 0
276,250,25, 0
277,250,25, 0
278,250,25, 0
279,250,25, 0
280,250,25, 0
281,250,25, 0
282,250,25, 0
283,250,25, 0
284,250,25, 0
285,250,25, 0
286,250,25, 0
287,250,25, 0
288,250,25, 0
289,250,25, 0
290,250,25, 0
291,250,25, 0
292,250,25, 0
293,250,25, 0
294,250,25, 0
295,250,25, 0
296,250,25, 0
297,250,25, 0
298,250,25, 0
299,250,25, 0
300,250,25, 0
301,250,25, 0
302,250,25, 0
303,250,25, 0
304,250,25, 0
305,250,25, 0
306,250,25, 0
307,250,25, 0
308,250,25, 0
309,250,25, 0
310,250,25, 0
311,250,25, 0
312,250,25, 0
313,250,25, 0
314,250,25, 0
315,250,25, 0
316,250,25, 0
317,250,25, 0
318,250,25, 0
319,250,25, 0
320,250,25, 0
321,250,25, 0
322,250,25, 0
323,250,25, 0
324,250,25, 0
325,250,25, 0
326,250,25, 0
327,250,25, 0
328,250,25, 0
329,250,25, 0
330,250,25, 0
331,250,25, 0
332,250,25, 0
333,250,25, 0
334,250,25, 0
335,250,25, 0
336,250,25, 0
337,250,25, 0
338,250,25, 0
339,250,25, 0
340,250,25, 0
341,250,25, 0
342,250,25, 0
343,250,25, 0
344,250,25, 0
345,250,25, 0
346,250,25, 0
347,250,25, 0
348,250,25, 0
349,250,25, 0
350,250,25, 0
351,250,25, 0
352,250,25, 0
353,250,25, 0
354,250,25, 0
355,250,25, 0
356,250,25, 0
357,250,25, 0
358,250,25, 0
359,250,25, 0
360,250,25, 0
361,250,25, 0
362,250,25, 0
363,250,25, 0
364,250,25, 0
365,250,25, 0
366,250,25, 0
367,250,25, 0
368,250,25, 0
369,250,25, 0
370,250,25, 0
371,250,25, 0
372,250,25, 0
373,250,25, 0
374,250,25, 0
375,250,25, 0
376,250,25, 0
377,250,25, 0
378,250,25, 0
379,250,25, 0
380,250,25, 0
381,250,25, 0
382,250,25, 0
383,250,25, 0
384,250,25, 0
385,250,25, 0
386,250,25, 0
387,250,25, 0
388,250,25, 0
389,250,25, 0
390,250,25, 0
391,250,25, 0
392,250,25, 0
393,250,25, 0
394,250,25, 0
395,250,25, 0
396,250,25, 0
397,250,25, 0
398,250,25, 0
399,250,25, 0
400,250,25, 0
401,250,25, 0
402,250,25, 0
403,250,25, 0
404,250,25, 0
405,250,25, 0
406,250,25, 0
407,250,25, 0
408,250,25, 0
409,250,25, 0
410,250,25, 0
411,250,25, 0
412,250,25, 0
413,250,25, 0
414,250,25, 0
415,250,25, 0
416,250,25, 0
417,250,25, 0
418,250,25, 0
419,250,25, 0
420,250,25, 0
421,250,25, 0
422,250,25, 0
423,250,25, 0
424,250,25, 0
425,250,25, 0
426,250,25, 0
427,250,25, 0
428,250,25, 0
429,250,25, 0
430,250,25, 0
431,250,25, 0
432,250,25, 0
433,250,25, 0
434,250,25, 0
435,250,25, 0
436,250,25, 0
437,250,25, 0
438,250,25, 0
439,250,25, 0
440,250,25, 0
441,250,25, 0
442,250,25, 0
443,250,25, 0
444,250,25, 0
445,249,24, 1
446,249,24, 1
447,249,24, 1
448,249,24, 1
449,249,24, 1
450,249,24, 1
451,249,24, 1
452,249,24, 1
453,249,24, 1
454,249,24, 1
455,249,24, 1
456,249,24, 1
457,249,24, 1
458,249,24, 1
459,249,24, 1
460,249,24, 1
461,249,24, 1
462,249,24, 1
463,249,24, 1
464,249,24, 1
465,249,24, 1
466,249,24, 1
467,249,24, 1
468,249,24, 1
469,249,24, 1
470,249,24, 1
471,249,24, 1
472,249,24, 1
473,249,24, 1
474,249,24, 1
475,249,24, 1
476,249,24, 1
477,249,24, 1
478,249,24, 1
479,249,24, 1
480,249,24, 1
481,249,24, 1
482,249,24, 1
483,249,24, 1
484,249,24, 1
485,249,24, 1
486,249,24, 1
487,249,24, 1
488,249,24, 1
489,249,24, 1
490,249,24, 1
491,249,24, 1
492,249,24, 1
493,249,24, 1
494,249,24, 1
495,249,24, 1
496,249,24, 1
497,249,24, 1
498,249,24, 1
499,249,24, 1
500,249,24, 1
501,249,24, 1
502,249,24, 1
503,249,24, 1
504,249,24, 1
505,249,24, 1
506,249,24, 1
507,249,24, 1
508,249,24, 1
509,249,24, 1
510,249,24, 1
511,249,24, 1
512,249,24, 1
513,249,24, 1
514,249,24, 1
515,249,24, 1
516,249,24, 1
517,249,24, 1
518,249,24, 1
519,249,24, 1
520,249,24, 1
521,249,24, 1
522,249,24, 1
523,249,24, 1
524,249,24, 1
525,249,24, 1
526,249,24, 1
527,249,24, 1
528,249,24, 1
529,249,24, 1
530,249,24, 1
531,249,24, 1
532,249,24, 1
533,249,24, 1
534,249,24, 1
535,249,24, 1
536,249,24, 1
537,249,24, 1
538,249,24, 1
539,249,24, 1
540,249,24, 1
541,249,24, 1
542,249,24, 1
543,249,24, 1
544,249,24, 1
545,249,24, 1
546,249,24, 1
547,249,24, 1
548,249,24, 1
549,249,24, 1
550,249,24, 1
551,249,24, 1
552,249,24, 1
553,249,24, 1
554,249,24, 1
555,249,24, 1
556,249,24, 1
557,249,24, 1
558,249,24, 1
559,249,24, 1
560,249,24, 1
561,249,24, 1
562,249,24, 1
563,249,24, 1
564,249,24, 1
565,249,24, 1
566,249,24, 1
567,249,24, 1
568,249,24, 1
569,249,24, 1
570,249,24, 1
571,249,24, 1
572,249,24, 1
573,249,24, 1
574,249,24, 1
575,249,24, 1
576,249,24, 1
577,249,24, 1
578,249,24, 1
579,249,24, 1
580,249,24, 1
581,249,24, 1
582,249,24, 1
583,249,24, 1
584,249,24, 1
585,249,24, 1
586,249,24, 1
587,249,24, 1
588,249,24, 1
589,249,24, 1
590,249,24, 1
591,249,24, 1
592,249,24, 1
593,249,24, 1
594,249,24, 1
595,249,24, 1
596,249,24, 1
597,249,24, 1
598,249,24, 1
599,249,24, 1
600,249,24, 1
601,249,24, 1
602,249,24, 1
603,249,24, 1
604,249,24, 1
605,249,24, 1
606,249,24, 1
607,249,24, 1
608,249,24, 1
609,249,24, 1
610,249,24, 1
611,249,24, 1
612,249,24, 1
613,249,24, 1
614,249,24, 1
615,249,24, 1
616,249,24, 1
617,249,24, 1
618,249,24, 1
619,249,24, 1
620,249,24, 1
621,249,24, 1
622,249,24, 1
623,249,24, 1
624,249,24, 1
625,249,24, 1
626,249,24, 1
627,249,24, 1
628,249,24, 1
629,249,24, 1
630,249,24, 1
631,249,24, 1
632,249,24, 1
633,249,24, 1
634,249,24, 1
635,249,24, 1
636,249,24, 1
637,249,24, 1
638,249,24, 1
639,249,24, 1
640,249,24, 1
641,249,24, 1
642,249,24, 1
643,249,24, 1
644,249,24, 1
645,249,24, 1
646,249,24, 1
647,249,24, 1
648,249,24, 1
649,249,24, 1
650,249,24, 1
651,249,24, 1
652,249,24, 1
653,249,24, 1
654,249,24, 1
655,249,24, 1
656,249,24, 1
657,249,24, 1
658,249,24, 1
659,249,24, 1
660,249,24, 1
661,249,24, 1
662,249,24, 1
663,249,24, 1
664,249,24, 1
665,249,24, 1
666,249,24, 1
667,249,24, 1
668,249,24, 1
669,249,24, 1
670,249,24, 1
671,249,24, 1
672,249,24, 1
673,249,24, 1
674,249,24, 1
675,249,24, 1
676,249,24, 1
677,249,24, 1
678,249,24, 1
679,249,24, 1
680,249,24, 1
681,249,24, 1
682,249,24, 1
683,249,24, 1
684,249,24, 1
685,249,24, 1
686,249,24, 1
687,249,24, 1
688,249,24, 1
689,249,24, 1
690,249,24, 1
691,249,24, 1
692,249,24, 1
693,249,24, 1
694,249,24, 1
695,249,24, 1
696,249,24, 1
697,249,24, 1
698,249,24, 1
699,249,24, 1
700,249,24, 1
701,249,24, 1
702,249,24, 1
703,249,24, 1
704,249,24, 1
705,249,24, 1
706,249,24, 1
707,249,24, 1
708,249,24, 1
709,249,24, 1
710,249,24, 1
711,249,24, 1
712,249,24, 1
713,249,24, 1
714,249,24, 1
715,249,24, 1
716,249,24, 1
717,249,24, 1
718,249,24, 1
719,249,24, 1
720,249,24, 1
721,249,24, 1
722,249,24, 1
723,249,24, 1
724,249,24, 1
725,249,24, 1
726,249,24, 1
727,249,24, 1
728,249,24, 1
729,249,24, 1
730,249,24, 1
731,249,24, 1
732,249,24, 1
733,249,24, 1
734,249,24, 1
735,249,24, 1
736,249,24, 1
737,249,24, 1
738,249,24, 1
739,249,24, 1
740,249,24, 1
741,249,24, 1
742,249,24, 1
743,249,24, 1
744,249,24, 1
745,249,24, 1
746,249,24, 1
747,249,24, 1
748,249,24, 1
749,249,24, 1
750,249,24, 1
751,249,24, 1
752,249,24, 1
753,249,24, 1
754,249,24, 1
755,249,24, 1
756,249,24, 1
757,249,24, 1
758,249,24, 1
759,249,24, 1
760,249,24, 1
761,249,24, 1
762,249,24, 1
763,249,24, 1
764,249,24, 1
765,249,24, 1
766,249,24, 1
767,249,24, 1
768,249,24, 1
769,249,24, 1
770,249,24, 1
771,249,24, 1
772,249,24, 1
773,249,24, 1
774,249,24, 1
775,249,24, 1
776,249,24, 1
777,249,24, 1
778,249,24, 1
779,249,24, 1
780,249,24, 1
781,249,24, 1
782,249,24, 1
783,249,24, 1
784,249,24, 1
785,249,24, 1
786,249,24, 1
787,249,24, 1
788,249,24, 1
789,249,24, 1
790,249,24, 1
791,249,24, 1
792,249,24, 1
793,249,24, 1
794,249,24, 1
795,249,24, 1
796,249,24, 1
797,249,24, 1
798,249,24, 1
799,249,24, 1
800,249,24, 1
801,249,24, 1
802,249,24, 1
803,249,24, 1
804,249,24, 1
805,249,24, 1
806,249,24, 1
807,249,24, 1
808,249,24, 1
809,249,24, 1
810,249,24, 1
811,249,24, 1
812,249,24, 1
813,249,24, 1
814,249,24, 1
815,249,24, 1
816,249,24, 1
817,249,24, 1
818,249,24, 1
819,249,24, 1
820,249,24, 1
821,249,24, 1
822,249,24, 1
823,249,24, 1
824,249,24, 1
825,249,24, 1
826,249,24, 1
827,249,24, 1
828,249,24, 1
829,249,24, 1
830,249,24, 1
831,249,24, 1
832,249,24, 1
833,249,24, 1
834,249,24, 1
835,249,24, 1
836,249,24, 1
837,249,24, 1
838,249,24, 1
839,249,24, 1
840,249,24, 1
841,249,24, 1
842,249,24, 1
843,249,24, 1
844,249,24, 1
845,249,24, 1
846,249,24, 1
847,249,24, 1
848,249,24, 1
849,249,24, 1
850,249,24, 1
851,249,24, 1
852,249,24, 1
853,249,24, 1
854,249,24, 1
855,249,24, 1
856,249,24, 1
857,249,24, 1
858,249,24, 1
859,249,24, 1
860,249,24, 1
861,249,24, 1
862,249,24, 1
863,249,24, 1
864,249,24, 1
865,249,24, 1
866,249,24, 1
867,249,24, 1
868,249,24, 1
869,249,24, 1
870,249,24, 1
871,249,24, 1
872,249,24, 1
873,249,24, 1
874,249,24, 1
875,249,24, 1
876,249,24, 1
877,249,24, 1
878,249,24, 1
879,249,24, 1
880,249,24, 1
881,249,24, 1
882,249,24, 1
883,249,24, 1
884,249,24, 1
885,249,24, 1
886,249,24, 1
887,249,24, 1
888,249,24, 1
889,249,24, 1
890,249,24, 1
891,249,24, 1
892,249,24, 1
893,249,24, 1
894,249,24, 1
895,249,24, 1
896,249,24, 1
897,249,24, 1
898,249,24, 1
899,249,24, 1
900,249,24, 1
901,249,24, 1
902,249,24, 1
903,249,24, 1
904,249,24, 1
905,249,24, 1
906,249,24, 1
907,249,24, 1
908,249,24, 1
909,249,24, 1
910,249,24, 1
911,249,24, 1
912,249,24, 1
913,249,24, 1
914,249,24, 1
915,249,24, 1
916,249,24, 1
917,249,24, 1
918,249,24, 1
919,249,24, 1
920,249,24, 1
921,249,24, 1
922,249,24, 1
923,249,24, 1
924,249,24, 1
925,249,24, 1
926,249,24, 1
927,249,24, 1
928,249,24, 1
929,249,24, 1
930,249,24, 1
931,249,24, 1
932,249,24, 1
933,249,24, 1
934,249,24, 1
935,249,24, 1
936,249,24, 1
937,249,24, 1
938,249,24, 1
939,249,24, 1
940,249,24, 1
941,249,24, 1
942,249,24, 1
943,249,24, 1
944,249,24, 1
945,249,24, 1
946,249,24, 1
947,249,24, 1
948,249,24, 1
949,249,24, 1
950,249,24, 1
951,249,24, 1
952,249,24, 1
953,249,24, 1
954,249,24, 1
955,249,24, 1
956,249,24, 1
957,249,24, 1
958,249,24, 1
959,249,24, 1
960,249,24, 1
961,249,24, 1
962,249,24, 1
963,249,24, 1
964,249,24, 1
965,249,24, 1
966,249,24, 1
967,249,24, 1
968,249,24, 1
969,249,24, 1
970,249,24, 1
971,249,24, 1
972,249,24, 1
973,249,24, 1
974,249,24, 1
975,249,24, 1
976,249,24, 1
977,249,24, 1
978,249,24, 1
979,249,24, 1
980,249,24, 1
981,249,24, 1
982,249,24, 1
983,249,24, 1
984,249,24, 1
985,249,24, 1
986,249,24, 1
987,249,24, 1
988,249,24, 1
989,249,24, 1
990,249,24, 1
991,249,24, 1
992,249,24, 1
993,249,24, 1
994,249,24, 1
995,249,24, 1
996,249,24, 1
997,249,24, 1
998,249,24, 1
999,249,24, 1
1000,249,24, 1
1001,249,24, 1
1002,249,24, 1
1003,249,24, 1
1004,249,24, 1
1005,249,24, 1
1006,248,23, 2
1007,248,23, 2
1008,248,23, 2
1009,248,23, 2
1010,248,23, 2
1011,248,23, 2
1012,248,23, 2
1013,248,23, 2
1014,248,23, 2
1015,248,23, 2
1016,248,23, 2
1017,248,23, 2
1018,248,23, 2
1019,248,23, 2
1020,248,23, 2
1021,248,23, 2
1022,248,23, 2
1023,248,23, 2
1024,248,23, 2
1025,248,23, 2
1026,248,23, 2
1027,248,23, 2
1028,248,23, 2
1029,248,23, 2
1030,248,23, 2
1031,248,23, 2
1032,248,23, 2
1033,248,23, 2
1034,248,23, 2
1035,248,23, 2
1036,248,23, 2
1037,248,23, 2
1038,248,23, 2
1039,248,23, 2
1040,248,23, 2
1041,248,23, 2
1042,248,23, 2
1043,248,23, 2
1044,248,23, 2
1045,248,23, 2
1046,248,23, 2
1047,248,23, 2
1048,248,23, 2
1049,248,23, 2
1050,248,23, 2
1051,248,23, 2
1052,248,23, 2
1053,248,23, 2
1054,248,23, 2
1055,248,23, 2
1056,248,23, 2
1057,248,23, 2
1058,248,23, 2
1059,248,23, 2
1060,248,23, 2
1061,248,23, 2
1062,248,23, 2
1063,248,23, 2
1064,248,23, 2
1065,248,23, 2
1066,248,23, 2
1067,248,23, 2
1068,248,23, 2
1069,248,23, 2
1070,248,23, 2
1071,248,23, 2
1072,248,23, 2
1073,248,23, 2
1074,248,23, 2
1075,248,23, 2
1076,248,23, 2
1077,248,23, 2
1078,248,23, 2
1079,248,23, 2
1080,248,23, 2
1081,248,23, 2
1082,248,23, 2
1083,248,23, 2
1084,248,23, 2
1085,248,23, 2
1086,248,23, 2
1087,248,23, 2
1088,248,23, 2
1089,248,23, 2
1090,248,23, 2
1091,248,23, 2
1092,248,23, 2
1093,248,23, 2
1094,248,23, 2
1095,248,23, 2
1096,248,23, 2
1097,248,23, 2
1098,248,23, 2
1099,248,23, 2
1100,248,23, 2
1101,248,23, 2
1102,248,23, 2
1103,248,23, 2
1104,248,23, 2
1105,248,23, 2
1106,248,23, 2
1107,248,23, 2
1108,248,23, 2
1109,248,23, 2
1110,248,23, 2
1111,248,23, 2
1112,248,23, 2
1113,248,23, 2
1114,248,23, 2
1115,248,23, 2
1116,248,23, 2
1117,248,23, 2
1118,248,23, 2
1119,248,23, 2
1120,248,23, 2
1121,248,23, 2
1122,248,23, 2
1123,248,23, 2
1124,248,23, 2
1125,248,23, 2
1126,248,23, 2
1127,248,23, 2
1128,248,23, 2
1129,248,23, 2
1130,248,23, 2
1131,248,23, 2
1132,248,23, 2
1133,248,23, 2
1134,248,23, 2
1135,248,23, 2
1136,248,23, 2
1137,248,23, 2
1138,248,23, 2
1139,248,23, 2
1140,248,23, 2
1141,248,23, 2
1142,248,23, 2
1143,248,23, 2
1144,248,23, 2
1145,248,23, 2
1146,248,23, 2
1147,248,23, 2
1148,248,23, 2
1149,248,23, 2
1150,248,23, 2
1151,248,23, 2
1152,248,23, 2
1153,248,23, 2
1154,248,23, 2
1155,248,23, 2
1156,248,23, 2
1157,248,23, 2
1158,248,23, 2
1159,248,23, 2
1160,248,23, 2
1161,248,23, 2
1162,248,23, 2
1163,248,23, 2
1164,248,23, 2
1165,248,23, 2
1166,248,23, 2
1167,248,23, 2
1168,248,23, 2
1169,248,23, 2
1170,248,23, 2
1171,248,23, 2
1172,248,23, 2
1173,248,23, 2
1174,248,23, 2
1175,248,23, 2
1176,248,23, 2
1177,248,23, 2
1178,248,23, 2
1179,248,23, 2
1180,248,23, 2
1181,248,23, 2
1182,248,23, 2
1183,248,23, 2
1184,248,23, 2
1185,248,23, 2
1186,248,23, 2
1187,248,23, 2
1188,248,23, 2
1189,248,23, 2
1190,248,23, 2
1191,248,23, 2
1192,248,23, 2
1193,248,23, 2
1194,248,23, 2
1195,248,23, 2
1196,248,23, 2
1197,248,23, 2
1198,248,23, 2
1199,248,23, 2
1200,248,23, 2
1201,248,23, 2
1202,248,23, 2
1203,248,23, 2
1204,248,23, 2
1205,248,23, 2
1206,248,23, 2
1207,248,23, 2
1208,248,23, 2
1209,248,23, 2
1210,248,23, 2
1211,248,23, 2
1212,248,23, 2
1213,248,23, 2
1214,248,23, 2
1215,248,23, 2
1216,248,23, 2
1217,248,23, 2
1218,248,23, 2
1219,248,23, 2
1220,248,23, 2
1221,248,23, 2
1222,248,23, 2
1223,248,23, 2
1224,248,23, 2
1225,248,23, 2
1226,248,23, 2
1227,248,23, 2
1228,248,23, 2
1229,248,23, 2
1230,248,23, 2
1231,248,23, 2
1232,248,23, 2
1233,248,23, 2
1234,248,23, 2
1235,248,23, 2
1236,248,23, 2
1237,248,23, 2
1238,248,23, 2
1239,248,23, 2
1240,248,23, 2
1241,248,23, 2
1242,248,23, 2
1243,248,23, 2
1244,248,23, 2
1245,248,23, 2
1246,248,23, 2
1247,248,23, 2
1248,248,23, 2
1249,248,23, 2
1250,248,23, 2
1251,248,23, 2
1252,248,23, 2
1253,248,23, 2
1254,248,23, 2
1255,248,23, 2
1256,248,23, 2
1257,248,23, 2
1258,248,23, 2
1259,248,23, 2
1260,248,23, 2
1261,248,23, 2
1262,248,23, 2
1263,248,23, 2
1264,248,23, 2
1265,248,23, 2
1266,248,23, 2
1267,248,23, 2
1268,248,23, 2
1269,248,23, 2
1270,248,23, 2
1271,248,23, 2
1272,248,23, 2
1273,248,23, 2
1274,248,23, 2
1275,248,23, 2
1276,248,23, 2
1277,248,23, 2
1278,248,23, 2
1279,248,23, 2
1280,248,23, 2
1281,248,23, 2
1282,248,23, 2
1283,248,23, 2
1284,248,23, 2
1285,248,23, 2
1286,248,23, 2
1287,248,23, 2
1288,248,23, 2
1289,248,23, 2
1290,248,23, 2
1291,248,23, 2
1292,248,23, 2
1293,248,23, 2
1294,248,23, 2
1295,248,23, 2
1296,248,23, 2
1297,248,23, 2
1298,248,23, 2
1299,248,23, 2
1300,248,23, 2
1301,248,23, 2
1302,248,23, 2
1303,248,23, 2
1304,248,23, 2
1305,248,23, 2
1306,248,23, 2
1307,248,23, 2
1308,248,23, 2
1309,248,23, 2
1310,248,23, 2
1311,248,23, 2
1312,248,23, 2
1313,248,23, 2
1314,248,23, 2
1315,248,23, 2
1316,248,23, 2
1317,248,23, 2
1318,248,23, 2
1319,248,23, 2
1320,248,23, 2
1321,248,23, 2
1322,248,23, 2
1323,248,23, 2
1324,248,23, 2
1325,248,23, 2
1326,248,23, 2
1327,248,23, 2
1328,248,23, 2
1329,248,23, 2
1330,248,23, 2
1331,248,23, 2
1332,248,23, 2
1333,248,23, 2
1334,248,23, 2
1335,248,23, 2
1336,248,23, 2
1337,248,23, 2
1338,248,23, 2
1339,248,23, 2
1340,248,23, 2
1341,248,23, 2
1342,248,23, 2
1343,248,23, 2
1344,248,23, 2
1345,248,23, 2
1346,248,23, 2
1347,248,23, 2
1348,248,23, 2
1349,248,23, 2
1350,248,23, 2
1351,248,23, 2
1352,248,23, 2
1353,248,23, 2
1354,248,23, 2
1355,248,23, 2
1356,248,23, 2
1357,248,23, 2
1358,248,23, 2
1359,248,23, 2
1360,248,23, 2
1361,248,23, 2
1362,248,23, 2
1363,248,23, 2
1364,248,23, 2
1365,248,23, 2
1366,248,23, 2
1367,248,23, 2
1368,248,23, 2
1369,248,23, 2
1370,248,23, 2
1371,248,23, 2
1372,248,23, 2
1373,248,23, 2
1374,248,23, 2
1375,248,23, 2
1376,248,23, 2
1377,248,23, 2
1378,248,23, 2
1379,248,23, 2
1380,248,23, 2
1381,248,23, 2
1382,248,23, 2
1383,248,23, 2
1384,248,23, 2
1385,248,23, 2
1386,248,23, 2
1387,248,23, 2
1388,248,23, 2
1389,248,23, 2
1390,248,23, 2
1391,248,23, 2
1392,248,23, 2
1393,248,23, 2
1394,248,23, 2
1395,248,23, 2
1396,248,23, 2
1397,248,23, 2
1398,248,23, 2
1399,248,23, 2
1400,248,23, 2
1401,248,23, 2
1402,248,23, 2
1403,248,23, 2
1404,248,23, 2
1405,248,23, 2
1406,248,23, 2
1407,248,23, 2
1408,248,23, 2
1409,248,23, 2
1410,248,23, 2
1411,248,23, 2
1412,248,23, 2
1413,248,23, 2
1414,248,23, 2
1415,248,23, 2
1416,248,23, 2
1417,248,23, 2
1418,248,23, 2
1419,248,23, 2
1420,248,23, 2
1421,248,23, 2
1422,248,23, 2
1423,248,23, 2
1424,248,23, 2
1425,248,23, 2
1426,248,23, 2
1427,248,23, 2
1428,248,23, 2
1429,248,23, 2
1430,248,23, 2
1431,248,23, 2
1432,248,23, 2
1433,248,23, 2
1434,248,23, 2
1435,248,23, 2
1436,248,23, 2
1437,248,23, 2
1438,248,23, 2
1439,248,23, 2
1440,248,23, 2
1441,248,23, 2
1442,248,23, 2
1443,248,23, 2
1444,248,23, 2
1445,248,23, 2
1446,248,23, 2
1447,248,23, 2
1448,248,23, 2
1449,248,23, 2
1450,248,23, 2
1451,248,23, 2
1452,248,23, 2
1453,248,23, 2
1454,248,23, 2
1455,248,23, 2
1456,248,23, 2
1457,248,23, 2
1458,248,23, 2
1459,248,23, 2
1460,248,23, 2
1461,248,23, 2
1462,248,23, 2
1463,248,23, 2
1464,248,23, 2
1465,248,23, 2
1466,248,23, 2
1467,248,23, 2
1468,248,23, 2
1469,248,23, 2
1470,248,23, 2
1471,248,23, 2
1472,248,23, 2
1473,248,23, 2
1474,248,23, 2
1475,248,23, 2
1476,248,23, 2
1477,248,23, 2
1478,248,23, 2
1479,248,23, 2
1480,248,23, 2
1481,248,23, 2
1482,248,23, 2
1483,248,23, 2
1484,248,23, 2
1485,248,23, 2
1486,248,23, 2
1487,248,23, 2
1488,248,23, 2
1489,248,23, 2
1490,248,23, 2
1491,248,23, 2
1492,248,23, 2
1493,248,23, 2
1494,248,23, 2
1495,248,23, 2
1496,248,23, 2
1497,248,23, 2
1498,248,23, 2
1499,248,23, 2
