0,250,25, 0
1,250,25, 0
2,250,25, 0
3,250,25, 0
4,250,25, 0
5,250,25, 0
6,250,25, 0
7,250,25, 0
8,250,25, 0
9,250,25, 0
10,250,25, 0
11,250,25, 0
12,250,25, 0
13,250,25, 0
14,250,25, 0
15,250,25, 0
16,250,25, 0
17,250,25, 0
18,250,25, 0
19,250,25, 0
20,250,25, 0
21,250,25, 0
22,250,25, 0
23,250,25, 0
24,250,25, 0
25,250,25, 0
26,250,25, 0
27,250,25, 0
28,250,25, 0
29,250,25, 0
30,250,25, 0
31,250,25, 0
32,250,25, 0
33,249,24, 1
34,249,24, 1
35,249,24, 1
36,249,24, 1
37,249,24, 1
38,249,24, 1
39,249,24, 1
40,249,24, 1
41,249,24, 1
42,249,24, 1
43,249,24, 1
44,249,24, 1
45,249,24, 1
46,249,24, 1
47,249,24, 1
48,249,24, 1
49,249,24, 1
50,249,24, 1
51,249,24, 1
52,249,24, 1
53,249,24, 1
54,249,24, 1
55,249,24, 1
56,249,24, 1
57,249,24, 1
58,249,24, 1
59,249,24, 1
60,249,24, 1
61,249,24, 1
62,249,24, 1
63,249,24, 1
64,249,24, 1
65,249,24, 1
66,249,24, 1
67,249,24, 1
68,249,24, 1
69,249,24, 1
70,249,24, 1
71,249,24, 1
72,249,24, 1
73,249,24, 1
74,249,24, 1
75,249,24, 1
76,249,24, 1
77,249,24, 1
78,249,24, 1
79,249,24, 1
80,249,24, 1
81,249,24, 1
82,249,24, 1
83,249,24, 1
84,249,24, 1
85,249,24, 1
86,249,24, 1
87,249,24, 1
88,249,24, 1
89,249,24, 1
90,249,24, 1
91,249,24, 1
92,249,24, 1
93,249,24, 1
94,249,24, 1
95,249,24, 1
96,249,24, 1
97,249,24, 1
98,249,24, 1
99,249,24, 1
100,249,24, 1
101,249,24, 1
102,249,24, 1
103,249,24, 1
104,249,24, 1
105,249,24, 1
106,249,24, 1
107,249,24, 1
108,249,24, 1
109,249,24, 1
110,249,24, 1
111,249,24, 1
112,249,24, 1
113,249,24, 1
114,249,24, 1
115,249,24, 1
116,249,24, 1
117,249,24, 1
118,249,24, 1
119,249,24, 1
120,249,24, 1
121,249,24, 1
122,249,24, 1
123,249,24, 1
124,249,24, 1
125,249,24, 1
126,249,24, 1
127,249,24, 1
128,249,24, 1
129,249,24, 1
130,249,24, 1
131,249,24, 1
132,249,24, 1
133,249,24, 1
134,249,24, 1
135,249,24, 1
136,249,24, 1
137,249,24, 1
138,249,24, 1
139,249,24, 1
140,249,24, 1
141,249,24, 1
142,249,24, 1
143,249,24, 1
144,249,24, 1
145,249,24, 1
146,249,24, 1
147,249,24, 1
148,249,24, 1
149,249,24, 1
150,249,24, 1
151,249,24, 1
152,249,24, 1
153,249,24, 1
154,249,24, 1
155,249,24, 1
156,249,24, 1
157,249,24, 1
158,249,24, 1
159,249,24, 1
160,249,24, 1
161,249,24, 1
162,249,24, 1
163,249,24, 1
164,249,24, 1
165,249,24, 1
166,249,24, 1
167,249,24, 1
168,249,24, 1
169,249,24, 1
170,249,24, 1
171,249,24, 1
172,249,24, 1
173,249,24, 1
174,249,24, 1
175,249,24, 1
176,249,24, 1
177,249,24, 1
178,249,24, 1
179,249,24, 1
180,249,24, 1
181,249,24, 1
182,249,24, 1
183,249,24, 1
184,249,24, 1
185,249,24, 1
186,249,24, 1
187,248,23, 2
188,248,23, 2
189,248,23, 2
190,248,23, 2
191,248,23, 2
192,248,23, 2
193,248,23, 2
194,248,23, 2
195,248,23, 2
196,248,23, 2
197,248,23, 2
198,248,23, 2
199,248,23, 2
200,248,23, 2
201,248,23, 2
202,248,23, 2
203,248,23, 2
204,248,23, 2
205,246,21, 4
206,246,21, 4
207,245,20, 5
208,245,20, 5
209,245,20, 5
210,245,20, 5
211,245,20, 5
212,245,20, 5
213,245,20, 5
214,245,20, 5
215,245,20, 5
216,245,20, 5
217,245,20, 5
218,245,20, 5
219,245,20, 5
220,245,20, 5
221,245,20, 5
222,245,20, 5
223,245,20, 5
224,245,20, 5
225,245,20, 5
226,245,20, 5
227,245,20, 5
228,245,20, 5
229,245,20, 5
230,245,20, 5
231,245,20, 5
232,245,20, 5
233,245,20, 5
234,245,20, 5
235,245,20, 5
236,245,20, 5
237,245,20, 5
238,245,20, 5
239,245,20, 5
240,245,20, 5
241,245,20, 5
242,245,20, 5
243,245,20, 5
244,245,20, 5
245,245,20, 5
246,245,20, 5
247,245,20, 5
248,245,20, 5
249,245,20, 5
250,245,20, 5
251,245,20, 5
252,245,20, 5
253,245,20, 5
254,245,20, 5
255,245,20, 5
256,245,20, 5
257,245,20, 5
258,245,20, 5
259,245,20, 5
260,245,20, 5
261,245,20, 5
262,245,20, 5
263,245,20, 5
264,245,20, 5
265,245,20, 5
266,245,20, 5
267,245,20, 5
268,245,20, 5
269,245,20, 5
270,245,20, 5
271,245,20, 5
272,245,20, 5
273,245,20, 5
274,245,20, 5
275,245,20, 5
276,245,20, 5
277,245,20, 5
278,245,20, 5
279,245,20, 5
280,245,20, 5
281,245,20, 5
282,245,20, 5
283,245,20, 5
284,245,20, 5
285,245,20, 5
286,245,20, 5
287,245,20, 5
288,245,20, 5
289,245,20, 5
290,245,20, 5
291,245,20, 5
292,245,20, 5
293,245,20, 5
294,245,20, 5
295,245,20, 5
296,245,20, 5
297,245,20, 5
298,245,20, 5
299,245,20, 5
300,245,20, 5
301,245,20, 5
302,245,20, 5
303,245,20, 5
304,245,20, 5
305,245,20, 5
306,245,20, 5
307,245,20, 5
308,245,20, 5
309,245,20, 5
310,245,20, 5
311,245,20, 5
312,245,20, 5
313,245,20, 5
314,245,20, 5
315,245,20, 5
316,245,20, 5
317,245,20, 5
318,245,20, 5
319,245,20, 5
320,245,20, 5
321,245,20, 5
322,245,20, 5
323,245,20, 5
324,245,20, 5
325,245,20, 5
326,245,20, 5
327,245,20, 5
328,245,20, 5
329,245,20, 5
330,245,20, 5
331,245,20, 5
332,245,20, 5
333,245,20, 5
334,245,20, 5
335,245,20, 5
336,245,20, 5
337,245,20, 5
338,245,20, 5
339,245,20, 5
340,245,20, 5
341,245,20, 5
342,245,20, 5
343,245,20, 5
344,245,20, 5
345,245,20, 5
346,245,20, 5
347,245,20, 5
348,245,20, 5
349,245,20, 5
350,245,20, 5
351,245,20, 5
352,245,20, 5
353,245,20, 5
354,245,20, 5
355,245,20, 5
356,245,20, 5
357,245,20, 5
358,245,20, 5
359,245,20, 5
360,245,20, 5
361,245,20, 5
362,245,20, 5
363,245,20, 5
364,245,20, 5
365,245,20, 5
366,245,20, 5
367,245,20, 5
368,245,20, 5
369,245,20, 5
370,245,20, 5
371,245,20, 5
372,245,20, 5
373,245,20, 5
374,245,20, 5
375,245,20, 5
376,245,20, 5
377,245,20, 5
378,245,20, 5
379,245,20, 5
380,245,20, 5
381,245,20, 5
382,245,20, 5
383,245,20, 5
384,245,20, 5
385,245,20, 5
386,245,20, 5
387,245,20, 5
388,245,20, 5
389,245,20, 5
390,245,20, 5
391,245,20, 5
392,245,20, 5
393,245,20, 5
394,245,20, 5
395,245,20, 5
396,245,20, 5
397,245,20, 5
398,245,20, 5
399,245,20, 5
400,245,20, 5
401,245,20, 5
402,245,20, 5
403,245,20, 5
404,245,20, 5
405,245,20, 5
406,245,20, 5
407,245,20, 5
408,245,20, 5
409,245,20, 5
410,245,20, 5
411,245,20, 5
412,245,20, 5
413,245,20, 5
414,245,20, 5
415,245,20, 5
416,245,20, 5
417,245,20, 5
418,245,20, 5
419,245,20, 5
420,245,20, 5
421,245,20, 5
422,245,20, 5
423,245,20, 5
424,245,20, 5
425,245,20, 5
426,245,20, 5
427,245,20, 5
428,245,20, 5
429,245,20, 5
430,245,20, 5
431,245,20, 5
432,245,20, 5
433,245,20, 5
434,245,20, 5
435,245,20, 5
436,245,20, 5
437,245,20, 5
438,245,20, 5
439,245,20, 5
440,245,20, 5
441,245,20, 5
442,245,20, 5
443,245,20, 5
444,245,20, 5
445,245,20, 5
446,245,20, 5
447,245,20, 5
448,245,20, 5
449,245,20, 5
450,245,20, 5
451,245,20, 5
452,245,20, 5
453,245,20, 5
454,245,20, 5
455,245,20, 5
456,245,20, 5
457,245,20, 5
458,245,20, 5
459,245,20, 5
460,245,20, 5
461,245,20, 5
462,245,20, 5
463,245,20, 5
464,245,20, 5
465,245,20, 5
466,245,20, 5
467,245,20, 5
468,245,20, 5
469,245,20, 5
470,245,20, 5
471,245,20, 5
472,245,20, 5
473,245,20, 5
474,245,20, 5
475,245,20, 5
476,245,20, 5
477,245,20, 5
478,245,20, 5
479,245,20, 5
480,245,20, 5
481,245,20, 5
482,245,20, 5
483,245,20, 5
484,245,20, 5
485,245,20, 5
486,245,20, 5
487,245,20, 5
488,245,20, 5
489,245,20, 5
490,245,20, 5
491,245,20, 5
492,245,20, 5
493,245,20, 5
494,245,20, 5
495,245,20, 5
496,245,20, 5
497,245,20, 5
498,245,20, 5
499,245,20, 5
500,245,20, 5
501,245,20, 5
502,245,20, 5
503,245,20, 5
504,245,20, 5
505,245,20, 5
506,245,20, 5
507,245,20, 5
508,245,20, 5
509,245,20, 5
510,245,20, 5
511,245,20, 5
512,245,20, 5
513,245,20, 5
514,245,20, 5
515,245,20, 5
516,245,20, 5
517,245,20, 5
518,245,20, 5
519,245,20, 5
520,245,20, 5
521,245,20, 5
522,245,20, 5
523,245,20, 5
524,245,20, 5
525,244,19, 6
526,244,19, 6
527,244,19, 6
528,244,19, 6
529,244,19, 6
530,244,19, 6
531,244,19, 6
532,244,19, 6
533,244,19, 6
534,244,19, 6
535,244,19, 6
536,244,19, 6
537,244,19, 6
538,244,19, 6
539,244,19, 6
540,244,19, 6
541,244,19, 6
542,244,19, 6
543,244,19, 6
544,244,19, 6
545,244,19, 6
546,244,19, 6
547,244,19, 6
548,244,19, 6
549,244,19, 6
550,244,19, 6
551,244,19, 6
552,244,19, 6
553,244,19, 6
554,244,19, 6
555,244,19, 6
556,244,19, 6
557,244,19, 6
558,244,19, 6
559,244,19, 6
560,244,19, 6
561,244,19, 6
562,244,19, 6
563,244,19, 6
564,244,19, 6
565,244,19, 6
566,244,19, 6
567,244,19, 6
568,244,19, 6
569,244,19, 6
570,243,18, 7
571,243,18, 7
572,243,18, 7
573,243,18, 7
574,243,18, 7
575,243,18, 7
576,243,18, 7
577,243,18, 7
578,243,18, 7
579,243,18, 7
580,243,18, 7
581,243,18, 7
582,243,18, 7
583,243,18, 7
584,243,18, 7
585,243,18, 7
586,243,18, 7
587,243,18, 7
588,243,18, 7
589,243,18, 7
590,243,18, 7
591,243,18, 7
592,243,18, 7
593,243,18, 7
594,243,18, 7
595,243,18, 7
596,243,18, 7
597,243,18, 7
598,243,18, 7
599,243,18, 7
600,243,18, 7
601,243,18, 7
602,243,18, 7
603,243,18, 7
604,243,18, 7
605,243,18, 7
606,243,18, 7
607,243,18, 7
608,243,18, 7
609,243,18, 7
610,243,18, 7
611,243,18, 7
612,243,18, 7
613,243,18, 7
614,243,18, 7
615,243,18, 7
616,243,18, 7
617,243,18, 7
618,243,18, 7
619,243,18, 7
620,243,18, 7
621,243,18, 7
622,243,18, 7
623,243,18, 7
624,243,18, 7
625,243,18, 7
626,243,18, 7
627,243,18, 7
628,243,18, 7
629,243,18, 7
630,243,18, 7
631,243,18, 7
632,243,18, 7
633,242,17, 8
634,241,16, 9
635,241,16, 9
636,241,16, 9
637,241,16, 9
638,241,16, 9
639,241,16, 9
640,241,16, 9
641,241,16, 9
642,241,16, 9
643,241,16, 9
644,241,16, 9
645,241,16, 9
646,241,16, 9
647,241,16, 9
648,241,16, 9
649,241,16, 9
650,241,16, 9
651,241,16, 9
652,241,16, 9
653,241,16, 9
654,241,16, 9
655,241,16, 9
656,241,16, 9
657,241,16, 9
658,241,16, 9
659,241,16, 9
660,241,16, 9
661,241,16, 9
662,241,16, 9
663,241,16, 9
664,241,16, 9
665,241,16, 9
666,241,16, 9
667,241,16, 9
668,241,16, 9
669,241,16, 9
670,241,16, 9
671,241,16, 9
672,241,16, 9
673,241,16, 9
674,241,16, 9
675,241,16, 9
676,241,16, 9
677,241,16, 9
678,241,16, 9
679,241,16, 9
680,241,16, 9
681,241,16, 9
682,241,16, 9
683,240,15, 10
684,240,15, 10
685,240,15, 10
686,240,15, 10
687,240,15, 10
688,240,15, 10
689,240,15, 10
690,240,15, 10
691,240,15, 10
692,240,15, 10
693,240,15, 10
694,240,15, 10
695,240,15, 10
696,240,15, 10
697,240,15, 10
698,240,15, 10
699,240,15, 10
700,240,15, 10
701,240,15, 10
702,240,15, 10
703,240,15, 10
704,240,15, 10
705,240,15, 10
706,240,15, 10
707,240,15, 10
708,240,15, 10
709,240,15, 10
710,240,15, 10
711,240,15, 10
712,240,15, 10
713,240,15, 10
714,240,15, 10
715,240,15, 10
716,239,14, 11
717,239,14, 11
718,239,14, 11
719,239,14, 11
720,239,14, 11
721,239,14, 11
722,239,14, 11
723,239,14, 11
724,239,14, 11
725,239,14, 11
726,239,14, 11
727,239,14, 11
728,239,14, 11
729,239,14, 11
730,239,14, 11
731,239,14, 11
732,239,14, 11
733,239,14, 11
734,239,14, 11
735,239,14, 11
736,239,14, 11
737,239,14, 11
738,239,14, 11
739,239,14, 11
740,239,14, 11
741,239,14, 11
742,239,14, 11
743,239,14, 11
744,239,14, 11
745,239,14, 11
746,239,14, 11
747,239,14, 11
748,239,14, 11
749,239,14, 11
750,239,14, 11
751,239,14, 11
752,239,14, 11
753,239,14, 11
754,239,14, 11
755,239,14, 11
756,239,14, 11
757,239,14, 11
758,239,14, 11
759,239,14, 11
760,239,14, 11
761,239,14, 11
762,239,14, 11
763,239,14, 11
764,239,14, 11
765,239,14, 11
766,239,14, 11
767,239,14, 11
768,239,14, 11
769,239,14, 11
770,239,14, 11
771,239,14, 11
772,239,14, 11
773,239,14, 11
774,239,14, 11
775,239,14, 11
776,239,14, 11
777,239,14, 11
778,239,14, 11
779,239,14, 11
780,239,14, 11
781,239,14, 11
782,239,14, 11
783,239,14, 11
784,239,14, 11
785,239,14, 11
786,239,14, 11
787,239,14, 11
788,239,14, 11
789,239,14, 11
790,239,14, 11
791,239,14, 11
792,239,14, 11
793,239,14, 11
794,239,14, 11
795,239,14, 11
796,239,14, 11
797,239,14, 11
798,239,14, 11
799,239,14, 11
800,239,14, 11
801,239,14, 11
802,239,14, 11
803,239,14, 11
804,239,14, 11
805,239,14, 11
806,239,14, 11
807,239,14, 11
808,239,14, 11
809,239,14, 11
810,239,14, 11
811,239,14, 11
812,239,14, 11
813,239,14, 11
814,239,14, 11
815,239,14, 11
816,239,14, 11
817,239,14, 11
818,239,14, 11
819,239,14, 11
820,239,14, 11
821,239,14, 11
822,239,14, 11
823,239,14, 11
824,239,14, 11
825,239,14, 11
826,239,14, 11
827,239,14, 11
828,239,14, 11
829,239,14, 11
830,239,14, 11
831,239,14, 11
832,239,14, 11
833,239,14, 11
834,239,14, 11
835,239,14, 11
836,239,14, 11
837,239,14, 11
838,239,14, 11
839,239,14, 11
840,239,14, 11
841,239,14, 11
842,239,14, 11
843,239,14, 11
844,239,14, 11
845,239,14, 11
846,239,14, 11
847,239,14, 11
848,239,14, 11
849,239,14, 11
850,239,14, 11
851,239,14, 11
852,239,14, 11
853,239,14, 11
854,239,14, 11
855,239,14, 11
856,239,14, 11
857,239,14, 11
858,239,14, 11
859,239,14, 11
860,239,14, 11
861,239,14, 11
862,239,14, 11
863,239,14, 11
864,239,14, 11
865,239,14, 11
866,239,14, 11
867,239,14, 11
868,239,14, 11
869,239,14, 11
870,239,14, 11
871,239,14, 11
872,239,14, 11
873,239,14, 11
874,239,14, 11
875,239,14, 11
876,239,14, 11
877,239,14, 11
878,239,14, 11
879,239,14, 11
880,239,14, 11
881,239,14, 11
882,239,14, 11
883,239,14, 11
884,239,14, 11
885,239,14, 11
886,239,14, 11
887,239,14, 11
888,239,14, 11
889,239,14, 11
890,239,14, 11
891,239,14, 11
892,239,14, 11
893,239,14, 11
894,239,14, 11
895,239,14, 11
896,239,14, 11
897,239,14, 11
898,239,14, 11
899,239,14, 11
900,239,14, 11
901,239,14, 11
902,239,14, 11
903,239,14, 11
904,239,14, 11
905,239,14, 11
906,239,14, 11
907,239,14, 11
908,239,14, 11
909,239,14, 11
910,239,14, 11
911,239,14, 11
912,239,14, 11
913,239,14, 11
914,239,14, 11
915,239,14, 11
916,239,14, 11
917,239,14, 11
918,239,14, 11
919,239,14, 11
920,239,14, 11
921,239,14, 11
922,239,14, 11
923,239,14, 11
924,239,14, 11
925,239,14, 11
926,239,14, 11
927,239,14, 11
928,239,14, 11
929,239,14, 11
930,239,14, 11
931,239,14, 11
932,239,14, 11
933,239,14, 11
934,239,14, 11
935,239,14, 11
936,239,14, 11
937,239,14, 11
938,239,14, 11
939,239,14, 11
940,239,14, 11
941,239,14, 11
942,239,14, 11
943,239,14, 11
944,239,14, 11
945,239,14, 11
946,239,14, 11
947,239,14, 11
948,239,14, 11
949,239,14, 11
950,239,14, 11
951,239,14, 11
952,239,14, 11
953,239,14, 11
954,239,14, 11
955,239,14, 11
956,239,14, 11
957,239,14, 11
958,239,14, 11
959,239,14, 11
960,239,14, 11
961,239,14, 11
962,239,14, 11
963,239,14, 11
964,239,14, 11
965,239,14, 11
966,239,14, 11
967,239,14, 11
968,239,14, 11
969,239,14, 11
970,239,14, 11
971,239,14, 11
972,239,14, 11
973,239,14, 11
974,239,14, 11
975,239,14, 11
976,239,14, 11
977,239,14, 11
978,239,14, 11
979,239,14, 11
980,239,14, 11
981,239,14, 11
982,239,14, 11
983,239,14, 11
984,239,14, 11
985,239,14, 11
986,239,14, 11
987,239,14, 11
988,239,14, 11
989,239,14, 11
990,239,14, 11
991,239,14, 11
992,239,14, 11
993,239,14, 11
994,239,14, 11
995,239,14, 11
996,239,14, 11
997,239,14, 11
998,239,14, 11
999,239,14, 11
1000,239,14, 11
1001,239,14, 11
1002,239,14, 11
1003,239,14, 11
1004,239,14, 11
1005,239,14, 11
1006,239,14, 11
1007,239,14, 11
1008,239,14, 11
1009,239,14, 11
1010,239,14, 11
1011,239,14, 11
1012,239,14, 11
1013,239,14, 11
1014,239,14, 11
1015,239,14, 11
1016,239,14, 11
1017,239,14, 11
1018,239,14, 11
1019,239,14, 11
1020,239,14, 11
1021,239,14, 11
1022,239,14, 11
1023,239,14, 11
1024,239,14, 11
1025,239,14, 11
1026,239,14, 11
1027,239,14, 11
1028,239,14, 11
1029,239,14, 11
1030,239,14, 11
1031,239,14, 11
1032,239,14, 11
1033,239,14, 11
1034,239,14, 11
1035,239,14, 11
1036,239,14, 11
1037,239,14, 11
1038,239,14, 11
1039,239,14, 11
1040,239,14, 11
1041,239,14, 11
1042,239,14, 11
1043,239,14, 11
1044,239,14, 11
1045,239,14, 11
1046,239,14, 11
1047,239,14, 11
1048,239,14, 11
1049,239,14, 11
1050,239,14, 11
1051,239,14, 11
1052,239,14, 11
1053,239,14, 11
1054,239,14, 11
1055,239,14, 11
1056,239,14, 11
1057,239,14, 11
1058,239,14, 11
1059,239,14, 11
1060,239,14, 11
1061,239,14, 11
1062,239,14, 11
1063,239,14, 11
1064,239,14, 11
1065,239,14, 11
1066,239,14, 11
1067,239,14, 11
1068,239,14, 11
1069,239,14, 11
1070,239,14, 11
1071,239,14, 11
1072,239,14, 11
1073,239,14, 11
1074,239,14, 11
1075,239,14, 11
1076,239,14, 11
1077,239,14, 11
1078,239,14, 11
1079,239,14, 11
1080,239,14, 11
1081,239,14, 11
1082,239,14, 11
1083,239,14, 11
1084,239,14, 11
1085,239,14, 11
1086,239,14, 11
1087,239,14, 11
1088,239,14, 11
1089,239,14, 11
1090,239,14, 11
1091,239,14, 11
1092,239,14, 11
1093,239,14, 11
1094,239,14, 11
1095,239,14, 11
1096,239,14, 11
1097,239,14, 11
1098,239,14, 11
1099,239,14, 11
1100,239,14, 11
1101,239,14, 11
1102,239,14, 11
1103,239,14, 11
1104,239,14, 11
1105,239,14, 11
1106,239,14, 11
1107,239,14, 11
1108,239,14, 11
1109,239,14, 11
1110,239,14, 11
1111,239,14, 11
1112,239,14, 11
1113,239,14, 11
1114,239,14, 11
1115,239,14, 11
1116,239,14, 11
1117,239,14, 11
1118,239,14, 11
1119,239,14, 11
1120,239,14, 11
1121,239,14, 11
1122,239,14, 11
1123,239,14, 11
1124,239,14, 11
1125,239,14, 11
1126,239,14, 11
1127,239,14, 11
1128,239,14, 11
1129,239,14, 11
1130,239,14, 11
1131,239,14, 11
1132,239,14, 11
1133,239,14, 11
1134,239,14, 11
1135,239,14, 11
1136,239,14, 11
1137,239,14, 11
1138,239,14, 11
1139,239,14, 11
1140,239,14, 11
1141,239,14, 11
1142,239,14, 11
1143,239,14, 11
1144,239,14, 11
1145,239,14, 11
1146,239,14, 11
1147,239,14, 11
1148,239,14, 11
1149,239,14, 11
1150,239,14, 11
1151,239,14, 11
1152,239,14, 11
1153,239,14, 11
1154,239,14, 11
1155,239,14, 11
1156,239,14, 11
1157,239,14, 11
1158,239,14, 11
1159,239,14, 11
1160,239,14, 11
1161,239,14, 11
1162,239,14, 11
1163,239,14, 11
1164,239,14, 11
1165,239,14, 11
1166,239,14, 11
1167,239,14, 11
1168,239,14, 11
1169,239,14, 11
1170,239,14, 11
1171,239,14, 11
1172,239,14, 11
1173,239,14, 11
1174,239,14, 11
1175,239,14, 11
1176,239,14, 11
1177,239,14, 11
1178,239,14, 11
1179,239,14, 11
1180,239,14, 11
1181,239,14, 11
1182,239,14, 11
1183,239,14, 11
1184,239,14, 11
1185,239,14, 11
1186,239,14, 11
1187,239,14, 11
1188,239,14, 11
1189,239,14, 11
1190,239,14, 11
1191,239,14, 11
1192,239,14, 11
1193,239,14, 11
1194,239,14, 11
1195,239,14, 11
1196,239,14, 11
1197,239,14, 11
1198,239,14, 11
1199,239,14, 11
1200,239,14, 11
1201,239,14, 11
1202,239,14, 11
1203,239,14, 11
1204,239,14, 11
1205,239,14, 11
1206,239,14, 11
1207,238,13, 12
1208,238,13, 12
1209,238,13, 12
1210,238,13, 12
1211,238,13, 12
1212,238,13, 12
1213,238,13, 12
1214,238,13, 12
1215,238,13, 12
1216,238,13, 12
1217,238,13, 12
1218,238,13, 12
1219,238,13, 12
1220,238,13, 12
1221,238,13, 12
1222,238,13, 12
1223,238,13, 12
1224,238,13, 12
1225,238,13, 12
1226,238,13, 12
1227,238,13, 12
1228,238,13, 12
1229,238,13, 12
1230,238,13, 12
1231,238,13, 12
1232,238,13, 12
1233,238,13, 12
1234,238,13, 12
1235,238,13, 12
1236,238,13, 12
1237,238,13, 12
1238,238,13, 12
1239,238,13, 12
1240,238,13, 12
1241,238,13, 12
1242,238,13, 12
1243,238,13, 12
1244,238,13, 12
1245,238,13, 12
1246,238,13, 12
1247,238,13, 12
1248,238,13, 12
1249,238,13, 12
1250,238,13, 12
1251,238,13, 12
1252,238,13, 12
1253,238,13, 12
1254,238,13, 12
1255,238,13, 12
1256,238,13, 12
1257,238,13, 12
1258,238,13, 12
1259,238,13, 12
1260,238,13, 12
1261,238,13, 12
1262,238,13, 12
1263,238,13, 12
1264,238,13, 12
1265,238,13, 12
1266,238,13, 12
1267,238,13, 12
1268,238,13, 12
1269,238,13, 12
1270,238,13, 12
1271,238,13, 12
1272,238,13, 12
1273,238,13, 12
1274,238,13, 12
1275,238,13, 12
1276,238,13, 12
1277,238,13, 12
1278,238,13, 12
1279,238,13, 12
1280,238,13, 12
1281,238,13, 12
1282,238,13, 12
1283,238,13, 12
1284,238,13, 12
1285,238,13, 12
1286,238,13, 12
1287,238,13, 12
1288,238,13, 12
1289,238,13, 12
1290,238,13, 12
1291,238,13, 12
1292,238,13, 12
1293,238,13, 12
1294,238,13, 12
1295,238,13, 12
1296,238,13, 12
1297,238,13, 12
1298,238,13, 12
1299,238,13, 12
1300,238,13, 12
1301,238,13, 12
1302,238,13, 12
1303,238,13, 12
1304,238,13, 12
1305,238,13, 12
1306,238,13, 12
1307,238,13, 12
1308,238,13, 12
1309,238,13, 12
1310,238,13, 12
1311,238,13, 12
1312,238,13, 12
1313,238,13, 12
1314,238,13, 12
1315,238,13, 12
1316,238,13, 12
1317,238,13, 12
1318,238,13, 12
1319,238,13, 12
1320,238,13, 12
1321,238,13, 12
1322,238,13, 12
1323,238,13, 12
1324,238,13, 12
1325,238,13, 12
1326,238,13, 12
1327,238,13, 12
1328,238,13, 12
1329,238,13, 12
1330,238,13, 12
1331,238,13, 12
1332,238,13, 12
1333,238,13, 12
1334,238,13, 12
1335,238,13, 12
1336,238,13, 12
1337,238,13, 12
1338,238,13, 12
1339,238,13, 12
1340,238,13, 12
1341,238,13, 12
1342,238,13, 12
1343,238,13, 12
1344,238,13, 12
1345,238,13, 12
1346,238,13, 12
1347,238,13, 12
1348,238,13, 12
1349,238,13, 12
1350,238,13, 12
1351,238,13, 12
1352,238,13, 12
1353,238,13, 12
1354,238,13, 12
1355,238,13, 12
1356,238,13, 12
1357,238,13, 12
1358,238,13, 12
1359,238,13, 12
1360,238,13, 12
1361,238,13, 12
1362,238,13, 12
1363,238,13, 12
1364,238,13, 12
1365,238,13, 12
1366,238,13, 12
1367,238,13, 12
1368,238,13, 12
1369,238,13, 12
1370,238,13, 12
1371,238,13, 12
1372,238,13, 12
1373,238,13, 12
1374,238,13, 12
1375,238,13, 12
1376,238,13, 12
1377,238,13, 12
1378,238,13, 12
1379,238,13, 12
1380,238,13, 12
1381,238,13, 12
1382,238,13, 12
1383,238,13, 12
1384,238,13, 12
1385,238,13, 12
1386,238,13, 12
1387,238,13, 12
1388,238,13, 12
1389,238,13, 12
1390,238,13, 12
1391,238,13, 12
1392,238,13, 12
1393,238,13, 12
1394,238,13, 12
1395,238,13, 12
1396,238,13, 12
1397,238,13, 12
1398,238,13, 12
1399,238,13, 12
1400,238,13, 12
1401,238,13, 12
1402,238,13, 12
1403,238,13, 12
1404,238,13, 12
1405,238,13, 12
1406,238,13, 12
1407,238,13, 12
1408,238,13, 12
1409,238,13, 12
1410,238,13, 12
1411,238,13, 12
1412,238,13, 12
1413,238,13, 12
1414,238,13, 12
1415,238,13, 12
1416,238,13, 12
1417,238,13, 12
1418,238,13, 12
1419,238,13, 12
1420,238,13, 12
1421,238,13, 12
1422,238,13, 12
1423,238,13, 12
1424,238,13, 12
1425,238,13, 12
1426,238,13, 12
1427,238,13, 12
1428,238,13, 12
1429,238,13, 12
1430,238,13, 12
1431,238,13, 12
1432,238,13, 12
1433,238,13, 12
1434,238,13, 12
1435,238,13, 12
1436,238,13, 12
1437,238,13, 12
1438,238,13, 12
1439,238,13, 12
1440,238,13, 12
1441,238,13, 12
1442,238,13, 12
1443,238,13, 12
1444,238,13, 12
1445,238,13, 12
1446,238,13, 12
1447,238,13, 12
1448,238,13, 12
1449,238,13, 12
1450,238,13, 12
1451,238,13, 12
1452,238,13, 12
1453,238,13, 12
1454,238,13, 12
1455,238,13, 12
1456,238,13, 12
1457,238,13, 12
1458,238,13, 12
1459,238,13, 12
1460,238,13, 12
1461,238,13, 12
1462,238,13, 12
1463,238,13, 12
1464,238,13, 12
1465,238,13, 12
1466,238,13, 12
1467,238,13, 12
1468,238,13, 12
1469,238,13, 12
1470,238,13, 12
1471,238,13, 12
1472,238,13, 12
1473,238,13, 12
1474,238,13, 12
1475,238,13, 12
1476,238,13, 12
1477,238,13, 12
1478,238,13, 12
1479,238,13, 12
1480,238,13, 12
1481,238,13, 12
1482,238,13, 12
1483,238,13, 12
1484,238,13, 12
1485,238,13, 12
1486,238,13, 12
1487,238,13, 12
1488,238,13, 12
1489,238,13, 12
1490,238,13, 12
1491,238,13, 12
1492,238,13, 12
1493,238,13, 12
1494,238,13, 12
1495,238,13, 12
1496,238,13, 12
1497,238,13, 12
1498,238,13, 12
1499,238,13, 12
