0,250,25, 0
1,250,25, 0
2,250,25, 0
3,250,25, 0
4,250,25, 0
5,250,25, 0
6,250,25, 0
7,250,25, 0
8,250,25, 0
9,250,25, 0
10,250,25, 0
11,250,25, 0
12,250,25, 0
13,250,25, 0
14,250,25, 0
15,250,25, 0
16,250,25, 0
17,250,25, 0
18,250,25, 0
19,250,25, 0
20,250,25, 0
21,250,25, 0
22,250,25, 0
23,250,25, 0
24,250,25, 0
25,250,25, 0
26,250,25, 0
27,250,25, 0
28,250,25, 0
29,250,25, 0
30,250,25, 0
31,250,25, 0
32,250,25, 0
33,250,25, 0
34,250,25, 0
35,250,25, 0
36,250,25, 0
37,250,25, 0
38,250,25, 0
39,250,25, 0
40,250,25, 0
41,250,25, 0
42,250,25, 0
43,250,25, 0
44,250,25, 0
45,250,25, 0
46,250,25, 0
47,250,25, 0
48,250,25, 0
49,250,25, 0
50,250,25, 0
51,250,25, 0
52,250,25, 0
53,250,25, 0
54,250,25, 0
55,250,25, 0
56,250,25, 0
57,250,25, 0
58,250,25, 0
59,250,25, 0
60,250,25, 0
61,250,25, 0
62,250,25, 0
63,250,25, 0
64,250,25, 0
65,250,25, 0
66,250,25, 0
67,250,25, 0
68,250,25, 0
69,250,25, 0
70,250,25, 0
71,250,25, 0
72,250,25, 0
73,250,25, 0
74,250,25, 0
75,250,25, 0
76,250,25, 0
77,250,25, 0
78,250,25, 0
79,250,25, 0
80,250,25, 0
81,250,25, 0
82,250,25, 0
83,250,25, 0
84,250,25, 0
85,250,25, 0
86,250,25, 0
87,250,25, 0
88,250,25, 0
89,250,25, 0
90,250,25, 0
91,250,25, 0
92,250,25, 0
93,250,25, 0
94,250,25, 0
95,250,25, 0
96,250,25, 0
97,250,25, 0
98,250,25, 0
99,250,25, 0
100,250,25, 0
101,250,25, 0
102,250,25, 0
103,250,25, 0
104,250,25, 0
105,250,25, 0
106,250,25, 0
107,250,25, 0
108,250,25, 0
109,250,25, 0
110,250,25, 0
111,250,25, 0
112,250,25, 0
113,250,25, 0
114,250,25, 0
115,250,25, 0
116,250,25, 0
117,250,25, 0
118,250,25, 0
119,250,25, 0
120,250,25, 0
121,250,25, 0
122,250,25, 0
123,250,25, 0
124,250,25, 0
125,250,25, 0
126,250,25, 0
127,250,25, 0
128,250,25, 0
129,250,25, 0
130,250,25, 0
131,250,25, 0
132,250,25, 0
133,250,25, 0
134,250,25, 0
135,250,25, 0
136,250,25, 0
137,250,25, 0
138,250,25, 0
139,250,25, 0
140,250,25, 0
141,250,25, 0
142,250,25, 0
143,250,25, 0
144,250,25, 0
145,250,25, 0
146,250,25, 0
147,250,25, 0
148,250,25, 0
149,250,25, 0
150,250,25, 0
151,250,25, 0
152,250,25, 0
153,250,25, 0
154,250,25, 0
155,250,25, 0
156,250,25, 0
157,250,25, 0
158,250,25, 0
159,250,25, 0
160,250,25, 0
161,250,25, 0
162,250,25, 0
163,250,25, 0
164,250,25, 0
165,250,25, 0
166,250,25, 0
167,250,25, 0
168,250,25, 0
169,250,25, 0
170,250,25, 0
171,250,25, 0
172,250,25, 0
173,250,25, 0
174,250,25, 0
175,250,25, 0
176,250,25, 0
177,250,25, 0
178,250,25, 0
179,250,25, 0
180,250,25, 0
181,250,25, 0
182,250,25, 0
183,250,25, 0
184,250,25, 0
185,250,25, 0
186,250,25, 0
187,250,25, 0
188,250,25, 0
189,250,25, 0
190,250,25, 0
191,250,25, 0
192,250,25, 0
193,250,25, 0
194,250,25, 0
195,250,25, 0
196,250,25, 0
197,250,25, 0
198,250,25, 0
199,250,25, 0
200,250,25, 0
201,250,25, 0
202,250,25, 0
203,250,25, 0
204,250,25, 0
205,250,25, 0
206,250,25, 0
207,250,25, 0
208,250,25, 0
209,250,25, 0
210,250,25, 0
211,250,25, 0
212,250,25, 0
213,250,25, 0
214,250,25, 0
215,250,25, 0
216,250,25, 0
217,249,24, 1
218,249,24, 1
219,249,24, 1
220,249,24, 1
221,249,24, 1
222,249,24, 1
223,249,24, 1
224,249,24, 1
225,249,24, 1
226,249,24, 1
227,249,24, 1
228,249,24, 1
229,249,24, 1
230,249,24, 1
231,249,24, 1
232,249,24, 1
233,249,24, 1
234,249,24, 1
235,249,24, 1
236,249,24, 1
237,249,24, 1
238,249,24, 1
239,249,24, 1
240,249,24, 1
241,249,24, 1
242,249,24, 1
243,249,24, 1
244,249,24, 1
245,249,24, 1
246,249,24, 1
247,249,24, 1
248,249,24, 1
249,249,24, 1
250,249,24, 1
251,249,24, 1
252,249,24, 1
253,249,24, 1
254,249,24, 1
255,249,24, 1
256,249,24, 1
257,249,24, 1
258,249,24, 1
259,249,24, 1
260,249,24, 1
261,249,24, 1
262,249,24, 1
263,249,24, 1
264,249,24, 1
265,249,24, 1
266,249,24, 1
267,249,24, 1
268,249,24, 1
269,249,24, 1
270,249,24, 1
271,249,24, 1
272,249,24, 1
273,249,24, 1
274,249,24, 1
275,249,24, 1
276,249,24, 1
277,249,24, 1
278,249,24, 1
279,249,24, 1
280,249,24, 1
281,249,24, 1
282,249,24, 1
283,249,24, 1
284,249,24, 1
285,249,24, 1
286,249,24, 1
287,249,24, 1
288,249,24, 1
289,249,24, 1
290,249,24, 1
291,249,24, 1
292,249,24, 1
293,249,24, 1
294,249,24, 1
295,249,24, 1
296,249,24, 1
297,249,24, 1
298,249,24, 1
299,249,24, 1
300,249,24, 1
301,249,24, 1
302,249,24, 1
303,249,24, 1
304,249,24, 1
305,249,24, 1
306,249,24, 1
307,249,24, 1
308,249,24, 1
309,249,24, 1
310,249,24, 1
311,249,24, 1
312,249,24, 1
313,249,24, 1
314,249,24, 1
315,249,24, 1
316,249,24, 1
317,249,24, 1
318,249,24, 1
319,249,24, 1
320,249,24, 1
321,249,24, 1
322,249,24, 1
323,249,24, 1
324,249,24, 1
325,249,24, 1
326,249,24, 1
327,249,24, 1
328,249,24, 1
329,249,24, 1
330,249,24, 1
331,249,24, 1
332,249,24, 1
333,249,24, 1
334,249,24, 1
335,249,24, 1
336,249,24, 1
337,249,24, 1
338,249,24, 1
339,249,24, 1
340,249,24, 1
341,249,24, 1
342,249,24, 1
343,249,24, 1
344,249,24, 1
345,249,24, 1
346,249,24, 1
347,249,24, 1
348,249,24, 1
349,249,24, 1
350,249,24, 1
351,249,24, 1
352,249,24, 1
353,249,24, 1
354,249,24, 1
355,249,24, 1
356,249,24, 1
357,249,24, 1
358,249,24, 1
359,249,24, 1
360,249,24, 1
361,249,24, 1
362,249,24, 1
363,249,24, 1
364,249,24, 1
365,249,24, 1
366,249,24, 1
367,249,24, 1
368,249,24, 1
369,249,24, 1
370,249,24, 1
371,249,24, 1
372,249,24, 1
373,249,24, 1
374,249,24, 1
375,249,24, 1
376,249,24, 1
377,249,24, 1
378,249,24, 1
379,249,24, 1
380,249,24, 1
381,249,24, 1
382,249,24, 1
383,249,24, 1
384,249,24, 1
385,249,24, 1
386,249,24, 1
387,249,24, 1
388,249,24, 1
389,249,24, 1
390,249,24, 1
391,249,24, 1
392,249,24, 1
393,249,24, 1
394,249,24, 1
395,249,24, 1
396,249,24, 1
397,249,24, 1
398,249,24, 1
399,249,24, 1
400,249,24, 1
401,249,24, 1
402,249,24, 1
403,249,24, 1
404,249,24, 1
405,249,24, 1
406,249,24, 1
407,249,24, 1
408,249,24, 1
409,249,24, 1
410,249,24, 1
411,249,24, 1
412,249,24, 1
413,249,24, 1
414,249,24, 1
415,249,24, 1
416,249,24, 1
417,249,24, 1
418,249,24, 1
419,249,24, 1
420,249,24, 1
421,249,24, 1
422,249,24, 1
423,249,24, 1
424,249,24, 1
425,249,24, 1
426,249,24, 1
427,249,24, 1
428,249,24, 1
429,249,24, 1
430,249,24, 1
431,249,24, 1
432,249,24, 1
433,249,24, 1
434,249,24, 1
435,249,24, 1
436,249,24, 1
437,249,24, 1
438,249,24, 1
439,249,24, 1
440,249,24, 1
441,249,24, 1
442,249,24, 1
443,249,24, 1
444,249,24, 1
445,249,24, 1
446,249,24, 1
447,249,24, 1
448,249,24, 1
449,249,24, 1
450,249,24, 1
451,249,24, 1
452,249,24, 1
453,249,24, 1
454,249,24, 1
455,249,24, 1
456,249,24, 1
457,249,24, 1
458,249,24, 1
459,249,24, 1
460,249,24, 1
461,249,24, 1
462,249,24, 1
463,249,24, 1
464,249,24, 1
465,249,24, 1
466,249,24, 1
467,249,24, 1
468,249,24, 1
469,249,24, 1
470,249,24, 1
471,249,24, 1
472,249,24, 1
473,249,24, 1
474,249,24, 1
475,249,24, 1
476,249,24, 1
477,249,24, 1
478,249,24, 1
479,249,24, 1
480,249,24, 1
481,249,24, 1
482,249,24, 1
483,249,24, 1
484,249,24, 1
485,249,24, 1
486,249,24, 1
487,249,24, 1
488,249,24, 1
489,249,24, 1
490,249,24, 1
491,249,24, 1
492,249,24, 1
493,249,24, 1
494,249,24, 1
495,249,24, 1
496,249,24, 1
497,249,24, 1
498,249,24, 1
499,249,24, 1
500,249,24, 1
501,249,24, 1
502,249,24, 1
503,249,24, 1
504,249,24, 1
505,249,24, 1
506,249,24, 1
507,249,24, 1
508,249,24, 1
509,249,24, 1
510,249,24, 1
511,249,24, 1
512,249,24, 1
513,249,24, 1
514,249,24, 1
515,249,24, 1
516,249,24, 1
517,249,24, 1
518,249,24, 1
519,249,24, 1
520,249,24, 1
521,249,24, 1
522,249,24, 1
523,249,24, 1
524,249,24, 1
525,249,24, 1
526,249,24, 1
527,249,24, 1
528,249,24, 1
529,249,24, 1
530,249,24, 1
531,249,24, 1
532,249,24, 1
533,249,24, 1
534,249,24, 1
535,249,24, 1
536,249,24, 1
537,249,24, 1
538,249,24, 1
539,249,24, 1
540,249,24, 1
541,249,24, 1
542,249,24, 1
543,249,24, 1
544,249,24, 1
545,249,24, 1
546,249,24, 1
547,249,24, 1
548,249,24, 1
549,249,24, 1
550,249,24, 1
551,249,24, 1
552,249,24, 1
553,249,24, 1
554,249,24, 1
555,249,24, 1
556,249,24, 1
557,249,24, 1
558,249,24, 1
559,249,24, 1
560,249,24, 1
561,249,24, 1
562,249,24, 1
563,249,24, 1
564,249,24, 1
565,249,24, 1
566,249,24, 1
567,249,24, 1
568,249,24, 1
569,249,24, 1
570,249,24, 1
571,249,24, 1
572,249,24, 1
573,249,24, 1
574,249,24, 1
575,249,24, 1
576,249,24, 1
577,249,24, 1
578,249,24, 1
579,249,24, 1
580,249,24, 1
581,249,24, 1
582,249,24, 1
583,249,24, 1
584,249,24, 1
585,249,24, 1
586,249,24, 1
587,249,24, 1
588,249,24, 1
589,249,24, 1
590,249,24, 1
591,249,24, 1
592,249,24, 1
593,249,24, 1
594,249,24, 1
595,249,24, 1
596,249,24, 1
597,249,24, 1
598,249,24, 1
599,249,24, 1
600,249,24, 1
601,249,24, 1
602,249,24, 1
603,249,24, 1
604,249,24, 1
605,249,24, 1
606,249,24, 1
607,249,24, 1
608,249,24, 1
609,249,24, 1
610,249,24, 1
611,249,24, 1
612,249,24, 1
613,249,24, 1
614,249,24, 1
615,249,24, 1
616,249,24, 1
617,249,24, 1
618,249,24, 1
619,249,24, 1
620,249,24, 1
621,249,24, 1
622,249,24, 1
623,249,24, 1
624,249,24, 1
625,249,24, 1
626,249,24, 1
627,249,24, 1
628,249,24, 1
629,249,24, 1
630,249,24, 1
631,249,24, 1
632,249,24, 1
633,249,24, 1
634,249,24, 1
635,249,24, 1
636,249,24, 1
637,249,24, 1
638,249,24, 1
639,249,24, 1
640,249,24, 1
641,249,24, 1
642,249,24, 1
643,249,24, 1
644,249,24, 1
645,249,24, 1
646,249,24, 1
647,249,24, 1
648,249,24, 1
649,249,24, 1
650,249,24, 1
651,249,24, 1
652,249,24, 1
653,249,24, 1
654,249,24, 1
655,249,24, 1
656,249,24, 1
657,249,24, 1
658,249,24, 1
659,249,24, 1
660,249,24, 1
661,249,24, 1
662,249,24, 1
663,249,24, 1
664,249,24, 1
665,249,24, 1
666,249,24, 1
667,249,24, 1
668,249,24, 1
669,249,24, 1
670,249,24, 1
671,249,24, 1
672,249,24, 1
673,249,24, 1
674,249,24, 1
675,249,24, 1
676,249,24, 1
677,249,24, 1
678,249,24, 1
679,249,24, 1
680,249,24, 1
681,249,24, 1
682,249,24, 1
683,249,24, 1
684,249,24, 1
685,249,24, 1
686,249,24, 1
687,249,24, 1
688,249,24, 1
689,249,24, 1
690,249,24, 1
691,249,24, 1
692,249,24, 1
693,249,24, 1
694,249,24, 1
695,249,24, 1
696,249,24, 1
697,249,24, 1
698,249,24, 1
699,249,24, 1
700,249,24, 1
701,249,24, 1
702,249,24, 1
703,249,24, 1
704,249,24, 1
705,249,24, 1
706,249,24, 1
707,249,24, 1
708,249,24, 1
709,249,24, 1
710,249,24, 1
711,249,24, 1
712,249,24, 1
713,249,24, 1
714,249,24, 1
715,249,24, 1
716,249,24, 1
717,249,24, 1
718,249,24, 1
719,249,24, 1
720,249,24, 1
721,249,24, 1
722,249,24, 1
723,249,24, 1
724,249,24, 1
725,248,23, 2
726,248,23, 2
727,248,23, 2
728,248,23, 2
729,248,23, 2
730,248,23, 2
731,248,23, 2
732,248,23, 2
733,248,23, 2
734,248,23, 2
735,248,23, 2
736,248,23, 2
737,248,23, 2
738,248,23, 2
739,248,23, 2
740,248,23, 2
741,248,23, 2
742,248,23, 2
743,248,23, 2
744,248,23, 2
745,248,23, 2
746,248,23, 2
747,248,23, 2
748,248,23, 2
749,248,23, 2
750,248,23, 2
751,248,23, 2
752,248,23, 2
753,248,23, 2
754,248,23, 2
755,248,23, 2
756,248,23, 2
757,248,23, 2
758,248,23, 2
759,248,23, 2
760,248,23, 2
761,248,23, 2
762,248,23, 2
763,248,23, 2
764,248,23, 2
765,248,23, 2
766,248,23, 2
767,248,23, 2
768,248,23, 2
769,248,23, 2
770,248,23, 2
771,248,23, 2
772,248,23, 2
773,248,23, 2
774,248,23, 2
775,248,23, 2
776,248,23, 2
777,248,23, 2
778,248,23, 2
779,248,23, 2
780,248,23, 2
781,248,23, 2
782,248,23, 2
783,248,23, 2
784,248,23, 2
785,248,23, 2
786,248,23, 2
787,248,23, 2
788,248,23, 2
789,248,23, 2
790,248,23, 2
791,248,23, 2
792,248,23, 2
793,248,23, 2
794,248,23, 2
795,248,23, 2
796,248,23, 2
797,248,23, 2
798,248,23, 2
799,248,23, 2
800,248,23, 2
801,248,23, 2
802,248,23, 2
803,248,23, 2
804,248,23, 2
805,248,23, 2
806,248,23, 2
807,248,23, 2
808,248,23, 2
809,248,23, 2
810,248,23, 2
811,248,23, 2
812,248,23, 2
813,248,23, 2
814,248,23, 2
815,248,23, 2
816,248,23, 2
817,248,23, 2
818,248,23, 2
819,248,23, 2
820,248,23, 2
821,248,23, 2
822,248,23, 2
823,248,23, 2
824,248,23, 2
825,248,23, 2
826,248,23, 2
827,248,23, 2
828,248,23, 2
829,248,23, 2
830,248,23, 2
831,248,23, 2
832,248,23, 2
833,248,23, 2
834,248,23, 2
835,248,23, 2
836,248,23, 2
837,248,23, 2
838,248,23, 2
839,248,23, 2
840,248,23, 2
841,248,23, 2
842,248,23, 2
843,248,23, 2
844,248,23, 2
845,248,23, 2
846,248,23, 2
847,248,23, 2
848,248,23, 2
849,248,23, 2
850,248,23, 2
851,248,23, 2
852,248,23, 2
853,248,23, 2
854,248,23, 2
855,248,23, 2
856,248,23, 2
857,248,23, 2
858,248,23, 2
859,248,23, 2
860,248,23, 2
861,248,23, 2
862,248,23, 2
863,248,23, 2
864,248,23, 2
865,248,23, 2
866,248,23, 2
867,248,23, 2
868,248,23, 2
869,248,23, 2
870,248,23, 2
871,248,23, 2
872,248,23, 2
873,248,23, 2
874,248,23, 2
875,248,23, 2
876,248,23, 2
877,248,23, 2
878,248,23, 2
879,248,23, 2
880,248,23, 2
881,246,21, 4
882,246,21, 4
883,246,21, 4
884,246,21, 4
885,246,21, 4
886,246,21, 4
887,246,21, 4
888,246,21, 4
889,245,20, 5
890,245,20, 5
891,245,20, 5
892,245,20, 5
893,245,20, 5
894,245,20, 5
895,245,20, 5
896,245,20, 5
897,245,20, 5
898,245,20, 5
899,245,20, 5
900,245,20, 5
901,245,20, 5
902,245,20, 5
903,245,20, 5
904,245,20, 5
905,245,20, 5
906,245,20, 5
907,245,20, 5
908,245,20, 5
909,245,20, 5
910,245,20, 5
911,245,20, 5
912,245,20, 5
913,245,20, 5
914,245,20, 5
915,245,20, 5
916,245,20, 5
917,245,20, 5
918,245,20, 5
919,245,20, 5
920,245,20, 5
921,245,20, 5
922,245,20, 5
923,245,20, 5
924,245,20, 5
925,245,20, 5
926,245,20, 5
927,245,20, 5
928,245,20, 5
929,245,20, 5
930,245,20, 5
931,245,20, 5
932,245,20, 5
933,245,20, 5
934,245,20, 5
935,245,20, 5
936,245,20, 5
937,245,20, 5
938,245,20, 5
939,245,20, 5
940,245,20, 5
941,245,20, 5
942,245,20, 5
943,245,20, 5
944,245,20, 5
945,245,20, 5
946,245,20, 5
947,245,20, 5
948,245,20, 5
949,245,20, 5
950,245,20, 5
951,245,20, 5
952,245,20, 5
953,245,20, 5
954,245,20, 5
955,245,20, 5
956,245,20, 5
957,245,20, 5
958,245,20, 5
959,245,20, 5
960,245,20, 5
961,245,20, 5
962,245,20, 5
963,245,20, 5
964,245,20, 5
965,245,20, 5
966,245,20, 5
967,245,20, 5
968,245,20, 5
969,245,20, 5
970,245,20, 5
971,245,20, 5
972,245,20, 5
973,245,20, 5
974,245,20, 5
975,245,20, 5
976,245,20, 5
977,245,20, 5
978,245,20, 5
979,245,20, 5
980,245,20, 5
981,245,20, 5
982,245,20, 5
983,245,20, 5
984,245,20, 5
985,245,20, 5
986,245,20, 5
987,245,20, 5
988,245,20, 5
989,245,20, 5
990,245,20, 5
991,245,20, 5
992,245,20, 5
993,245,20, 5
994,245,20, 5
995,245,20, 5
996,245,20, 5
997,245,20, 5
998,245,20, 5
999,245,20, 5
1000,245,20, 5
1001,245,20, 5
1002,245,20, 5
1003,245,20, 5
1004,245,20, 5
1005,245,20, 5
1006,245,20, 5
1007,245,20, 5
1008,245,20, 5
1009,245,20, 5
1010,245,20, 5
1011,245,20, 5
1012,245,20, 5
1013,245,20, 5
1014,245,20, 5
1015,245,20, 5
1016,245,20, 5
1017,245,20, 5
1018,245,20, 5
1019,245,20, 5
1020,245,20, 5
1021,245,20, 5
1022,245,20, 5
1023,245,20, 5
1024,245,20, 5
1025,245,20, 5
1026,245,20, 5
1027,245,20, 5
1028,245,20, 5
1029,245,20, 5
1030,245,20, 5
1031,245,20, 5
1032,245,20, 5
1033,245,20, 5
1034,245,20, 5
1035,245,20, 5
1036,245,20, 5
1037,245,20, 5
1038,245,20, 5
1039,245,20, 5
1040,245,20, 5
1041,245,20, 5
1042,245,20, 5
1043,245,20, 5
1044,245,20, 5
1045,245,20, 5
1046,245,20, 5
1047,245,20, 5
1048,245,20, 5
1049,245,20, 5
1050,245,20, 5
1051,245,20, 5
1052,245,20, 5
1053,245,20, 5
1054,245,20, 5
1055,245,20, 5
1056,245,20, 5
1057,245,20, 5
1058,245,20, 5
1059,245,20, 5
1060,245,20, 5
1061,245,20, 5
1062,245,20, 5
1063,245,20, 5
1064,245,20, 5
1065,245,20, 5
1066,245,20, 5
1067,245,20, 5
1068,245,20, 5
1069,245,20, 5
1070,245,20, 5
1071,245,20, 5
1072,245,20, 5
1073,245,20, 5
1074,245,20, 5
1075,245,20, 5
1076,245,20, 5
1077,245,20, 5
1078,245,20, 5
1079,245,20, 5
1080,245,20, 5
1081,245,20, 5
1082,245,20, 5
1083,245,20, 5
1084,245,20, 5
1085,245,20, 5
1086,245,20, 5
1087,245,20, 5
1088,245,20, 5
1089,245,20, 5
1090,245,20, 5
1091,245,20, 5
1092,245,20, 5
1093,245,20, 5
1094,245,20, 5
1095,245,20, 5
1096,245,20, 5
1097,245,20, 5
1098,245,20, 5
1099,245,20, 5
1100,245,20, 5
1101,245,20, 5
1102,245,20, 5
1103,245,20, 5
1104,245,20, 5
1105,245,20, 5
1106,245,20, 5
1107,245,20, 5
1108,245,20, 5
1109,245,20, 5
1110,245,20, 5
1111,245,20, 5
1112,245,20, 5
1113,245,20, 5
1114,245,20, 5
1115,245,20, 5
1116,245,20, 5
1117,245,20, 5
1118,245,20, 5
1119,245,20, 5
1120,245,20, 5
1121,245,20, 5
1122,245,20, 5
1123,245,20, 5
1124,245,20, 5
1125,245,20, 5
1126,245,20, 5
1127,245,20, 5
1128,245,20, 5
1129,245,20, 5
1130,245,20, 5
1131,245,20, 5
1132,245,20, 5
1133,245,20, 5
1134,245,20, 5
1135,245,20, 5
1136,245,20, 5
1137,245,20, 5
1138,245,20, 5
1139,245,20, 5
1140,245,20, 5
1141,245,20, 5
1142,245,20, 5
1143,245,20, 5
1144,245,20, 5
1145,245,20, 5
1146,245,20, 5
1147,245,20, 5
1148,245,20, 5
1149,245,20, 5
1150,245,20, 5
1151,245,20, 5
1152,245,20, 5
1153,245,20, 5
1154,245,20, 5
1155,245,20, 5
1156,245,20, 5
1157,245,20, 5
1158,245,20, 5
1159,245,20, 5
1160,245,20, 5
1161,245,20, 5
1162,245,20, 5
1163,245,20, 5
1164,245,20, 5
1165,245,20, 5
1166,245,20, 5
1167,245,20, 5
1168,245,20, 5
1169,245,20, 5
1170,245,20, 5
1171,245,20, 5
1172,245,20, 5
1173,245,20, 5
1174,245,20, 5
1175,245,20, 5
1176,245,20, 5
1177,245,20, 5
1178,245,20, 5
1179,245,20, 5
1180,245,20, 5
1181,245,20, 5
1182,245,20, 5
1183,245,20, 5
1184,245,20, 5
1185,245,20, 5
1186,245,20, 5
1187,245,20, 5
1188,245,20, 5
1189,245,20, 5
1190,245,20, 5
1191,245,20, 5
1192,245,20, 5
1193,245,20, 5
1194,245,20, 5
1195,245,20, 5
1196,245,20, 5
1197,245,20, 5
1198,245,20, 5
1199,245,20, 5
1200,245,20, 5
1201,245,20, 5
1202,245,20, 5
1203,245,20, 5
1204,245,20, 5
1205,245,20, 5
1206,245,20, 5
1207,245,20, 5
1208,245,20, 5
1209,245,20, 5
1210,245,20, 5
1211,245,20, 5
1212,245,20, 5
1213,244,19, 6
1214,244,19, 6
1215,244,19, 6
1216,244,19, 6
1217,244,19, 6
1218,244,19, 6
1219,244,19, 6
1220,244,19, 6
1221,244,19, 6
1222,244,19, 6
1223,244,19, 6
1224,244,19, 6
1225,244,19, 6
1226,244,19, 6
1227,244,19, 6
1228,244,19, 6
1229,244,19, 6
1230,244,19, 6
1231,244,19, 6
1232,244,19, 6
1233,244,19, 6
1234,244,19, 6
1235,244,19, 6
1236,244,19, 6
1237,244,19, 6
1238,244,19, 6
1239,244,19, 6
1240,244,19, 6
1241,244,19, 6
1242,244,19, 6
1243,244,19, 6
1244,244,19, 6
1245,244,19, 6
1246,244,19, 6
1247,244,19, 6
1248,244,19, 6
1249,244,19, 6
1250,244,19, 6
1251,244,19, 6
1252,244,19, 6
1253,244,19, 6
1254,244,19, 6
1255,244,19, 6
1256,244,19, 6
1257,244,19, 6
1258,244,19, 6
1259,244,19, 6
1260,244,19, 6
1261,244,19, 6
1262,244,19, 6
1263,244,19, 6
1264,244,19, 6
1265,244,19, 6
1266,244,19, 6
1267,244,19, 6
1268,244,19, 6
1269,244,19, 6
1270,244,19, 6
1271,244,19, 6
1272,244,19, 6
1273,244,19, 6
1274,244,19, 6
1275,244,19, 6
1276,244,19, 6
1277,244,19, 6
1278,244,19, 6
1279,244,19, 6
1280,243,18, 7
1281,243,18, 7
1282,243,18, 7
1283,243,18, 7
1284,243,18, 7
1285,243,18, 7
1286,243,18, 7
1287,243,18, 7
1288,243,18, 7
1289,243,18, 7
1290,243,18, 7
1291,243,18, 7
1292,243,18, 7
1293,243,18, 7
1294,243,18, 7
1295,243,18, 7
1296,243,18, 7
1297,243,18, 7
1298,243,18, 7
1299,243,18, 7
1300,243,18, 7
1301,243,18, 7
1302,243,18, 7
1303,243,18, 7
1304,243,18, 7
1305,243,18, 7
1306,243,18, 7
1307,243,18, 7
1308,243,18, 7
1309,243,18, 7
1310,243,18, 7
1311,243,18, 7
1312,243,18, 7
1313,243,18, 7
1314,243,18, 7
1315,243,18, 7
1316,243,18, 7
1317,243,18, 7
1318,243,18, 7
1319,243,18, 7
1320,243,18, 7
1321,243,18, 7
1322,243,18, 7
1323,243,18, 7
1324,243,18, 7
1325,243,18, 7
1326,243,18, 7
1327,243,18, 7
1328,243,18, 7
1329,243,18, 7
1330,243,18, 7
1331,243,18, 7
1332,243,18, 7
1333,243,18, 7
1334,243,18, 7
1335,243,18, 7
1336,243,18, 7
1337,243,18, 7
1338,243,18, 7
1339,243,18, 7
1340,243,18, 7
1341,243,18, 7
1342,243,18, 7
1343,243,18, 7
1344,243,18, 7
1345,243,18, 7
1346,243,18, 7
1347,243,18, 7
1348,242,17, 8
1349,242,17, 8
1350,242,17, 8
1351,242,17, 8
1352,242,17, 8
1353,242,17, 8
1354,242,17, 8
1355,242,17, 8
1356,242,17, 8
1357,242,17, 8
1358,242,17, 8
1359,242,17, 8
1360,242,17, 8
1361,242,17, 8
1362,242,17, 8
1363,242,17, 8
1364,242,17, 8
1365,242,17, 8
1366,242,17, 8
1367,242,17, 8
1368,242,17, 8
1369,242,17, 8
1370,242,17, 8
1371,242,17, 8
1372,242,17, 8
1373,242,17, 8
1374,242,17, 8
1375,242,17, 8
1376,242,17, 8
1377,242,17, 8
1378,242,17, 8
1379,242,17, 8
1380,242,17, 8
1381,242,17, 8
1382,242,17, 8
1383,242,17, 8
1384,242,17, 8
1385,242,17, 8
1386,242,17, 8
1387,242,17, 8
1388,242,17, 8
1389,242,17, 8
1390,242,17, 8
1391,242,17, 8
1392,242,17, 8
1393,242,17, 8
1394,242,17, 8
1395,242,17, 8
1396,242,17, 8
1397,242,17, 8
1398,242,17, 8
1399,242,17, 8
1400,242,17, 8
1401,241,16, 9
1402,241,16, 9
1403,241,16, 9
1404,241,16, 9
1405,241,16, 9
1406,241,16, 9
1407,241,16, 9
1408,241,16, 9
1409,241,16, 9
1410,241,16, 9
1411,241,16, 9
1412,241,16, 9
1413,241,16, 9
1414,241,16, 9
1415,241,16, 9
1416,241,16, 9
1417,241,16, 9
1418,241,16, 9
1419,241,16, 9
1420,241,16, 9
1421,241,16, 9
1422,241,16, 9
1423,241,16, 9
1424,241,16, 9
1425,241,16, 9
1426,241,16, 9
1427,241,16, 9
1428,241,16, 9
1429,241,16, 9
1430,241,16, 9
1431,241,16, 9
1432,241,16, 9
1433,241,16, 9
1434,241,16, 9
1435,241,16, 9
1436,241,16, 9
1437,241,16, 9
1438,241,16, 9
1439,241,16, 9
1440,241,16, 9
1441,241,16, 9
1442,241,16, 9
1443,241,16, 9
1444,241,16, 9
1445,241,16, 9
1446,241,16, 9
1447,241,16, 9
1448,241,16, 9
1449,241,16, 9
1450,241,16, 9
1451,241,16, 9
1452,241,16, 9
1453,241,16, 9
1454,241,16, 9
1455,241,16, 9
1456,241,16, 9
1457,241,16, 9
1458,241,16, 9
1459,241,16, 9
1460,241,16, 9
1461,241,16, 9
1462,241,16, 9
1463,241,16, 9
1464,241,16, 9
1465,241,16, 9
1466,241,16, 9
1467,241,16, 9
1468,241,16, 9
1469,241,16, 9
1470,241,16, 9
1471,241,16, 9
1472,241,16, 9
1473,241,16, 9
1474,241,16, 9
1475,241,16, 9
1476,241,16, 9
1477,241,16, 9
1478,241,16, 9
1479,241,16, 9
1480,241,16, 9
1481,240,15, 10
1482,240,15, 10
1483,240,15, 10
1484,240,15, 10
1485,240,15, 10
1486,240,15, 10
1487,240,15, 10
1488,240,15, 10
1489,240,15, 10
1490,240,15, 10
1491,240,15, 10
1492,240,15, 10
1493,240,15, 10
1494,240,15, 10
1495,240,15, 10
1496,240,15, 10
1497,240,15, 10
1498,240,15, 10
1499,240,15, 10
