0,250,25, 0
1,250,25, 0
2,250,25, 0
3,250,25, 0
4,250,25, 0
5,250,25, 0
6,250,25, 0
7,250,25, 0
8,250,25, 0
9,250,25, 0
10,250,25, 0
11,250,25, 0
12,250,25, 0
13,250,25, 0
14,250,25, 0
15,250,25, 0
16,250,25, 0
17,250,25, 0
18,250,25, 0
19,250,25, 0
20,250,25, 0
21,250,25, 0
22,250,25, 0
23,250,25, 0
24,250,25, 0
25,250,25, 0
26,250,25, 0
27,250,25, 0
28,250,25, 0
29,250,25, 0
30,250,25, 0
31,250,25, 0
32,250,25, 0
33,250,25, 0
34,250,25, 0
35,250,25, 0
36,250,25, 0
37,250,25, 0
38,250,25, 0
39,250,25, 0
40,250,25, 0
41,250,25, 0
42,250,25, 0
43,250,25, 0
44,250,25, 0
45,250,25, 0
46,250,25, 0
47,250,25, 0
48,250,25, 0
49,250,25, 0
50,250,25, 0
51,250,25, 0
52,250,25, 0
53,250,25, 0
54,250,25, 0
55,250,25, 0
56,250,25, 0
57,250,25, 0
58,250,25, 0
59,250,25, 0
60,250,25, 0
61,250,25, 0
62,250,25, 0
63,250,25, 0
64,250,25, 0
65,250,25, 0
66,250,25, 0
67,250,25, 0
68,250,25, 0
69,250,25, 0
70,250,25, 0
71,250,25, 0
72,250,25, 0
73,250,25, 0
74,250,25, 0
75,250,25, 0
76,250,25, 0
77,250,25, 0
78,250,25, 0
79,250,25, 0
80,250,25, 0
81,250,25, 0
82,250,25, 0
83,250,25, 0
84,250,25, 0
85,250,25, 0
86,250,25, 0
87,250,25, 0
88,250,25, 0
89,250,25, 0
90,250,25, 0
91,250,25, 0
92,250,25, 0
93,250,25, 0
94,250,25, 0
95,250,25, 0
96,250,25, 0
97,250,25, 0
98,250,25, 0
99,250,25, 0
100,250,25, 0
101,250,25, 0
102,250,25, 0
103,250,25, 0
104,250,25, 0
105,250,25, 0
106,250,25, 0
107,250,25, 0
108,250,25, 0
109,250,25, 0
110,250,25, 0
111,250,25, 0
112,250,25, 0
113,250,25, 0
114,250,25, 0
115,250,25, 0
116,250,25, 0
117,250,25, 0
118,250,25, 0
119,250,25, 0
120,250,25, 0
121,250,25, 0
122,250,25, 0
123,250,25, 0
124,250,25, 0
125,250,25, 0
126,250,25, 0
127,250,25, 0
128,250,25, 0
129,250,25, 0
130,250,25, 0
131,250,25, 0
132,250,25, 0
133,250,25, 0
134,250,25, 0
135,250,25, 0
136,250,25, 0
137,250,25, 0
138,250,25, 0
139,250,25, 0
140,250,25, 0
141,250,25, 0
142,250,25, 0
143,250,25, 0
144,250,25, 0
145,250,25, 0
146,250,25, 0
147,250,25, 0
148,250,25, 0
149,250,25, 0
150,250,25, 0
151,250,25, 0
152,250,25, 0
153,250,25, 0
154,250,25, 0
155,250,25, 0
156,250,25, 0
157,250,25, 0
158,250,25, 0
159,250,25, 0
160,250,25, 0
161,250,25, 0
162,250,25, 0
163,250,25, 0
164,250,25, 0
165,250,25, 0
166,250,25, 0
167,250,25, 0
168,250,25, 0
169,250,25, 0
170,250,25, 0
171,250,25, 0
172,250,25, 0
173,250,25, 0
174,250,25, 0
175,250,25, 0
176,250,25, 0
177,250,25, 0
178,250,25, 0
179,250,25, 0
180,250,25, 0
181,250,25, 0
182,250,25, 0
183,250,25, 0
184,250,25, 0
185,250,25, 0
186,250,25, 0
187,250,25, 0
188,250,25, 0
189,250,25, 0
190,250,25, 0
191,250,25, 0
192,250,25, 0
193,250,25, 0
194,250,25, 0
195,250,25, 0
196,250,25, 0
197,250,25, 0
198,250,25, 0
199,250,25, 0
200,250,25, 0
201,250,25, 0
202,250,25, 0
203,250,25, 0
204,250,25, 0
205,250,25, 0
206,250,25, 0
207,250,25, 0
208,250,25, 0
209,250,25, 0
210,250,25, 0
211,250,25, 0
212,250,25, 0
213,250,25, 0
214,250,25, 0
215,250,25, 0
216,250,25, 0
217,250,25, 0
218,250,25, 0
219,250,25, 0
220,250,25, 0
221,250,25, 0
222,250,25, 0
223,250,25, 0
224,250,25, 0
225,250,25, 0
226,250,25, 0
227,250,25, 0
228,250,25, 0
229,250,25, 0
230,250,25, 0
231,250,25, 0
232,250,25, 0
233,250,25, 0
234,250,25, 0
235,250,25, 0
236,250,25, 0
237,250,25, 0
238,250,25, 0
239,250,25, 0
240,250,25, 0
241,250,25, 0
242,250,25, 0
243,250,25, 0
244,250,25, 0
245,250,25, 0
246,250,25, 0
247,250,25, 0
248,250,25, 0
249,250,25, 0
250,250,25, 0
251,250,25, 0
252,250,25, 0
253,250,25, 0
254,250,25, 0
255,250,25, 0
256,250,25, 0
257,250,25, 0
258,250,25, 0
259,250,25, 0
260,250,25, 0
261,250,25, 0
262,250,25, 0
263,250,25, 0
264,250,25, 0
265,250,25, 0
266,250,25, 0
267,250,25, 0
268,250,25, 0
269,250,25, 0
270,250,25, 0
271,250,25, 0
272,250,25, 0
273,250,25, 0
274,250,25, 0
275,250,25, 0
276,250,25, 0
277,250,25, 0
278,250,25, 0
279,250,25, 0
280,250,25, 0
281,250,25, 0
282,250,25, 0
283,250,25, 0
284,250,25, 0
285,250,25, 0
286,250,25, 0
287,250,25, 0
288,250,25, 0
289,250,25, 0
290,250,25, 0
291,250,25, 0
292,250,25, 0
293,250,25, 0
294,250,25, 0
295,250,25, 0
296,250,25, 0
297,250,25, 0
298,250,25, 0
299,250,25, 0
300,250,25, 0
301,250,25, 0
302,250,25, 0
303,250,25, 0
304,250,25, 0
305,250,25, 0
306,250,25, 0
307,250,25, 0
308,250,25, 0
309,250,25, 0
310,250,25, 0
311,250,25, 0
312,250,25, 0
313,250,25, 0
314,250,25, 0
315,250,25, 0
316,250,25, 0
317,250,25, 0
318,250,25, 0
319,250,25, 0
320,250,25, 0
321,250,25, 0
322,250,25, 0
323,250,25, 0
324,250,25, 0
325,250,25, 0
326,250,25, 0
327,250,25, 0
328,250,25, 0
329,250,25, 0
330,250,25, 0
331,250,25, 0
332,250,25, 0
333,250,25, 0
334,250,25, 0
335,250,25, 0
336,250,25, 0
337,250,25, 0
338,250,25, 0
339,250,25, 0
340,250,25, 0
341,250,25, 0
342,250,25, 0
343,250,25, 0
344,250,25, 0
345,250,25, 0
346,250,25, 0
347,250,25, 0
348,250,25, 0
349,250,25, 0
350,250,25, 0
351,250,25, 0
352,250,25, 0
353,250,25, 0
354,250,25, 0
355,250,25, 0
356,250,25, 0
357,250,25, 0
358,250,25, 0
359,250,25, 0
360,250,25, 0
361,250,25, 0
362,250,25, 0
363,250,25, 0
364,250,25, 0
365,250,25, 0
366,250,25, 0
367,250,25, 0
368,250,25, 0
369,250,25, 0
370,250,25, 0
371,250,25, 0
372,250,25, 0
373,250,25, 0
374,250,25, 0
375,250,25, 0
376,250,25, 0
377,250,25, 0
378,250,25, 0
379,250,25, 0
380,250,25, 0
381,250,25, 0
382,250,25, 0
383,250,25, 0
384,250,25, 0
385,250,25, 0
386,250,25, 0
387,250,25, 0
388,250,25, 0
389,250,25, 0
390,250,25, 0
391,250,25, 0
392,250,25, 0
393,250,25, 0
394,250,25, 0
395,250,25, 0
396,250,25, 0
397,250,25, 0
398,250,25, 0
399,250,25, 0
400,250,25, 0
401,250,25, 0
402,250,25, 0
403,250,25, 0
404,250,25, 0
405,250,25, 0
406,250,25, 0
407,250,25, 0
408,250,25, 0
409,250,25, 0
410,250,25, 0
411,250,25, 0
412,250,25, 0
413,250,25, 0
414,250,25, 0
415,250,25, 0
416,250,25, 0
417,250,25, 0
418,250,25, 0
419,250,25, 0
420,250,25, 0
421,250,25, 0
422,250,25, 0
423,250,25, 0
424,250,25, 0
425,250,25, 0
426,250,25, 0
427,250,25, 0
428,250,25, 0
429,250,25, 0
430,250,25, 0
431,250,25, 0
432,250,25, 0
433,250,25, 0
434,250,25, 0
435,250,25, 0
436,250,25, 0
437,250,25, 0
438,250,25, 0
439,250,25, 0
440,250,25, 0
441,250,25, 0
442,250,25, 0
443,250,25, 0
444,250,25, 0
445,250,25, 0
446,250,25, 0
447,250,25, 0
448,250,25, 0
449,250,25, 0
450,250,25, 0
451,250,25, 0
452,250,25, 0
453,250,25, 0
454,250,25, 0
455,250,25, 0
456,250,25, 0
457,250,25, 0
458,250,25, 0
459,250,25, 0
460,250,25, 0
461,250,25, 0
462,250,25, 0
463,250,25, 0
464,250,25, 0
465,250,25, 0
466,250,25, 0
467,250,25, 0
468,250,25, 0
469,250,25, 0
470,250,25, 0
471,250,25, 0
472,250,25, 0
473,250,25, 0
474,250,25, 0
475,250,25, 0
476,250,25, 0
477,250,25, 0
478,250,25, 0
479,250,25, 0
480,250,25, 0
481,250,25, 0
482,250,25, 0
483,250,25, 0
484,250,25, 0
485,250,25, 0
486,250,25, 0
487,250,25, 0
488,250,25, 0
489,250,25, 0
490,250,25, 0
491,250,25, 0
492,250,25, 0
493,250,25, 0
494,250,25, 0
495,250,25, 0
496,250,25, 0
497,250,25, 0
498,250,25, 0
499,250,25, 0
500,250,25, 0
501,250,25, 0
502,250,25, 0
503,250,25, 0
504,250,25, 0
505,250,25, 0
506,250,25, 0
507,250,25, 0
508,250,25, 0
509,250,25, 0
510,250,25, 0
511,250,25, 0
512,250,25, 0
513,250,25, 0
514,250,25, 0
515,250,25, 0
516,250,25, 0
517,250,25, 0
518,250,25, 0
519,250,25, 0
520,250,25, 0
521,250,25, 0
522,250,25, 0
523,250,25, 0
524,250,25, 0
525,250,25, 0
526,250,25, 0
527,250,25, 0
528,250,25, 0
529,250,25, 0
530,250,25, 0
531,250,25, 0
532,250,25, 0
533,250,25, 0
534,250,25, 0
535,250,25, 0
536,250,25, 0
537,250,25, 0
538,250,25, 0
539,250,25, 0
540,250,25, 0
541,250,25, 0
542,250,25, 0
543,250,25, 0
544,250,25, 0
545,250,25, 0
546,250,25, 0
547,250,25, 0
548,250,25, 0
549,250,25, 0
550,250,25, 0
551,250,25, 0
552,250,25, 0
553,250,25, 0
554,250,25, 0
555,250,25, 0
556,250,25, 0
557,250,25, 0
558,250,25, 0
559,250,25, 0
560,250,25, 0
561,250,25, 0
562,250,25, 0
563,250,25, 0
564,250,25, 0
565,250,25, 0
566,250,25, 0
567,250,25, 0
568,250,25, 0
569,250,25, 0
570,250,25, 0
571,250,25, 0
572,250,25, 0
573,250,25, 0
574,250,25, 0
575,250,25, 0
576,250,25, 0
577,250,25, 0
578,250,25, 0
579,250,25, 0
580,250,25, 0
581,250,25, 0
582,250,25, 0
583,250,25, 0
584,250,25, 0
585,250,25, 0
586,250,25, 0
587,250,25, 0
588,250,25, 0
589,250,25, 0
590,250,25, 0
591,250,25, 0
592,250,25, 0
593,250,25, 0
594,250,25, 0
595,250,25, 0
596,250,25, 0
597,250,25, 0
598,250,25, 0
599,250,25, 0
600,250,25, 0
601,250,25, 0
602,250,25, 0
603,250,25, 0
604,250,25, 0
605,250,25, 0
606,250,25, 0
607,250,25, 0
608,250,25, 0
609,250,25, 0
610,250,25, 0
611,250,25, 0
612,250,25, 0
613,250,25, 0
614,250,25, 0
615,250,25, 0
616,250,25, 0
617,250,25, 0
618,250,25, 0
619,250,25, 0
620,250,25, 0
621,250,25, 0
622,250,25, 0
623,250,25, 0
624,250,25, 0
625,250,25, 0
626,250,25, 0
627,250,25, 0
628,250,25, 0
629,250,25, 0
630,250,25, 0
631,250,25, 0
632,250,25, 0
633,250,25, 0
634,250,25, 0
635,250,25, 0
636,250,25, 0
637,250,25, 0
638,250,25, 0
639,250,25, 0
640,250,25, 0
641,250,25, 0
642,250,25, 0
643,250,25, 0
644,250,25, 0
645,250,25, 0
646,250,25, 0
647,250,25, 0
648,250,25, 0
649,250,25, 0
650,250,25, 0
651,250,25, 0
652,250,25, 0
653,250,25, 0
654,250,25, 0
655,250,25, 0
656,250,25, 0
657,250,25, 0
658,250,25, 0
659,250,25, 0
660,250,25, 0
661,250,25, 0
662,250,25, 0
663,250,25, 0
664,250,25, 0
665,250,25, 0
666,250,25, 0
667,250,25, 0
668,250,25, 0
669,250,25, 0
670,250,25, 0
671,250,25, 0
672,250,25, 0
673,250,25, 0
674,250,25, 0
675,250,25, 0
676,250,25, 0
677,250,25, 0
678,250,25, 0
679,250,25, 0
680,250,25, 0
681,250,25, 0
682,250,25, 0
683,250,25, 0
684,250,25, 0
685,250,25, 0
686,250,25, 0
687,250,25, 0
688,250,25, 0
689,250,25, 0
690,250,25, 0
691,250,25, 0
692,250,25, 0
693,250,25, 0
694,250,25, 0
695,250,25, 0
696,250,25, 0
697,250,25, 0
698,250,25, 0
699,250,25, 0
700,250,25, 0
701,250,25, 0
702,250,25, 0
703,250,25, 0
704,250,25, 0
705,250,25, 0
706,250,25, 0
707,250,25, 0
708,250,25, 0
709,250,25, 0
710,250,25, 0
711,250,25, 0
712,250,25, 0
713,250,25, 0
714,250,25, 0
715,250,25, 0
716,250,25, 0
717,250,25, 0
718,250,25, 0
719,250,25, 0
720,250,25, 0
721,250,25, 0
722,250,25, 0
723,250,25, 0
724,250,25, 0
725,250,25, 0
726,250,25, 0
727,250,25, 0
728,250,25, 0
729,250,25, 0
730,250,25, 0
731,250,25, 0
732,250,25, 0
733,250,25, 0
734,250,25, 0
735,250,25, 0
736,250,25, 0
737,250,25, 0
738,250,25, 0
739,250,25, 0
740,250,25, 0
741,250,25, 0
742,250,25, 0
743,250,25, 0
744,250,25, 0
745,250,25, 0
746,250,25, 0
747,250,25, 0
748,250,25, 0
749,250,25, 0
750,250,25, 0
751,250,25, 0
752,250,25, 0
753,250,25, 0
754,250,25, 0
755,250,25, 0
756,250,25, 0
757,250,25, 0
758,250,25, 0
759,250,25, 0
760,250,25, 0
761,250,25, 0
762,250,25, 0
763,250,25, 0
764,250,25, 0
765,250,25, 0
766,250,25, 0
767,250,25, 0
768,250,25, 0
769,250,25, 0
770,250,25, 0
771,250,25, 0
772,250,25, 0
773,250,25, 0
774,250,25, 0
775,250,25, 0
776,250,25, 0
777,250,25, 0
778,250,25, 0
779,250,25, 0
780,250,25, 0
781,250,25, 0
782,250,25, 0
783,250,25, 0
784,250,25, 0
785,250,25, 0
786,250,25, 0
787,250,25, 0
788,250,25, 0
789,250,25, 0
790,250,25, 0
791,250,25, 0
792,250,25, 0
793,250,25, 0
794,250,25, 0
795,250,25, 0
796,250,25, 0
797,250,25, 0
798,250,25, 0
799,250,25, 0
800,250,25, 0
801,250,25, 0
802,250,25, 0
803,250,25, 0
804,250,25, 0
805,250,25, 0
806,250,25, 0
807,250,25, 0
808,250,25, 0
809,250,25, 0
810,250,25, 0
811,250,25, 0
812,250,25, 0
813,250,25, 0
814,250,25, 0
815,250,25, 0
816,250,25, 0
817,250,25, 0
818,250,25, 0
819,250,25, 0
820,250,25, 0
821,250,25, 0
822,250,25, 0
823,250,25, 0
824,250,25, 0
825,250,25, 0
826,250,25, 0
827,250,25, 0
828,250,25, 0
829,250,25, 0
830,250,25, 0
831,250,25, 0
832,250,25, 0
833,250,25, 0
834,250,25, 0
835,250,25, 0
836,250,25, 0
837,250,25, 0
838,250,25, 0
839,250,25, 0
840,250,25, 0
841,250,25, 0
842,250,25, 0
843,250,25, 0
844,250,25, 0
845,250,25, 0
846,250,25, 0
847,250,25, 0
848,250,25, 0
849,250,25, 0
850,249,24, 1
851,249,24, 1
852,249,24, 1
853,249,24, 1
854,249,24, 1
855,249,24, 1
856,249,24, 1
857,249,24, 1
858,249,24, 1
859,249,24, 1
860,249,24, 1
861,249,24, 1
862,249,24, 1
863,249,24, 1
864,249,24, 1
865,249,24, 1
866,249,24, 1
867,249,24, 1
868,249,24, 1
869,249,24, 1
870,249,24, 1
871,249,24, 1
872,249,24, 1
873,249,24, 1
874,249,24, 1
875,249,24, 1
876,249,24, 1
877,249,24, 1
878,249,24, 1
879,249,24, 1
880,249,24, 1
881,249,24, 1
882,249,24, 1
883,249,24, 1
884,249,24, 1
885,249,24, 1
886,249,24, 1
887,249,24, 1
888,249,24, 1
889,249,24, 1
890,249,24, 1
891,249,24, 1
892,249,24, 1
893,249,24, 1
894,249,24, 1
895,249,24, 1
896,249,24, 1
897,249,24, 1
898,249,24, 1
899,249,24, 1
900,249,24, 1
901,249,24, 1
902,249,24, 1
903,249,24, 1
904,249,24, 1
905,249,24, 1
906,249,24, 1
907,249,24, 1
908,249,24, 1
909,249,24, 1
910,249,24, 1
911,249,24, 1
912,249,24, 1
913,249,24, 1
914,249,24, 1
915,249,24, 1
916,249,24, 1
917,249,24, 1
918,249,24, 1
919,249,24, 1
920,249,24, 1
921,249,24, 1
922,249,24, 1
923,249,24, 1
924,249,24, 1
925,249,24, 1
926,249,24, 1
927,249,24, 1
928,249,24, 1
929,249,24, 1
930,249,24, 1
931,249,24, 1
932,249,24, 1
933,249,24, 1
934,249,24, 1
935,249,24, 1
936,249,24, 1
937,249,24, 1
938,249,24, 1
939,249,24, 1
940,249,24, 1
941,249,24, 1
942,249,24, 1
943,249,24, 1
944,249,24, 1
945,249,24, 1
946,249,24, 1
947,249,24, 1
948,249,24, 1
949,249,24, 1
950,249,24, 1
951,249,24, 1
952,249,24, 1
953,249,24, 1
954,249,24, 1
955,249,24, 1
956,249,24, 1
957,249,24, 1
958,249,24, 1
959,249,24, 1
960,249,24, 1
961,249,24, 1
962,249,24, 1
963,249,24, 1
964,249,24, 1
965,249,24, 1
966,249,24, 1
967,249,24, 1
968,249,24, 1
969,249,24, 1
970,249,24, 1
971,249,24, 1
972,249,24, 1
973,249,24, 1
974,249,24, 1
975,249,24, 1
976,249,24, 1
977,249,24, 1
978,249,24, 1
979,249,24, 1
980,249,24, 1
981,249,24, 1
982,249,24, 1
983,249,24, 1
984,249,24, 1
985,249,24, 1
986,249,24, 1
987,249,24, 1
988,249,24, 1
989,249,24, 1
990,249,24, 1
991,249,24, 1
992,249,24, 1
993,249,24, 1
994,249,24, 1
995,249,24, 1
996,249,24, 1
997,249,24, 1
998,249,24, 1
999,249,24, 1
1000,249,24, 1
1001,249,24, 1
1002,249,24, 1
1003,249,24, 1
1004,249,24, 1
1005,249,24, 1
1006,249,24, 1
1007,249,24, 1
1008,249,24, 1
1009,249,24, 1
1010,249,24, 1
1011,249,24, 1
1012,249,24, 1
1013,249,24, 1
1014,249,24, 1
1015,249,24, 1
1016,249,24, 1
1017,249,24, 1
1018,249,24, 1
1019,249,24, 1
1020,249,24, 1
1021,249,24, 1
1022,249,24, 1
1023,249,24, 1
1024,249,24, 1
1025,249,24, 1
1026,249,24, 1
1027,249,24, 1
1028,249,24, 1
1029,249,24, 1
1030,249,24, 1
1031,249,24, 1
1032,249,24, 1
1033,249,24, 1
1034,249,24, 1
1035,249,24, 1
1036,249,24, 1
1037,249,24, 1
1038,249,24, 1
1039,249,24, 1
1040,249,24, 1
1041,249,24, 1
1042,249,24, 1
1043,249,24, 1
1044,249,24, 1
1045,249,24, 1
1046,249,24, 1
1047,249,24, 1
1048,249,24, 1
1049,249,24, 1
1050,249,24, 1
1051,249,24, 1
1052,249,24, 1
1053,249,24, 1
1054,249,24, 1
1055,249,24, 1
1056,249,24, 1
1057,249,24, 1
1058,249,24, 1
1059,249,24, 1
1060,249,24, 1
1061,249,24, 1
1062,249,24, 1
1063,249,24, 1
1064,249,24, 1
1065,249,24, 1
1066,249,24, 1
1067,249,24, 1
1068,249,24, 1
1069,249,24, 1
1070,249,24, 1
1071,249,24, 1
1072,249,24, 1
1073,249,24, 1
1074,249,24, 1
1075,249,24, 1
1076,249,24, 1
1077,249,24, 1
1078,249,24, 1
1079,249,24, 1
1080,249,24, 1
1081,249,24, 1
1082,249,24, 1
1083,249,24, 1
1084,249,24, 1
1085,249,24, 1
1086,249,24, 1
1087,249,24, 1
1088,249,24, 1
1089,249,24, 1
1090,249,24, 1
1091,249,24, 1
1092,249,24, 1
1093,249,24, 1
1094,249,24, 1
1095,249,24, 1
1096,249,24, 1
1097,249,24, 1
1098,249,24, 1
1099,249,24, 1
1100,249,24, 1
1101,249,24, 1
1102,249,24, 1
1103,249,24, 1
1104,249,24, 1
1105,249,24, 1
1106,249,24, 1
1107,249,24, 1
1108,249,24, 1
1109,249,24, 1
1110,249,24, 1
1111,249,24, 1
1112,249,24, 1
1113,249,24, 1
1114,249,24, 1
1115,249,24, 1
1116,249,24, 1
1117,249,24, 1
1118,249,24, 1
1119,249,24, 1
1120,249,24, 1
1121,249,24, 1
1122,249,24, 1
1123,249,24, 1
1124,249,24, 1
1125,249,24, 1
1126,249,24, 1
1127,249,24, 1
1128,249,24, 1
1129,249,24, 1
1130,249,24, 1
1131,249,24, 1
1132,249,24, 1
1133,249,24, 1
1134,249,24, 1
1135,249,24, 1
1136,249,24, 1
1137,249,24, 1
1138,249,24, 1
1139,249,24, 1
1140,249,24, 1
1141,249,24, 1
1142,249,24, 1
1143,249,24, 1
1144,249,24, 1
1145,249,24, 1
1146,249,24, 1
1147,249,24, 1
1148,249,24, 1
1149,249,24, 1
1150,249,24, 1
1151,249,24, 1
1152,249,24, 1
1153,249,24, 1
1154,249,24, 1
1155,249,24, 1
1156,249,24, 1
1157,249,24, 1
1158,249,24, 1
1159,249,24, 1
1160,249,24, 1
1161,249,24, 1
1162,249,24, 1
1163,249,24, 1
1164,249,24, 1
1165,249,24, 1
1166,249,24, 1
1167,249,24, 1
1168,249,24, 1
1169,249,24, 1
1170,249,24, 1
1171,249,24, 1
1172,249,24, 1
1173,249,24, 1
1174,249,24, 1
1175,249,24, 1
1176,249,24, 1
1177,249,24, 1
1178,249,24, 1
1179,249,24, 1
1180,249,24, 1
1181,249,24, 1
1182,249,24, 1
1183,248,23, 2
1184,248,23, 2
1185,248,23, 2
1186,248,23, 2
1187,248,23, 2
1188,248,23, 2
1189,248,23, 2
1190,248,23, 2
1191,248,23, 2
1192,248,23, 2
1193,248,23, 2
1194,248,23, 2
1195,248,23, 2
1196,248,23, 2
1197,248,23, 2
1198,248,23, 2
1199,248,23, 2
1200,248,23, 2
1201,248,23, 2
1202,248,23, 2
1203,248,23, 2
1204,248,23, 2
1205,248,23, 2
1206,248,23, 2
1207,248,23, 2
1208,248,23, 2
1209,248,23, 2
1210,248,23, 2
1211,248,23, 2
1212,248,23, 2
1213,248,23, 2
1214,248,23, 2
1215,248,23, 2
1216,248,23, 2
1217,248,23, 2
1218,248,23, 2
1219,248,23, 2
1220,248,23, 2
1221,248,23, 2
1222,248,23, 2
1223,248,23, 2
1224,248,23, 2
1225,248,23, 2
1226,248,23, 2
1227,248,23, 2
1228,248,23, 2
1229,248,23, 2
1230,248,23, 2
1231,248,23, 2
1232,248,23, 2
1233,248,23, 2
1234,248,23, 2
1235,248,23, 2
1236,248,23, 2
1237,248,23, 2
1238,248,23, 2
1239,248,23, 2
1240,248,23, 2
1241,248,23, 2
1242,248,23, 2
1243,248,23, 2
1244,248,23, 2
1245,248,23, 2
1246,248,23, 2
1247,248,23, 2
1248,248,23, 2
1249,248,23, 2
1250,248,23, 2
1251,248,23, 2
1252,248,23, 2
1253,248,23, 2
1254,248,23, 2
1255,248,23, 2
1256,248,23, 2
1257,248,23, 2
1258,248,23, 2
1259,248,23, 2
1260,248,23, 2
1261,248,23, 2
1262,248,23, 2
1263,248,23, 2
1264,248,23, 2
1265,248,23, 2
1266,248,23, 2
1267,248,23, 2
1268,248,23, 2
1269,248,23, 2
1270,248,23, 2
1271,248,23, 2
1272,248,23, 2
1273,248,23, 2
1274,248,23, 2
1275,248,23, 2
1276,248,23, 2
1277,248,23, 2
1278,248,23, 2
1279,248,23, 2
1280,248,23, 2
1281,248,23, 2
1282,248,23, 2
1283,248,23, 2
1284,248,23, 2
1285,248,23, 2
1286,248,23, 2
1287,248,23, 2
1288,248,23, 2
1289,248,23, 2
1290,248,23, 2
1291,248,23, 2
1292,248,23, 2
1293,248,23, 2
1294,248,23, 2
1295,248,23, 2
1296,248,23, 2
1297,248,23, 2
1298,248,23, 2
1299,248,23, 2
1300,248,23, 2
1301,248,23, 2
1302,248,23, 2
1303,248,23, 2
1304,248,23, 2
1305,248,23, 2
1306,248,23, 2
1307,248,23, 2
1308,248,23, 2
1309,248,23, 2
1310,248,23, 2
1311,248,23, 2
1312,248,23, 2
1313,248,23, 2
1314,248,23, 2
1315,248,23, 2
1316,248,23, 2
1317,248,23, 2
1318,248,23, 2
1319,248,23, 2
1320,248,23, 2
1321,248,23, 2
1322,248,23, 2
1323,248,23, 2
1324,248,23, 2
1325,248,23, 2
1326,248,23, 2
1327,248,23, 2
1328,248,23, 2
1329,248,23, 2
1330,248,23, 2
1331,248,23, 2
1332,248,23, 2
1333,248,23, 2
1334,248,23, 2
1335,248,23, 2
1336,248,23, 2
1337,248,23, 2
1338,248,23, 2
1339,248,23, 2
1340,248,23, 2
1341,248,23, 2
1342,248,23, 2
1343,248,23, 2
1344,248,23, 2
1345,248,23, 2
1346,248,23, 2
1347,248,23, 2
1348,248,23, 2
1349,248,23, 2
1350,248,23, 2
1351,248,23, 2
1352,248,23, 2
1353,248,23, 2
1354,248,23, 2
1355,248,23, 2
1356,248,23, 2
1357,248,23, 2
1358,248,23, 2
1359,248,23, 2
1360,248,23, 2
1361,248,23, 2
1362,248,23, 2
1363,248,23, 2
1364,248,23, 2
1365,248,23, 2
1366,248,23, 2
1367,248,23, 2
1368,248,23, 2
1369,248,23, 2
1370,248,23, 2
1371,248,23, 2
1372,248,23, 2
1373,248,23, 2
1374,248,23, 2
1375,248,23, 2
1376,248,23, 2
1377,248,23, 2
1378,248,23, 2
1379,248,23, 2
1380,248,23, 2
1381,248,23, 2
1382,248,23, 2
1383,248,23, 2
1384,248,23, 2
1385,248,23, 2
1386,248,23, 2
1387,248,23, 2
1388,248,23, 2
1389,248,23, 2
1390,248,23, 2
1391,248,23, 2
1392,248,23, 2
1393,248,23, 2
1394,248,23, 2
1395,248,23, 2
1396,248,23, 2
1397,248,23, 2
1398,248,23, 2
1399,248,23, 2
1400,248,23, 2
1401,248,23, 2
1402,248,23, 2
1403,248,23, 2
1404,248,23, 2
1405,248,23, 2
1406,248,23, 2
1407,248,23, 2
1408,248,23, 2
1409,248,23, 2
1410,248,23, 2
1411,248,23, 2
1412,248,23, 2
1413,248,23, 2
1414,248,23, 2
1415,248,23, 2
1416,248,23, 2
1417,248,23, 2
1418,248,23, 2
1419,248,23, 2
1420,248,23, 2
1421,248,23, 2
1422,248,23, 2
1423,248,23, 2
1424,248,23, 2
1425,248,23, 2
1426,248,23, 2
1427,248,23, 2
1428,248,23, 2
1429,248,23, 2
1430,248,23, 2
1431,248,23, 2
1432,248,23, 2
1433,248,23, 2
1434,248,23, 2
1435,248,23, 2
1436,248,23, 2
1437,248,23, 2
1438,248,23, 2
1439,248,23, 2
1440,248,23, 2
1441,248,23, 2
1442,248,23, 2
1443,248,23, 2
1444,248,23, 2
1445,248,23, 2
1446,248,23, 2
1447,248,23, 2
1448,248,23, 2
1449,248,23, 2
1450,248,23, 2
1451,248,23, 2
1452,248,23, 2
1453,248,23, 2
1454,248,23, 2
1455,248,23, 2
1456,248,23, 2
1457,248,23, 2
1458,248,23, 2
1459,248,23, 2
1460,248,23, 2
1461,248,23, 2
1462,248,23, 2
1463,248,23, 2
1464,248,23, 2
1465,248,23, 2
1466,248,23, 2
1467,248,23, 2
1468,248,23, 2
1469,248,23, 2
1470,248,23, 2
1471,248,23, 2
1472,248,23, 2
1473,248,23, 2
1474,248,23, 2
1475,248,23, 2
1476,248,23, 2
1477,248,23, 2
1478,248,23, 2
1479,248,23, 2
1480,248,23, 2
1481,248,23, 2
1482,248,23, 2
1483,248,23, 2
1484,248,23, 2
1485,248,23, 2
1486,248,23, 2
1487,248,23, 2
1488,248,23, 2
1489,248,23, 2
1490,248,23, 2
1491,248,23, 2
1492,248,23, 2
1493,248,23, 2
1494,248,23, 2
1495,248,23, 2
1496,248,23, 2
1497,248,23, 2
1498,248,23, 2
1499,248,23, 2
