0,250,25, 0
1,250,25, 0
2,250,25, 0
3,250,25, 0
4,250,25, 0
5,250,25, 0
6,250,25, 0
7,250,25, 0
8,250,25, 0
9,250,25, 0
10,250,25, 0
11,250,25, 0
12,250,25, 0
13,250,25, 0
14,250,25, 0
15,250,25, 0
16,250,25, 0
17,250,25, 0
18,250,25, 0
19,250,25, 0
20,250,25, 0
21,250,25, 0
22,250,25, 0
23,250,25, 0
24,250,25, 0
25,250,25, 0
26,250,25, 0
27,250,25, 0
28,250,25, 0
29,250,25, 0
30,250,25, 0
31,250,25, 0
32,250,25, 0
33,250,25, 0
34,250,25, 0
35,250,25, 0
36,250,25, 0
37,250,25, 0
38,250,25, 0
39,250,25, 0
40,250,25, 0
41,250,25, 0
42,250,25, 0
43,250,25, 0
44,250,25, 0
45,250,25, 0
46,250,25, 0
47,250,25, 0
48,250,25, 0
49,250,25, 0
50,250,25, 0
51,250,25, 0
52,250,25, 0
53,250,25, 0
54,250,25, 0
55,250,25, 0
56,250,25, 0
57,250,25, 0
58,250,25, 0
59,250,25, 0
60,250,25, 0
61,250,25, 0
62,250,25, 0
63,250,25, 0
64,250,25, 0
65,250,25, 0
66,250,25, 0
67,250,25, 0
68,250,25, 0
69,250,25, 0
70,250,25, 0
71,250,25, 0
72,250,25, 0
73,250,25, 0
74,250,25, 0
75,250,25, 0
76,250,25, 0
77,250,25, 0
78,250,25, 0
79,250,25, 0
80,250,25, 0
81,250,25, 0
82,250,25, 0
83,250,25, 0
84,250,25, 0
85,250,25, 0
86,250,25, 0
87,250,25, 0
88,250,25, 0
89,250,25, 0
90,250,25, 0
91,250,25, 0
92,250,25, 0
93,250,25, 0
94,250,25, 0
95,250,25, 0
96,250,25, 0
97,250,25, 0
98,250,25, 0
99,250,25, 0
100,250,25, 0
101,250,25, 0
102,250,25, 0
103,250,25, 0
104,250,25, 0
105,250,25, 0
106,250,25, 0
107,250,25, 0
108,250,25, 0
109,250,25, 0
110,250,25, 0
111,250,25, 0
112,250,25, 0
113,250,25, 0
114,250,25, 0
115,250,25, 0
116,250,25, 0
117,250,25, 0
118,250,25, 0
119,250,25, 0
120,250,25, 0
121,250,25, 0
122,250,25, 0
123,250,25, 0
124,250,25, 0
125,250,25, 0
126,250,25, 0
127,250,25, 0
128,250,25, 0
129,250,25, 0
130,250,25, 0
131,250,25, 0
132,250,25, 0
133,250,25, 0
134,250,25, 0
135,250,25, 0
136,250,25, 0
137,250,25, 0
138,250,25, 0
139,250,25, 0
140,250,25, 0
141,250,25, 0
142,250,25, 0
143,250,25, 0
144,250,25, 0
145,250,25, 0
146,250,25, 0
147,250,25, 0
148,250,25, 0
149,250,25, 0
150,250,25, 0
151,250,25, 0
152,250,25, 0
153,250,25, 0
154,250,25, 0
155,250,25, 0
156,250,25, 0
157,250,25, 0
158,250,25, 0
159,250,25, 0
160,250,25, 0
161,250,25, 0
162,250,25, 0
163,250,25, 0
164,250,25, 0
165,250,25, 0
166,250,25, 0
167,250,25, 0
168,250,25, 0
169,250,25, 0
170,250,25, 0
171,250,25, 0
172,250,25, 0
173,250,25, 0
174,250,25, 0
175,250,25, 0
176,250,25, 0
177,250,25, 0
178,250,25, 0
179,250,25, 0
180,250,25, 0
181,250,25, 0
182,250,25, 0
183,250,25, 0
184,250,25, 0
185,250,25, 0
186,250,25, 0
187,250,25, 0
188,250,25, 0
189,250,25, 0
190,250,25, 0
191,250,25, 0
192,250,25, 0
193,250,25, 0
194,250,25, 0
195,250,25, 0
196,250,25, 0
197,250,25, 0
198,250,25, 0
199,250,25, 0
200,250,25, 0
201,250,25, 0
202,250,25, 0
203,250,25, 0
204,250,25, 0
205,250,25, 0
206,250,25, 0
207,250,25, 0
208,250,25, 0
209,250,25, 0
210,250,25, 0
211,250,25, 0
212,250,25, 0
213,250,25, 0
214,250,25, 0
215,250,25, 0
216,250,25, 0
217,250,25, 0
218,250,25, 0
219,250,25, 0
220,250,25, 0
221,250,25, 0
222,250,25, 0
223,250,25, 0
224,250,25, 0
225,250,25, 0
226,250,25, 0
227,250,25, 0
228,250,25, 0
229,250,25, 0
230,250,25, 0
231,250,25, 0
232,250,25, 0
233,250,25, 0
234,250,25, 0
235,250,25, 0
236,250,25, 0
237,250,25, 0
238,250,25, 0
239,250,25, 0
240,250,25, 0
241,250,25, 0
242,250,25, 0
243,250,25, 0
244,250,25, 0
245,250,25, 0
246,250,25, 0
247,250,25, 0
248,250,25, 0
249,250,25, 0
250,250,25, 0
251,250,25, 0
252,250,25, 0
253,250,25, 0
254,250,25, 0
255,250,25, 0
256,250,25, 0
257,250,25, 0
258,250,25, 0
259,250,25, 0
260,250,25, 0
261,250,25, 0
262,250,25, 0
263,250,25, 0
264,250,25, 0
265,250,25, 0
266,250,25, 0
267,250,25, 0
268,250,25, 0
269,250,25, 0
270,250,25, 0
271,250,25, 0
272,250,25, 0
273,250,25, 0
274,250,25, 0
275,250,25, 0
276,250,25, 0
277,250,25, 0
278,250,25, 0
279,250,25, 0
280,250,25, 0
281,250,25, 0
282,250,25, 0
283,250,25, 0
284,250,25, 0
285,250,25, 0
286,250,25, 0
287,250,25, 0
288,250,25, 0
289,250,25, 0
290,250,25, 0
291,250,25, 0
292,250,25, 0
293,250,25, 0
294,250,25, 0
295,250,25, 0
296,250,25, 0
297,250,25, 0
298,250,25, 0
299,250,25, 0
300,250,25, 0
301,250,25, 0
302,250,25, 0
303,250,25, 0
304,250,25, 0
305,250,25, 0
306,250,25, 0
307,250,25, 0
308,250,25, 0
309,250,25, 0
310,250,25, 0
311,250,25, 0
312,250,25, 0
313,250,25, 0
314,250,25, 0
315,250,25, 0
316,250,25, 0
317,250,25, 0
318,250,25, 0
319,250,25, 0
320,250,25, 0
321,250,25, 0
322,250,25, 0
323,250,25, 0
324,250,25, 0
325,250,25, 0
326,250,25, 0
327,250,25, 0
328,250,25, 0
329,250,25, 0
330,250,25, 0
331,250,25, 0
332,250,25, 0
333,250,25, 0
334,250,25, 0
335,250,25, 0
336,250,25, 0
337,250,25, 0
338,250,25, 0
339,250,25, 0
340,250,25, 0
341,250,25, 0
342,250,25, 0
343,250,25, 0
344,250,25, 0
345,250,25, 0
346,250,25, 0
347,250,25, 0
348,250,25, 0
349,250,25, 0
350,250,25, 0
351,250,25, 0
352,250,25, 0
353,250,25, 0
354,250,25, 0
355,250,25, 0
356,250,25, 0
357,250,25, 0
358,250,25, 0
359,250,25, 0
360,250,25, 0
361,250,25, 0
362,250,25, 0
363,250,25, 0
364,250,25, 0
365,250,25, 0
366,250,25, 0
367,250,25, 0
368,250,25, 0
369,250,25, 0
370,250,25, 0
371,250,25, 0
372,250,25, 0
373,250,25, 0
374,250,25, 0
375,250,25, 0
376,250,25, 0
377,250,25, 0
378,250,25, 0
379,250,25, 0
380,250,25, 0
381,250,25, 0
382,250,25, 0
383,250,25, 0
384,250,25, 0
385,250,25, 0
386,250,25, 0
387,250,25, 0
388,250,25, 0
389,250,25, 0
390,250,25, 0
391,250,25, 0
392,250,25, 0
393,250,25, 0
394,250,25, 0
395,250,25, 0
396,250,25, 0
397,250,25, 0
398,250,25, 0
399,250,25, 0
400,250,25, 0
401,250,25, 0
402,250,25, 0
403,250,25, 0
404,250,25, 0
405,250,25, 0
406,250,25, 0
407,250,25, 0
408,250,25, 0
409,250,25, 0
410,250,25, 0
411,250,25, 0
412,250,25, 0
413,250,25, 0
414,250,25, 0
415,250,25, 0
416,250,25, 0
417,250,25, 0
418,250,25, 0
419,250,25, 0
420,250,25, 0
421,250,25, 0
422,250,25, 0
423,250,25, 0
424,250,25, 0
425,250,25, 0
426,250,25, 0
427,250,25, 0
428,250,25, 0
429,250,25, 0
430,250,25, 0
431,250,25, 0
432,250,25, 0
433,250,25, 0
434,250,25, 0
435,250,25, 0
436,250,25, 0
437,250,25, 0
438,250,25, 0
439,250,25, 0
440,250,25, 0
441,250,25, 0
442,250,25, 0
443,250,25, 0
444,250,25, 0
445,250,25, 0
446,250,25, 0
447,250,25, 0
448,250,25, 0
449,250,25, 0
450,250,25, 0
451,250,25, 0
452,250,25, 0
453,250,25, 0
454,250,25, 0
455,250,25, 0
456,250,25, 0
457,250,25, 0
458,250,25, 0
459,250,25, 0
460,250,25, 0
461,250,25, 0
462,250,25, 0
463,250,25, 0
464,250,25, 0
465,250,25, 0
466,250,25, 0
467,250,25, 0
468,250,25, 0
469,250,25, 0
470,250,25, 0
471,250,25, 0
472,250,25, 0
473,250,25, 0
474,250,25, 0
475,250,25, 0
476,250,25, 0
477,250,25, 0
478,250,25, 0
479,250,25, 0
480,250,25, 0
481,250,25, 0
482,250,25, 0
483,250,25, 0
484,250,25, 0
485,250,25, 0
486,250,25, 0
487,250,25, 0
488,250,25, 0
489,250,25, 0
490,250,25, 0
491,250,25, 0
492,250,25, 0
493,250,25, 0
494,250,25, 0
495,250,25, 0
496,250,25, 0
497,250,25, 0
498,250,25, 0
499,250,25, 0
500,250,25, 0
501,250,25, 0
502,250,25, 0
503,250,25, 0
504,250,25, 0
505,250,25, 0
506,250,25, 0
507,250,25, 0
508,250,25, 0
509,250,25, 0
510,250,25, 0
511,250,25, 0
512,250,25, 0
513,250,25, 0
514,250,25, 0
515,250,25, 0
516,250,25, 0
517,250,25, 0
518,250,25, 0
519,250,25, 0
520,250,25, 0
521,250,25, 0
522,250,25, 0
523,250,25, 0
524,250,25, 0
525,250,25, 0
526,250,25, 0
527,250,25, 0
528,250,25, 0
529,250,25, 0
530,250,25, 0
531,250,25, 0
532,250,25, 0
533,250,25, 0
534,250,25, 0
535,250,25, 0
536,250,25, 0
537,250,25, 0
538,250,25, 0
539,250,25, 0
540,250,25, 0
541,250,25, 0
542,250,25, 0
543,250,25, 0
544,250,25, 0
545,250,25, 0
546,250,25, 0
547,250,25, 0
548,250,25, 0
549,250,25, 0
550,250,25, 0
551,250,25, 0
552,250,25, 0
553,250,25, 0
554,250,25, 0
555,250,25, 0
556,250,25, 0
557,250,25, 0
558,250,25, 0
559,250,25, 0
560,250,25, 0
561,250,25, 0
562,250,25, 0
563,250,25, 0
564,250,25, 0
565,250,25, 0
566,250,25, 0
567,250,25, 0
568,250,25, 0
569,250,25, 0
570,250,25, 0
571,250,25, 0
572,250,25, 0
573,250,25, 0
574,250,25, 0
575,250,25, 0
576,250,25, 0
577,250,25, 0
578,250,25, 0
579,250,25, 0
580,250,25, 0
581,250,25, 0
582,250,25, 0
583,250,25, 0
584,250,25, 0
585,250,25, 0
586,250,25, 0
587,250,25, 0
588,250,25, 0
589,250,25, 0
590,250,25, 0
591,250,25, 0
592,250,25, 0
593,250,25, 0
594,250,25, 0
595,250,25, 0
596,250,25, 0
597,250,25, 0
598,250,25, 0
599,250,25, 0
600,250,25, 0
601,250,25, 0
602,250,25, 0
603,250,25, 0
604,250,25, 0
605,250,25, 0
606,250,25, 0
607,250,25, 0
608,250,25, 0
609,250,25, 0
610,250,25, 0
611,250,25, 0
612,250,25, 0
613,250,25, 0
614,250,25, 0
615,250,25, 0
616,250,25, 0
617,250,25, 0
618,250,25, 0
619,250,25, 0
620,250,25, 0
621,250,25, 0
622,250,25, 0
623,250,25, 0
624,250,25, 0
625,250,25, 0
626,250,25, 0
627,250,25, 0
628,250,25, 0
629,250,25, 0
630,250,25, 0
631,250,25, 0
632,250,25, 0
633,250,25, 0
634,250,25, 0
635,250,25, 0
636,250,25, 0
637,250,25, 0
638,250,25, 0
639,250,25, 0
640,250,25, 0
641,250,25, 0
642,250,25, 0
643,250,25, 0
644,250,25, 0
645,250,25, 0
646,250,25, 0
647,250,25, 0
648,250,25, 0
649,250,25, 0
650,250,25, 0
651,250,25, 0
652,250,25, 0
653,250,25, 0
654,250,25, 0
655,250,25, 0
656,250,25, 0
657,250,25, 0
658,250,25, 0
659,250,25, 0
660,250,25, 0
661,250,25, 0
662,250,25, 0
663,250,25, 0
664,250,25, 0
665,250,25, 0
666,250,25, 0
667,250,25, 0
668,250,25, 0
669,250,25, 0
670,250,25, 0
671,250,25, 0
672,250,25, 0
673,250,25, 0
674,250,25, 0
675,250,25, 0
676,250,25, 0
677,250,25, 0
678,250,25, 0
679,250,25, 0
680,250,25, 0
681,250,25, 0
682,250,25, 0
683,250,25, 0
684,250,25, 0
685,250,25, 0
686,250,25, 0
687,250,25, 0
688,250,25, 0
689,250,25, 0
690,250,25, 0
691,250,25, 0
692,250,25, 0
693,250,25, 0
694,250,25, 0
695,250,25, 0
696,250,25, 0
697,250,25, 0
698,250,25, 0
699,250,25, 0
700,250,25, 0
701,250,25, 0
702,250,25, 0
703,250,25, 0
704,250,25, 0
705,250,25, 0
706,250,25, 0
707,250,25, 0
708,250,25, 0
709,250,25, 0
710,250,25, 0
711,250,25, 0
712,250,25, 0
713,250,25, 0
714,250,25, 0
715,250,25, 0
716,250,25, 0
717,250,25, 0
718,250,25, 0
719,250,25, 0
720,250,25, 0
721,249,24, 1
722,249,24, 1
723,249,24, 1
724,249,24, 1
725,249,24, 1
726,249,24, 1
727,249,24, 1
728,249,24, 1
729,249,24, 1
730,249,24, 1
731,249,24, 1
732,249,24, 1
733,249,24, 1
734,249,24, 1
735,249,24, 1
736,249,24, 1
737,249,24, 1
738,249,24, 1
739,249,24, 1
740,249,24, 1
741,249,24, 1
742,249,24, 1
743,249,24, 1
744,249,24, 1
745,249,24, 1
746,249,24, 1
747,249,24, 1
748,249,24, 1
749,249,24, 1
750,249,24, 1
751,249,24, 1
752,249,24, 1
753,249,24, 1
754,249,24, 1
755,249,24, 1
756,249,24, 1
757,249,24, 1
758,249,24, 1
759,249,24, 1
760,249,24, 1
761,249,24, 1
762,249,24, 1
763,249,24, 1
764,249,24, 1
765,249,24, 1
766,249,24, 1
767,249,24, 1
768,249,24, 1
769,249,24, 1
770,249,24, 1
771,249,24, 1
772,249,24, 1
773,249,24, 1
774,249,24, 1
775,249,24, 1
776,249,24, 1
777,249,24, 1
778,249,24, 1
779,249,24, 1
780,249,24, 1
781,249,24, 1
782,249,24, 1
783,249,24, 1
784,249,24, 1
785,249,24, 1
786,249,24, 1
787,249,24, 1
788,249,24, 1
789,249,24, 1
790,249,24, 1
791,249,24, 1
792,249,24, 1
793,249,24, 1
794,249,24, 1
795,249,24, 1
796,249,24, 1
797,249,24, 1
798,249,24, 1
799,249,24, 1
800,249,24, 1
801,249,24, 1
802,249,24, 1
803,249,24, 1
804,249,24, 1
805,249,24, 1
806,249,24, 1
807,249,24, 1
808,249,24, 1
809,249,24, 1
810,249,24, 1
811,249,24, 1
812,249,24, 1
813,249,24, 1
814,249,24, 1
815,249,24, 1
816,249,24, 1
817,249,24, 1
818,249,24, 1
819,249,24, 1
820,249,24, 1
821,249,24, 1
822,249,24, 1
823,249,24, 1
824,249,24, 1
825,249,24, 1
826,249,24, 1
827,249,24, 1
828,249,24, 1
829,249,24, 1
830,249,24, 1
831,249,24, 1
832,249,24, 1
833,249,24, 1
834,249,24, 1
835,249,24, 1
836,249,24, 1
837,249,24, 1
838,249,24, 1
839,249,24, 1
840,249,24, 1
841,249,24, 1
842,249,24, 1
843,249,24, 1
844,249,24, 1
845,249,24, 1
846,249,24, 1
847,249,24, 1
848,249,24, 1
849,249,24, 1
850,249,24, 1
851,249,24, 1
852,249,24, 1
853,249,24, 1
854,249,24, 1
855,249,24, 1
856,249,24, 1
857,249,24, 1
858,249,24, 1
859,249,24, 1
860,249,24, 1
861,249,24, 1
862,249,24, 1
863,249,24, 1
864,249,24, 1
865,249,24, 1
866,249,24, 1
867,249,24, 1
868,249,24, 1
869,249,24, 1
870,249,24, 1
871,249,24, 1
872,249,24, 1
873,249,24, 1
874,249,24, 1
875,249,24, 1
876,249,24, 1
877,249,24, 1
878,249,24, 1
879,249,24, 1
880,249,24, 1
881,249,24, 1
882,249,24, 1
883,249,24, 1
884,249,24, 1
885,249,24, 1
886,249,24, 1
887,249,24, 1
888,249,24, 1
889,249,24, 1
890,249,24, 1
891,249,24, 1
892,249,24, 1
893,249,24, 1
894,249,24, 1
895,249,24, 1
896,249,24, 1
897,249,24, 1
898,249,24, 1
899,249,24, 1
900,249,24, 1
901,249,24, 1
902,249,24, 1
903,249,24, 1
904,249,24, 1
905,249,24, 1
906,249,24, 1
907,249,24, 1
908,249,24, 1
909,249,24, 1
910,249,24, 1
911,249,24, 1
912,249,24, 1
913,249,24, 1
914,249,24, 1
915,249,24, 1
916,249,24, 1
917,249,24, 1
918,249,24, 1
919,249,24, 1
920,249,24, 1
921,249,24, 1
922,249,24, 1
923,249,24, 1
924,249,24, 1
925,249,24, 1
926,249,24, 1
927,249,24, 1
928,249,24, 1
929,249,24, 1
930,249,24, 1
931,249,24, 1
932,249,24, 1
933,249,24, 1
934,249,24, 1
935,249,24, 1
936,249,24, 1
937,249,24, 1
938,249,24, 1
939,249,24, 1
940,249,24, 1
941,249,24, 1
942,249,24, 1
943,249,24, 1
944,249,24, 1
945,249,24, 1
946,249,24, 1
947,249,24, 1
948,249,24, 1
949,249,24, 1
950,249,24, 1
951,249,24, 1
952,249,24, 1
953,249,24, 1
954,249,24, 1
955,249,24, 1
956,249,24, 1
957,249,24, 1
958,249,24, 1
959,249,24, 1
960,249,24, 1
961,249,24, 1
962,249,24, 1
963,249,24, 1
964,249,24, 1
965,249,24, 1
966,249,24, 1
967,249,24, 1
968,249,24, 1
969,249,24, 1
970,249,24, 1
971,249,24, 1
972,249,24, 1
973,249,24, 1
974,249,24, 1
975,249,24, 1
976,249,24, 1
977,249,24, 1
978,249,24, 1
979,249,24, 1
980,249,24, 1
981,249,24, 1
982,249,24, 1
983,249,24, 1
984,249,24, 1
985,249,24, 1
986,249,24, 1
987,249,24, 1
988,249,24, 1
989,249,24, 1
990,249,24, 1
991,249,24, 1
992,249,24, 1
993,249,24, 1
994,249,24, 1
995,249,24, 1
996,249,24, 1
997,249,24, 1
998,249,24, 1
999,249,24, 1
1000,249,24, 1
1001,249,24, 1
1002,249,24, 1
1003,249,24, 1
1004,249,24, 1
1005,249,24, 1
1006,249,24, 1
1007,249,24, 1
1008,249,24, 1
1009,249,24, 1
1010,249,24, 1
1011,249,24, 1
1012,249,24, 1
1013,249,24, 1
1014,249,24, 1
1015,249,24, 1
1016,249,24, 1
1017,249,24, 1
1018,249,24, 1
1019,249,24, 1
1020,249,24, 1
1021,249,24, 1
1022,249,24, 1
1023,249,24, 1
1024,249,24, 1
1025,249,24, 1
1026,249,24, 1
1027,249,24, 1
1028,249,24, 1
1029,249,24, 1
1030,249,24, 1
1031,249,24, 1
1032,249,24, 1
1033,249,24, 1
1034,249,24, 1
1035,249,24, 1
1036,249,24, 1
1037,249,24, 1
1038,249,24, 1
1039,249,24, 1
1040,249,24, 1
1041,249,24, 1
1042,249,24, 1
1043,249,24, 1
1044,249,24, 1
1045,249,24, 1
1046,249,24, 1
1047,249,24, 1
1048,249,24, 1
1049,249,24, 1
1050,249,24, 1
1051,249,24, 1
1052,249,24, 1
1053,249,24, 1
1054,249,24, 1
1055,249,24, 1
1056,249,24, 1
1057,249,24, 1
1058,249,24, 1
1059,249,24, 1
1060,249,24, 1
1061,249,24, 1
1062,249,24, 1
1063,249,24, 1
1064,249,24, 1
1065,249,24, 1
1066,249,24, 1
1067,249,24, 1
1068,249,24, 1
1069,249,24, 1
1070,249,24, 1
1071,249,24, 1
1072,249,24, 1
1073,249,24, 1
1074,249,24, 1
1075,249,24, 1
1076,249,24, 1
1077,249,24, 1
1078,249,24, 1
1079,249,24, 1
1080,249,24, 1
1081,249,24, 1
1082,249,24, 1
1083,249,24, 1
1084,249,24, 1
1085,249,24, 1
1086,249,24, 1
1087,249,24, 1
1088,249,24, 1
1089,249,24, 1
1090,249,24, 1
1091,249,24, 1
1092,249,24, 1
1093,249,24, 1
1094,249,24, 1
1095,249,24, 1
1096,249,24, 1
1097,249,24, 1
1098,249,24, 1
1099,249,24, 1
1100,249,24, 1
1101,249,24, 1
1102,249,24, 1
1103,249,24, 1
1104,249,24, 1
1105,249,24, 1
1106,249,24, 1
1107,249,24, 1
1108,249,24, 1
1109,249,24, 1
1110,249,24, 1
1111,249,24, 1
1112,249,24, 1
1113,249,24, 1
1114,249,24, 1
1115,249,24, 1
1116,249,24, 1
1117,249,24, 1
1118,249,24, 1
1119,249,24, 1
1120,249,24, 1
1121,249,24, 1
1122,249,24, 1
1123,249,24, 1
1124,249,24, 1
1125,249,24, 1
1126,249,24, 1
1127,249,24, 1
1128,249,24, 1
1129,249,24, 1
1130,249,24, 1
1131,249,24, 1
1132,249,24, 1
1133,249,24, 1
1134,249,24, 1
1135,249,24, 1
1136,249,24, 1
1137,249,24, 1
1138,249,24, 1
1139,249,24, 1
1140,249,24, 1
1141,249,24, 1
1142,249,24, 1
1143,249,24, 1
1144,249,24, 1
1145,249,24, 1
1146,249,24, 1
1147,249,24, 1
1148,249,24, 1
1149,249,24, 1
1150,249,24, 1
1151,249,24, 1
1152,249,24, 1
1153,249,24, 1
1154,249,24, 1
1155,249,24, 1
1156,249,24, 1
1157,249,24, 1
1158,249,24, 1
1159,249,24, 1
1160,249,24, 1
1161,249,24, 1
1162,249,24, 1
1163,249,24, 1
1164,249,24, 1
1165,249,24, 1
1166,249,24, 1
1167,249,24, 1
1168,249,24, 1
1169,249,24, 1
1170,249,24, 1
1171,249,24, 1
1172,249,24, 1
1173,249,24, 1
1174,249,24, 1
1175,249,24, 1
1176,249,24, 1
1177,249,24, 1
1178,249,24, 1
1179,249,24, 1
1180,249,24, 1
1181,249,24, 1
1182,249,24, 1
1183,249,24, 1
1184,249,24, 1
1185,249,24, 1
1186,249,24, 1
1187,249,24, 1
1188,249,24, 1
1189,249,24, 1
1190,249,24, 1
1191,249,24, 1
1192,249,24, 1
1193,249,24, 1
1194,249,24, 1
1195,249,24, 1
1196,249,24, 1
1197,249,24, 1
1198,249,24, 1
1199,249,24, 1
1200,249,24, 1
1201,249,24, 1
1202,249,24, 1
1203,249,24, 1
1204,249,24, 1
1205,249,24, 1
1206,249,24, 1
1207,249,24, 1
1208,249,24, 1
1209,249,24, 1
1210,249,24, 1
1211,249,24, 1
1212,249,24, 1
1213,249,24, 1
1214,249,24, 1
1215,249,24, 1
1216,249,24, 1
1217,249,24, 1
1218,249,24, 1
1219,249,24, 1
1220,249,24, 1
1221,249,24, 1
1222,249,24, 1
1223,249,24, 1
1224,249,24, 1
1225,249,24, 1
1226,249,24, 1
1227,249,24, 1
1228,249,24, 1
1229,249,24, 1
1230,249,24, 1
1231,249,24, 1
1232,249,24, 1
1233,249,24, 1
1234,249,24, 1
1235,249,24, 1
1236,249,24, 1
1237,249,24, 1
1238,249,24, 1
1239,249,24, 1
1240,249,24, 1
1241,249,24, 1
1242,249,24, 1
1243,249,24, 1
1244,249,24, 1
1245,249,24, 1
1246,249,24, 1
1247,249,24, 1
1248,249,24, 1
1249,249,24, 1
1250,249,24, 1
1251,249,24, 1
1252,249,24, 1
1253,249,24, 1
1254,249,24, 1
1255,249,24, 1
1256,249,24, 1
1257,249,24, 1
1258,249,24, 1
1259,249,24, 1
1260,249,24, 1
1261,249,24, 1
1262,249,24, 1
1263,249,24, 1
1264,249,24, 1
1265,249,24, 1
1266,249,24, 1
1267,249,24, 1
1268,249,24, 1
1269,249,24, 1
1270,249,24, 1
1271,249,24, 1
1272,249,24, 1
1273,249,24, 1
1274,249,24, 1
1275,249,24, 1
1276,249,24, 1
1277,249,24, 1
1278,249,24, 1
1279,249,24, 1
1280,249,24, 1
1281,249,24, 1
1282,249,24, 1
1283,249,24, 1
1284,249,24, 1
1285,249,24, 1
1286,249,24, 1
1287,249,24, 1
1288,249,24, 1
1289,249,24, 1
1290,249,24, 1
1291,249,24, 1
1292,249,24, 1
1293,249,24, 1
1294,249,24, 1
1295,249,24, 1
1296,249,24, 1
1297,249,24, 1
1298,249,24, 1
1299,249,24, 1
1300,249,24, 1
1301,249,24, 1
1302,249,24, 1
1303,249,24, 1
1304,249,24, 1
1305,249,24, 1
1306,249,24, 1
1307,249,24, 1
1308,249,24, 1
1309,249,24, 1
1310,249,24, 1
1311,249,24, 1
1312,249,24, 1
1313,249,24, 1
1314,249,24, 1
1315,249,24, 1
1316,249,24, 1
1317,249,24, 1
1318,249,24, 1
1319,249,24, 1
1320,249,24, 1
1321,249,24, 1
1322,249,24, 1
1323,249,24, 1
1324,249,24, 1
1325,249,24, 1
1326,249,24, 1
1327,249,24, 1
1328,249,24, 1
1329,249,24, 1
1330,249,24, 1
1331,249,24, 1
1332,249,24, 1
1333,249,24, 1
1334,249,24, 1
1335,249,24, 1
1336,249,24, 1
1337,249,24, 1
1338,249,24, 1
1339,249,24, 1
1340,249,24, 1
1341,249,24, 1
1342,249,24, 1
1343,249,24, 1
1344,249,24, 1
1345,249,24, 1
1346,249,24, 1
1347,249,24, 1
1348,249,24, 1
1349,249,24, 1
1350,249,24, 1
1351,249,24, 1
1352,249,24, 1
1353,249,24, 1
1354,249,24, 1
1355,249,24, 1
1356,249,24, 1
1357,249,24, 1
1358,249,24, 1
1359,249,24, 1
1360,249,24, 1
1361,249,24, 1
1362,249,24, 1
1363,249,24, 1
1364,249,24, 1
1365,249,24, 1
1366,249,24, 1
1367,249,24, 1
1368,249,24, 1
1369,249,24, 1
1370,249,24, 1
1371,249,24, 1
1372,249,24, 1
1373,249,24, 1
1374,249,24, 1
1375,249,24, 1
1376,249,24, 1
1377,249,24, 1
1378,249,24, 1
1379,249,24, 1
1380,249,24, 1
1381,249,24, 1
1382,249,24, 1
1383,249,24, 1
1384,249,24, 1
1385,249,24, 1
1386,249,24, 1
1387,249,24, 1
1388,249,24, 1
1389,249,24, 1
1390,249,24, 1
1391,249,24, 1
1392,249,24, 1
1393,249,24, 1
1394,249,24, 1
1395,249,24, 1
1396,249,24, 1
1397,249,24, 1
1398,249,24, 1
1399,249,24, 1
1400,249,24, 1
1401,249,24, 1
1402,249,24, 1
1403,249,24, 1
1404,249,24, 1
1405,249,24, 1
1406,249,24, 1
1407,249,24, 1
1408,249,24, 1
1409,249,24, 1
1410,249,24, 1
1411,249,24, 1
1412,249,24, 1
1413,249,24, 1
1414,249,24, 1
1415,249,24, 1
1416,249,24, 1
1417,249,24, 1
1418,249,24, 1
1419,249,24, 1
1420,249,24, 1
1421,249,24, 1
1422,249,24, 1
1423,249,24, 1
1424,249,24, 1
1425,249,24, 1
1426,249,24, 1
1427,249,24, 1
1428,249,24, 1
1429,249,24, 1
1430,249,24, 1
1431,249,24, 1
1432,249,24, 1
1433,249,24, 1
1434,249,24, 1
1435,249,24, 1
1436,249,24, 1
1437,249,24, 1
1438,249,24, 1
1439,249,24, 1
1440,249,24, 1
1441,249,24, 1
1442,249,24, 1
1443,249,24, 1
1444,249,24, 1
1445,249,24, 1
1446,249,24, 1
1447,249,24, 1
1448,249,24, 1
1449,249,24, 1
1450,249,24, 1
1451,249,24, 1
1452,249,24, 1
1453,249,24, 1
1454,249,24, 1
1455,249,24, 1
1456,249,24, 1
1457,249,24, 1
1458,249,24, 1
1459,249,24, 1
1460,249,24, 1
1461,249,24, 1
1462,249,24, 1
1463,249,24, 1
1464,249,24, 1
1465,249,24, 1
1466,249,24, 1
1467,249,24, 1
1468,249,24, 1
1469,249,24, 1
1470,249,24, 1
1471,249,24, 1
1472,249,24, 1
1473,249,24, 1
1474,249,24, 1
1475,249,24, 1
1476,249,24, 1
1477,249,24, 1
1478,249,24, 1
1479,249,24, 1
1480,249,24, 1
1481,249,24, 1
1482,249,24, 1
1483,249,24, 1
1484,249,24, 1
1485,249,24, 1
1486,249,24, 1
1487,249,24, 1
1488,249,24, 1
1489,249,24, 1
1490,249,24, 1
1491,249,24, 1
1492,249,24, 1
1493,249,24, 1
1494,249,24, 1
1495,249,24, 1
1496,249,24, 1
1497,249,24, 1
1498,249,24, 1
1499,249,24, 1
