0,250,25, 0
1,249,24, 1
2,248,23, 2
3,248,23, 2
4,248,23, 2
5,248,23, 2
6,248,23, 2
7,248,23, 2
8,248,23, 2
9,248,23, 2
10,248,23, 2
11,248,23, 2
12,248,23, 2
13,248,23, 2
14,248,23, 2
15,248,23, 2
16,248,23, 2
17,248,23, 2
18,248,23, 2
19,248,23, 2
20,248,23, 2
21,248,23, 2
22,248,23, 2
23,248,23, 2
24,248,23, 2
25,248,23, 2
26,248,23, 2
27,248,23, 2
28,248,23, 2
29,248,23, 2
30,248,23, 2
31,248,23, 2
32,248,23, 2
33,248,23, 2
34,248,23, 2
35,248,23, 2
36,247,22, 3
37,247,22, 3
38,247,22, 3
39,247,22, 3
40,247,22, 3
41,247,22, 3
42,247,22, 3
43,247,22, 3
44,247,22, 3
45,247,22, 3
46,247,22, 3
47,247,22, 3
48,247,22, 3
49,247,22, 3
50,247,22, 3
51,247,22, 3
52,247,22, 3
53,247,22, 3
54,247,22, 3
55,247,22, 3
56,247,22, 3
57,247,22, 3
58,247,22, 3
59,247,22, 3
60,247,22, 3
61,247,22, 3
62,247,22, 3
63,247,22, 3
64,247,22, 3
65,247,22, 3
66,247,22, 3
67,247,22, 3
68,247,22, 3
69,247,22, 3
70,247,22, 3
71,247,22, 3
72,247,22, 3
73,247,22, 3
74,247,22, 3
75,247,22, 3
76,247,22, 3
77,247,22, 3
78,247,22, 3
79,247,22, 3
80,247,22, 3
81,247,22, 3
82,247,22, 3
83,247,22, 3
84,247,22, 3
85,247,22, 3
86,247,22, 3
87,247,22, 3
88,247,22, 3
89,247,22, 3
90,247,22, 3
91,247,22, 3
92,247,22, 3
93,247,22, 3
94,247,22, 3
95,247,22, 3
96,247,22, 3
97,247,22, 3
98,247,22, 3
99,247,22, 3
100,247,22, 3
101,247,22, 3
102,247,22, 3
103,247,22, 3
104,247,22, 3
105,247,22, 3
106,247,22, 3
107,247,22, 3
108,247,22, 3
109,247,22, 3
110,247,22, 3
111,247,22, 3
112,247,22, 3
113,247,22, 3
114,247,22, 3
115,247,22, 3
116,247,22, 3
117,247,22, 3
118,247,22, 3
119,247,22, 3
120,247,22, 3
121,247,22, 3
122,247,22, 3
123,247,22, 3
124,247,22, 3
125,247,22, 3
126,247,22, 3
127,247,22, 3
128,247,22, 3
129,247,22, 3
130,247,22, 3
131,247,22, 3
132,247,22, 3
133,247,22, 3
134,247,22, 3
135,247,22, 3
136,247,22, 3
137,247,22, 3
138,247,22, 3
139,247,22, 3
140,247,22, 3
141,247,22, 3
142,246,21, 4
143,246,21, 4
144,246,21, 4
145,246,21, 4
146,246,21, 4
147,246,21, 4
148,246,21, 4
149,246,21, 4
150,246,21, 4
151,246,21, 4
152,246,21, 4
153,246,21, 4
154,246,21, 4
155,246,21, 4
156,246,21, 4
157,246,21, 4
158,246,21, 4
159,246,21, 4
160,246,21, 4
161,246,21, 4
162,246,21, 4
163,246,21, 4
164,246,21, 4
165,246,21, 4
166,246,21, 4
167,246,21, 4
168,246,21, 4
169,246,21, 4
170,246,21, 4
171,246,21, 4
172,246,21, 4
173,246,21, 4
174,245,20, 5
175,245,20, 5
176,245,20, 5
177,245,20, 5
178,245,20, 5
179,245,20, 5
180,245,20, 5
181,245,20, 5
182,245,20, 5
183,244,19, 6
184,244,19, 6
185,244,19, 6
186,244,19, 6
187,244,19, 6
188,244,19, 6
189,244,19, 6
190,244,19, 6
191,244,19, 6
192,244,19, 6
193,244,19, 6
194,244,19, 6
195,244,19, 6
196,244,19, 6
197,244,19, 6
198,244,19, 6
199,244,19, 6
200,244,19, 6
201,244,19, 6
202,244,19, 6
203,244,19, 6
204,244,19, 6
205,244,19, 6
206,244,19, 6
207,244,19, 6
208,244,19, 6
209,244,19, 6
210,244,19, 6
211,244,19, 6
212,244,19, 6
213,244,19, 6
214,244,19, 6
215,244,19, 6
216,244,19, 6
217,244,19, 6
218,244,19, 6
219,244,19, 6
220,244,19, 6
221,244,19, 6
222,244,19, 6
223,244,19, 6
224,244,19, 6
225,244,19, 6
226,244,19, 6
227,244,19, 6
228,244,19, 6
229,244,19, 6
230,244,19, 6
231,244,19, 6
232,244,19, 6
233,244,19, 6
234,244,19, 6
235,244,19, 6
236,244,19, 6
237,244,19, 6
238,244,19, 6
239,244,19, 6
240,244,19, 6
241,244,19, 6
242,244,19, 6
243,244,19, 6
244,244,19, 6
245,244,19, 6
246,244,19, 6
247,244,19, 6
248,244,19, 6
249,244,19, 6
250,244,19, 6
251,244,19, 6
252,244,19, 6
253,244,19, 6
254,244,19, 6
255,244,19, 6
256,244,19, 6
257,244,19, 6
258,244,19, 6
259,244,19, 6
260,244,19, 6
261,244,19, 6
262,244,19, 6
263,244,19, 6
264,244,19, 6
265,244,19, 6
266,244,19, 6
267,244,19, 6
268,244,19, 6
269,244,19, 6
270,244,19, 6
271,244,19, 6
272,244,19, 6
273,244,19, 6
274,244,19, 6
275,244,19, 6
276,244,19, 6
277,244,19, 6
278,244,19, 6
279,244,19, 6
280,244,19, 6
281,244,19, 6
282,244,19, 6
283,244,19, 6
284,244,19, 6
285,244,19, 6
286,244,19, 6
287,244,19, 6
288,244,19, 6
289,244,19, 6
290,244,19, 6
291,244,19, 6
292,244,19, 6
293,244,19, 6
294,244,19, 6
295,244,19, 6
296,244,19, 6
297,244,19, 6
298,244,19, 6
299,244,19, 6
300,244,19, 6
301,244,19, 6
302,244,19, 6
303,244,19, 6
304,244,19, 6
305,244,19, 6
306,244,19, 6
307,244,19, 6
308,243,18, 7
309,243,18, 7
310,243,18, 7
311,243,18, 7
312,243,18, 7
313,243,18, 7
314,243,18, 7
315,243,18, 7
316,243,18, 7
317,243,18, 7
318,243,18, 7
319,243,18, 7
320,243,18, 7
321,243,18, 7
322,243,18, 7
323,243,18, 7
324,243,18, 7
325,243,18, 7
326,243,18, 7
327,243,18, 7
328,243,18, 7
329,243,18, 7
330,243,18, 7
331,243,18, 7
332,243,18, 7
333,243,18, 7
334,243,18, 7
335,243,18, 7
336,243,18, 7
337,243,18, 7
338,243,18, 7
339,243,18, 7
340,243,18, 7
341,243,18, 7
342,243,18, 7
343,243,18, 7
344,243,18, 7
345,243,18, 7
346,243,18, 7
347,243,18, 7
348,243,18, 7
349,243,18, 7
350,243,18, 7
351,243,18, 7
352,243,18, 7
353,243,18, 7
354,243,18, 7
355,243,18, 7
356,243,18, 7
357,243,18, 7
358,243,18, 7
359,243,18, 7
360,243,18, 7
361,243,18, 7
362,243,18, 7
363,242,17, 8
364,242,17, 8
365,242,17, 8
366,242,17, 8
367,242,17, 8
368,242,17, 8
369,242,17, 8
370,242,17, 8
371,242,17, 8
372,242,17, 8
373,242,17, 8
374,242,17, 8
375,242,17, 8
376,242,17, 8
377,242,17, 8
378,242,17, 8
379,242,17, 8
380,242,17, 8
381,242,17, 8
382,242,17, 8
383,242,17, 8
384,242,17, 8
385,242,17, 8
386,242,17, 8
387,242,17, 8
388,242,17, 8
389,242,17, 8
390,242,17, 8
391,242,17, 8
392,242,17, 8
393,242,17, 8
394,242,17, 8
395,242,17, 8
396,242,17, 8
397,242,17, 8
398,242,17, 8
399,242,17, 8
400,242,17, 8
401,242,17, 8
402,242,17, 8
403,242,17, 8
404,242,17, 8
405,242,17, 8
406,242,17, 8
407,242,17, 8
408,242,17, 8
409,242,17, 8
410,242,17, 8
411,242,17, 8
412,242,17, 8
413,242,17, 8
414,242,17, 8
415,242,17, 8
416,242,17, 8
417,242,17, 8
418,242,17, 8
419,242,17, 8
420,242,17, 8
421,242,17, 8
422,242,17, 8
423,242,17, 8
424,242,17, 8
425,242,17, 8
426,242,17, 8
427,242,17, 8
428,242,17, 8
429,242,17, 8
430,242,17, 8
431,242,17, 8
432,242,17, 8
433,242,17, 8
434,242,17, 8
435,242,17, 8
436,242,17, 8
437,242,17, 8
438,242,17, 8
439,242,17, 8
440,242,17, 8
441,242,17, 8
442,242,17, 8
443,242,17, 8
444,242,17, 8
445,242,17, 8
446,242,17, 8
447,242,17, 8
448,242,17, 8
449,242,17, 8
450,242,17, 8
451,242,17, 8
452,242,17, 8
453,242,17, 8
454,242,17, 8
455,242,17, 8
456,242,17, 8
457,242,17, 8
458,242,17, 8
459,242,17, 8
460,242,17, 8
461,242,17, 8
462,242,17, 8
463,242,17, 8
464,242,17, 8
465,242,17, 8
466,242,17, 8
467,242,17, 8
468,242,17, 8
469,242,17, 8
470,242,17, 8
471,242,17, 8
472,242,17, 8
473,242,17, 8
474,242,17, 8
475,242,17, 8
476,242,17, 8
477,242,17, 8
478,242,17, 8
479,242,17, 8
480,242,17, 8
481,242,17, 8
482,242,17, 8
483,242,17, 8
484,242,17, 8
485,242,17, 8
486,242,17, 8
487,242,17, 8
488,242,17, 8
489,242,17, 8
490,242,17, 8
491,242,17, 8
492,242,17, 8
493,242,17, 8
494,242,17, 8
495,242,17, 8
496,242,17, 8
497,242,17, 8
498,242,17, 8
499,242,17, 8
500,242,17, 8
501,242,17, 8
502,242,17, 8
503,242,17, 8
504,242,17, 8
505,242,17, 8
506,242,17, 8
507,242,17, 8
508,242,17, 8
509,242,17, 8
510,242,17, 8
511,242,17, 8
512,242,17, 8
513,242,17, 8
514,242,17, 8
515,242,17, 8
516,242,17, 8
517,242,17, 8
518,242,17, 8
519,242,17, 8
520,242,17, 8
521,242,17, 8
522,242,17, 8
523,242,17, 8
524,242,17, 8
525,242,17, 8
526,242,17, 8
527,242,17, 8
528,242,17, 8
529,242,17, 8
530,242,17, 8
531,242,17, 8
532,242,17, 8
533,242,17, 8
534,242,17, 8
535,242,17, 8
536,242,17, 8
537,242,17, 8
538,242,17, 8
539,242,17, 8
540,242,17, 8
541,242,17, 8
542,242,17, 8
543,242,17, 8
544,242,17, 8
545,242,17, 8
546,242,17, 8
547,242,17, 8
548,242,17, 8
549,242,17, 8
550,242,17, 8
551,242,17, 8
552,242,17, 8
553,242,17, 8
554,242,17, 8
555,242,17, 8
556,242,17, 8
557,242,17, 8
558,242,17, 8
559,242,17, 8
560,242,17, 8
561,242,17, 8
562,242,17, 8
563,242,17, 8
564,242,17, 8
565,242,17, 8
566,242,17, 8
567,242,17, 8
568,242,17, 8
569,242,17, 8
570,242,17, 8
571,242,17, 8
572,242,17, 8
573,242,17, 8
574,242,17, 8
575,242,17, 8
576,242,17, 8
577,242,17, 8
578,242,17, 8
579,242,17, 8
580,242,17, 8
581,242,17, 8
582,242,17, 8
583,242,17, 8
584,242,17, 8
585,242,17, 8
586,242,17, 8
587,242,17, 8
588,242,17, 8
589,242,17, 8
590,242,17, 8
591,242,17, 8
592,242,17, 8
593,242,17, 8
594,242,17, 8
595,242,17, 8
596,242,17, 8
597,242,17, 8
598,242,17, 8
599,242,17, 8
600,242,17, 8
601,242,17, 8
602,242,17, 8
603,242,17, 8
604,242,17, 8
605,242,17, 8
606,242,17, 8
607,242,17, 8
608,242,17, 8
609,242,17, 8
610,242,17, 8
611,242,17, 8
612,242,17, 8
613,242,17, 8
614,242,17, 8
615,242,17, 8
616,242,17, 8
617,242,17, 8
618,242,17, 8
619,242,17, 8
620,242,17, 8
621,242,17, 8
622,242,17, 8
623,242,17, 8
624,242,17, 8
625,242,17, 8
626,242,17, 8
627,242,17, 8
628,242,17, 8
629,242,17, 8
630,242,17, 8
631,242,17, 8
632,242,17, 8
633,242,17, 8
634,242,17, 8
635,242,17, 8
636,242,17, 8
637,242,17, 8
638,242,17, 8
639,242,17, 8
640,242,17, 8
641,242,17, 8
642,242,17, 8
643,242,17, 8
644,242,17, 8
645,242,17, 8
646,242,17, 8
647,242,17, 8
648,242,17, 8
649,242,17, 8
650,242,17, 8
651,242,17, 8
652,242,17, 8
653,242,17, 8
654,242,17, 8
655,242,17, 8
656,242,17, 8
657,242,17, 8
658,242,17, 8
659,242,17, 8
660,242,17, 8
661,242,17, 8
662,242,17, 8
663,242,17, 8
664,242,17, 8
665,242,17, 8
666,242,17, 8
667,242,17, 8
668,242,17, 8
669,242,17, 8
670,242,17, 8
671,242,17, 8
672,242,17, 8
673,242,17, 8
674,242,17, 8
675,242,17, 8
676,242,17, 8
677,242,17, 8
678,242,17, 8
679,242,17, 8
680,242,17, 8
681,242,17, 8
682,242,17, 8
683,242,17, 8
684,242,17, 8
685,242,17, 8
686,242,17, 8
687,242,17, 8
688,242,17, 8
689,242,17, 8
690,242,17, 8
691,242,17, 8
692,242,17, 8
693,242,17, 8
694,242,17, 8
695,242,17, 8
696,242,17, 8
697,242,17, 8
698,242,17, 8
699,242,17, 8
700,242,17, 8
701,242,17, 8
702,242,17, 8
703,242,17, 8
704,242,17, 8
705,242,17, 8
706,242,17, 8
707,242,17, 8
708,242,17, 8
709,242,17, 8
710,242,17, 8
711,242,17, 8
712,242,17, 8
713,242,17, 8
714,242,17, 8
715,242,17, 8
716,242,17, 8
717,242,17, 8
718,242,17, 8
719,242,17, 8
720,242,17, 8
721,242,17, 8
722,242,17, 8
723,242,17, 8
724,242,17, 8
725,242,17, 8
726,242,17, 8
727,242,17, 8
728,242,17, 8
729,242,17, 8
730,242,17, 8
731,242,17, 8
732,242,17, 8
733,242,17, 8
734,242,17, 8
735,242,17, 8
736,242,17, 8
737,242,17, 8
738,242,17, 8
739,242,17, 8
740,242,17, 8
741,242,17, 8
742,242,17, 8
743,242,17, 8
744,242,17, 8
745,242,17, 8
746,242,17, 8
747,242,17, 8
748,242,17, 8
749,242,17, 8
750,242,17, 8
751,242,17, 8
752,242,17, 8
753,242,17, 8
754,242,17, 8
755,242,17, 8
756,242,17, 8
757,242,17, 8
758,242,17, 8
759,242,17, 8
760,242,17, 8
761,242,17, 8
762,242,17, 8
763,242,17, 8
764,242,17, 8
765,242,17, 8
766,242,17, 8
767,242,17, 8
768,242,17, 8
769,242,17, 8
770,242,17, 8
771,242,17, 8
772,242,17, 8
773,242,17, 8
774,242,17, 8
775,242,17, 8
776,242,17, 8
777,242,17, 8
778,242,17, 8
779,242,17, 8
780,242,17, 8
781,242,17, 8
782,242,17, 8
783,242,17, 8
784,242,17, 8
785,242,17, 8
786,242,17, 8
787,242,17, 8
788,242,17, 8
789,242,17, 8
790,242,17, 8
791,242,17, 8
792,242,17, 8
793,242,17, 8
794,242,17, 8
795,242,17, 8
796,242,17, 8
797,242,17, 8
798,242,17, 8
799,242,17, 8
800,242,17, 8
801,242,17, 8
802,242,17, 8
803,242,17, 8
804,242,17, 8
805,242,17, 8
806,242,17, 8
807,242,17, 8
808,242,17, 8
809,242,17, 8
810,242,17, 8
811,242,17, 8
812,242,17, 8
813,242,17, 8
814,242,17, 8
815,242,17, 8
816,242,17, 8
817,242,17, 8
818,242,17, 8
819,242,17, 8
820,242,17, 8
821,242,17, 8
822,242,17, 8
823,242,17, 8
824,242,17, 8
825,242,17, 8
826,242,17, 8
827,242,17, 8
828,242,17, 8
829,242,17, 8
830,242,17, 8
831,242,17, 8
832,242,17, 8
833,242,17, 8
834,242,17, 8
835,242,17, 8
836,242,17, 8
837,242,17, 8
838,242,17, 8
839,242,17, 8
840,242,17, 8
841,242,17, 8
842,242,17, 8
843,242,17, 8
844,242,17, 8
845,242,17, 8
846,242,17, 8
847,242,17, 8
848,242,17, 8
849,242,17, 8
850,242,17, 8
851,242,17, 8
852,242,17, 8
853,242,17, 8
854,242,17, 8
855,242,17, 8
856,242,17, 8
857,242,17, 8
858,242,17, 8
859,242,17, 8
860,242,17, 8
861,242,17, 8
862,242,17, 8
863,242,17, 8
864,242,17, 8
865,242,17, 8
866,242,17, 8
867,242,17, 8
868,242,17, 8
869,242,17, 8
870,242,17, 8
871,242,17, 8
872,242,17, 8
873,242,17, 8
874,242,17, 8
875,242,17, 8
876,242,17, 8
877,242,17, 8
878,242,17, 8
879,242,17, 8
880,242,17, 8
881,242,17, 8
882,242,17, 8
883,242,17, 8
884,242,17, 8
885,242,17, 8
886,242,17, 8
887,242,17, 8
888,242,17, 8
889,242,17, 8
890,242,17, 8
891,242,17, 8
892,242,17, 8
893,242,17, 8
894,242,17, 8
895,242,17, 8
896,242,17, 8
897,242,17, 8
898,242,17, 8
899,242,17, 8
900,242,17, 8
901,242,17, 8
902,242,17, 8
903,242,17, 8
904,242,17, 8
905,242,17, 8
906,242,17, 8
907,242,17, 8
908,242,17, 8
909,242,17, 8
910,242,17, 8
911,242,17, 8
912,242,17, 8
913,242,17, 8
914,242,17, 8
915,242,17, 8
916,242,17, 8
917,242,17, 8
918,242,17, 8
919,242,17, 8
920,242,17, 8
921,242,17, 8
922,242,17, 8
923,242,17, 8
924,242,17, 8
925,242,17, 8
926,242,17, 8
927,242,17, 8
928,242,17, 8
929,242,17, 8
930,242,17, 8
931,242,17, 8
932,242,17, 8
933,242,17, 8
934,242,17, 8
935,242,17, 8
936,242,17, 8
937,242,17, 8
938,242,17, 8
939,242,17, 8
940,242,17, 8
941,242,17, 8
942,242,17, 8
943,242,17, 8
944,242,17, 8
945,242,17, 8
946,242,17, 8
947,242,17, 8
948,242,17, 8
949,242,17, 8
950,242,17, 8
951,242,17, 8
952,242,17, 8
953,242,17, 8
954,242,17, 8
955,242,17, 8
956,242,17, 8
957,242,17, 8
958,242,17, 8
959,242,17, 8
960,242,17, 8
961,242,17, 8
962,242,17, 8
963,242,17, 8
964,242,17, 8
965,242,17, 8
966,242,17, 8
967,242,17, 8
968,242,17, 8
969,242,17, 8
970,242,17, 8
971,242,17, 8
972,242,17, 8
973,242,17, 8
974,242,17, 8
975,242,17, 8
976,242,17, 8
977,242,17, 8
978,242,17, 8
979,242,17, 8
980,242,17, 8
981,242,17, 8
982,242,17, 8
983,242,17, 8
984,242,17, 8
985,242,17, 8
986,242,17, 8
987,242,17, 8
988,242,17, 8
989,242,17, 8
990,242,17, 8
991,242,17, 8
992,242,17, 8
993,242,17, 8
994,242,17, 8
995,242,17, 8
996,242,17, 8
997,242,17, 8
998,242,17, 8
999,242,17, 8
1000,242,17, 8
1001,242,17, 8
1002,242,17, 8
1003,242,17, 8
1004,242,17, 8
1005,242,17, 8
1006,242,17, 8
1007,242,17, 8
1008,242,17, 8
1009,242,17, 8
1010,242,17, 8
1011,242,17, 8
1012,242,17, 8
1013,242,17, 8
1014,242,17, 8
1015,242,17, 8
1016,242,17, 8
1017,242,17, 8
1018,242,17, 8
1019,242,17, 8
1020,242,17, 8
1021,242,17, 8
1022,242,17, 8
1023,242,17, 8
1024,242,17, 8
1025,242,17, 8
1026,242,17, 8
1027,242,17, 8
1028,242,17, 8
1029,242,17, 8
1030,242,17, 8
1031,242,17, 8
1032,242,17, 8
1033,242,17, 8
1034,242,17, 8
1035,242,17, 8
1036,242,17, 8
1037,242,17, 8
1038,242,17, 8
1039,242,17, 8
1040,242,17, 8
1041,242,17, 8
1042,242,17, 8
1043,242,17, 8
1044,242,17, 8
1045,242,17, 8
1046,242,17, 8
1047,242,17, 8
1048,242,17, 8
1049,242,17, 8
1050,242,17, 8
1051,242,17, 8
1052,242,17, 8
1053,242,17, 8
1054,242,17, 8
1055,242,17, 8
1056,242,17, 8
1057,242,17, 8
1058,242,17, 8
1059,242,17, 8
1060,242,17, 8
1061,242,17, 8
1062,242,17, 8
1063,242,17, 8
1064,242,17, 8
1065,242,17, 8
1066,242,17, 8
1067,242,17, 8
1068,242,17, 8
1069,242,17, 8
1070,242,17, 8
1071,242,17, 8
1072,242,17, 8
1073,242,17, 8
1074,242,17, 8
1075,242,17, 8
1076,242,17, 8
1077,242,17, 8
1078,242,17, 8
1079,242,17, 8
1080,242,17, 8
1081,242,17, 8
1082,242,17, 8
1083,242,17, 8
1084,242,17, 8
1085,242,17, 8
1086,242,17, 8
1087,242,17, 8
1088,242,17, 8
1089,242,17, 8
1090,242,17, 8
1091,242,17, 8
1092,242,17, 8
1093,242,17, 8
1094,242,17, 8
1095,242,17, 8
1096,242,17, 8
1097,242,17, 8
1098,242,17, 8
1099,242,17, 8
1100,242,17, 8
1101,242,17, 8
1102,242,17, 8
1103,242,17, 8
1104,242,17, 8
1105,242,17, 8
1106,242,17, 8
1107,242,17, 8
1108,242,17, 8
1109,242,17, 8
1110,242,17, 8
1111,242,17, 8
1112,242,17, 8
1113,242,17, 8
1114,242,17, 8
1115,242,17, 8
1116,242,17, 8
1117,242,17, 8
1118,242,17, 8
1119,242,17, 8
1120,242,17, 8
1121,242,17, 8
1122,242,17, 8
1123,242,17, 8
1124,242,17, 8
1125,242,17, 8
1126,242,17, 8
1127,242,17, 8
1128,242,17, 8
1129,242,17, 8
1130,242,17, 8
1131,242,17, 8
1132,242,17, 8
1133,242,17, 8
1134,242,17, 8
1135,242,17, 8
1136,242,17, 8
1137,242,17, 8
1138,242,17, 8
1139,242,17, 8
1140,242,17, 8
1141,242,17, 8
1142,242,17, 8
1143,242,17, 8
1144,242,17, 8
1145,242,17, 8
1146,242,17, 8
1147,242,17, 8
1148,242,17, 8
1149,242,17, 8
1150,242,17, 8
1151,242,17, 8
1152,242,17, 8
1153,242,17, 8
1154,242,17, 8
1155,242,17, 8
1156,242,17, 8
1157,242,17, 8
1158,242,17, 8
1159,242,17, 8
1160,242,17, 8
1161,242,17, 8
1162,242,17, 8
1163,242,17, 8
1164,242,17, 8
1165,242,17, 8
1166,242,17, 8
1167,242,17, 8
1168,242,17, 8
1169,242,17, 8
1170,242,17, 8
1171,242,17, 8
1172,242,17, 8
1173,242,17, 8
1174,242,17, 8
1175,242,17, 8
1176,242,17, 8
1177,242,17, 8
1178,242,17, 8
1179,242,17, 8
1180,242,17, 8
1181,242,17, 8
1182,242,17, 8
1183,242,17, 8
1184,242,17, 8
1185,242,17, 8
1186,242,17, 8
1187,242,17, 8
1188,242,17, 8
1189,242,17, 8
1190,242,17, 8
1191,242,17, 8
1192,242,17, 8
1193,242,17, 8
1194,242,17, 8
1195,242,17, 8
1196,242,17, 8
1197,242,17, 8
1198,242,17, 8
1199,242,17, 8
1200,242,17, 8
1201,242,17, 8
1202,242,17, 8
1203,242,17, 8
1204,242,17, 8
1205,242,17, 8
1206,242,17, 8
1207,242,17, 8
1208,242,17, 8
1209,242,17, 8
1210,242,17, 8
1211,242,17, 8
1212,242,17, 8
1213,242,17, 8
1214,242,17, 8
1215,242,17, 8
1216,242,17, 8
1217,242,17, 8
1218,242,17, 8
1219,242,17, 8
1220,242,17, 8
1221,242,17, 8
1222,242,17, 8
1223,242,17, 8
1224,242,17, 8
1225,242,17, 8
1226,242,17, 8
1227,242,17, 8
1228,242,17, 8
1229,242,17, 8
1230,242,17, 8
1231,242,17, 8
1232,242,17, 8
1233,242,17, 8
1234,242,17, 8
1235,242,17, 8
1236,242,17, 8
1237,242,17, 8
1238,242,17, 8
1239,242,17, 8
1240,242,17, 8
1241,242,17, 8
1242,242,17, 8
1243,242,17, 8
1244,242,17, 8
1245,242,17, 8
1246,242,17, 8
1247,242,17, 8
1248,242,17, 8
1249,242,17, 8
1250,242,17, 8
1251,242,17, 8
1252,242,17, 8
1253,242,17, 8
1254,242,17, 8
1255,242,17, 8
1256,242,17, 8
1257,242,17, 8
1258,242,17, 8
1259,242,17, 8
1260,242,17, 8
1261,242,17, 8
1262,242,17, 8
1263,242,17, 8
1264,242,17, 8
1265,242,17, 8
1266,242,17, 8
1267,242,17, 8
1268,242,17, 8
1269,242,17, 8
1270,242,17, 8
1271,242,17, 8
1272,242,17, 8
1273,242,17, 8
1274,242,17, 8
1275,242,17, 8
1276,242,17, 8
1277,242,17, 8
1278,242,17, 8
1279,242,17, 8
1280,242,17, 8
1281,242,17, 8
1282,242,17, 8
1283,242,17, 8
1284,242,17, 8
1285,242,17, 8
1286,242,17, 8
1287,242,17, 8
1288,242,17, 8
1289,242,17, 8
1290,242,17, 8
1291,242,17, 8
1292,242,17, 8
1293,242,17, 8
1294,242,17, 8
1295,242,17, 8
1296,242,17, 8
1297,242,17, 8
1298,242,17, 8
1299,242,17, 8
1300,242,17, 8
1301,242,17, 8
1302,242,17, 8
1303,242,17, 8
1304,242,17, 8
1305,242,17, 8
1306,242,17, 8
1307,242,17, 8
1308,242,17, 8
1309,242,17, 8
1310,242,17, 8
1311,242,17, 8
1312,242,17, 8
1313,242,17, 8
1314,242,17, 8
1315,242,17, 8
1316,242,17, 8
1317,242,17, 8
1318,242,17, 8
1319,242,17, 8
1320,242,17, 8
1321,242,17, 8
1322,242,17, 8
1323,242,17, 8
1324,242,17, 8
1325,242,17, 8
1326,242,17, 8
1327,242,17, 8
1328,242,17, 8
1329,242,17, 8
1330,242,17, 8
1331,242,17, 8
1332,242,17, 8
1333,242,17, 8
1334,242,17, 8
1335,242,17, 8
1336,242,17, 8
1337,242,17, 8
1338,242,17, 8
1339,242,17, 8
1340,242,17, 8
1341,242,17, 8
1342,242,17, 8
1343,242,17, 8
1344,242,17, 8
1345,242,17, 8
1346,242,17, 8
1347,242,17, 8
1348,242,17, 8
1349,242,17, 8
1350,242,17, 8
1351,242,17, 8
1352,242,17, 8
1353,242,17, 8
1354,242,17, 8
1355,242,17, 8
1356,242,17, 8
1357,242,17, 8
1358,242,17, 8
1359,242,17, 8
1360,242,17, 8
1361,242,17, 8
1362,242,17, 8
1363,242,17, 8
1364,242,17, 8
1365,242,17, 8
1366,242,17, 8
1367,242,17, 8
1368,242,17, 8
1369,242,17, 8
1370,242,17, 8
1371,242,17, 8
1372,242,17, 8
1373,242,17, 8
1374,242,17, 8
1375,242,17, 8
1376,242,17, 8
1377,242,17, 8
1378,242,17, 8
1379,242,17, 8
1380,242,17, 8
1381,242,17, 8
1382,242,17, 8
1383,242,17, 8
1384,242,17, 8
1385,242,17, 8
1386,242,17, 8
1387,242,17, 8
1388,242,17, 8
1389,242,17, 8
1390,242,17, 8
1391,242,17, 8
1392,242,17, 8
1393,242,17, 8
1394,242,17, 8
1395,242,17, 8
1396,242,17, 8
1397,242,17, 8
1398,242,17, 8
1399,242,17, 8
1400,242,17, 8
1401,242,17, 8
1402,242,17, 8
1403,242,17, 8
1404,242,17, 8
1405,242,17, 8
1406,242,17, 8
1407,242,17, 8
1408,242,17, 8
1409,242,17, 8
1410,242,17, 8
1411,242,17, 8
1412,242,17, 8
1413,242,17, 8
1414,242,17, 8
1415,242,17, 8
1416,242,17, 8
1417,242,17, 8
1418,242,17, 8
1419,242,17, 8
1420,242,17, 8
1421,242,17, 8
1422,242,17, 8
1423,242,17, 8
1424,242,17, 8
1425,242,17, 8
1426,242,17, 8
1427,242,17, 8
1428,242,17, 8
1429,242,17, 8
1430,242,17, 8
1431,242,17, 8
1432,242,17, 8
1433,242,17, 8
1434,242,17, 8
1435,242,17, 8
1436,242,17, 8
1437,242,17, 8
1438,242,17, 8
1439,242,17, 8
1440,242,17, 8
1441,242,17, 8
1442,242,17, 8
1443,242,17, 8
1444,242,17, 8
1445,242,17, 8
1446,242,17, 8
1447,242,17, 8
1448,242,17, 8
1449,242,17, 8
1450,242,17, 8
1451,242,17, 8
1452,242,17, 8
1453,242,17, 8
1454,242,17, 8
1455,242,17, 8
1456,242,17, 8
1457,242,17, 8
1458,242,17, 8
1459,242,17, 8
1460,242,17, 8
1461,242,17, 8
1462,242,17, 8
1463,242,17, 8
1464,242,17, 8
1465,242,17, 8
1466,242,17, 8
1467,242,17, 8
1468,242,17, 8
1469,242,17, 8
1470,242,17, 8
1471,242,17, 8
1472,242,17, 8
1473,242,17, 8
1474,242,17, 8
1475,242,17, 8
1476,242,17, 8
1477,242,17, 8
1478,242,17, 8
1479,242,17, 8
1480,242,17, 8
1481,242,17, 8
1482,242,17, 8
1483,242,17, 8
1484,242,17, 8
1485,242,17, 8
1486,242,17, 8
1487,242,17, 8
1488,242,17, 8
1489,242,17, 8
1490,242,17, 8
1491,242,17, 8
1492,242,17, 8
1493,242,17, 8
1494,242,17, 8
1495,242,17, 8
1496,242,17, 8
1497,242,17, 8
1498,242,17, 8
1499,242,17, 8
