0,250,25, 0
1,250,25, 0
2,250,25, 0
3,250,25, 0
4,250,25, 0
5,250,25, 0
6,250,25, 0
7,250,25, 0
8,250,25, 0
9,250,25, 0
10,250,25, 0
11,250,25, 0
12,250,25, 0
13,250,25, 0
14,250,25, 0
15,250,25, 0
16,250,25, 0
17,250,25, 0
18,250,25, 0
19,250,25, 0
20,250,25, 0
21,250,25, 0
22,249,24, 1
23,249,24, 1
24,249,24, 1
25,249,24, 1
26,249,24, 1
27,249,24, 1
28,248,23, 2
29,248,23, 2
30,248,23, 2
31,248,23, 2
32,248,23, 2
33,248,23, 2
34,248,23, 2
35,248,23, 2
36,248,23, 2
37,248,23, 2
38,248,23, 2
39,248,23, 2
40,248,23, 2
41,248,23, 2
42,248,23, 2
43,248,23, 2
44,248,23, 2
45,248,23, 2
46,248,23, 2
47,248,23, 2
48,248,23, 2
49,248,23, 2
50,248,23, 2
51,248,23, 2
52,248,23, 2
53,248,23, 2
54,248,23, 2
55,248,23, 2
56,248,23, 2
57,248,23, 2
58,248,23, 2
59,248,23, 2
60,248,23, 2
61,248,23, 2
62,248,23, 2
63,248,23, 2
64,248,23, 2
65,248,23, 2
66,248,23, 2
67,248,23, 2
68,248,23, 2
69,248,23, 2
70,248,23, 2
71,248,23, 2
72,248,23, 2
73,248,23, 2
74,248,23, 2
75,248,23, 2
76,248,23, 2
77,248,23, 2
78,248,23, 2
79,248,23, 2
80,248,23, 2
81,248,23, 2
82,248,23, 2
83,248,23, 2
84,248,23, 2
85,248,23, 2
86,248,23, 2
87,248,23, 2
88,248,23, 2
89,248,23, 2
90,248,23, 2
91,248,23, 2
92,248,23, 2
93,248,23, 2
94,248,23, 2
95,248,23, 2
96,248,23, 2
97,248,23, 2
98,248,23, 2
99,248,23, 2
100,248,23, 2
101,248,23, 2
102,248,23, 2
103,248,23, 2
104,248,23, 2
105,248,23, 2
106,248,23, 2
107,248,23, 2
108,248,23, 2
109,248,23, 2
110,248,23, 2
111,248,23, 2
112,248,23, 2
113,248,23, 2
114,248,23, 2
115,248,23, 2
116,248,23, 2
117,248,23, 2
118,248,23, 2
119,248,23, 2
120,248,23, 2
121,248,23, 2
122,248,23, 2
123,248,23, 2
124,248,23, 2
125,248,23, 2
126,248,23, 2
127,248,23, 2
128,248,23, 2
129,248,23, 2
130,248,23, 2
131,248,23, 2
132,248,23, 2
133,248,23, 2
134,248,23, 2
135,248,23, 2
136,248,23, 2
137,248,23, 2
138,248,23, 2
139,248,23, 2
140,248,23, 2
141,248,23, 2
142,248,23, 2
143,248,23, 2
144,248,23, 2
145,248,23, 2
146,248,23, 2
147,248,23, 2
148,248,23, 2
149,248,23, 2
150,248,23, 2
151,248,23, 2
152,248,23, 2
153,248,23, 2
154,248,23, 2
155,248,23, 2
156,248,23, 2
157,248,23, 2
158,248,23, 2
159,248,23, 2
160,248,23, 2
161,248,23, 2
162,248,23, 2
163,248,23, 2
164,248,23, 2
165,248,23, 2
166,248,23, 2
167,248,23, 2
168,248,23, 2
169,248,23, 2
170,248,23, 2
171,248,23, 2
172,248,23, 2
173,248,23, 2
174,248,23, 2
175,248,23, 2
176,248,23, 2
177,248,23, 2
178,248,23, 2
179,248,23, 2
180,248,23, 2
181,248,23, 2
182,248,23, 2
183,248,23, 2
184,248,23, 2
185,248,23, 2
186,248,23, 2
187,248,23, 2
188,248,23, 2
189,248,23, 2
190,248,23, 2
191,248,23, 2
192,248,23, 2
193,248,23, 2
194,248,23, 2
195,248,23, 2
196,248,23, 2
197,248,23, 2
198,248,23, 2
199,248,23, 2
200,248,23, 2
201,248,23, 2
202,248,23, 2
203,248,23, 2
204,248,23, 2
205,248,23, 2
206,248,23, 2
207,248,23, 2
208,248,23, 2
209,248,23, 2
210,248,23, 2
211,248,23, 2
212,248,23, 2
213,248,23, 2
214,248,23, 2
215,248,23, 2
216,248,23, 2
217,248,23, 2
218,248,23, 2
219,248,23, 2
220,248,23, 2
221,248,23, 2
222,248,23, 2
223,248,23, 2
224,248,23, 2
225,248,23, 2
226,248,23, 2
227,248,23, 2
228,248,23, 2
229,248,23, 2
230,248,23, 2
231,248,23, 2
232,248,23, 2
233,248,23, 2
234,248,23, 2
235,248,23, 2
236,248,23, 2
237,248,23, 2
238,248,23, 2
239,248,23, 2
240,248,23, 2
241,248,23, 2
242,248,23, 2
243,248,23, 2
244,248,23, 2
245,248,23, 2
246,248,23, 2
247,248,23, 2
248,248,23, 2
249,248,23, 2
250,248,23, 2
251,248,23, 2
252,248,23, 2
253,248,23, 2
254,248,23, 2
255,248,23, 2
256,248,23, 2
257,248,23, 2
258,248,23, 2
259,248,23, 2
260,248,23, 2
261,248,23, 2
262,248,23, 2
263,248,23, 2
264,248,23, 2
265,248,23, 2
266,248,23, 2
267,248,23, 2
268,248,23, 2
269,248,23, 2
270,248,23, 2
271,248,23, 2
272,248,23, 2
273,248,23, 2
274,248,23, 2
275,248,23, 2
276,248,23, 2
277,248,23, 2
278,248,23, 2
279,248,23, 2
280,248,23, 2
281,248,23, 2
282,248,23, 2
283,248,23, 2
284,248,23, 2
285,248,23, 2
286,248,23, 2
287,248,23, 2
288,248,23, 2
289,248,23, 2
290,248,23, 2
291,248,23, 2
292,248,23, 2
293,248,23, 2
294,248,23, 2
295,248,23, 2
296,248,23, 2
297,248,23, 2
298,248,23, 2
299,248,23, 2
300,248,23, 2
301,248,23, 2
302,248,23, 2
303,248,23, 2
304,248,23, 2
305,248,23, 2
306,248,23, 2
307,248,23, 2
308,248,23, 2
309,248,23, 2
310,248,23, 2
311,248,23, 2
312,248,23, 2
313,248,23, 2
314,248,23, 2
315,248,23, 2
316,248,23, 2
317,248,23, 2
318,248,23, 2
319,248,23, 2
320,248,23, 2
321,248,23, 2
322,248,23, 2
323,248,23, 2
324,248,23, 2
325,248,23, 2
326,248,23, 2
327,248,23, 2
328,248,23, 2
329,248,23, 2
330,248,23, 2
331,248,23, 2
332,248,23, 2
333,248,23, 2
334,248,23, 2
335,248,23, 2
336,248,23, 2
337,248,23, 2
338,248,23, 2
339,248,23, 2
340,248,23, 2
341,248,23, 2
342,248,23, 2
343,248,23, 2
344,248,23, 2
345,248,23, 2
346,248,23, 2
347,248,23, 2
348,248,23, 2
349,248,23, 2
350,248,23, 2
351,248,23, 2
352,248,23, 2
353,248,23, 2
354,248,23, 2
355,248,23, 2
356,248,23, 2
357,248,23, 2
358,248,23, 2
359,248,23, 2
360,248,23, 2
361,248,23, 2
362,248,23, 2
363,248,23, 2
364,248,23, 2
365,248,23, 2
366,248,23, 2
367,248,23, 2
368,248,23, 2
369,248,23, 2
370,248,23, 2
371,248,23, 2
372,248,23, 2
373,248,23, 2
374,248,23, 2
375,248,23, 2
376,248,23, 2
377,248,23, 2
378,248,23, 2
379,248,23, 2
380,248,23, 2
381,248,23, 2
382,248,23, 2
383,248,23, 2
384,248,23, 2
385,248,23, 2
386,248,23, 2
387,248,23, 2
388,248,23, 2
389,248,23, 2
390,248,23, 2
391,248,23, 2
392,248,23, 2
393,248,23, 2
394,248,23, 2
395,248,23, 2
396,248,23, 2
397,248,23, 2
398,248,23, 2
399,248,23, 2
400,248,23, 2
401,248,23, 2
402,248,23, 2
403,248,23, 2
404,248,23, 2
405,248,23, 2
406,248,23, 2
407,248,23, 2
408,248,23, 2
409,248,23, 2
410,248,23, 2
411,248,23, 2
412,248,23, 2
413,248,23, 2
414,248,23, 2
415,248,23, 2
416,248,23, 2
417,248,23, 2
418,248,23, 2
419,248,23, 2
420,248,23, 2
421,248,23, 2
422,248,23, 2
423,248,23, 2
424,248,23, 2
425,248,23, 2
426,248,23, 2
427,248,23, 2
428,248,23, 2
429,248,23, 2
430,248,23, 2
431,248,23, 2
432,248,23, 2
433,248,23, 2
434,248,23, 2
435,248,23, 2
436,248,23, 2
437,248,23, 2
438,248,23, 2
439,248,23, 2
440,248,23, 2
441,248,23, 2
442,248,23, 2
443,248,23, 2
444,248,23, 2
445,248,23, 2
446,248,23, 2
447,248,23, 2
448,248,23, 2
449,248,23, 2
450,248,23, 2
451,248,23, 2
452,248,23, 2
453,248,23, 2
454,248,23, 2
455,248,23, 2
456,248,23, 2
457,248,23, 2
458,248,23, 2
459,248,23, 2
460,248,23, 2
461,248,23, 2
462,248,23, 2
463,248,23, 2
464,248,23, 2
465,248,23, 2
466,248,23, 2
467,248,23, 2
468,248,23, 2
469,248,23, 2
470,248,23, 2
471,248,23, 2
472,248,23, 2
473,248,23, 2
474,248,23, 2
475,248,23, 2
476,248,23, 2
477,248,23, 2
478,248,23, 2
479,248,23, 2
480,248,23, 2
481,248,23, 2
482,248,23, 2
483,248,23, 2
484,248,23, 2
485,248,23, 2
486,248,23, 2
487,248,23, 2
488,248,23, 2
489,248,23, 2
490,248,23, 2
491,248,23, 2
492,248,23, 2
493,248,23, 2
494,248,23, 2
495,248,23, 2
496,248,23, 2
497,248,23, 2
498,248,23, 2
499,248,23, 2
500,248,23, 2
501,248,23, 2
502,248,23, 2
503,248,23, 2
504,248,23, 2
505,248,23, 2
506,248,23, 2
507,248,23, 2
508,248,23, 2
509,248,23, 2
510,248,23, 2
511,248,23, 2
512,248,23, 2
513,248,23, 2
514,248,23, 2
515,248,23, 2
516,248,23, 2
517,248,23, 2
518,248,23, 2
519,248,23, 2
520,248,23, 2
521,248,23, 2
522,248,23, 2
523,248,23, 2
524,248,23, 2
525,248,23, 2
526,248,23, 2
527,248,23, 2
528,248,23, 2
529,248,23, 2
530,248,23, 2
531,248,23, 2
532,248,23, 2
533,248,23, 2
534,248,23, 2
535,248,23, 2
536,248,23, 2
537,248,23, 2
538,248,23, 2
539,248,23, 2
540,248,23, 2
541,248,23, 2
542,248,23, 2
543,248,23, 2
544,248,23, 2
545,248,23, 2
546,248,23, 2
547,248,23, 2
548,248,23, 2
549,248,23, 2
550,248,23, 2
551,248,23, 2
552,248,23, 2
553,248,23, 2
554,248,23, 2
555,248,23, 2
556,248,23, 2
557,248,23, 2
558,248,23, 2
559,248,23, 2
560,248,23, 2
561,248,23, 2
562,248,23, 2
563,247,22, 3
564,247,22, 3
565,247,22, 3
566,247,22, 3
567,247,22, 3
568,247,22, 3
569,247,22, 3
570,247,22, 3
571,247,22, 3
572,247,22, 3
573,247,22, 3
574,247,22, 3
575,247,22, 3
576,247,22, 3
577,247,22, 3
578,247,22, 3
579,247,22, 3
580,247,22, 3
581,247,22, 3
582,247,22, 3
583,247,22, 3
584,247,22, 3
585,247,22, 3
586,247,22, 3
587,247,22, 3
588,247,22, 3
589,247,22, 3
590,247,22, 3
591,247,22, 3
592,247,22, 3
593,247,22, 3
594,247,22, 3
595,247,22, 3
596,247,22, 3
597,247,22, 3
598,247,22, 3
599,247,22, 3
600,247,22, 3
601,247,22, 3
602,247,22, 3
603,247,22, 3
604,247,22, 3
605,247,22, 3
606,247,22, 3
607,247,22, 3
608,247,22, 3
609,247,22, 3
610,247,22, 3
611,247,22, 3
612,247,22, 3
613,247,22, 3
614,247,22, 3
615,247,22, 3
616,247,22, 3
617,247,22, 3
618,247,22, 3
619,247,22, 3
620,247,22, 3
621,247,22, 3
622,247,22, 3
623,247,22, 3
624,247,22, 3
625,247,22, 3
626,247,22, 3
627,247,22, 3
628,247,22, 3
629,247,22, 3
630,247,22, 3
631,247,22, 3
632,247,22, 3
633,247,22, 3
634,247,22, 3
635,247,22, 3
636,247,22, 3
637,247,22, 3
638,247,22, 3
639,247,22, 3
640,247,22, 3
641,247,22, 3
642,247,22, 3
643,247,22, 3
644,247,22, 3
645,247,22, 3
646,247,22, 3
647,247,22, 3
648,247,22, 3
649,247,22, 3
650,247,22, 3
651,247,22, 3
652,247,22, 3
653,247,22, 3
654,247,22, 3
655,247,22, 3
656,247,22, 3
657,247,22, 3
658,247,22, 3
659,247,22, 3
660,247,22, 3
661,247,22, 3
662,247,22, 3
663,247,22, 3
664,247,22, 3
665,247,22, 3
666,247,22, 3
667,247,22, 3
668,247,22, 3
669,247,22, 3
670,247,22, 3
671,247,22, 3
672,247,22, 3
673,247,22, 3
674,247,22, 3
675,247,22, 3
676,247,22, 3
677,247,22, 3
678,247,22, 3
679,247,22, 3
680,247,22, 3
681,247,22, 3
682,247,22, 3
683,247,22, 3
684,247,22, 3
685,247,22, 3
686,247,22, 3
687,247,22, 3
688,247,22, 3
689,247,22, 3
690,247,22, 3
691,247,22, 3
692,247,22, 3
693,247,22, 3
694,247,22, 3
695,247,22, 3
696,247,22, 3
697,247,22, 3
698,247,22, 3
699,247,22, 3
700,247,22, 3
701,247,22, 3
702,247,22, 3
703,247,22, 3
704,247,22, 3
705,247,22, 3
706,247,22, 3
707,247,22, 3
708,247,22, 3
709,247,22, 3
710,247,22, 3
711,247,22, 3
712,247,22, 3
713,247,22, 3
714,247,22, 3
715,247,22, 3
716,247,22, 3
717,247,22, 3
718,247,22, 3
719,247,22, 3
720,247,22, 3
721,247,22, 3
722,247,22, 3
723,247,22, 3
724,247,22, 3
725,247,22, 3
726,247,22, 3
727,247,22, 3
728,247,22, 3
729,247,22, 3
730,247,22, 3
731,247,22, 3
732,247,22, 3
733,247,22, 3
734,247,22, 3
735,247,22, 3
736,247,22, 3
737,247,22, 3
738,247,22, 3
739,247,22, 3
740,247,22, 3
741,247,22, 3
742,247,22, 3
743,247,22, 3
744,247,22, 3
745,247,22, 3
746,247,22, 3
747,247,22, 3
748,247,22, 3
749,247,22, 3
750,247,22, 3
751,247,22, 3
752,247,22, 3
753,247,22, 3
754,247,22, 3
755,247,22, 3
756,247,22, 3
757,247,22, 3
758,247,22, 3
759,247,22, 3
760,247,22, 3
761,247,22, 3
762,247,22, 3
763,247,22, 3
764,247,22, 3
765,247,22, 3
766,247,22, 3
767,247,22, 3
768,247,22, 3
769,247,22, 3
770,247,22, 3
771,247,22, 3
772,247,22, 3
773,247,22, 3
774,247,22, 3
775,247,22, 3
776,247,22, 3
777,247,22, 3
778,247,22, 3
779,247,22, 3
780,247,22, 3
781,247,22, 3
782,247,22, 3
783,247,22, 3
784,247,22, 3
785,247,22, 3
786,247,22, 3
787,247,22, 3
788,247,22, 3
789,247,22, 3
790,247,22, 3
791,247,22, 3
792,247,22, 3
793,247,22, 3
794,247,22, 3
795,247,22, 3
796,247,22, 3
797,247,22, 3
798,247,22, 3
799,247,22, 3
800,247,22, 3
801,247,22, 3
802,247,22, 3
803,247,22, 3
804,247,22, 3
805,247,22, 3
806,247,22, 3
807,247,22, 3
808,247,22, 3
809,247,22, 3
810,247,22, 3
811,247,22, 3
812,247,22, 3
813,247,22, 3
814,247,22, 3
815,247,22, 3
816,247,22, 3
817,247,22, 3
818,247,22, 3
819,247,22, 3
820,247,22, 3
821,247,22, 3
822,247,22, 3
823,247,22, 3
824,247,22, 3
825,247,22, 3
826,247,22, 3
827,247,22, 3
828,247,22, 3
829,247,22, 3
830,247,22, 3
831,247,22, 3
832,247,22, 3
833,247,22, 3
834,247,22, 3
835,247,22, 3
836,247,22, 3
837,247,22, 3
838,247,22, 3
839,247,22, 3
840,247,22, 3
841,247,22, 3
842,247,22, 3
843,247,22, 3
844,247,22, 3
845,247,22, 3
846,247,22, 3
847,247,22, 3
848,247,22, 3
849,247,22, 3
850,247,22, 3
851,247,22, 3
852,247,22, 3
853,247,22, 3
854,247,22, 3
855,247,22, 3
856,247,22, 3
857,247,22, 3
858,247,22, 3
859,247,22, 3
860,247,22, 3
861,247,22, 3
862,247,22, 3
863,247,22, 3
864,247,22, 3
865,247,22, 3
866,247,22, 3
867,247,22, 3
868,247,22, 3
869,247,22, 3
870,247,22, 3
871,247,22, 3
872,247,22, 3
873,247,22, 3
874,247,22, 3
875,247,22, 3
876,247,22, 3
877,247,22, 3
878,247,22, 3
879,247,22, 3
880,247,22, 3
881,247,22, 3
882,247,22, 3
883,247,22, 3
884,247,22, 3
885,247,22, 3
886,247,22, 3
887,247,22, 3
888,247,22, 3
889,247,22, 3
890,247,22, 3
891,247,22, 3
892,247,22, 3
893,247,22, 3
894,247,22, 3
895,247,22, 3
896,247,22, 3
897,247,22, 3
898,247,22, 3
899,247,22, 3
900,247,22, 3
901,247,22, 3
902,247,22, 3
903,247,22, 3
904,247,22, 3
905,247,22, 3
906,247,22, 3
907,247,22, 3
908,247,22, 3
909,247,22, 3
910,247,22, 3
911,247,22, 3
912,247,22, 3
913,247,22, 3
914,247,22, 3
915,247,22, 3
916,247,22, 3
917,247,22, 3
918,247,22, 3
919,247,22, 3
920,247,22, 3
921,247,22, 3
922,247,22, 3
923,247,22, 3
924,247,22, 3
925,247,22, 3
926,247,22, 3
927,247,22, 3
928,246,21, 4
929,246,21, 4
930,246,21, 4
931,246,21, 4
932,246,21, 4
933,246,21, 4
934,246,21, 4
935,246,21, 4
936,246,21, 4
937,246,21, 4
938,246,21, 4
939,246,21, 4
940,246,21, 4
941,246,21, 4
942,246,21, 4
943,246,21, 4
944,246,21, 4
945,246,21, 4
946,246,21, 4
947,246,21, 4
948,246,21, 4
949,246,21, 4
950,246,21, 4
951,246,21, 4
952,246,21, 4
953,246,21, 4
954,246,21, 4
955,246,21, 4
956,246,21, 4
957,246,21, 4
958,246,21, 4
959,246,21, 4
960,246,21, 4
961,246,21, 4
962,246,21, 4
963,246,21, 4
964,246,21, 4
965,246,21, 4
966,246,21, 4
967,246,21, 4
968,246,21, 4
969,246,21, 4
970,246,21, 4
971,246,21, 4
972,246,21, 4
973,246,21, 4
974,246,21, 4
975,246,21, 4
976,246,21, 4
977,246,21, 4
978,246,21, 4
979,246,21, 4
980,246,21, 4
981,246,21, 4
982,246,21, 4
983,246,21, 4
984,246,21, 4
985,246,21, 4
986,246,21, 4
987,246,21, 4
988,246,21, 4
989,246,21, 4
990,246,21, 4
991,246,21, 4
992,246,21, 4
993,246,21, 4
994,246,21, 4
995,246,21, 4
996,246,21, 4
997,246,21, 4
998,246,21, 4
999,246,21, 4
1000,246,21, 4
1001,246,21, 4
1002,246,21, 4
1003,246,21, 4
1004,246,21, 4
1005,246,21, 4
1006,246,21, 4
1007,246,21, 4
1008,246,21, 4
1009,246,21, 4
1010,246,21, 4
1011,246,21, 4
1012,246,21, 4
1013,246,21, 4
1014,246,21, 4
1015,246,21, 4
1016,246,21, 4
1017,246,21, 4
1018,246,21, 4
1019,246,21, 4
1020,246,21, 4
1021,246,21, 4
1022,246,21, 4
1023,246,21, 4
1024,246,21, 4
1025,246,21, 4
1026,246,21, 4
1027,246,21, 4
1028,246,21, 4
1029,246,21, 4
1030,246,21, 4
1031,246,21, 4
1032,246,21, 4
1033,246,21, 4
1034,246,21, 4
1035,246,21, 4
1036,246,21, 4
1037,246,21, 4
1038,246,21, 4
1039,246,21, 4
1040,246,21, 4
1041,246,21, 4
1042,246,21, 4
1043,246,21, 4
1044,246,21, 4
1045,246,21, 4
1046,246,21, 4
1047,246,21, 4
1048,246,21, 4
1049,246,21, 4
1050,246,21, 4
1051,246,21, 4
1052,246,21, 4
1053,246,21, 4
1054,246,21, 4
1055,246,21, 4
1056,246,21, 4
1057,246,21, 4
1058,246,21, 4
1059,246,21, 4
1060,246,21, 4
1061,246,21, 4
1062,246,21, 4
1063,246,21, 4
1064,246,21, 4
1065,246,21, 4
1066,246,21, 4
1067,246,21, 4
1068,246,21, 4
1069,246,21, 4
1070,246,21, 4
1071,246,21, 4
1072,246,21, 4
1073,246,21, 4
1074,246,21, 4
1075,246,21, 4
1076,246,21, 4
1077,246,21, 4
1078,246,21, 4
1079,246,21, 4
1080,246,21, 4
1081,246,21, 4
1082,246,21, 4
1083,246,21, 4
1084,246,21, 4
1085,246,21, 4
1086,246,21, 4
1087,246,21, 4
1088,246,21, 4
1089,246,21, 4
1090,246,21, 4
1091,246,21, 4
1092,246,21, 4
1093,246,21, 4
1094,246,21, 4
1095,246,21, 4
1096,246,21, 4
1097,246,21, 4
1098,246,21, 4
1099,246,21, 4
1100,246,21, 4
1101,246,21, 4
1102,246,21, 4
1103,246,21, 4
1104,246,21, 4
1105,246,21, 4
1106,246,21, 4
1107,246,21, 4
1108,246,21, 4
1109,246,21, 4
1110,246,21, 4
1111,246,21, 4
1112,246,21, 4
1113,246,21, 4
1114,246,21, 4
1115,246,21, 4
1116,246,21, 4
1117,246,21, 4
1118,246,21, 4
1119,246,21, 4
1120,246,21, 4
1121,246,21, 4
1122,246,21, 4
1123,246,21, 4
1124,246,21, 4
1125,246,21, 4
1126,246,21, 4
1127,246,21, 4
1128,246,21, 4
1129,246,21, 4
1130,246,21, 4
1131,246,21, 4
1132,246,21, 4
1133,246,21, 4
1134,246,21, 4
1135,246,21, 4
1136,246,21, 4
1137,246,21, 4
1138,246,21, 4
1139,246,21, 4
1140,246,21, 4
1141,246,21, 4
1142,246,21, 4
1143,246,21, 4
1144,246,21, 4
1145,246,21, 4
1146,246,21, 4
1147,246,21, 4
1148,246,21, 4
1149,246,21, 4
1150,246,21, 4
1151,246,21, 4
1152,246,21, 4
1153,246,21, 4
1154,246,21, 4
1155,246,21, 4
1156,246,21, 4
1157,246,21, 4
1158,246,21, 4
1159,246,21, 4
1160,246,21, 4
1161,246,21, 4
1162,246,21, 4
1163,246,21, 4
1164,246,21, 4
1165,246,21, 4
1166,246,21, 4
1167,246,21, 4
1168,246,21, 4
1169,246,21, 4
1170,246,21, 4
1171,246,21, 4
1172,246,21, 4
1173,246,21, 4
1174,246,21, 4
1175,246,21, 4
1176,246,21, 4
1177,246,21, 4
1178,246,21, 4
1179,246,21, 4
1180,246,21, 4
1181,246,21, 4
1182,246,21, 4
1183,246,21, 4
1184,246,21, 4
1185,246,21, 4
1186,246,21, 4
1187,246,21, 4
1188,246,21, 4
1189,246,21, 4
1190,246,21, 4
1191,246,21, 4
1192,246,21, 4
1193,246,21, 4
1194,246,21, 4
1195,246,21, 4
1196,246,21, 4
1197,246,21, 4
1198,246,21, 4
1199,246,21, 4
1200,246,21, 4
1201,246,21, 4
1202,246,21, 4
1203,246,21, 4
1204,246,21, 4
1205,246,21, 4
1206,246,21, 4
1207,246,21, 4
1208,246,21, 4
1209,246,21, 4
1210,246,21, 4
1211,246,21, 4
1212,246,21, 4
1213,246,21, 4
1214,246,21, 4
1215,246,21, 4
1216,246,21, 4
1217,246,21, 4
1218,246,21, 4
1219,246,21, 4
1220,246,21, 4
1221,246,21, 4
1222,246,21, 4
1223,246,21, 4
1224,246,21, 4
1225,246,21, 4
1226,246,21, 4
1227,246,21, 4
1228,246,21, 4
1229,246,21, 4
1230,246,21, 4
1231,246,21, 4
1232,246,21, 4
1233,246,21, 4
1234,246,21, 4
1235,246,21, 4
1236,246,21, 4
1237,246,21, 4
1238,246,21, 4
1239,246,21, 4
1240,246,21, 4
1241,246,21, 4
1242,246,21, 4
1243,246,21, 4
1244,246,21, 4
1245,246,21, 4
1246,246,21, 4
1247,246,21, 4
1248,246,21, 4
1249,246,21, 4
1250,246,21, 4
1251,246,21, 4
1252,246,21, 4
1253,246,21, 4
1254,246,21, 4
1255,246,21, 4
1256,246,21, 4
1257,246,21, 4
1258,246,21, 4
1259,246,21, 4
1260,246,21, 4
1261,246,21, 4
1262,246,21, 4
1263,246,21, 4
1264,246,21, 4
1265,246,21, 4
1266,246,21, 4
1267,246,21, 4
1268,246,21, 4
1269,246,21, 4
1270,246,21, 4
1271,246,21, 4
1272,246,21, 4
1273,246,21, 4
1274,246,21, 4
1275,246,21, 4
1276,246,21, 4
1277,246,21, 4
1278,246,21, 4
1279,246,21, 4
1280,246,21, 4
1281,246,21, 4
1282,246,21, 4
1283,246,21, 4
1284,246,21, 4
1285,246,21, 4
1286,246,21, 4
1287,246,21, 4
1288,246,21, 4
1289,246,21, 4
1290,246,21, 4
1291,246,21, 4
1292,246,21, 4
1293,246,21, 4
1294,246,21, 4
1295,246,21, 4
1296,246,21, 4
1297,246,21, 4
1298,246,21, 4
1299,246,21, 4
1300,246,21, 4
1301,246,21, 4
1302,246,21, 4
1303,246,21, 4
1304,246,21, 4
1305,246,21, 4
1306,246,21, 4
1307,246,21, 4
1308,246,21, 4
1309,246,21, 4
1310,246,21, 4
1311,246,21, 4
1312,246,21, 4
1313,246,21, 4
1314,246,21, 4
1315,246,21, 4
1316,246,21, 4
1317,246,21, 4
1318,246,21, 4
1319,246,21, 4
1320,246,21, 4
1321,246,21, 4
1322,246,21, 4
1323,246,21, 4
1324,246,21, 4
1325,246,21, 4
1326,246,21, 4
1327,246,21, 4
1328,246,21, 4
1329,246,21, 4
1330,246,21, 4
1331,246,21, 4
1332,246,21, 4
1333,246,21, 4
1334,246,21, 4
1335,246,21, 4
1336,246,21, 4
1337,246,21, 4
1338,246,21, 4
1339,246,21, 4
1340,246,21, 4
1341,246,21, 4
1342,246,21, 4
1343,246,21, 4
1344,246,21, 4
1345,246,21, 4
1346,246,21, 4
1347,246,21, 4
1348,246,21, 4
1349,246,21, 4
1350,246,21, 4
1351,246,21, 4
1352,246,21, 4
1353,246,21, 4
1354,246,21, 4
1355,246,21, 4
1356,246,21, 4
1357,246,21, 4
1358,246,21, 4
1359,246,21, 4
1360,246,21, 4
1361,246,21, 4
1362,246,21, 4
1363,246,21, 4
1364,246,21, 4
1365,246,21, 4
1366,246,21, 4
1367,246,21, 4
1368,246,21, 4
1369,246,21, 4
1370,246,21, 4
1371,246,21, 4
1372,246,21, 4
1373,246,21, 4
1374,246,21, 4
1375,246,21, 4
1376,246,21, 4
1377,246,21, 4
1378,246,21, 4
1379,246,21, 4
1380,246,21, 4
1381,246,21, 4
1382,246,21, 4
1383,246,21, 4
1384,246,21, 4
1385,246,21, 4
1386,246,21, 4
1387,246,21, 4
1388,246,21, 4
1389,246,21, 4
1390,246,21, 4
1391,246,21, 4
1392,246,21, 4
1393,246,21, 4
1394,246,21, 4
1395,246,21, 4
1396,246,21, 4
1397,246,21, 4
1398,246,21, 4
1399,246,21, 4
1400,246,21, 4
1401,246,21, 4
1402,246,21, 4
1403,246,21, 4
1404,246,21, 4
1405,246,21, 4
1406,246,21, 4
1407,246,21, 4
1408,246,21, 4
1409,246,21, 4
1410,246,21, 4
1411,246,21, 4
1412,246,21, 4
1413,246,21, 4
1414,246,21, 4
1415,246,21, 4
1416,246,21, 4
1417,246,21, 4
1418,246,21, 4
1419,246,21, 4
1420,246,21, 4
1421,246,21, 4
1422,246,21, 4
1423,246,21, 4
1424,246,21, 4
1425,246,21, 4
1426,246,21, 4
1427,246,21, 4
1428,246,21, 4
1429,246,21, 4
1430,246,21, 4
1431,246,21, 4
1432,246,21, 4
1433,246,21, 4
1434,246,21, 4
1435,246,21, 4
1436,246,21, 4
1437,246,21, 4
1438,246,21, 4
1439,246,21, 4
1440,246,21, 4
1441,246,21, 4
1442,246,21, 4
1443,246,21, 4
1444,246,21, 4
1445,246,21, 4
1446,246,21, 4
1447,246,21, 4
1448,246,21, 4
1449,246,21, 4
1450,246,21, 4
1451,246,21, 4
1452,246,21, 4
1453,246,21, 4
1454,246,21, 4
1455,246,21, 4
1456,246,21, 4
1457,246,21, 4
1458,246,21, 4
1459,246,21, 4
1460,246,21, 4
1461,246,21, 4
1462,246,21, 4
1463,246,21, 4
1464,246,21, 4
1465,246,21, 4
1466,246,21, 4
1467,246,21, 4
1468,246,21, 4
1469,246,21, 4
1470,246,21, 4
1471,246,21, 4
1472,246,21, 4
1473,246,21, 4
1474,246,21, 4
1475,246,21, 4
1476,246,21, 4
1477,246,21, 4
1478,246,21, 4
1479,246,21, 4
1480,246,21, 4
1481,246,21, 4
1482,246,21, 4
1483,246,21, 4
1484,246,21, 4
1485,246,21, 4
1486,246,21, 4
1487,246,21, 4
1488,246,21, 4
1489,246,21, 4
1490,246,21, 4
1491,246,21, 4
1492,246,21, 4
1493,246,21, 4
1494,246,21, 4
1495,246,21, 4
1496,246,21, 4
1497,246,21, 4
1498,246,21, 4
1499,246,21, 4
