0,250,25, 0
1,250,25, 0
2,250,25, 0
3,250,25, 0
4,250,25, 0
5,250,25, 0
6,250,25, 0
7,250,25, 0
8,250,25, 0
9,250,25, 0
10,250,25, 0
11,250,25, 0
12,250,25, 0
13,250,25, 0
14,250,25, 0
15,250,25, 0
16,250,25, 0
17,250,25, 0
18,250,25, 0
19,250,25, 0
20,250,25, 0
21,250,25, 0
22,250,25, 0
23,250,25, 0
24,250,25, 0
25,250,25, 0
26,250,25, 0
27,250,25, 0
28,250,25, 0
29,250,25, 0
30,250,25, 0
31,250,25, 0
32,250,25, 0
33,250,25, 0
34,250,25, 0
35,250,25, 0
36,250,25, 0
37,250,25, 0
38,249,24, 1
39,249,24, 1
40,249,24, 1
41,249,24, 1
42,249,24, 1
43,249,24, 1
44,249,24, 1
45,249,24, 1
46,249,24, 1
47,249,24, 1
48,249,24, 1
49,249,24, 1
50,249,24, 1
51,249,24, 1
52,249,24, 1
53,249,24, 1
54,249,24, 1
55,249,24, 1
56,249,24, 1
57,249,24, 1
58,249,24, 1
59,249,24, 1
60,248,23, 2
61,248,23, 2
62,248,23, 2
63,248,23, 2
64,248,23, 2
65,248,23, 2
66,248,23, 2
67,248,23, 2
68,248,23, 2
69,248,23, 2
70,248,23, 2
71,248,23, 2
72,248,23, 2
73,248,23, 2
74,248,23, 2
75,248,23, 2
76,248,23, 2
77,248,23, 2
78,248,23, 2
79,248,23, 2
80,248,23, 2
81,248,23, 2
82,248,23, 2
83,248,23, 2
84,248,23, 2
85,248,23, 2
86,248,23, 2
87,248,23, 2
88,248,23, 2
89,248,23, 2
90,248,23, 2
91,248,23, 2
92,248,23, 2
93,248,23, 2
94,248,23, 2
95,248,23, 2
96,248,23, 2
97,248,23, 2
98,248,23, 2
99,248,23, 2
100,248,23, 2
101,248,23, 2
102,248,23, 2
103,248,23, 2
104,248,23, 2
105,248,23, 2
106,248,23, 2
107,248,23, 2
108,248,23, 2
109,248,23, 2
110,248,23, 2
111,248,23, 2
112,248,23, 2
113,248,23, 2
114,248,23, 2
115,248,23, 2
116,248,23, 2
117,248,23, 2
118,248,23, 2
119,248,23, 2
120,248,23, 2
121,248,23, 2
122,248,23, 2
123,248,23, 2
124,248,23, 2
125,248,23, 2
126,248,23, 2
127,248,23, 2
128,248,23, 2
129,248,23, 2
130,248,23, 2
131,248,23, 2
132,248,23, 2
133,248,23, 2
134,248,23, 2
135,248,23, 2
136,248,23, 2
137,248,23, 2
138,248,23, 2
139,248,23, 2
140,248,23, 2
141,248,23, 2
142,248,23, 2
143,248,23, 2
144,248,23, 2
145,247,22, 3
146,247,22, 3
147,247,22, 3
148,247,22, 3
149,247,22, 3
150,247,22, 3
151,247,22, 3
152,247,22, 3
153,247,22, 3
154,247,22, 3
155,247,22, 3
156,247,22, 3
157,247,22, 3
158,247,22, 3
159,247,22, 3
160,247,22, 3
161,247,22, 3
162,247,22, 3
163,247,22, 3
164,247,22, 3
165,247,22, 3
166,247,22, 3
167,247,22, 3
168,247,22, 3
169,247,22, 3
170,247,22, 3
171,247,22, 3
172,247,22, 3
173,247,22, 3
174,247,22, 3
175,247,22, 3
176,247,22, 3
177,247,22, 3
178,247,22, 3
179,247,22, 3
180,247,22, 3
181,247,22, 3
182,247,22, 3
183,247,22, 3
184,247,22, 3
185,247,22, 3
186,247,22, 3
187,247,22, 3
188,247,22, 3
189,247,22, 3
190,247,22, 3
191,247,22, 3
192,247,22, 3
193,247,22, 3
194,247,22, 3
195,247,22, 3
196,247,22, 3
197,247,22, 3
198,247,22, 3
199,247,22, 3
200,247,22, 3
201,247,22, 3
202,247,22, 3
203,247,22, 3
204,247,22, 3
205,247,22, 3
206,247,22, 3
207,247,22, 3
208,247,22, 3
209,247,22, 3
210,247,22, 3
211,247,22, 3
212,247,22, 3
213,247,22, 3
214,247,22, 3
215,247,22, 3
216,247,22, 3
217,247,22, 3
218,247,22, 3
219,247,22, 3
220,247,22, 3
221,247,22, 3
222,247,22, 3
223,247,22, 3
224,247,22, 3
225,247,22, 3
226,247,22, 3
227,247,22, 3
228,247,22, 3
229,247,22, 3
230,247,22, 3
231,247,22, 3
232,247,22, 3
233,247,22, 3
234,247,22, 3
235,247,22, 3
236,247,22, 3
237,247,22, 3
238,247,22, 3
239,247,22, 3
240,247,22, 3
241,247,22, 3
242,247,22, 3
243,247,22, 3
244,247,22, 3
245,247,22, 3
246,247,22, 3
247,247,22, 3
248,247,22, 3
249,247,22, 3
250,247,22, 3
251,247,22, 3
252,247,22, 3
253,247,22, 3
254,247,22, 3
255,247,22, 3
256,247,22, 3
257,247,22, 3
258,247,22, 3
259,247,22, 3
260,247,22, 3
261,247,22, 3
262,247,22, 3
263,247,22, 3
264,247,22, 3
265,247,22, 3
266,247,22, 3
267,247,22, 3
268,247,22, 3
269,247,22, 3
270,247,22, 3
271,247,22, 3
272,247,22, 3
273,247,22, 3
274,247,22, 3
275,247,22, 3
276,247,22, 3
277,247,22, 3
278,247,22, 3
279,247,22, 3
280,247,22, 3
281,247,22, 3
282,247,22, 3
283,247,22, 3
284,247,22, 3
285,247,22, 3
286,247,22, 3
287,247,22, 3
288,247,22, 3
289,247,22, 3
290,247,22, 3
291,247,22, 3
292,247,22, 3
293,247,22, 3
294,247,22, 3
295,247,22, 3
296,247,22, 3
297,247,22, 3
298,247,22, 3
299,247,22, 3
300,247,22, 3
301,247,22, 3
302,247,22, 3
303,247,22, 3
304,247,22, 3
305,247,22, 3
306,247,22, 3
307,247,22, 3
308,247,22, 3
309,247,22, 3
310,247,22, 3
311,247,22, 3
312,247,22, 3
313,247,22, 3
314,247,22, 3
315,247,22, 3
316,247,22, 3
317,247,22, 3
318,247,22, 3
319,247,22, 3
320,247,22, 3
321,247,22, 3
322,247,22, 3
323,247,22, 3
324,247,22, 3
325,247,22, 3
326,247,22, 3
327,247,22, 3
328,247,22, 3
329,247,22, 3
330,247,22, 3
331,247,22, 3
332,247,22, 3
333,247,22, 3
334,247,22, 3
335,247,22, 3
336,247,22, 3
337,247,22, 3
338,247,22, 3
339,247,22, 3
340,247,22, 3
341,247,22, 3
342,247,22, 3
343,247,22, 3
344,247,22, 3
345,247,22, 3
346,247,22, 3
347,247,22, 3
348,247,22, 3
349,247,22, 3
350,247,22, 3
351,247,22, 3
352,247,22, 3
353,247,22, 3
354,247,22, 3
355,247,22, 3
356,247,22, 3
357,247,22, 3
358,247,22, 3
359,247,22, 3
360,247,22, 3
361,247,22, 3
362,247,22, 3
363,247,22, 3
364,247,22, 3
365,247,22, 3
366,247,22, 3
367,246,21, 4
368,246,21, 4
369,246,21, 4
370,246,21, 4
371,246,21, 4
372,246,21, 4
373,246,21, 4
374,246,21, 4
375,246,21, 4
376,246,21, 4
377,246,21, 4
378,246,21, 4
379,246,21, 4
380,246,21, 4
381,246,21, 4
382,246,21, 4
383,246,21, 4
384,246,21, 4
385,246,21, 4
386,246,21, 4
387,246,21, 4
388,246,21, 4
389,246,21, 4
390,246,21, 4
391,246,21, 4
392,246,21, 4
393,246,21, 4
394,246,21, 4
395,246,21, 4
396,246,21, 4
397,246,21, 4
398,246,21, 4
399,246,21, 4
400,246,21, 4
401,246,21, 4
402,246,21, 4
403,246,21, 4
404,246,21, 4
405,246,21, 4
406,246,21, 4
407,246,21, 4
408,246,21, 4
409,246,21, 4
410,246,21, 4
411,246,21, 4
412,246,21, 4
413,246,21, 4
414,246,21, 4
415,246,21, 4
416,246,21, 4
417,246,21, 4
418,246,21, 4
419,246,21, 4
420,246,21, 4
421,246,21, 4
422,246,21, 4
423,246,21, 4
424,246,21, 4
425,246,21, 4
426,246,21, 4
427,246,21, 4
428,246,21, 4
429,246,21, 4
430,246,21, 4
431,246,21, 4
432,245,20, 5
433,245,20, 5
434,245,20, 5
435,245,20, 5
436,245,20, 5
437,245,20, 5
438,245,20, 5
439,245,20, 5
440,245,20, 5
441,245,20, 5
442,245,20, 5
443,245,20, 5
444,245,20, 5
445,245,20, 5
446,245,20, 5
447,245,20, 5
448,245,20, 5
449,245,20, 5
450,245,20, 5
451,245,20, 5
452,245,20, 5
453,245,20, 5
454,245,20, 5
455,245,20, 5
456,245,20, 5
457,245,20, 5
458,245,20, 5
459,245,20, 5
460,245,20, 5
461,245,20, 5
462,245,20, 5
463,245,20, 5
464,245,20, 5
465,245,20, 5
466,245,20, 5
467,245,20, 5
468,245,20, 5
469,245,20, 5
470,245,20, 5
471,245,20, 5
472,245,20, 5
473,245,20, 5
474,245,20, 5
475,245,20, 5
476,245,20, 5
477,245,20, 5
478,245,20, 5
479,245,20, 5
480,245,20, 5
481,245,20, 5
482,245,20, 5
483,245,20, 5
484,245,20, 5
485,245,20, 5
486,245,20, 5
487,245,20, 5
488,245,20, 5
489,245,20, 5
490,245,20, 5
491,245,20, 5
492,244,19, 6
493,244,19, 6
494,243,18, 7
495,243,18, 7
496,243,18, 7
497,243,18, 7
498,243,18, 7
499,243,18, 7
500,243,18, 7
501,243,18, 7
502,243,18, 7
503,243,18, 7
504,243,18, 7
505,243,18, 7
506,243,18, 7
507,243,18, 7
508,243,18, 7
509,243,18, 7
510,243,18, 7
511,243,18, 7
512,243,18, 7
513,243,18, 7
514,243,18, 7
515,243,18, 7
516,243,18, 7
517,243,18, 7
518,243,18, 7
519,243,18, 7
520,243,18, 7
521,242,17, 8
522,242,17, 8
523,242,17, 8
524,242,17, 8
525,242,17, 8
526,242,17, 8
527,242,17, 8
528,242,17, 8
529,242,17, 8
530,242,17, 8
531,242,17, 8
532,242,17, 8
533,242,17, 8
534,242,17, 8
535,242,17, 8
536,242,17, 8
537,242,17, 8
538,242,17, 8
539,242,17, 8
540,242,17, 8
541,242,17, 8
542,242,17, 8
543,242,17, 8
544,242,17, 8
545,242,17, 8
546,242,17, 8
547,242,17, 8
548,242,17, 8
549,242,17, 8
550,242,17, 8
551,242,17, 8
552,242,17, 8
553,242,17, 8
554,242,17, 8
555,242,17, 8
556,242,17, 8
557,242,17, 8
558,242,17, 8
559,242,17, 8
560,242,17, 8
561,242,17, 8
562,242,17, 8
563,242,17, 8
564,242,17, 8
565,242,17, 8
566,242,17, 8
567,242,17, 8
568,242,17, 8
569,242,17, 8
570,242,17, 8
571,242,17, 8
572,242,17, 8
573,242,17, 8
574,242,17, 8
575,242,17, 8
576,242,17, 8
577,242,17, 8
578,242,17, 8
579,242,17, 8
580,242,17, 8
581,242,17, 8
582,242,17, 8
583,242,17, 8
584,242,17, 8
585,242,17, 8
586,242,17, 8
587,242,17, 8
588,242,17, 8
589,242,17, 8
590,242,17, 8
591,242,17, 8
592,242,17, 8
593,242,17, 8
594,242,17, 8
595,242,17, 8
596,242,17, 8
597,242,17, 8
598,242,17, 8
599,242,17, 8
600,242,17, 8
601,242,17, 8
602,242,17, 8
603,242,17, 8
604,242,17, 8
605,242,17, 8
606,242,17, 8
607,242,17, 8
608,242,17, 8
609,242,17, 8
610,242,17, 8
611,242,17, 8
612,242,17, 8
613,242,17, 8
614,242,17, 8
615,242,17, 8
616,242,17, 8
617,242,17, 8
618,241,16, 9
619,241,16, 9
620,241,16, 9
621,241,16, 9
622,241,16, 9
623,241,16, 9
624,241,16, 9
625,241,16, 9
626,241,16, 9
627,241,16, 9
628,241,16, 9
629,241,16, 9
630,241,16, 9
631,241,16, 9
632,241,16, 9
633,241,16, 9
634,241,16, 9
635,241,16, 9
636,241,16, 9
637,241,16, 9
638,241,16, 9
639,241,16, 9
640,241,16, 9
641,241,16, 9
642,241,16, 9
643,241,16, 9
644,241,16, 9
645,241,16, 9
646,241,16, 9
647,241,16, 9
648,241,16, 9
649,241,16, 9
650,241,16, 9
651,241,16, 9
652,240,15, 10
653,240,15, 10
654,240,15, 10
655,240,15, 10
656,240,15, 10
657,240,15, 10
658,240,15, 10
659,240,15, 10
660,240,15, 10
661,240,15, 10
662,240,15, 10
663,239,14, 11
664,239,14, 11
665,239,14, 11
666,239,14, 11
667,239,14, 11
668,239,14, 11
669,239,14, 11
670,239,14, 11
671,239,14, 11
672,239,14, 11
673,239,14, 11
674,239,14, 11
675,239,14, 11
676,239,14, 11
677,239,14, 11
678,239,14, 11
679,239,14, 11
680,239,14, 11
681,239,14, 11
682,239,14, 11
683,239,14, 11
684,239,14, 11
685,239,14, 11
686,239,14, 11
687,239,14, 11
688,239,14, 11
689,239,14, 11
690,239,14, 11
691,239,14, 11
692,239,14, 11
693,239,14, 11
694,239,14, 11
695,239,14, 11
696,239,14, 11
697,239,14, 11
698,239,14, 11
699,239,14, 11
700,239,14, 11
701,239,14, 11
702,239,14, 11
703,239,14, 11
704,239,14, 11
705,239,14, 11
706,239,14, 11
707,239,14, 11
708,239,14, 11
709,239,14, 11
710,239,14, 11
711,239,14, 11
712,239,14, 11
713,239,14, 11
714,239,14, 11
715,239,14, 11
716,239,14, 11
717,239,14, 11
718,239,14, 11
719,239,14, 11
720,239,14, 11
721,239,14, 11
722,239,14, 11
723,239,14, 11
724,239,14, 11
725,239,14, 11
726,239,14, 11
727,239,14, 11
728,239,14, 11
729,239,14, 11
730,239,14, 11
731,239,14, 11
732,239,14, 11
733,239,14, 11
734,239,14, 11
735,239,14, 11
736,239,14, 11
737,239,14, 11
738,239,14, 11
739,239,14, 11
740,239,14, 11
741,239,14, 11
742,239,14, 11
743,239,14, 11
744,239,14, 11
745,239,14, 11
746,239,14, 11
747,239,14, 11
748,239,14, 11
749,239,14, 11
750,239,14, 11
751,239,14, 11
752,239,14, 11
753,239,14, 11
754,239,14, 11
755,239,14, 11
756,239,14, 11
757,239,14, 11
758,239,14, 11
759,239,14, 11
760,239,14, 11
761,239,14, 11
762,239,14, 11
763,239,14, 11
764,239,14, 11
765,239,14, 11
766,239,14, 11
767,239,14, 11
768,239,14, 11
769,239,14, 11
770,239,14, 11
771,239,14, 11
772,239,14, 11
773,239,14, 11
774,239,14, 11
775,239,14, 11
776,239,14, 11
777,239,14, 11
778,239,14, 11
779,239,14, 11
780,239,14, 11
781,239,14, 11
782,239,14, 11
783,239,14, 11
784,239,14, 11
785,239,14, 11
786,239,14, 11
787,239,14, 11
788,239,14, 11
789,239,14, 11
790,239,14, 11
791,239,14, 11
792,239,14, 11
793,239,14, 11
794,239,14, 11
795,239,14, 11
796,239,14, 11
797,239,14, 11
798,239,14, 11
799,239,14, 11
800,239,14, 11
801,239,14, 11
802,239,14, 11
803,239,14, 11
804,239,14, 11
805,239,14, 11
806,239,14, 11
807,239,14, 11
808,239,14, 11
809,239,14, 11
810,239,14, 11
811,239,14, 11
812,239,14, 11
813,239,14, 11
814,239,14, 11
815,239,14, 11
816,239,14, 11
817,239,14, 11
818,239,14, 11
819,239,14, 11
820,239,14, 11
821,239,14, 11
822,239,14, 11
823,239,14, 11
824,239,14, 11
825,239,14, 11
826,239,14, 11
827,239,14, 11
828,239,14, 11
829,239,14, 11
830,239,14, 11
831,239,14, 11
832,239,14, 11
833,239,14, 11
834,239,14, 11
835,239,14, 11
836,239,14, 11
837,239,14, 11
838,239,14, 11
839,239,14, 11
840,239,14, 11
841,239,14, 11
842,239,14, 11
843,239,14, 11
844,239,14, 11
845,239,14, 11
846,239,14, 11
847,239,14, 11
848,239,14, 11
849,239,14, 11
850,239,14, 11
851,239,14, 11
852,239,14, 11
853,239,14, 11
854,239,14, 11
855,239,14, 11
856,239,14, 11
857,239,14, 11
858,239,14, 11
859,239,14, 11
860,239,14, 11
861,239,14, 11
862,239,14, 11
863,239,14, 11
864,239,14, 11
865,239,14, 11
866,239,14, 11
867,239,14, 11
868,239,14, 11
869,239,14, 11
870,239,14, 11
871,239,14, 11
872,239,14, 11
873,239,14, 11
874,239,14, 11
875,239,14, 11
876,239,14, 11
877,239,14, 11
878,239,14, 11
879,239,14, 11
880,239,14, 11
881,239,14, 11
882,239,14, 11
883,239,14, 11
884,239,14, 11
885,239,14, 11
886,239,14, 11
887,239,14, 11
888,239,14, 11
889,239,14, 11
890,239,14, 11
891,239,14, 11
892,239,14, 11
893,239,14, 11
894,239,14, 11
895,239,14, 11
896,239,14, 11
897,239,14, 11
898,239,14, 11
899,239,14, 11
900,239,14, 11
901,239,14, 11
902,239,14, 11
903,239,14, 11
904,239,14, 11
905,239,14, 11
906,239,14, 11
907,239,14, 11
908,239,14, 11
909,239,14, 11
910,239,14, 11
911,239,14, 11
912,239,14, 11
913,239,14, 11
914,239,14, 11
915,239,14, 11
916,239,14, 11
917,239,14, 11
918,239,14, 11
919,239,14, 11
920,239,14, 11
921,239,14, 11
922,239,14, 11
923,239,14, 11
924,239,14, 11
925,239,14, 11
926,239,14, 11
927,239,14, 11
928,239,14, 11
929,239,14, 11
930,239,14, 11
931,239,14, 11
932,239,14, 11
933,239,14, 11
934,239,14, 11
935,239,14, 11
936,239,14, 11
937,239,14, 11
938,239,14, 11
939,239,14, 11
940,239,14, 11
941,239,14, 11
942,239,14, 11
943,239,14, 11
944,239,14, 11
945,239,14, 11
946,239,14, 11
947,239,14, 11
948,239,14, 11
949,239,14, 11
950,239,14, 11
951,239,14, 11
952,239,14, 11
953,239,14, 11
954,239,14, 11
955,239,14, 11
956,239,14, 11
957,239,14, 11
958,239,14, 11
959,239,14, 11
960,239,14, 11
961,239,14, 11
962,239,14, 11
963,239,14, 11
964,239,14, 11
965,239,14, 11
966,239,14, 11
967,239,14, 11
968,239,14, 11
969,239,14, 11
970,239,14, 11
971,239,14, 11
972,239,14, 11
973,239,14, 11
974,239,14, 11
975,239,14, 11
976,239,14, 11
977,239,14, 11
978,239,14, 11
979,239,14, 11
980,239,14, 11
981,239,14, 11
982,239,14, 11
983,239,14, 11
984,239,14, 11
985,239,14, 11
986,239,14, 11
987,239,14, 11
988,239,14, 11
989,239,14, 11
990,239,14, 11
991,239,14, 11
992,239,14, 11
993,239,14, 11
994,239,14, 11
995,239,14, 11
996,239,14, 11
997,239,14, 11
998,239,14, 11
999,239,14, 11
1000,239,14, 11
1001,239,14, 11
1002,239,14, 11
1003,239,14, 11
1004,239,14, 11
1005,239,14, 11
1006,239,14, 11
1007,239,14, 11
1008,239,14, 11
1009,239,14, 11
1010,239,14, 11
1011,239,14, 11
1012,239,14, 11
1013,239,14, 11
1014,239,14, 11
1015,239,14, 11
1016,239,14, 11
1017,239,14, 11
1018,239,14, 11
1019,239,14, 11
1020,239,14, 11
1021,239,14, 11
1022,239,14, 11
1023,239,14, 11
1024,239,14, 11
1025,239,14, 11
1026,239,14, 11
1027,239,14, 11
1028,239,14, 11
1029,239,14, 11
1030,239,14, 11
1031,239,14, 11
1032,239,14, 11
1033,239,14, 11
1034,239,14, 11
1035,239,14, 11
1036,239,14, 11
1037,239,14, 11
1038,239,14, 11
1039,239,14, 11
1040,239,14, 11
1041,239,14, 11
1042,239,14, 11
1043,239,14, 11
1044,239,14, 11
1045,239,14, 11
1046,239,14, 11
1047,239,14, 11
1048,239,14, 11
1049,239,14, 11
1050,239,14, 11
1051,239,14, 11
1052,239,14, 11
1053,239,14, 11
1054,239,14, 11
1055,239,14, 11
1056,239,14, 11
1057,239,14, 11
1058,239,14, 11
1059,239,14, 11
1060,239,14, 11
1061,239,14, 11
1062,239,14, 11
1063,239,14, 11
1064,239,14, 11
1065,239,14, 11
1066,239,14, 11
1067,239,14, 11
1068,239,14, 11
1069,239,14, 11
1070,239,14, 11
1071,239,14, 11
1072,239,14, 11
1073,239,14, 11
1074,239,14, 11
1075,239,14, 11
1076,239,14, 11
1077,239,14, 11
1078,239,14, 11
1079,239,14, 11
1080,239,14, 11
1081,239,14, 11
1082,239,14, 11
1083,239,14, 11
1084,239,14, 11
1085,239,14, 11
1086,239,14, 11
1087,239,14, 11
1088,239,14, 11
1089,239,14, 11
1090,239,14, 11
1091,239,14, 11
1092,239,14, 11
1093,239,14, 11
1094,239,14, 11
1095,239,14, 11
1096,239,14, 11
1097,239,14, 11
1098,239,14, 11
1099,239,14, 11
1100,239,14, 11
1101,239,14, 11
1102,239,14, 11
1103,239,14, 11
1104,239,14, 11
1105,239,14, 11
1106,239,14, 11
1107,239,14, 11
1108,239,14, 11
1109,239,14, 11
1110,239,14, 11
1111,239,14, 11
1112,239,14, 11
1113,239,14, 11
1114,239,14, 11
1115,239,14, 11
1116,239,14, 11
1117,239,14, 11
1118,239,14, 11
1119,239,14, 11
1120,239,14, 11
1121,239,14, 11
1122,239,14, 11
1123,239,14, 11
1124,239,14, 11
1125,239,14, 11
1126,239,14, 11
1127,239,14, 11
1128,239,14, 11
1129,239,14, 11
1130,239,14, 11
1131,239,14, 11
1132,239,14, 11
1133,239,14, 11
1134,239,14, 11
1135,239,14, 11
1136,239,14, 11
1137,239,14, 11
1138,239,14, 11
1139,239,14, 11
1140,239,14, 11
1141,239,14, 11
1142,239,14, 11
1143,239,14, 11
1144,239,14, 11
1145,239,14, 11
1146,239,14, 11
1147,239,14, 11
1148,239,14, 11
1149,239,14, 11
1150,239,14, 11
1151,239,14, 11
1152,239,14, 11
1153,239,14, 11
1154,239,14, 11
1155,239,14, 11
1156,239,14, 11
1157,239,14, 11
1158,239,14, 11
1159,239,14, 11
1160,239,14, 11
1161,239,14, 11
1162,239,14, 11
1163,239,14, 11
1164,239,14, 11
1165,239,14, 11
1166,239,14, 11
1167,239,14, 11
1168,239,14, 11
1169,239,14, 11
1170,239,14, 11
1171,239,14, 11
1172,239,14, 11
1173,239,14, 11
1174,239,14, 11
1175,239,14, 11
1176,239,14, 11
1177,239,14, 11
1178,239,14, 11
1179,239,14, 11
1180,239,14, 11
1181,239,14, 11
1182,239,14, 11
1183,239,14, 11
1184,239,14, 11
1185,239,14, 11
1186,239,14, 11
1187,239,14, 11
1188,239,14, 11
1189,239,14, 11
1190,239,14, 11
1191,239,14, 11
1192,239,14, 11
1193,239,14, 11
1194,239,14, 11
1195,239,14, 11
1196,239,14, 11
1197,239,14, 11
1198,239,14, 11
1199,239,14, 11
1200,239,14, 11
1201,239,14, 11
1202,239,14, 11
1203,239,14, 11
1204,239,14, 11
1205,239,14, 11
1206,239,14, 11
1207,239,14, 11
1208,239,14, 11
1209,239,14, 11
1210,239,14, 11
1211,239,14, 11
1212,239,14, 11
1213,239,14, 11
1214,239,14, 11
1215,239,14, 11
1216,239,14, 11
1217,239,14, 11
1218,239,14, 11
1219,239,14, 11
1220,239,14, 11
1221,239,14, 11
1222,239,14, 11
1223,239,14, 11
1224,239,14, 11
1225,239,14, 11
1226,239,14, 11
1227,239,14, 11
1228,239,14, 11
1229,239,14, 11
1230,239,14, 11
1231,239,14, 11
1232,239,14, 11
1233,239,14, 11
1234,239,14, 11
1235,239,14, 11
1236,239,14, 11
1237,238,13, 12
1238,238,13, 12
1239,238,13, 12
1240,238,13, 12
1241,238,13, 12
1242,238,13, 12
1243,238,13, 12
1244,238,13, 12
1245,238,13, 12
1246,238,13, 12
1247,238,13, 12
1248,238,13, 12
1249,238,13, 12
1250,238,13, 12
1251,238,13, 12
1252,238,13, 12
1253,238,13, 12
1254,238,13, 12
1255,238,13, 12
1256,238,13, 12
1257,238,13, 12
1258,238,13, 12
1259,238,13, 12
1260,238,13, 12
1261,238,13, 12
1262,238,13, 12
1263,238,13, 12
1264,238,13, 12
1265,238,13, 12
1266,238,13, 12
1267,238,13, 12
1268,238,13, 12
1269,238,13, 12
1270,238,13, 12
1271,238,13, 12
1272,238,13, 12
1273,238,13, 12
1274,238,13, 12
1275,238,13, 12
1276,238,13, 12
1277,238,13, 12
1278,238,13, 12
1279,238,13, 12
1280,238,13, 12
1281,238,13, 12
1282,238,13, 12
1283,238,13, 12
1284,238,13, 12
1285,238,13, 12
1286,238,13, 12
1287,238,13, 12
1288,238,13, 12
1289,238,13, 12
1290,238,13, 12
1291,238,13, 12
1292,238,13, 12
1293,238,13, 12
1294,238,13, 12
1295,238,13, 12
1296,238,13, 12
1297,238,13, 12
1298,238,13, 12
1299,238,13, 12
1300,238,13, 12
1301,238,13, 12
1302,238,13, 12
1303,238,13, 12
1304,238,13, 12
1305,238,13, 12
1306,238,13, 12
1307,238,13, 12
1308,238,13, 12
1309,238,13, 12
1310,238,13, 12
1311,238,13, 12
1312,238,13, 12
1313,238,13, 12
1314,238,13, 12
1315,238,13, 12
1316,238,13, 12
1317,238,13, 12
1318,238,13, 12
1319,238,13, 12
1320,238,13, 12
1321,238,13, 12
1322,238,13, 12
1323,238,13, 12
1324,238,13, 12
1325,238,13, 12
1326,238,13, 12
1327,238,13, 12
1328,238,13, 12
1329,238,13, 12
1330,238,13, 12
1331,238,13, 12
1332,238,13, 12
1333,238,13, 12
1334,238,13, 12
1335,238,13, 12
1336,238,13, 12
1337,238,13, 12
1338,238,13, 12
1339,238,13, 12
1340,238,13, 12
1341,238,13, 12
1342,238,13, 12
1343,238,13, 12
1344,238,13, 12
1345,238,13, 12
1346,238,13, 12
1347,238,13, 12
1348,238,13, 12
1349,238,13, 12
1350,238,13, 12
1351,238,13, 12
1352,238,13, 12
1353,238,13, 12
1354,238,13, 12
1355,238,13, 12
1356,238,13, 12
1357,238,13, 12
1358,238,13, 12
1359,238,13, 12
1360,238,13, 12
1361,238,13, 12
1362,238,13, 12
1363,238,13, 12
1364,238,13, 12
1365,238,13, 12
1366,238,13, 12
1367,238,13, 12
1368,238,13, 12
1369,238,13, 12
1370,238,13, 12
1371,238,13, 12
1372,238,13, 12
1373,238,13, 12
1374,238,13, 12
1375,238,13, 12
1376,238,13, 12
1377,238,13, 12
1378,238,13, 12
1379,238,13, 12
1380,238,13, 12
1381,238,13, 12
1382,238,13, 12
1383,238,13, 12
1384,238,13, 12
1385,238,13, 12
1386,238,13, 12
1387,238,13, 12
1388,238,13, 12
1389,238,13, 12
1390,238,13, 12
1391,238,13, 12
1392,238,13, 12
1393,238,13, 12
1394,238,13, 12
1395,238,13, 12
1396,238,13, 12
1397,238,13, 12
1398,238,13, 12
1399,238,13, 12
1400,238,13, 12
1401,238,13, 12
1402,238,13, 12
1403,238,13, 12
1404,238,13, 12
1405,238,13, 12
1406,238,13, 12
1407,238,13, 12
1408,238,13, 12
1409,238,13, 12
1410,238,13, 12
1411,238,13, 12
1412,238,13, 12
1413,238,13, 12
1414,238,13, 12
1415,238,13, 12
1416,238,13, 12
1417,238,13, 12
1418,238,13, 12
1419,238,13, 12
1420,238,13, 12
1421,238,13, 12
1422,238,13, 12
1423,238,13, 12
1424,238,13, 12
1425,238,13, 12
1426,238,13, 12
1427,238,13, 12
1428,238,13, 12
1429,238,13, 12
1430,238,13, 12
1431,238,13, 12
1432,238,13, 12
1433,238,13, 12
1434,238,13, 12
1435,238,13, 12
1436,238,13, 12
1437,238,13, 12
1438,238,13, 12
1439,238,13, 12
1440,238,13, 12
1441,238,13, 12
1442,237,12, 13
1443,237,12, 13
1444,237,12, 13
1445,237,12, 13
1446,237,12, 13
1447,237,12, 13
1448,237,12, 13
1449,237,12, 13
1450,237,12, 13
1451,237,12, 13
1452,237,12, 13
1453,237,12, 13
1454,237,12, 13
1455,237,12, 13
1456,237,12, 13
1457,237,12, 13
1458,237,12, 13
1459,237,12, 13
1460,237,12, 13
1461,237,12, 13
1462,237,12, 13
1463,237,12, 13
1464,237,12, 13
1465,237,12, 13
1466,237,12, 13
1467,237,12, 13
1468,237,12, 13
1469,237,12, 13
1470,237,12, 13
1471,237,12, 13
1472,237,12, 13
1473,237,12, 13
1474,237,12, 13
1475,237,12, 13
1476,237,12, 13
1477,237,12, 13
1478,237,12, 13
1479,237,12, 13
1480,237,12, 13
1481,237,12, 13
1482,237,12, 13
1483,237,12, 13
1484,237,12, 13
1485,237,12, 13
1486,237,12, 13
1487,237,12, 13
1488,237,12, 13
1489,237,12, 13
1490,237,12, 13
1491,237,12, 13
1492,237,12, 13
1493,237,12, 13
1494,237,12, 13
1495,237,12, 13
1496,237,12, 13
1497,237,12, 13
1498,237,12, 13
1499,237,12, 13
