0,250,25, 0
1,250,25, 0
2,250,25, 0
3,250,25, 0
4,250,25, 0
5,250,25, 0
6,250,25, 0
7,250,25, 0
8,250,25, 0
9,250,25, 0
10,250,25, 0
11,250,25, 0
12,250,25, 0
13,250,25, 0
14,250,25, 0
15,249,24, 1
16,249,24, 1
17,249,24, 1
18,249,24, 1
19,249,24, 1
20,249,24, 1
21,249,24, 1
22,249,24, 1
23,249,24, 1
24,249,24, 1
25,249,24, 1
26,249,24, 1
27,248,23, 2
28,248,23, 2
29,248,23, 2
30,248,23, 2
31,248,23, 2
32,248,23, 2
33,248,23, 2
34,248,23, 2
35,248,23, 2
36,248,23, 2
37,248,23, 2
38,248,23, 2
39,248,23, 2
40,248,23, 2
41,248,23, 2
42,248,23, 2
43,248,23, 2
44,248,23, 2
45,248,23, 2
46,248,23, 2
47,248,23, 2
48,248,23, 2
49,248,23, 2
50,248,23, 2
51,248,23, 2
52,248,23, 2
53,248,23, 2
54,248,23, 2
55,248,23, 2
56,248,23, 2
57,248,23, 2
58,248,23, 2
59,248,23, 2
60,248,23, 2
61,248,23, 2
62,248,23, 2
63,248,23, 2
64,248,23, 2
65,248,23, 2
66,248,23, 2
67,248,23, 2
68,248,23, 2
69,248,23, 2
70,248,23, 2
71,248,23, 2
72,248,23, 2
73,248,23, 2
74,248,23, 2
75,248,23, 2
76,248,23, 2
77,248,23, 2
78,248,23, 2
79,248,23, 2
80,248,23, 2
81,248,23, 2
82,248,23, 2
83,247,22, 3
84,247,22, 3
85,247,22, 3
86,246,21, 4
87,246,21, 4
88,246,21, 4
89,246,21, 4
90,246,21, 4
91,246,21, 4
92,246,21, 4
93,246,21, 4
94,246,21, 4
95,246,21, 4
96,246,21, 4
97,246,21, 4
98,246,21, 4
99,246,21, 4
100,246,21, 4
101,246,21, 4
102,246,21, 4
103,246,21, 4
104,246,21, 4
105,246,21, 4
106,246,21, 4
107,246,21, 4
108,246,21, 4
109,246,21, 4
110,246,21, 4
111,246,21, 4
112,246,21, 4
113,246,21, 4
114,246,21, 4
115,246,21, 4
116,246,21, 4
117,246,21, 4
118,246,21, 4
119,246,21, 4
120,246,21, 4
121,246,21, 4
122,246,21, 4
123,246,21, 4
124,246,21, 4
125,246,21, 4
126,246,21, 4
127,246,21, 4
128,246,21, 4
129,246,21, 4
130,246,21, 4
131,246,21, 4
132,246,21, 4
133,246,21, 4
134,246,21, 4
135,246,21, 4
136,246,21, 4
137,246,21, 4
138,246,21, 4
139,246,21, 4
140,246,21, 4
141,246,21, 4
142,246,21, 4
143,246,21, 4
144,246,21, 4
145,246,21, 4
146,246,21, 4
147,246,21, 4
148,246,21, 4
149,246,21, 4
150,246,21, 4
151,245,20, 5
152,245,20, 5
153,245,20, 5
154,245,20, 5
155,245,20, 5
156,245,20, 5
157,245,20, 5
158,245,20, 5
159,245,20, 5
160,245,20, 5
161,245,20, 5
162,245,20, 5
163,245,20, 5
164,245,20, 5
165,245,20, 5
166,245,20, 5
167,245,20, 5
168,245,20, 5
169,245,20, 5
170,245,20, 5
171,245,20, 5
172,245,20, 5
173,245,20, 5
174,245,20, 5
175,245,20, 5
176,245,20, 5
177,244,19, 6
178,244,19, 6
179,244,19, 6
180,244,19, 6
181,244,19, 6
182,244,19, 6
183,244,19, 6
184,244,19, 6
185,244,19, 6
186,244,19, 6
187,244,19, 6
188,244,19, 6
189,244,19, 6
190,244,19, 6
191,244,19, 6
192,244,19, 6
193,244,19, 6
194,244,19, 6
195,244,19, 6
196,244,19, 6
197,244,19, 6
198,244,19, 6
199,244,19, 6
200,244,19, 6
201,244,19, 6
202,244,19, 6
203,244,19, 6
204,244,19, 6
205,244,19, 6
206,244,19, 6
207,244,19, 6
208,244,19, 6
209,244,19, 6
210,244,19, 6
211,244,19, 6
212,244,19, 6
213,244,19, 6
214,244,19, 6
215,244,19, 6
216,244,19, 6
217,244,19, 6
218,244,19, 6
219,244,19, 6
220,244,19, 6
221,244,19, 6
222,244,19, 6
223,244,19, 6
224,244,19, 6
225,244,19, 6
226,244,19, 6
227,244,19, 6
228,244,19, 6
229,244,19, 6
230,244,19, 6
231,244,19, 6
232,244,19, 6
233,244,19, 6
234,244,19, 6
235,244,19, 6
236,244,19, 6
237,244,19, 6
238,244,19, 6
239,244,19, 6
240,244,19, 6
241,244,19, 6
242,244,19, 6
243,244,19, 6
244,244,19, 6
245,244,19, 6
246,244,19, 6
247,244,19, 6
248,244,19, 6
249,244,19, 6
250,244,19, 6
251,244,19, 6
252,244,19, 6
253,244,19, 6
254,244,19, 6
255,244,19, 6
256,244,19, 6
257,244,19, 6
258,244,19, 6
259,244,19, 6
260,243,18, 7
261,243,18, 7
262,243,18, 7
263,243,18, 7
264,243,18, 7
265,243,18, 7
266,243,18, 7
267,243,18, 7
268,243,18, 7
269,243,18, 7
270,243,18, 7
271,243,18, 7
272,243,18, 7
273,243,18, 7
274,243,18, 7
275,243,18, 7
276,243,18, 7
277,243,18, 7
278,243,18, 7
279,243,18, 7
280,243,18, 7
281,243,18, 7
282,243,18, 7
283,243,18, 7
284,243,18, 7
285,243,18, 7
286,243,18, 7
287,243,18, 7
288,243,18, 7
289,243,18, 7
290,243,18, 7
291,243,18, 7
292,243,18, 7
293,243,18, 7
294,243,18, 7
295,243,18, 7
296,243,18, 7
297,243,18, 7
298,242,17, 8
299,242,17, 8
300,242,17, 8
301,242,17, 8
302,242,17, 8
303,242,17, 8
304,242,17, 8
305,242,17, 8
306,242,17, 8
307,241,16, 9
308,241,16, 9
309,241,16, 9
310,241,16, 9
311,241,16, 9
312,241,16, 9
313,241,16, 9
314,241,16, 9
315,241,16, 9
316,241,16, 9
317,241,16, 9
318,241,16, 9
319,241,16, 9
320,241,16, 9
321,241,16, 9
322,241,16, 9
323,241,16, 9
324,241,16, 9
325,241,16, 9
326,241,16, 9
327,241,16, 9
328,241,16, 9
329,241,16, 9
330,241,16, 9
331,241,16, 9
332,241,16, 9
333,241,16, 9
334,241,16, 9
335,241,16, 9
336,241,16, 9
337,241,16, 9
338,241,16, 9
339,241,16, 9
340,241,16, 9
341,241,16, 9
342,241,16, 9
343,241,16, 9
344,241,16, 9
345,241,16, 9
346,241,16, 9
347,241,16, 9
348,241,16, 9
349,241,16, 9
350,241,16, 9
351,241,16, 9
352,241,16, 9
353,241,16, 9
354,241,16, 9
355,241,16, 9
356,241,16, 9
357,241,16, 9
358,241,16, 9
359,241,16, 9
360,241,16, 9
361,241,16, 9
362,241,16, 9
363,241,16, 9
364,241,16, 9
365,241,16, 9
366,241,16, 9
367,241,16, 9
368,241,16, 9
369,241,16, 9
370,241,16, 9
371,241,16, 9
372,241,16, 9
373,241,16, 9
374,241,16, 9
375,241,16, 9
376,241,16, 9
377,241,16, 9
378,241,16, 9
379,241,16, 9
380,241,16, 9
381,241,16, 9
382,241,16, 9
383,241,16, 9
384,241,16, 9
385,241,16, 9
386,241,16, 9
387,241,16, 9
388,241,16, 9
389,240,15, 10
390,240,15, 10
391,240,15, 10
392,240,15, 10
393,240,15, 10
394,240,15, 10
395,240,15, 10
396,240,15, 10
397,240,15, 10
398,240,15, 10
399,240,15, 10
400,240,15, 10
401,240,15, 10
402,240,15, 10
403,239,14, 11
404,239,14, 11
405,239,14, 11
406,239,14, 11
407,239,14, 11
408,239,14, 11
409,239,14, 11
410,239,14, 11
411,239,14, 11
412,239,14, 11
413,239,14, 11
414,239,14, 11
415,239,14, 11
416,239,14, 11
417,239,14, 11
418,239,14, 11
419,239,14, 11
420,239,14, 11
421,239,14, 11
422,239,14, 11
423,239,14, 11
424,239,14, 11
425,239,14, 11
426,239,14, 11
427,239,14, 11
428,239,14, 11
429,239,14, 11
430,239,14, 11
431,239,14, 11
432,239,14, 11
433,239,14, 11
434,239,14, 11
435,239,14, 11
436,239,14, 11
437,239,14, 11
438,239,14, 11
439,239,14, 11
440,239,14, 11
441,239,14, 11
442,239,14, 11
443,239,14, 11
444,239,14, 11
445,238,13, 12
446,238,13, 12
447,238,13, 12
448,238,13, 12
449,238,13, 12
450,238,13, 12
451,238,13, 12
452,238,13, 12
453,238,13, 12
454,238,13, 12
455,238,13, 12
456,238,13, 12
457,238,13, 12
458,238,13, 12
459,238,13, 12
460,238,13, 12
461,238,13, 12
462,238,13, 12
463,238,13, 12
464,238,13, 12
465,238,13, 12
466,238,13, 12
467,238,13, 12
468,238,13, 12
469,238,13, 12
470,238,13, 12
471,238,13, 12
472,238,13, 12
473,238,13, 12
474,238,13, 12
475,238,13, 12
476,238,13, 12
477,238,13, 12
478,238,13, 12
479,238,13, 12
480,238,13, 12
481,238,13, 12
482,238,13, 12
483,238,13, 12
484,238,13, 12
485,238,13, 12
486,238,13, 12
487,238,13, 12
488,238,13, 12
489,238,13, 12
490,238,13, 12
491,238,13, 12
492,238,13, 12
493,238,13, 12
494,238,13, 12
495,238,13, 12
496,238,13, 12
497,238,13, 12
498,238,13, 12
499,238,13, 12
500,238,13, 12
501,238,13, 12
502,238,13, 12
503,238,13, 12
504,238,13, 12
505,238,13, 12
506,238,13, 12
507,238,13, 12
508,238,13, 12
509,238,13, 12
510,238,13, 12
511,238,13, 12
512,238,13, 12
513,238,13, 12
514,238,13, 12
515,238,13, 12
516,238,13, 12
517,238,13, 12
518,238,13, 12
519,238,13, 12
520,238,13, 12
521,238,13, 12
522,238,13, 12
523,238,13, 12
524,238,13, 12
525,238,13, 12
526,238,13, 12
527,238,13, 12
528,238,13, 12
529,238,13, 12
530,238,13, 12
531,238,13, 12
532,238,13, 12
533,238,13, 12
534,238,13, 12
535,238,13, 12
536,238,13, 12
537,238,13, 12
538,238,13, 12
539,238,13, 12
540,238,13, 12
541,238,13, 12
542,238,13, 12
543,238,13, 12
544,238,13, 12
545,238,13, 12
546,238,13, 12
547,238,13, 12
548,238,13, 12
549,238,13, 12
550,238,13, 12
551,238,13, 12
552,238,13, 12
553,238,13, 12
554,238,13, 12
555,238,13, 12
556,238,13, 12
557,238,13, 12
558,238,13, 12
559,238,13, 12
560,238,13, 12
561,238,13, 12
562,238,13, 12
563,238,13, 12
564,238,13, 12
565,238,13, 12
566,238,13, 12
567,238,13, 12
568,238,13, 12
569,238,13, 12
570,238,13, 12
571,238,13, 12
572,238,13, 12
573,238,13, 12
574,238,13, 12
575,238,13, 12
576,238,13, 12
577,238,13, 12
578,238,13, 12
579,238,13, 12
580,238,13, 12
581,238,13, 12
582,238,13, 12
583,238,13, 12
584,238,13, 12
585,238,13, 12
586,238,13, 12
587,238,13, 12
588,238,13, 12
589,238,13, 12
590,238,13, 12
591,238,13, 12
592,238,13, 12
593,238,13, 12
594,238,13, 12
595,238,13, 12
596,238,13, 12
597,238,13, 12
598,238,13, 12
599,238,13, 12
600,238,13, 12
601,238,13, 12
602,238,13, 12
603,238,13, 12
604,238,13, 12
605,238,13, 12
606,238,13, 12
607,238,13, 12
608,238,13, 12
609,237,12, 13
610,237,12, 13
611,237,12, 13
612,237,12, 13
613,237,12, 13
614,237,12, 13
615,237,12, 13
616,237,12, 13
617,237,12, 13
618,237,12, 13
619,237,12, 13
620,237,12, 13
621,237,12, 13
622,237,12, 13
623,237,12, 13
624,237,12, 13
625,237,12, 13
626,237,12, 13
627,237,12, 13
628,237,12, 13
629,236,11, 14
630,236,11, 14
631,236,11, 14
632,236,11, 14
633,236,11, 14
634,236,11, 14
635,236,11, 14
636,236,11, 14
637,236,11, 14
638,236,11, 14
639,236,11, 14
640,236,11, 14
641,236,11, 14
642,236,11, 14
643,236,11, 14
644,236,11, 14
645,236,11, 14
646,236,11, 14
647,236,11, 14
648,236,11, 14
649,236,11, 14
650,236,11, 14
651,236,11, 14
652,236,11, 14
653,236,11, 14
654,235,10, 15
655,235,10, 15
656,235,10, 15
657,235,10, 15
658,235,10, 15
659,235,10, 15
660,235,10, 15
661,235,10, 15
662,235,10, 15
663,235,10, 15
664,235,10, 15
665,235,10, 15
666,235,10, 15
667,235,10, 15
668,235,10, 15
669,235,10, 15
670,235,10, 15
671,235,10, 15
672,235,10, 15
673,235,10, 15
674,235,10, 15
675,235,10, 15
676,235,10, 15
677,235,10, 15
678,235,10, 15
679,235,10, 15
680,235,10, 15
681,235,10, 15
682,235,10, 15
683,235,10, 15
684,235,10, 15
685,235,10, 15
686,235,10, 15
687,235,10, 15
688,235,10, 15
689,235,10, 15
690,235,10, 15
691,235,10, 15
692,235,10, 15
693,235,10, 15
694,235,10, 15
695,235,10, 15
696,235,10, 15
697,235,10, 15
698,235,10, 15
699,235,10, 15
700,235,10, 15
701,235,10, 15
702,235,10, 15
703,235,10, 15
704,235,10, 15
705,235,10, 15
706,235,10, 15
707,235,10, 15
708,235,10, 15
709,235,10, 15
710,235,10, 15
711,235,10, 15
712,235,10, 15
713,235,10, 15
714,235,10, 15
715,235,10, 15
716,235,10, 15
717,235,10, 15
718,235,10, 15
719,235,10, 15
720,235,10, 15
721,235,10, 15
722,235,10, 15
723,235,10, 15
724,235,10, 15
725,235,10, 15
726,235,10, 15
727,235,10, 15
728,235,10, 15
729,235,10, 15
730,235,10, 15
731,235,10, 15
732,235,10, 15
733,235,10, 15
734,235,10, 15
735,235,10, 15
736,235,10, 15
737,235,10, 15
738,235,10, 15
739,235,10, 15
740,235,10, 15
741,235,10, 15
742,235,10, 15
743,235,10, 15
744,235,10, 15
745,235,10, 15
746,235,10, 15
747,235,10, 15
748,234,9, 16
749,234,9, 16
750,234,9, 16
751,234,9, 16
752,234,9, 16
753,234,9, 16
754,234,9, 16
755,234,9, 16
756,234,9, 16
757,234,9, 16
758,234,9, 16
759,234,9, 16
760,234,9, 16
761,234,9, 16
762,234,9, 16
763,234,9, 16
764,234,9, 16
765,234,9, 16
766,234,9, 16
767,234,9, 16
768,234,9, 16
769,234,9, 16
770,234,9, 16
771,234,9, 16
772,234,9, 16
773,234,9, 16
774,234,9, 16
775,234,9, 16
776,234,9, 16
777,234,9, 16
778,234,9, 16
779,234,9, 16
780,234,9, 16
781,234,9, 16
782,234,9, 16
783,234,9, 16
784,234,9, 16
785,234,9, 16
786,234,9, 16
787,234,9, 16
788,234,9, 16
789,234,9, 16
790,234,9, 16
791,234,9, 16
792,234,9, 16
793,234,9, 16
794,234,9, 16
795,234,9, 16
796,234,9, 16
797,234,9, 16
798,234,9, 16
799,234,9, 16
800,234,9, 16
801,234,9, 16
802,234,9, 16
803,234,9, 16
804,234,9, 16
805,234,9, 16
806,234,9, 16
807,234,9, 16
808,234,9, 16
809,234,9, 16
810,234,9, 16
811,234,9, 16
812,234,9, 16
813,234,9, 16
814,234,9, 16
815,234,9, 16
816,234,9, 16
817,234,9, 16
818,234,9, 16
819,234,9, 16
820,234,9, 16
821,234,9, 16
822,234,9, 16
823,234,9, 16
824,234,9, 16
825,234,9, 16
826,234,9, 16
827,234,9, 16
828,234,9, 16
829,234,9, 16
830,234,9, 16
831,234,9, 16
832,234,9, 16
833,234,9, 16
834,234,9, 16
835,234,9, 16
836,234,9, 16
837,234,9, 16
838,234,9, 16
839,234,9, 16
840,234,9, 16
841,234,9, 16
842,234,9, 16
843,234,9, 16
844,234,9, 16
845,234,9, 16
846,234,9, 16
847,234,9, 16
848,234,9, 16
849,234,9, 16
850,234,9, 16
851,234,9, 16
852,234,9, 16
853,234,9, 16
854,234,9, 16
855,234,9, 16
856,234,9, 16
857,234,9, 16
858,234,9, 16
859,234,9, 16
860,234,9, 16
861,234,9, 16
862,234,9, 16
863,234,9, 16
864,234,9, 16
865,234,9, 16
866,234,9, 16
867,234,9, 16
868,234,9, 16
869,234,9, 16
870,234,9, 16
871,234,9, 16
872,234,9, 16
873,234,9, 16
874,234,9, 16
875,234,9, 16
876,234,9, 16
877,234,9, 16
878,234,9, 16
879,234,9, 16
880,233,8, 17
881,233,8, 17
882,233,8, 17
883,233,8, 17
884,233,8, 17
885,233,8, 17
886,233,8, 17
887,233,8, 17
888,233,8, 17
889,233,8, 17
890,233,8, 17
891,233,8, 17
892,233,8, 17
893,233,8, 17
894,233,8, 17
895,233,8, 17
896,233,8, 17
897,233,8, 17
898,233,8, 17
899,233,8, 17
900,233,8, 17
901,233,8, 17
902,233,8, 17
903,233,8, 17
904,233,8, 17
905,233,8, 17
906,233,8, 17
907,233,8, 17
908,233,8, 17
909,233,8, 17
910,233,8, 17
911,233,8, 17
912,233,8, 17
913,233,8, 17
914,233,8, 17
915,233,8, 17
916,233,8, 17
917,233,8, 17
918,233,8, 17
919,233,8, 17
920,233,8, 17
921,233,8, 17
922,233,8, 17
923,233,8, 17
924,233,8, 17
925,233,8, 17
926,233,8, 17
927,233,8, 17
928,233,8, 17
929,233,8, 17
930,233,8, 17
931,233,8, 17
932,233,8, 17
933,233,8, 17
934,233,8, 17
935,233,8, 17
936,233,8, 17
937,233,8, 17
938,233,8, 17
939,233,8, 17
940,233,8, 17
941,233,8, 17
942,233,8, 17
943,233,8, 17
944,233,8, 17
945,233,8, 17
946,233,8, 17
947,233,8, 17
948,233,8, 17
949,233,8, 17
950,233,8, 17
951,233,8, 17
952,233,8, 17
953,233,8, 17
954,233,8, 17
955,233,8, 17
956,233,8, 17
957,233,8, 17
958,233,8, 17
959,233,8, 17
960,233,8, 17
961,233,8, 17
962,233,8, 17
963,233,8, 17
964,233,8, 17
965,233,8, 17
966,233,8, 17
967,233,8, 17
968,233,8, 17
969,233,8, 17
970,233,8, 17
971,233,8, 17
972,233,8, 17
973,233,8, 17
974,233,8, 17
975,233,8, 17
976,233,8, 17
977,233,8, 17
978,233,8, 17
979,233,8, 17
980,233,8, 17
981,233,8, 17
982,233,8, 17
983,233,8, 17
984,233,8, 17
985,233,8, 17
986,233,8, 17
987,233,8, 17
988,233,8, 17
989,233,8, 17
990,233,8, 17
991,233,8, 17
992,233,8, 17
993,233,8, 17
994,233,8, 17
995,233,8, 17
996,233,8, 17
997,233,8, 17
998,233,8, 17
999,233,8, 17
1000,233,8, 17
1001,233,8, 17
1002,233,8, 17
1003,233,8, 17
1004,233,8, 17
1005,233,8, 17
1006,233,8, 17
1007,233,8, 17
1008,233,8, 17
1009,233,8, 17
1010,233,8, 17
1011,233,8, 17
1012,233,8, 17
1013,233,8, 17
1014,233,8, 17
1015,233,8, 17
1016,233,8, 17
1017,232,7, 18
1018,232,7, 18
1019,232,7, 18
1020,232,7, 18
1021,232,7, 18
1022,232,7, 18
1023,232,7, 18
1024,232,7, 18
1025,232,7, 18
1026,232,7, 18
1027,232,7, 18
1028,232,7, 18
1029,232,7, 18
1030,232,7, 18
1031,232,7, 18
1032,232,7, 18
1033,232,7, 18
1034,232,7, 18
1035,232,7, 18
1036,232,7, 18
1037,232,7, 18
1038,232,7, 18
1039,232,7, 18
1040,232,7, 18
1041,232,7, 18
1042,232,7, 18
1043,232,7, 18
1044,232,7, 18
1045,232,7, 18
1046,232,7, 18
1047,232,7, 18
1048,232,7, 18
1049,232,7, 18
1050,232,7, 18
1051,232,7, 18
1052,232,7, 18
1053,232,7, 18
1054,232,7, 18
1055,232,7, 18
1056,232,7, 18
1057,232,7, 18
1058,232,7, 18
1059,232,7, 18
1060,232,7, 18
1061,232,7, 18
1062,232,7, 18
1063,232,7, 18
1064,232,7, 18
1065,232,7, 18
1066,232,7, 18
1067,232,7, 18
1068,232,7, 18
1069,232,7, 18
1070,232,7, 18
1071,232,7, 18
1072,232,7, 18
1073,232,7, 18
1074,232,7, 18
1075,232,7, 18
1076,232,7, 18
1077,232,7, 18
1078,232,7, 18
1079,232,7, 18
1080,232,7, 18
1081,232,7, 18
1082,232,7, 18
1083,232,7, 18
1084,232,7, 18
1085,232,7, 18
1086,232,7, 18
1087,232,7, 18
1088,232,7, 18
1089,232,7, 18
1090,232,7, 18
1091,232,7, 18
1092,232,7, 18
1093,232,7, 18
1094,232,7, 18
1095,232,7, 18
1096,232,7, 18
1097,232,7, 18
1098,232,7, 18
1099,232,7, 18
1100,232,7, 18
1101,232,7, 18
1102,232,7, 18
1103,232,7, 18
1104,232,7, 18
1105,232,7, 18
1106,232,7, 18
1107,232,7, 18
1108,232,7, 18
1109,232,7, 18
1110,232,7, 18
1111,232,7, 18
1112,232,7, 18
1113,232,7, 18
1114,232,7, 18
1115,232,7, 18
1116,232,7, 18
1117,232,7, 18
1118,232,7, 18
1119,232,7, 18
1120,232,7, 18
1121,232,7, 18
1122,232,7, 18
1123,232,7, 18
1124,232,7, 18
1125,232,7, 18
1126,232,7, 18
1127,232,7, 18
1128,232,7, 18
1129,232,7, 18
1130,232,7, 18
1131,232,7, 18
1132,232,7, 18
1133,232,7, 18
1134,232,7, 18
1135,232,7, 18
1136,232,7, 18
1137,232,7, 18
1138,231,6, 19
1139,231,6, 19
1140,231,6, 19
1141,231,6, 19
1142,231,6, 19
1143,231,6, 19
1144,231,6, 19
1145,231,6, 19
1146,231,6, 19
1147,231,6, 19
1148,231,6, 19
1149,231,6, 19
1150,231,6, 19
1151,231,6, 19
1152,231,6, 19
1153,231,6, 19
1154,231,6, 19
1155,231,6, 19
1156,231,6, 19
1157,231,6, 19
1158,231,6, 19
1159,231,6, 19
1160,231,6, 19
1161,231,6, 19
1162,231,6, 19
1163,231,6, 19
1164,231,6, 19
1165,231,6, 19
1166,231,6, 19
1167,231,6, 19
1168,231,6, 19
1169,231,6, 19
1170,231,6, 19
1171,231,6, 19
1172,231,6, 19
1173,231,6, 19
1174,231,6, 19
1175,231,6, 19
1176,231,6, 19
1177,231,6, 19
1178,231,6, 19
1179,231,6, 19
1180,231,6, 19
1181,231,6, 19
1182,231,6, 19
1183,231,6, 19
1184,231,6, 19
1185,231,6, 19
1186,231,6, 19
1187,231,6, 19
1188,231,6, 19
1189,231,6, 19
1190,231,6, 19
1191,231,6, 19
1192,231,6, 19
1193,231,6, 19
1194,231,6, 19
1195,231,6, 19
1196,231,6, 19
1197,231,6, 19
1198,231,6, 19
1199,231,6, 19
1200,231,6, 19
1201,231,6, 19
1202,231,6, 19
1203,231,6, 19
1204,231,6, 19
1205,231,6, 19
1206,231,6, 19
1207,231,6, 19
1208,231,6, 19
1209,231,6, 19
1210,231,6, 19
1211,231,6, 19
1212,231,6, 19
1213,231,6, 19
1214,231,6, 19
1215,231,6, 19
1216,231,6, 19
1217,231,6, 19
1218,231,6, 19
1219,231,6, 19
1220,231,6, 19
1221,231,6, 19
1222,231,6, 19
1223,231,6, 19
1224,231,6, 19
1225,231,6, 19
1226,231,6, 19
1227,231,6, 19
1228,231,6, 19
1229,231,6, 19
1230,231,6, 19
1231,231,6, 19
1232,231,6, 19
1233,231,6, 19
1234,231,6, 19
1235,231,6, 19
1236,231,6, 19
1237,231,6, 19
1238,231,6, 19
1239,231,6, 19
1240,231,6, 19
1241,231,6, 19
1242,231,6, 19
1243,231,6, 19
1244,231,6, 19
1245,231,6, 19
1246,231,6, 19
1247,231,6, 19
1248,231,6, 19
1249,231,6, 19
1250,231,6, 19
1251,231,6, 19
1252,231,6, 19
1253,231,6, 19
1254,231,6, 19
1255,231,6, 19
1256,231,6, 19
1257,231,6, 19
1258,231,6, 19
1259,231,6, 19
1260,231,6, 19
1261,231,6, 19
1262,231,6, 19
1263,231,6, 19
1264,231,6, 19
1265,231,6, 19
1266,231,6, 19
1267,231,6, 19
1268,231,6, 19
1269,231,6, 19
1270,231,6, 19
1271,231,6, 19
1272,231,6, 19
1273,231,6, 19
1274,231,6, 19
1275,231,6, 19
1276,231,6, 19
1277,231,6, 19
1278,231,6, 19
1279,231,6, 19
1280,231,6, 19
1281,231,6, 19
1282,231,6, 19
1283,231,6, 19
1284,231,6, 19
1285,231,6, 19
1286,231,6, 19
1287,231,6, 19
1288,231,6, 19
1289,231,6, 19
1290,231,6, 19
1291,231,6, 19
1292,231,6, 19
1293,231,6, 19
1294,231,6, 19
1295,231,6, 19
1296,231,6, 19
1297,231,6, 19
1298,231,6, 19
1299,231,6, 19
1300,231,6, 19
1301,231,6, 19
1302,231,6, 19
1303,231,6, 19
1304,231,6, 19
1305,231,6, 19
1306,231,6, 19
1307,231,6, 19
1308,231,6, 19
1309,231,6, 19
1310,231,6, 19
1311,231,6, 19
1312,231,6, 19
1313,231,6, 19
1314,231,6, 19
1315,231,6, 19
1316,231,6, 19
1317,231,6, 19
1318,231,6, 19
1319,231,6, 19
1320,231,6, 19
1321,231,6, 19
1322,231,6, 19
1323,231,6, 19
1324,231,6, 19
1325,231,6, 19
1326,231,6, 19
1327,231,6, 19
1328,231,6, 19
1329,230,5, 20
1330,230,5, 20
1331,230,5, 20
1332,230,5, 20
1333,230,5, 20
1334,230,5, 20
1335,230,5, 20
1336,230,5, 20
1337,230,5, 20
1338,230,5, 20
1339,230,5, 20
1340,230,5, 20
1341,230,5, 20
1342,230,5, 20
1343,230,5, 20
1344,230,5, 20
1345,230,5, 20
1346,230,5, 20
1347,230,5, 20
1348,230,5, 20
1349,230,5, 20
1350,230,5, 20
1351,230,5, 20
1352,230,5, 20
1353,230,5, 20
1354,230,5, 20
1355,230,5, 20
1356,230,5, 20
1357,230,5, 20
1358,230,5, 20
1359,230,5, 20
1360,230,5, 20
1361,230,5, 20
1362,230,5, 20
1363,230,5, 20
1364,230,5, 20
1365,230,5, 20
1366,230,5, 20
1367,230,5, 20
1368,230,5, 20
1369,230,5, 20
1370,230,5, 20
1371,230,5, 20
1372,230,5, 20
1373,230,5, 20
1374,230,5, 20
1375,230,5, 20
1376,230,5, 20
1377,230,5, 20
1378,230,5, 20
1379,230,5, 20
1380,230,5, 20
1381,230,5, 20
1382,230,5, 20
1383,230,5, 20
1384,230,5, 20
1385,230,5, 20
1386,230,5, 20
1387,230,5, 20
1388,230,5, 20
1389,230,5, 20
1390,230,5, 20
1391,230,5, 20
1392,230,5, 20
1393,230,5, 20
1394,230,5, 20
1395,230,5, 20
1396,230,5, 20
1397,230,5, 20
1398,230,5, 20
1399,230,5, 20
1400,230,5, 20
1401,230,5, 20
1402,230,5, 20
1403,230,5, 20
1404,230,5, 20
1405,230,5, 20
1406,230,5, 20
1407,230,5, 20
1408,230,5, 20
1409,230,5, 20
1410,230,5, 20
1411,230,5, 20
1412,230,5, 20
1413,230,5, 20
1414,230,5, 20
1415,230,5, 20
1416,230,5, 20
1417,230,5, 20
1418,230,5, 20
1419,230,5, 20
1420,230,5, 20
1421,230,5, 20
1422,230,5, 20
1423,230,5, 20
1424,230,5, 20
1425,230,5, 20
1426,230,5, 20
1427,230,5, 20
1428,230,5, 20
1429,230,5, 20
1430,230,5, 20
1431,230,5, 20
1432,230,5, 20
1433,230,5, 20
1434,230,5, 20
1435,230,5, 20
1436,230,5, 20
1437,230,5, 20
1438,230,5, 20
1439,230,5, 20
1440,230,5, 20
1441,230,5, 20
1442,230,5, 20
1443,230,5, 20
1444,230,5, 20
1445,230,5, 20
1446,230,5, 20
1447,230,5, 20
1448,230,5, 20
1449,230,5, 20
1450,230,5, 20
1451,230,5, 20
1452,230,5, 20
1453,230,5, 20
1454,230,5, 20
1455,230,5, 20
1456,230,5, 20
1457,230,5, 20
1458,230,5, 20
1459,230,5, 20
1460,230,5, 20
1461,230,5, 20
1462,230,5, 20
1463,230,5, 20
1464,230,5, 20
1465,230,5, 20
1466,230,5, 20
1467,230,5, 20
1468,230,5, 20
1469,230,5, 20
1470,230,5, 20
1471,230,5, 20
1472,229,4, 21
1473,229,4, 21
1474,229,4, 21
1475,229,4, 21
1476,229,4, 21
1477,229,4, 21
1478,229,4, 21
1479,229,4, 21
1480,229,4, 21
1481,229,4, 21
1482,229,4, 21
1483,229,4, 21
1484,229,4, 21
1485,229,4, 21
1486,229,4, 21
1487,229,4, 21
1488,229,4, 21
1489,229,4, 21
1490,229,4, 21
1491,229,4, 21
1492,229,4, 21
1493,229,4, 21
1494,229,4, 21
1495,229,4, 21
1496,229,4, 21
1497,229,4, 21
1498,229,4, 21
1499,229,4, 21
