0,250,25, 0
1,250,25, 0
2,250,25, 0
3,250,25, 0
4,250,25, 0
5,250,25, 0
6,250,25, 0
7,250,25, 0
8,250,25, 0
9,250,25, 0
10,250,25, 0
11,250,25, 0
12,250,25, 0
13,250,25, 0
14,250,25, 0
15,250,25, 0
16,250,25, 0
17,250,25, 0
18,250,25, 0
19,250,25, 0
20,250,25, 0
21,250,25, 0
22,250,25, 0
23,250,25, 0
24,250,25, 0
25,250,25, 0
26,250,25, 0
27,250,25, 0
28,250,25, 0
29,250,25, 0
30,250,25, 0
31,250,25, 0
32,250,25, 0
33,250,25, 0
34,250,25, 0
35,250,25, 0
36,250,25, 0
37,250,25, 0
38,250,25, 0
39,250,25, 0
40,250,25, 0
41,250,25, 0
42,250,25, 0
43,250,25, 0
44,250,25, 0
45,250,25, 0
46,250,25, 0
47,250,25, 0
48,250,25, 0
49,250,25, 0
50,250,25, 0
51,250,25, 0
52,250,25, 0
53,250,25, 0
54,250,25, 0
55,250,25, 0
56,250,25, 0
57,250,25, 0
58,249,24, 1
59,249,24, 1
60,249,24, 1
61,249,24, 1
62,249,24, 1
63,249,24, 1
64,249,24, 1
65,249,24, 1
66,249,24, 1
67,249,24, 1
68,249,24, 1
69,249,24, 1
70,249,24, 1
71,249,24, 1
72,249,24, 1
73,249,24, 1
74,249,24, 1
75,249,24, 1
76,249,24, 1
77,249,24, 1
78,249,24, 1
79,249,24, 1
80,249,24, 1
81,249,24, 1
82,249,24, 1
83,249,24, 1
84,249,24, 1
85,249,24, 1
86,249,24, 1
87,249,24, 1
88,249,24, 1
89,249,24, 1
90,249,24, 1
91,249,24, 1
92,249,24, 1
93,249,24, 1
94,249,24, 1
95,249,24, 1
96,249,24, 1
97,249,24, 1
98,249,24, 1
99,249,24, 1
100,249,24, 1
101,249,24, 1
102,249,24, 1
103,249,24, 1
104,249,24, 1
105,249,24, 1
106,249,24, 1
107,249,24, 1
108,249,24, 1
109,249,24, 1
110,249,24, 1
111,249,24, 1
112,249,24, 1
113,249,24, 1
114,249,24, 1
115,249,24, 1
116,249,24, 1
117,249,24, 1
118,249,24, 1
119,249,24, 1
120,249,24, 1
121,249,24, 1
122,249,24, 1
123,249,24, 1
124,249,24, 1
125,249,24, 1
126,249,24, 1
127,249,24, 1
128,249,24, 1
129,249,24, 1
130,249,24, 1
131,249,24, 1
132,249,24, 1
133,249,24, 1
134,249,24, 1
135,249,24, 1
136,249,24, 1
137,249,24, 1
138,249,24, 1
139,249,24, 1
140,249,24, 1
141,249,24, 1
142,249,24, 1
143,249,24, 1
144,249,24, 1
145,249,24, 1
146,249,24, 1
147,249,24, 1
148,249,24, 1
149,249,24, 1
150,249,24, 1
151,249,24, 1
152,249,24, 1
153,249,24, 1
154,249,24, 1
155,249,24, 1
156,249,24, 1
157,249,24, 1
158,249,24, 1
159,249,24, 1
160,249,24, 1
161,249,24, 1
162,249,24, 1
163,249,24, 1
164,249,24, 1
165,249,24, 1
166,249,24, 1
167,249,24, 1
168,249,24, 1
169,249,24, 1
170,249,24, 1
171,249,24, 1
172,249,24, 1
173,249,24, 1
174,249,24, 1
175,249,24, 1
176,249,24, 1
177,249,24, 1
178,249,24, 1
179,249,24, 1
180,249,24, 1
181,249,24, 1
182,249,24, 1
183,249,24, 1
184,249,24, 1
185,249,24, 1
186,249,24, 1
187,249,24, 1
188,249,24, 1
189,249,24, 1
190,249,24, 1
191,249,24, 1
192,249,24, 1
193,249,24, 1
194,249,24, 1
195,249,24, 1
196,249,24, 1
197,249,24, 1
198,249,24, 1
199,249,24, 1
200,249,24, 1
201,249,24, 1
202,249,24, 1
203,249,24, 1
204,249,24, 1
205,249,24, 1
206,249,24, 1
207,249,24, 1
208,249,24, 1
209,249,24, 1
210,249,24, 1
211,249,24, 1
212,249,24, 1
213,249,24, 1
214,249,24, 1
215,249,24, 1
216,249,24, 1
217,249,24, 1
218,249,24, 1
219,249,24, 1
220,249,24, 1
221,249,24, 1
222,249,24, 1
223,249,24, 1
224,249,24, 1
225,249,24, 1
226,249,24, 1
227,249,24, 1
228,249,24, 1
229,249,24, 1
230,249,24, 1
231,249,24, 1
232,249,24, 1
233,249,24, 1
234,249,24, 1
235,249,24, 1
236,249,24, 1
237,249,24, 1
238,249,24, 1
239,249,24, 1
240,249,24, 1
241,249,24, 1
242,249,24, 1
243,249,24, 1
244,249,24, 1
245,249,24, 1
246,249,24, 1
247,249,24, 1
248,249,24, 1
249,249,24, 1
250,249,24, 1
251,249,24, 1
252,249,24, 1
253,249,24, 1
254,249,24, 1
255,249,24, 1
256,249,24, 1
257,249,24, 1
258,249,24, 1
259,249,24, 1
260,249,24, 1
261,249,24, 1
262,249,24, 1
263,249,24, 1
264,249,24, 1
265,249,24, 1
266,249,24, 1
267,249,24, 1
268,249,24, 1
269,249,24, 1
270,249,24, 1
271,249,24, 1
272,249,24, 1
273,249,24, 1
274,249,24, 1
275,249,24, 1
276,249,24, 1
277,249,24, 1
278,249,24, 1
279,249,24, 1
280,249,24, 1
281,249,24, 1
282,249,24, 1
283,249,24, 1
284,249,24, 1
285,249,24, 1
286,249,24, 1
287,249,24, 1
288,249,24, 1
289,249,24, 1
290,249,24, 1
291,249,24, 1
292,249,24, 1
293,249,24, 1
294,249,24, 1
295,249,24, 1
296,249,24, 1
297,249,24, 1
298,249,24, 1
299,249,24, 1
300,249,24, 1
301,249,24, 1
302,249,24, 1
303,249,24, 1
304,249,24, 1
305,249,24, 1
306,249,24, 1
307,249,24, 1
308,249,24, 1
309,249,24, 1
310,249,24, 1
311,249,24, 1
312,249,24, 1
313,249,24, 1
314,248,23, 2
315,248,23, 2
316,248,23, 2
317,248,23, 2
318,248,23, 2
319,248,23, 2
320,248,23, 2
321,248,23, 2
322,248,23, 2
323,248,23, 2
324,248,23, 2
325,248,23, 2
326,248,23, 2
327,248,23, 2
328,248,23, 2
329,248,23, 2
330,248,23, 2
331,248,23, 2
332,248,23, 2
333,248,23, 2
334,248,23, 2
335,248,23, 2
336,248,23, 2
337,248,23, 2
338,248,23, 2
339,248,23, 2
340,248,23, 2
341,248,23, 2
342,248,23, 2
343,248,23, 2
344,248,23, 2
345,248,23, 2
346,247,22, 3
347,247,22, 3
348,247,22, 3
349,247,22, 3
350,247,22, 3
351,247,22, 3
352,247,22, 3
353,247,22, 3
354,247,22, 3
355,247,22, 3
356,247,22, 3
357,247,22, 3
358,247,22, 3
359,247,22, 3
360,247,22, 3
361,247,22, 3
362,247,22, 3
363,247,22, 3
364,247,22, 3
365,247,22, 3
366,247,22, 3
367,247,22, 3
368,247,22, 3
369,247,22, 3
370,247,22, 3
371,247,22, 3
372,247,22, 3
373,247,22, 3
374,247,22, 3
375,247,22, 3
376,247,22, 3
377,247,22, 3
378,247,22, 3
379,247,22, 3
380,247,22, 3
381,247,22, 3
382,247,22, 3
383,247,22, 3
384,247,22, 3
385,247,22, 3
386,247,22, 3
387,247,22, 3
388,247,22, 3
389,247,22, 3
390,247,22, 3
391,247,22, 3
392,247,22, 3
393,247,22, 3
394,247,22, 3
395,247,22, 3
396,247,22, 3
397,247,22, 3
398,247,22, 3
399,247,22, 3
400,247,22, 3
401,247,22, 3
402,247,22, 3
403,247,22, 3
404,247,22, 3
405,247,22, 3
406,247,22, 3
407,247,22, 3
408,247,22, 3
409,247,22, 3
410,247,22, 3
411,247,22, 3
412,247,22, 3
413,247,22, 3
414,247,22, 3
415,247,22, 3
416,247,22, 3
417,247,22, 3
418,247,22, 3
419,247,22, 3
420,247,22, 3
421,247,22, 3
422,247,22, 3
423,247,22, 3
424,247,22, 3
425,247,22, 3
426,247,22, 3
427,247,22, 3
428,247,22, 3
429,247,22, 3
430,247,22, 3
431,247,22, 3
432,247,22, 3
433,247,22, 3
434,247,22, 3
435,247,22, 3
436,246,21, 4
437,246,21, 4
438,246,21, 4
439,246,21, 4
440,246,21, 4
441,246,21, 4
442,246,21, 4
443,246,21, 4
444,246,21, 4
445,246,21, 4
446,246,21, 4
447,246,21, 4
448,246,21, 4
449,246,21, 4
450,246,21, 4
451,246,21, 4
452,246,21, 4
453,246,21, 4
454,246,21, 4
455,246,21, 4
456,246,21, 4
457,246,21, 4
458,246,21, 4
459,246,21, 4
460,246,21, 4
461,246,21, 4
462,246,21, 4
463,246,21, 4
464,246,21, 4
465,246,21, 4
466,246,21, 4
467,246,21, 4
468,246,21, 4
469,246,21, 4
470,246,21, 4
471,246,21, 4
472,246,21, 4
473,246,21, 4
474,246,21, 4
475,246,21, 4
476,246,21, 4
477,246,21, 4
478,246,21, 4
479,246,21, 4
480,246,21, 4
481,246,21, 4
482,246,21, 4
483,246,21, 4
484,246,21, 4
485,246,21, 4
486,246,21, 4
487,246,21, 4
488,246,21, 4
489,246,21, 4
490,246,21, 4
491,246,21, 4
492,246,21, 4
493,246,21, 4
494,246,21, 4
495,246,21, 4
496,246,21, 4
497,246,21, 4
498,246,21, 4
499,246,21, 4
500,246,21, 4
501,246,21, 4
502,246,21, 4
503,246,21, 4
504,246,21, 4
505,246,21, 4
506,246,21, 4
507,246,21, 4
508,246,21, 4
509,246,21, 4
510,246,21, 4
511,246,21, 4
512,246,21, 4
513,246,21, 4
514,246,21, 4
515,246,21, 4
516,245,20, 5
517,245,20, 5
518,245,20, 5
519,245,20, 5
520,245,20, 5
521,245,20, 5
522,245,20, 5
523,245,20, 5
524,245,20, 5
525,245,20, 5
526,245,20, 5
527,245,20, 5
528,245,20, 5
529,245,20, 5
530,245,20, 5
531,245,20, 5
532,245,20, 5
533,245,20, 5
534,245,20, 5
535,245,20, 5
536,245,20, 5
537,245,20, 5
538,245,20, 5
539,245,20, 5
540,245,20, 5
541,245,20, 5
542,245,20, 5
543,245,20, 5
544,245,20, 5
545,245,20, 5
546,245,20, 5
547,245,20, 5
548,245,20, 5
549,245,20, 5
550,245,20, 5
551,245,20, 5
552,245,20, 5
553,245,20, 5
554,245,20, 5
555,245,20, 5
556,245,20, 5
557,245,20, 5
558,245,20, 5
559,245,20, 5
560,245,20, 5
561,245,20, 5
562,245,20, 5
563,245,20, 5
564,245,20, 5
565,245,20, 5
566,245,20, 5
567,245,20, 5
568,245,20, 5
569,245,20, 5
570,245,20, 5
571,245,20, 5
572,245,20, 5
573,245,20, 5
574,244,19, 6
575,243,18, 7
576,243,18, 7
577,243,18, 7
578,243,18, 7
579,243,18, 7
580,243,18, 7
581,243,18, 7
582,243,18, 7
583,243,18, 7
584,243,18, 7
585,243,18, 7
586,243,18, 7
587,243,18, 7
588,243,18, 7
589,243,18, 7
590,243,18, 7
591,243,18, 7
592,243,18, 7
593,243,18, 7
594,243,18, 7
595,243,18, 7
596,243,18, 7
597,243,18, 7
598,243,18, 7
599,243,18, 7
600,243,18, 7
601,243,18, 7
602,243,18, 7
603,243,18, 7
604,243,18, 7
605,243,18, 7
606,243,18, 7
607,243,18, 7
608,243,18, 7
609,243,18, 7
610,243,18, 7
611,243,18, 7
612,243,18, 7
613,243,18, 7
614,243,18, 7
615,243,18, 7
616,243,18, 7
617,243,18, 7
618,243,18, 7
619,243,18, 7
620,243,18, 7
621,243,18, 7
622,243,18, 7
623,243,18, 7
624,243,18, 7
625,243,18, 7
626,243,18, 7
627,243,18, 7
628,243,18, 7
629,243,18, 7
630,243,18, 7
631,243,18, 7
632,243,18, 7
633,243,18, 7
634,243,18, 7
635,243,18, 7
636,243,18, 7
637,243,18, 7
638,243,18, 7
639,243,18, 7
640,243,18, 7
641,243,18, 7
642,243,18, 7
643,243,18, 7
644,243,18, 7
645,243,18, 7
646,243,18, 7
647,243,18, 7
648,243,18, 7
649,243,18, 7
650,243,18, 7
651,243,18, 7
652,243,18, 7
653,243,18, 7
654,243,18, 7
655,243,18, 7
656,243,18, 7
657,243,18, 7
658,243,18, 7
659,243,18, 7
660,243,18, 7
661,243,18, 7
662,243,18, 7
663,243,18, 7
664,243,18, 7
665,243,18, 7
666,243,18, 7
667,243,18, 7
668,243,18, 7
669,243,18, 7
670,243,18, 7
671,243,18, 7
672,243,18, 7
673,243,18, 7
674,243,18, 7
675,243,18, 7
676,243,18, 7
677,243,18, 7
678,243,18, 7
679,243,18, 7
680,243,18, 7
681,243,18, 7
682,243,18, 7
683,243,18, 7
684,243,18, 7
685,243,18, 7
686,243,18, 7
687,243,18, 7
688,243,18, 7
689,243,18, 7
690,243,18, 7
691,243,18, 7
692,243,18, 7
693,243,18, 7
694,243,18, 7
695,243,18, 7
696,243,18, 7
697,243,18, 7
698,243,18, 7
699,243,18, 7
700,243,18, 7
701,243,18, 7
702,243,18, 7
703,243,18, 7
704,243,18, 7
705,243,18, 7
706,243,18, 7
707,243,18, 7
708,243,18, 7
709,243,18, 7
710,243,18, 7
711,243,18, 7
712,243,18, 7
713,243,18, 7
714,243,18, 7
715,243,18, 7
716,243,18, 7
717,243,18, 7
718,243,18, 7
719,243,18, 7
720,243,18, 7
721,243,18, 7
722,243,18, 7
723,243,18, 7
724,243,18, 7
725,243,18, 7
726,243,18, 7
727,242,17, 8
728,242,17, 8
729,242,17, 8
730,242,17, 8
731,242,17, 8
732,242,17, 8
733,242,17, 8
734,242,17, 8
735,242,17, 8
736,242,17, 8
737,242,17, 8
738,242,17, 8
739,242,17, 8
740,242,17, 8
741,242,17, 8
742,242,17, 8
743,242,17, 8
744,242,17, 8
745,242,17, 8
746,242,17, 8
747,242,17, 8
748,242,17, 8
749,242,17, 8
750,242,17, 8
751,242,17, 8
752,242,17, 8
753,242,17, 8
754,241,16, 9
755,241,16, 9
756,241,16, 9
757,241,16, 9
758,241,16, 9
759,241,16, 9
760,241,16, 9
761,241,16, 9
762,241,16, 9
763,241,16, 9
764,241,16, 9
765,241,16, 9
766,241,16, 9
767,241,16, 9
768,241,16, 9
769,241,16, 9
770,241,16, 9
771,241,16, 9
772,241,16, 9
773,241,16, 9
774,241,16, 9
775,241,16, 9
776,241,16, 9
777,241,16, 9
778,241,16, 9
779,241,16, 9
780,241,16, 9
781,241,16, 9
782,241,16, 9
783,241,16, 9
784,241,16, 9
785,241,16, 9
786,241,16, 9
787,241,16, 9
788,241,16, 9
789,241,16, 9
790,241,16, 9
791,241,16, 9
792,241,16, 9
793,241,16, 9
794,241,16, 9
795,241,16, 9
796,241,16, 9
797,241,16, 9
798,241,16, 9
799,241,16, 9
800,241,16, 9
801,241,16, 9
802,241,16, 9
803,241,16, 9
804,241,16, 9
805,241,16, 9
806,241,16, 9
807,241,16, 9
808,241,16, 9
809,241,16, 9
810,241,16, 9
811,241,16, 9
812,241,16, 9
813,241,16, 9
814,241,16, 9
815,241,16, 9
816,241,16, 9
817,241,16, 9
818,241,16, 9
819,241,16, 9
820,241,16, 9
821,241,16, 9
822,241,16, 9
823,241,16, 9
824,241,16, 9
825,241,16, 9
826,241,16, 9
827,241,16, 9
828,241,16, 9
829,241,16, 9
830,241,16, 9
831,241,16, 9
832,241,16, 9
833,241,16, 9
834,241,16, 9
835,241,16, 9
836,241,16, 9
837,241,16, 9
838,241,16, 9
839,241,16, 9
840,241,16, 9
841,241,16, 9
842,241,16, 9
843,241,16, 9
844,241,16, 9
845,241,16, 9
846,241,16, 9
847,241,16, 9
848,241,16, 9
849,241,16, 9
850,241,16, 9
851,241,16, 9
852,241,16, 9
853,241,16, 9
854,241,16, 9
855,241,16, 9
856,241,16, 9
857,241,16, 9
858,241,16, 9
859,241,16, 9
860,241,16, 9
861,241,16, 9
862,241,16, 9
863,241,16, 9
864,241,16, 9
865,241,16, 9
866,241,16, 9
867,241,16, 9
868,241,16, 9
869,241,16, 9
870,241,16, 9
871,241,16, 9
872,241,16, 9
873,241,16, 9
874,241,16, 9
875,241,16, 9
876,241,16, 9
877,241,16, 9
878,241,16, 9
879,241,16, 9
880,241,16, 9
881,241,16, 9
882,241,16, 9
883,241,16, 9
884,241,16, 9
885,241,16, 9
886,241,16, 9
887,241,16, 9
888,241,16, 9
889,241,16, 9
890,241,16, 9
891,241,16, 9
892,241,16, 9
893,241,16, 9
894,241,16, 9
895,241,16, 9
896,241,16, 9
897,241,16, 9
898,241,16, 9
899,241,16, 9
900,241,16, 9
901,241,16, 9
902,241,16, 9
903,241,16, 9
904,241,16, 9
905,241,16, 9
906,241,16, 9
907,241,16, 9
908,241,16, 9
909,241,16, 9
910,241,16, 9
911,241,16, 9
912,241,16, 9
913,241,16, 9
914,241,16, 9
915,241,16, 9
916,241,16, 9
917,241,16, 9
918,241,16, 9
919,241,16, 9
920,241,16, 9
921,241,16, 9
922,241,16, 9
923,241,16, 9
924,241,16, 9
925,241,16, 9
926,241,16, 9
927,241,16, 9
928,241,16, 9
929,241,16, 9
930,241,16, 9
931,241,16, 9
932,241,16, 9
933,241,16, 9
934,241,16, 9
935,241,16, 9
936,241,16, 9
937,241,16, 9
938,241,16, 9
939,241,16, 9
940,241,16, 9
941,241,16, 9
942,241,16, 9
943,241,16, 9
944,241,16, 9
945,241,16, 9
946,241,16, 9
947,241,16, 9
948,241,16, 9
949,241,16, 9
950,241,16, 9
951,241,16, 9
952,241,16, 9
953,241,16, 9
954,241,16, 9
955,241,16, 9
956,241,16, 9
957,241,16, 9
958,241,16, 9
959,241,16, 9
960,241,16, 9
961,241,16, 9
962,241,16, 9
963,241,16, 9
964,241,16, 9
965,241,16, 9
966,241,16, 9
967,241,16, 9
968,241,16, 9
969,241,16, 9
970,241,16, 9
971,241,16, 9
972,241,16, 9
973,241,16, 9
974,241,16, 9
975,241,16, 9
976,241,16, 9
977,241,16, 9
978,241,16, 9
979,241,16, 9
980,241,16, 9
981,241,16, 9
982,241,16, 9
983,241,16, 9
984,241,16, 9
985,241,16, 9
986,241,16, 9
987,241,16, 9
988,241,16, 9
989,241,16, 9
990,241,16, 9
991,241,16, 9
992,241,16, 9
993,241,16, 9
994,241,16, 9
995,241,16, 9
996,241,16, 9
997,241,16, 9
998,241,16, 9
999,241,16, 9
1000,241,16, 9
1001,241,16, 9
1002,241,16, 9
1003,241,16, 9
1004,241,16, 9
1005,241,16, 9
1006,241,16, 9
1007,241,16, 9
1008,241,16, 9
1009,241,16, 9
1010,241,16, 9
1011,241,16, 9
1012,241,16, 9
1013,241,16, 9
1014,241,16, 9
1015,241,16, 9
1016,241,16, 9
1017,241,16, 9
1018,241,16, 9
1019,241,16, 9
1020,241,16, 9
1021,241,16, 9
1022,241,16, 9
1023,241,16, 9
1024,241,16, 9
1025,241,16, 9
1026,241,16, 9
1027,241,16, 9
1028,241,16, 9
1029,241,16, 9
1030,241,16, 9
1031,241,16, 9
1032,241,16, 9
1033,241,16, 9
1034,241,16, 9
1035,241,16, 9
1036,241,16, 9
1037,241,16, 9
1038,241,16, 9
1039,241,16, 9
1040,241,16, 9
1041,241,16, 9
1042,241,16, 9
1043,241,16, 9
1044,241,16, 9
1045,241,16, 9
1046,241,16, 9
1047,241,16, 9
1048,241,16, 9
1049,241,16, 9
1050,241,16, 9
1051,241,16, 9
1052,241,16, 9
1053,241,16, 9
1054,241,16, 9
1055,241,16, 9
1056,241,16, 9
1057,241,16, 9
1058,241,16, 9
1059,241,16, 9
1060,241,16, 9
1061,241,16, 9
1062,241,16, 9
1063,241,16, 9
1064,241,16, 9
1065,241,16, 9
1066,241,16, 9
1067,241,16, 9
1068,241,16, 9
1069,240,15, 10
1070,240,15, 10
1071,240,15, 10
1072,240,15, 10
1073,240,15, 10
1074,240,15, 10
1075,240,15, 10
1076,240,15, 10
1077,240,15, 10
1078,240,15, 10
1079,240,15, 10
1080,240,15, 10
1081,240,15, 10
1082,240,15, 10
1083,240,15, 10
1084,240,15, 10
1085,240,15, 10
1086,240,15, 10
1087,240,15, 10
1088,240,15, 10
1089,240,15, 10
1090,240,15, 10
1091,240,15, 10
1092,240,15, 10
1093,240,15, 10
1094,240,15, 10
1095,240,15, 10
1096,240,15, 10
1097,240,15, 10
1098,240,15, 10
1099,240,15, 10
1100,240,15, 10
1101,240,15, 10
1102,240,15, 10
1103,240,15, 10
1104,239,14, 11
1105,239,14, 11
1106,239,14, 11
1107,239,14, 11
1108,239,14, 11
1109,239,14, 11
1110,239,14, 11
1111,239,14, 11
1112,239,14, 11
1113,239,14, 11
1114,239,14, 11
1115,239,14, 11
1116,239,14, 11
1117,239,14, 11
1118,239,14, 11
1119,239,14, 11
1120,239,14, 11
1121,239,14, 11
1122,239,14, 11
1123,239,14, 11
1124,239,14, 11
1125,239,14, 11
1126,239,14, 11
1127,239,14, 11
1128,239,14, 11
1129,239,14, 11
1130,239,14, 11
1131,239,14, 11
1132,239,14, 11
1133,239,14, 11
1134,239,14, 11
1135,239,14, 11
1136,239,14, 11
1137,239,14, 11
1138,239,14, 11
1139,239,14, 11
1140,239,14, 11
1141,239,14, 11
1142,239,14, 11
1143,239,14, 11
1144,239,14, 11
1145,239,14, 11
1146,239,14, 11
1147,239,14, 11
1148,239,14, 11
1149,239,14, 11
1150,239,14, 11
1151,239,14, 11
1152,239,14, 11
1153,239,14, 11
1154,239,14, 11
1155,239,14, 11
1156,239,14, 11
1157,239,14, 11
1158,239,14, 11
1159,239,14, 11
1160,239,14, 11
1161,239,14, 11
1162,239,14, 11
1163,239,14, 11
1164,239,14, 11
1165,239,14, 11
1166,239,14, 11
1167,239,14, 11
1168,239,14, 11
1169,239,14, 11
1170,239,14, 11
1171,239,14, 11
1172,239,14, 11
1173,239,14, 11
1174,238,13, 12
1175,238,13, 12
1176,238,13, 12
1177,238,13, 12
1178,238,13, 12
1179,238,13, 12
1180,238,13, 12
1181,238,13, 12
1182,238,13, 12
1183,238,13, 12
1184,238,13, 12
1185,238,13, 12
1186,238,13, 12
1187,238,13, 12
1188,238,13, 12
1189,238,13, 12
1190,238,13, 12
1191,238,13, 12
1192,238,13, 12
1193,238,13, 12
1194,238,13, 12
1195,238,13, 12
1196,238,13, 12
1197,238,13, 12
1198,238,13, 12
1199,238,13, 12
1200,238,13, 12
1201,238,13, 12
1202,238,13, 12
1203,238,13, 12
1204,238,13, 12
1205,238,13, 12
1206,238,13, 12
1207,238,13, 12
1208,238,13, 12
1209,238,13, 12
1210,238,13, 12
1211,238,13, 12
1212,238,13, 12
1213,238,13, 12
1214,238,13, 12
1215,238,13, 12
1216,238,13, 12
1217,238,13, 12
1218,238,13, 12
1219,238,13, 12
1220,238,13, 12
1221,238,13, 12
1222,238,13, 12
1223,238,13, 12
1224,238,13, 12
1225,238,13, 12
1226,238,13, 12
1227,238,13, 12
1228,238,13, 12
1229,238,13, 12
1230,238,13, 12
1231,238,13, 12
1232,238,13, 12
1233,238,13, 12
1234,238,13, 12
1235,238,13, 12
1236,238,13, 12
1237,238,13, 12
1238,238,13, 12
1239,238,13, 12
1240,238,13, 12
1241,238,13, 12
1242,238,13, 12
1243,238,13, 12
1244,238,13, 12
1245,238,13, 12
1246,238,13, 12
1247,238,13, 12
1248,238,13, 12
1249,238,13, 12
1250,238,13, 12
1251,238,13, 12
1252,238,13, 12
1253,238,13, 12
1254,238,13, 12
1255,238,13, 12
1256,238,13, 12
1257,238,13, 12
1258,238,13, 12
1259,238,13, 12
1260,238,13, 12
1261,238,13, 12
1262,238,13, 12
1263,238,13, 12
1264,238,13, 12
1265,238,13, 12
1266,238,13, 12
1267,238,13, 12
1268,238,13, 12
1269,238,13, 12
1270,238,13, 12
1271,238,13, 12
1272,238,13, 12
1273,238,13, 12
1274,238,13, 12
1275,238,13, 12
1276,238,13, 12
1277,238,13, 12
1278,238,13, 12
1279,238,13, 12
1280,238,13, 12
1281,238,13, 12
1282,238,13, 12
1283,238,13, 12
1284,238,13, 12
1285,238,13, 12
1286,238,13, 12
1287,238,13, 12
1288,238,13, 12
1289,238,13, 12
1290,238,13, 12
1291,238,13, 12
1292,238,13, 12
1293,238,13, 12
1294,238,13, 12
1295,238,13, 12
1296,238,13, 12
1297,238,13, 12
1298,238,13, 12
1299,238,13, 12
1300,238,13, 12
1301,238,13, 12
1302,238,13, 12
1303,238,13, 12
1304,238,13, 12
1305,238,13, 12
1306,238,13, 12
1307,238,13, 12
1308,238,13, 12
1309,238,13, 12
1310,238,13, 12
1311,238,13, 12
1312,238,13, 12
1313,238,13, 12
1314,238,13, 12
1315,238,13, 12
1316,238,13, 12
1317,238,13, 12
1318,238,13, 12
1319,238,13, 12
1320,238,13, 12
1321,238,13, 12
1322,238,13, 12
1323,238,13, 12
1324,238,13, 12
1325,238,13, 12
1326,238,13, 12
1327,238,13, 12
1328,238,13, 12
1329,238,13, 12
1330,238,13, 12
1331,238,13, 12
1332,238,13, 12
1333,238,13, 12
1334,238,13, 12
1335,238,13, 12
1336,238,13, 12
1337,238,13, 12
1338,238,13, 12
1339,238,13, 12
1340,238,13, 12
1341,238,13, 12
1342,238,13, 12
1343,238,13, 12
1344,238,13, 12
1345,238,13, 12
1346,238,13, 12
1347,238,13, 12
1348,238,13, 12
1349,238,13, 12
1350,238,13, 12
1351,238,13, 12
1352,238,13, 12
1353,238,13, 12
1354,238,13, 12
1355,238,13, 12
1356,238,13, 12
1357,238,13, 12
1358,238,13, 12
1359,238,13, 12
1360,238,13, 12
1361,238,13, 12
1362,238,13, 12
1363,238,13, 12
1364,238,13, 12
1365,238,13, 12
1366,238,13, 12
1367,238,13, 12
1368,238,13, 12
1369,238,13, 12
1370,238,13, 12
1371,238,13, 12
1372,238,13, 12
1373,238,13, 12
1374,238,13, 12
1375,238,13, 12
1376,238,13, 12
1377,238,13, 12
1378,238,13, 12
1379,238,13, 12
1380,238,13, 12
1381,238,13, 12
1382,238,13, 12
1383,238,13, 12
1384,238,13, 12
1385,238,13, 12
1386,238,13, 12
1387,238,13, 12
1388,238,13, 12
1389,238,13, 12
1390,238,13, 12
1391,238,13, 12
1392,238,13, 12
1393,238,13, 12
1394,238,13, 12
1395,238,13, 12
1396,238,13, 12
1397,238,13, 12
1398,238,13, 12
1399,238,13, 12
1400,238,13, 12
1401,238,13, 12
1402,238,13, 12
1403,238,13, 12
1404,238,13, 12
1405,238,13, 12
1406,238,13, 12
1407,238,13, 12
1408,238,13, 12
1409,238,13, 12
1410,238,13, 12
1411,238,13, 12
1412,238,13, 12
1413,238,13, 12
1414,238,13, 12
1415,238,13, 12
1416,238,13, 12
1417,238,13, 12
1418,238,13, 12
1419,238,13, 12
1420,238,13, 12
1421,238,13, 12
1422,238,13, 12
1423,238,13, 12
1424,238,13, 12
1425,238,13, 12
1426,238,13, 12
1427,238,13, 12
1428,238,13, 12
1429,238,13, 12
1430,238,13, 12
1431,238,13, 12
1432,238,13, 12
1433,238,13, 12
1434,238,13, 12
1435,238,13, 12
1436,238,13, 12
1437,238,13, 12
1438,238,13, 12
1439,238,13, 12
1440,238,13, 12
1441,238,13, 12
1442,238,13, 12
1443,238,13, 12
1444,238,13, 12
1445,238,13, 12
1446,238,13, 12
1447,238,13, 12
1448,238,13, 12
1449,238,13, 12
1450,238,13, 12
1451,238,13, 12
1452,238,13, 12
1453,238,13, 12
1454,238,13, 12
1455,238,13, 12
1456,238,13, 12
1457,238,13, 12
1458,238,13, 12
1459,238,13, 12
1460,238,13, 12
1461,238,13, 12
1462,238,13, 12
1463,238,13, 12
1464,238,13, 12
1465,238,13, 12
1466,238,13, 12
1467,238,13, 12
1468,238,13, 12
1469,238,13, 12
1470,238,13, 12
1471,238,13, 12
1472,238,13, 12
1473,238,13, 12
1474,238,13, 12
1475,238,13, 12
1476,238,13, 12
1477,238,13, 12
1478,238,13, 12
1479,238,13, 12
1480,238,13, 12
1481,238,13, 12
1482,238,13, 12
1483,238,13, 12
1484,238,13, 12
1485,238,13, 12
1486,238,13, 12
1487,238,13, 12
1488,238,13, 12
1489,238,13, 12
1490,238,13, 12
1491,238,13, 12
1492,238,13, 12
1493,238,13, 12
1494,238,13, 12
1495,238,13, 12
1496,238,13, 12
1497,238,13, 12
1498,238,13, 12
1499,238,13, 12
