0,250,25, 0
1,250,25, 0
2,250,25, 0
3,250,25, 0
4,250,25, 0
5,250,25, 0
6,250,25, 0
7,250,25, 0
8,250,25, 0
9,250,25, 0
10,250,25, 0
11,250,25, 0
12,250,25, 0
13,250,25, 0
14,250,25, 0
15,250,25, 0
16,250,25, 0
17,250,25, 0
18,250,25, 0
19,250,25, 0
20,250,25, 0
21,250,25, 0
22,250,25, 0
23,250,25, 0
24,250,25, 0
25,250,25, 0
26,250,25, 0
27,250,25, 0
28,250,25, 0
29,250,25, 0
30,250,25, 0
31,250,25, 0
32,250,25, 0
33,250,25, 0
34,250,25, 0
35,250,25, 0
36,250,25, 0
37,250,25, 0
38,250,25, 0
39,250,25, 0
40,250,25, 0
41,250,25, 0
42,250,25, 0
43,250,25, 0
44,250,25, 0
45,250,25, 0
46,250,25, 0
47,250,25, 0
48,250,25, 0
49,250,25, 0
50,250,25, 0
51,250,25, 0
52,250,25, 0
53,250,25, 0
54,250,25, 0
55,250,25, 0
56,250,25, 0
57,250,25, 0
58,250,25, 0
59,250,25, 0
60,250,25, 0
61,250,25, 0
62,250,25, 0
63,250,25, 0
64,250,25, 0
65,250,25, 0
66,250,25, 0
67,250,25, 0
68,250,25, 0
69,250,25, 0
70,250,25, 0
71,250,25, 0
72,250,25, 0
73,250,25, 0
74,250,25, 0
75,250,25, 0
76,250,25, 0
77,250,25, 0
78,250,25, 0
79,250,25, 0
80,250,25, 0
81,250,25, 0
82,250,25, 0
83,250,25, 0
84,250,25, 0
85,250,25, 0
86,250,25, 0
87,250,25, 0
88,250,25, 0
89,250,25, 0
90,250,25, 0
91,250,25, 0
92,250,25, 0
93,250,25, 0
94,250,25, 0
95,250,25, 0
96,250,25, 0
97,250,25, 0
98,250,25, 0
99,250,25, 0
100,250,25, 0
101,250,25, 0
102,250,25, 0
103,250,25, 0
104,250,25, 0
105,250,25, 0
106,250,25, 0
107,250,25, 0
108,250,25, 0
109,250,25, 0
110,250,25, 0
111,250,25, 0
112,250,25, 0
113,250,25, 0
114,250,25, 0
115,250,25, 0
116,249,24, 1
117,249,24, 1
118,249,24, 1
119,249,24, 1
120,249,24, 1
121,249,24, 1
122,249,24, 1
123,249,24, 1
124,249,24, 1
125,249,24, 1
126,249,24, 1
127,249,24, 1
128,249,24, 1
129,249,24, 1
130,249,24, 1
131,249,24, 1
132,249,24, 1
133,249,24, 1
134,249,24, 1
135,249,24, 1
136,249,24, 1
137,249,24, 1
138,249,24, 1
139,249,24, 1
140,249,24, 1
141,249,24, 1
142,249,24, 1
143,249,24, 1
144,249,24, 1
145,249,24, 1
146,249,24, 1
147,249,24, 1
148,249,24, 1
149,249,24, 1
150,249,24, 1
151,249,24, 1
152,249,24, 1
153,249,24, 1
154,249,24, 1
155,249,24, 1
156,249,24, 1
157,249,24, 1
158,249,24, 1
159,249,24, 1
160,249,24, 1
161,249,24, 1
162,249,24, 1
163,249,24, 1
164,249,24, 1
165,249,24, 1
166,249,24, 1
167,249,24, 1
168,249,24, 1
169,249,24, 1
170,249,24, 1
171,249,24, 1
172,249,24, 1
173,249,24, 1
174,249,24, 1
175,249,24, 1
176,249,24, 1
177,249,24, 1
178,249,24, 1
179,249,24, 1
180,249,24, 1
181,249,24, 1
182,249,24, 1
183,249,24, 1
184,249,24, 1
185,249,24, 1
186,249,24, 1
187,249,24, 1
188,249,24, 1
189,249,24, 1
190,249,24, 1
191,249,24, 1
192,249,24, 1
193,249,24, 1
194,249,24, 1
195,249,24, 1
196,249,24, 1
197,249,24, 1
198,249,24, 1
199,249,24, 1
200,249,24, 1
201,249,24, 1
202,249,24, 1
203,249,24, 1
204,249,24, 1
205,249,24, 1
206,249,24, 1
207,249,24, 1
208,249,24, 1
209,249,24, 1
210,249,24, 1
211,249,24, 1
212,249,24, 1
213,249,24, 1
214,249,24, 1
215,249,24, 1
216,249,24, 1
217,249,24, 1
218,249,24, 1
219,249,24, 1
220,249,24, 1
221,249,24, 1
222,249,24, 1
223,249,24, 1
224,249,24, 1
225,249,24, 1
226,249,24, 1
227,249,24, 1
228,249,24, 1
229,249,24, 1
230,249,24, 1
231,249,24, 1
232,249,24, 1
233,249,24, 1
234,249,24, 1
235,249,24, 1
236,249,24, 1
237,249,24, 1
238,249,24, 1
239,249,24, 1
240,249,24, 1
241,249,24, 1
242,249,24, 1
243,249,24, 1
244,249,24, 1
245,249,24, 1
246,249,24, 1
247,249,24, 1
248,249,24, 1
249,249,24, 1
250,249,24, 1
251,249,24, 1
252,249,24, 1
253,249,24, 1
254,249,24, 1
255,249,24, 1
256,249,24, 1
257,249,24, 1
258,249,24, 1
259,249,24, 1
260,249,24, 1
261,249,24, 1
262,249,24, 1
263,249,24, 1
264,249,24, 1
265,249,24, 1
266,249,24, 1
267,249,24, 1
268,249,24, 1
269,249,24, 1
270,249,24, 1
271,249,24, 1
272,249,24, 1
273,249,24, 1
274,249,24, 1
275,249,24, 1
276,249,24, 1
277,249,24, 1
278,249,24, 1
279,249,24, 1
280,249,24, 1
281,249,24, 1
282,249,24, 1
283,249,24, 1
284,249,24, 1
285,249,24, 1
286,249,24, 1
287,249,24, 1
288,249,24, 1
289,249,24, 1
290,249,24, 1
291,249,24, 1
292,249,24, 1
293,249,24, 1
294,249,24, 1
295,249,24, 1
296,249,24, 1
297,249,24, 1
298,249,24, 1
299,249,24, 1
300,249,24, 1
301,249,24, 1
302,249,24, 1
303,249,24, 1
304,249,24, 1
305,249,24, 1
306,249,24, 1
307,249,24, 1
308,249,24, 1
309,249,24, 1
310,249,24, 1
311,249,24, 1
312,249,24, 1
313,249,24, 1
314,249,24, 1
315,249,24, 1
316,249,24, 1
317,249,24, 1
318,249,24, 1
319,249,24, 1
320,249,24, 1
321,249,24, 1
322,249,24, 1
323,249,24, 1
324,249,24, 1
325,249,24, 1
326,249,24, 1
327,249,24, 1
328,249,24, 1
329,249,24, 1
330,249,24, 1
331,249,24, 1
332,249,24, 1
333,249,24, 1
334,249,24, 1
335,249,24, 1
336,249,24, 1
337,249,24, 1
338,249,24, 1
339,249,24, 1
340,249,24, 1
341,249,24, 1
342,249,24, 1
343,249,24, 1
344,249,24, 1
345,249,24, 1
346,249,24, 1
347,249,24, 1
348,249,24, 1
349,249,24, 1
350,249,24, 1
351,249,24, 1
352,249,24, 1
353,249,24, 1
354,249,24, 1
355,249,24, 1
356,249,24, 1
357,249,24, 1
358,249,24, 1
359,249,24, 1
360,249,24, 1
361,249,24, 1
362,249,24, 1
363,249,24, 1
364,249,24, 1
365,249,24, 1
366,249,24, 1
367,249,24, 1
368,249,24, 1
369,249,24, 1
370,249,24, 1
371,249,24, 1
372,249,24, 1
373,249,24, 1
374,249,24, 1
375,249,24, 1
376,249,24, 1
377,249,24, 1
378,249,24, 1
379,249,24, 1
380,249,24, 1
381,249,24, 1
382,249,24, 1
383,249,24, 1
384,249,24, 1
385,249,24, 1
386,249,24, 1
387,249,24, 1
388,249,24, 1
389,249,24, 1
390,249,24, 1
391,249,24, 1
392,249,24, 1
393,249,24, 1
394,249,24, 1
395,249,24, 1
396,249,24, 1
397,249,24, 1
398,249,24, 1
399,249,24, 1
400,249,24, 1
401,249,24, 1
402,249,24, 1
403,249,24, 1
404,249,24, 1
405,249,24, 1
406,249,24, 1
407,249,24, 1
408,249,24, 1
409,249,24, 1
410,249,24, 1
411,249,24, 1
412,249,24, 1
413,249,24, 1
414,249,24, 1
415,249,24, 1
416,249,24, 1
417,249,24, 1
418,249,24, 1
419,249,24, 1
420,249,24, 1
421,249,24, 1
422,249,24, 1
423,249,24, 1
424,249,24, 1
425,249,24, 1
426,249,24, 1
427,249,24, 1
428,249,24, 1
429,249,24, 1
430,249,24, 1
431,249,24, 1
432,249,24, 1
433,249,24, 1
434,249,24, 1
435,249,24, 1
436,249,24, 1
437,249,24, 1
438,249,24, 1
439,249,24, 1
440,249,24, 1
441,249,24, 1
442,249,24, 1
443,249,24, 1
444,249,24, 1
445,249,24, 1
446,249,24, 1
447,249,24, 1
448,249,24, 1
449,249,24, 1
450,249,24, 1
451,249,24, 1
452,249,24, 1
453,249,24, 1
454,249,24, 1
455,249,24, 1
456,249,24, 1
457,249,24, 1
458,249,24, 1
459,249,24, 1
460,249,24, 1
461,249,24, 1
462,249,24, 1
463,249,24, 1
464,249,24, 1
465,249,24, 1
466,249,24, 1
467,249,24, 1
468,249,24, 1
469,249,24, 1
470,249,24, 1
471,249,24, 1
472,249,24, 1
473,249,24, 1
474,249,24, 1
475,249,24, 1
476,249,24, 1
477,249,24, 1
478,249,24, 1
479,249,24, 1
480,249,24, 1
481,249,24, 1
482,249,24, 1
483,249,24, 1
484,249,24, 1
485,249,24, 1
486,249,24, 1
487,249,24, 1
488,249,24, 1
489,249,24, 1
490,249,24, 1
491,249,24, 1
492,249,24, 1
493,249,24, 1
494,249,24, 1
495,249,24, 1
496,249,24, 1
497,249,24, 1
498,249,24, 1
499,249,24, 1
500,249,24, 1
501,249,24, 1
502,249,24, 1
503,249,24, 1
504,249,24, 1
505,249,24, 1
506,249,24, 1
507,249,24, 1
508,249,24, 1
509,249,24, 1
510,249,24, 1
511,249,24, 1
512,249,24, 1
513,249,24, 1
514,249,24, 1
515,249,24, 1
516,249,24, 1
517,249,24, 1
518,249,24, 1
519,249,24, 1
520,249,24, 1
521,249,24, 1
522,249,24, 1
523,249,24, 1
524,249,24, 1
525,249,24, 1
526,249,24, 1
527,249,24, 1
528,249,24, 1
529,249,24, 1
530,249,24, 1
531,249,24, 1
532,249,24, 1
533,249,24, 1
534,249,24, 1
535,249,24, 1
536,249,24, 1
537,249,24, 1
538,249,24, 1
539,249,24, 1
540,249,24, 1
541,249,24, 1
542,249,24, 1
543,249,24, 1
544,249,24, 1
545,249,24, 1
546,249,24, 1
547,249,24, 1
548,249,24, 1
549,249,24, 1
550,249,24, 1
551,249,24, 1
552,249,24, 1
553,249,24, 1
554,249,24, 1
555,249,24, 1
556,249,24, 1
557,249,24, 1
558,249,24, 1
559,249,24, 1
560,249,24, 1
561,249,24, 1
562,249,24, 1
563,249,24, 1
564,249,24, 1
565,249,24, 1
566,249,24, 1
567,249,24, 1
568,249,24, 1
569,249,24, 1
570,249,24, 1
571,249,24, 1
572,249,24, 1
573,249,24, 1
574,249,24, 1
575,249,24, 1
576,249,24, 1
577,249,24, 1
578,247,22, 3
579,247,22, 3
580,247,22, 3
581,247,22, 3
582,247,22, 3
583,247,22, 3
584,247,22, 3
585,247,22, 3
586,247,22, 3
587,247,22, 3
588,247,22, 3
589,247,22, 3
590,247,22, 3
591,247,22, 3
592,247,22, 3
593,247,22, 3
594,247,22, 3
595,247,22, 3
596,247,22, 3
597,247,22, 3
598,247,22, 3
599,247,22, 3
600,247,22, 3
601,247,22, 3
602,247,22, 3
603,247,22, 3
604,247,22, 3
605,247,22, 3
606,247,22, 3
607,247,22, 3
608,247,22, 3
609,247,22, 3
610,247,22, 3
611,247,22, 3
612,247,22, 3
613,247,22, 3
614,247,22, 3
615,247,22, 3
616,246,21, 4
617,245,20, 5
618,245,20, 5
619,245,20, 5
620,245,20, 5
621,245,20, 5
622,245,20, 5
623,245,20, 5
624,245,20, 5
625,245,20, 5
626,245,20, 5
627,245,20, 5
628,245,20, 5
629,245,20, 5
630,245,20, 5
631,245,20, 5
632,245,20, 5
633,245,20, 5
634,245,20, 5
635,245,20, 5
636,245,20, 5
637,245,20, 5
638,245,20, 5
639,245,20, 5
640,245,20, 5
641,245,20, 5
642,245,20, 5
643,245,20, 5
644,245,20, 5
645,245,20, 5
646,245,20, 5
647,245,20, 5
648,245,20, 5
649,245,20, 5
650,245,20, 5
651,245,20, 5
652,245,20, 5
653,245,20, 5
654,245,20, 5
655,245,20, 5
656,245,20, 5
657,245,20, 5
658,245,20, 5
659,245,20, 5
660,245,20, 5
661,245,20, 5
662,245,20, 5
663,245,20, 5
664,245,20, 5
665,245,20, 5
666,245,20, 5
667,245,20, 5
668,245,20, 5
669,245,20, 5
670,245,20, 5
671,245,20, 5
672,245,20, 5
673,245,20, 5
674,245,20, 5
675,245,20, 5
676,245,20, 5
677,245,20, 5
678,245,20, 5
679,245,20, 5
680,245,20, 5
681,245,20, 5
682,245,20, 5
683,245,20, 5
684,245,20, 5
685,245,20, 5
686,245,20, 5
687,245,20, 5
688,245,20, 5
689,245,20, 5
690,245,20, 5
691,245,20, 5
692,245,20, 5
693,245,20, 5
694,245,20, 5
695,245,20, 5
696,245,20, 5
697,245,20, 5
698,245,20, 5
699,245,20, 5
700,245,20, 5
701,245,20, 5
702,245,20, 5
703,245,20, 5
704,245,20, 5
705,245,20, 5
706,245,20, 5
707,245,20, 5
708,245,20, 5
709,245,20, 5
710,245,20, 5
711,245,20, 5
712,245,20, 5
713,245,20, 5
714,245,20, 5
715,245,20, 5
716,245,20, 5
717,245,20, 5
718,245,20, 5
719,245,20, 5
720,245,20, 5
721,245,20, 5
722,245,20, 5
723,245,20, 5
724,245,20, 5
725,245,20, 5
726,245,20, 5
727,245,20, 5
728,245,20, 5
729,245,20, 5
730,245,20, 5
731,245,20, 5
732,245,20, 5
733,245,20, 5
734,245,20, 5
735,245,20, 5
736,245,20, 5
737,245,20, 5
738,245,20, 5
739,245,20, 5
740,245,20, 5
741,245,20, 5
742,245,20, 5
743,245,20, 5
744,245,20, 5
745,245,20, 5
746,245,20, 5
747,245,20, 5
748,245,20, 5
749,245,20, 5
750,245,20, 5
751,245,20, 5
752,245,20, 5
753,245,20, 5
754,245,20, 5
755,245,20, 5
756,245,20, 5
757,245,20, 5
758,245,20, 5
759,245,20, 5
760,245,20, 5
761,245,20, 5
762,245,20, 5
763,245,20, 5
764,245,20, 5
765,245,20, 5
766,245,20, 5
767,245,20, 5
768,245,20, 5
769,245,20, 5
770,245,20, 5
771,245,20, 5
772,245,20, 5
773,245,20, 5
774,245,20, 5
775,245,20, 5
776,245,20, 5
777,245,20, 5
778,245,20, 5
779,245,20, 5
780,245,20, 5
781,245,20, 5
782,245,20, 5
783,245,20, 5
784,245,20, 5
785,245,20, 5
786,245,20, 5
787,245,20, 5
788,245,20, 5
789,245,20, 5
790,245,20, 5
791,245,20, 5
792,245,20, 5
793,245,20, 5
794,245,20, 5
795,245,20, 5
796,245,20, 5
797,245,20, 5
798,245,20, 5
799,245,20, 5
800,245,20, 5
801,245,20, 5
802,245,20, 5
803,245,20, 5
804,245,20, 5
805,245,20, 5
806,245,20, 5
807,245,20, 5
808,245,20, 5
809,245,20, 5
810,245,20, 5
811,245,20, 5
812,245,20, 5
813,245,20, 5
814,245,20, 5
815,245,20, 5
816,245,20, 5
817,245,20, 5
818,245,20, 5
819,245,20, 5
820,245,20, 5
821,245,20, 5
822,245,20, 5
823,245,20, 5
824,245,20, 5
825,245,20, 5
826,245,20, 5
827,245,20, 5
828,245,20, 5
829,245,20, 5
830,245,20, 5
831,245,20, 5
832,245,20, 5
833,245,20, 5
834,245,20, 5
835,245,20, 5
836,245,20, 5
837,245,20, 5
838,245,20, 5
839,245,20, 5
840,245,20, 5
841,245,20, 5
842,245,20, 5
843,245,20, 5
844,245,20, 5
845,245,20, 5
846,245,20, 5
847,245,20, 5
848,245,20, 5
849,245,20, 5
850,245,20, 5
851,245,20, 5
852,245,20, 5
853,245,20, 5
854,245,20, 5
855,245,20, 5
856,245,20, 5
857,245,20, 5
858,245,20, 5
859,245,20, 5
860,245,20, 5
861,245,20, 5
862,245,20, 5
863,245,20, 5
864,245,20, 5
865,245,20, 5
866,245,20, 5
867,245,20, 5
868,245,20, 5
869,245,20, 5
870,245,20, 5
871,245,20, 5
872,245,20, 5
873,245,20, 5
874,245,20, 5
875,245,20, 5
876,245,20, 5
877,245,20, 5
878,245,20, 5
879,245,20, 5
880,245,20, 5
881,245,20, 5
882,245,20, 5
883,245,20, 5
884,245,20, 5
885,245,20, 5
886,245,20, 5
887,245,20, 5
888,245,20, 5
889,245,20, 5
890,245,20, 5
891,245,20, 5
892,245,20, 5
893,245,20, 5
894,245,20, 5
895,245,20, 5
896,245,20, 5
897,245,20, 5
898,245,20, 5
899,245,20, 5
900,245,20, 5
901,245,20, 5
902,245,20, 5
903,245,20, 5
904,245,20, 5
905,245,20, 5
906,245,20, 5
907,245,20, 5
908,245,20, 5
909,245,20, 5
910,245,20, 5
911,245,20, 5
912,245,20, 5
913,245,20, 5
914,245,20, 5
915,245,20, 5
916,245,20, 5
917,245,20, 5
918,245,20, 5
919,245,20, 5
920,245,20, 5
921,245,20, 5
922,245,20, 5
923,245,20, 5
924,245,20, 5
925,245,20, 5
926,245,20, 5
927,245,20, 5
928,245,20, 5
929,245,20, 5
930,245,20, 5
931,245,20, 5
932,245,20, 5
933,245,20, 5
934,245,20, 5
935,245,20, 5
936,245,20, 5
937,245,20, 5
938,245,20, 5
939,245,20, 5
940,245,20, 5
941,245,20, 5
942,245,20, 5
943,245,20, 5
944,245,20, 5
945,245,20, 5
946,245,20, 5
947,245,20, 5
948,245,20, 5
949,245,20, 5
950,245,20, 5
951,245,20, 5
952,245,20, 5
953,245,20, 5
954,245,20, 5
955,245,20, 5
956,245,20, 5
957,245,20, 5
958,245,20, 5
959,245,20, 5
960,245,20, 5
961,245,20, 5
962,245,20, 5
963,245,20, 5
964,245,20, 5
965,245,20, 5
966,245,20, 5
967,245,20, 5
968,245,20, 5
969,245,20, 5
970,245,20, 5
971,245,20, 5
972,245,20, 5
973,245,20, 5
974,245,20, 5
975,245,20, 5
976,245,20, 5
977,245,20, 5
978,245,20, 5
979,245,20, 5
980,245,20, 5
981,245,20, 5
982,245,20, 5
983,245,20, 5
984,245,20, 5
985,245,20, 5
986,245,20, 5
987,245,20, 5
988,245,20, 5
989,245,20, 5
990,245,20, 5
991,245,20, 5
992,245,20, 5
993,245,20, 5
994,245,20, 5
995,245,20, 5
996,245,20, 5
997,245,20, 5
998,245,20, 5
999,245,20, 5
1000,245,20, 5
1001,245,20, 5
1002,245,20, 5
1003,245,20, 5
1004,245,20, 5
1005,245,20, 5
1006,245,20, 5
1007,245,20, 5
1008,245,20, 5
1009,245,20, 5
1010,245,20, 5
1011,245,20, 5
1012,245,20, 5
1013,245,20, 5
1014,245,20, 5
1015,245,20, 5
1016,245,20, 5
1017,245,20, 5
1018,245,20, 5
1019,245,20, 5
1020,245,20, 5
1021,245,20, 5
1022,245,20, 5
1023,245,20, 5
1024,245,20, 5
1025,245,20, 5
1026,245,20, 5
1027,245,20, 5
1028,245,20, 5
1029,245,20, 5
1030,245,20, 5
1031,245,20, 5
1032,245,20, 5
1033,245,20, 5
1034,245,20, 5
1035,245,20, 5
1036,245,20, 5
1037,245,20, 5
1038,245,20, 5
1039,245,20, 5
1040,245,20, 5
1041,245,20, 5
1042,245,20, 5
1043,245,20, 5
1044,245,20, 5
1045,245,20, 5
1046,245,20, 5
1047,245,20, 5
1048,245,20, 5
1049,245,20, 5
1050,245,20, 5
1051,245,20, 5
1052,245,20, 5
1053,245,20, 5
1054,245,20, 5
1055,245,20, 5
1056,245,20, 5
1057,245,20, 5
1058,245,20, 5
1059,245,20, 5
1060,245,20, 5
1061,245,20, 5
1062,245,20, 5
1063,245,20, 5
1064,245,20, 5
1065,245,20, 5
1066,245,20, 5
1067,245,20, 5
1068,245,20, 5
1069,245,20, 5
1070,245,20, 5
1071,245,20, 5
1072,245,20, 5
1073,245,20, 5
1074,245,20, 5
1075,245,20, 5
1076,245,20, 5
1077,245,20, 5
1078,245,20, 5
1079,245,20, 5
1080,245,20, 5
1081,245,20, 5
1082,245,20, 5
1083,245,20, 5
1084,245,20, 5
1085,245,20, 5
1086,245,20, 5
1087,245,20, 5
1088,245,20, 5
1089,245,20, 5
1090,245,20, 5
1091,245,20, 5
1092,245,20, 5
1093,245,20, 5
1094,245,20, 5
1095,245,20, 5
1096,245,20, 5
1097,245,20, 5
1098,245,20, 5
1099,245,20, 5
1100,245,20, 5
1101,245,20, 5
1102,245,20, 5
1103,245,20, 5
1104,245,20, 5
1105,245,20, 5
1106,245,20, 5
1107,245,20, 5
1108,245,20, 5
1109,245,20, 5
1110,245,20, 5
1111,245,20, 5
1112,245,20, 5
1113,245,20, 5
1114,245,20, 5
1115,245,20, 5
1116,245,20, 5
1117,245,20, 5
1118,245,20, 5
1119,245,20, 5
1120,245,20, 5
1121,245,20, 5
1122,245,20, 5
1123,245,20, 5
1124,245,20, 5
1125,245,20, 5
1126,245,20, 5
1127,245,20, 5
1128,245,20, 5
1129,244,19, 6
1130,244,19, 6
1131,244,19, 6
1132,244,19, 6
1133,244,19, 6
1134,244,19, 6
1135,244,19, 6
1136,244,19, 6
1137,244,19, 6
1138,244,19, 6
1139,244,19, 6
1140,244,19, 6
1141,244,19, 6
1142,244,19, 6
1143,244,19, 6
1144,244,19, 6
1145,244,19, 6
1146,244,19, 6
1147,244,19, 6
1148,244,19, 6
1149,244,19, 6
1150,244,19, 6
1151,244,19, 6
1152,244,19, 6
1153,244,19, 6
1154,244,19, 6
1155,244,19, 6
1156,244,19, 6
1157,244,19, 6
1158,244,19, 6
1159,244,19, 6
1160,244,19, 6
1161,244,19, 6
1162,244,19, 6
1163,244,19, 6
1164,244,19, 6
1165,244,19, 6
1166,244,19, 6
1167,244,19, 6
1168,244,19, 6
1169,244,19, 6
1170,244,19, 6
1171,244,19, 6
1172,244,19, 6
1173,244,19, 6
1174,244,19, 6
1175,244,19, 6
1176,244,19, 6
1177,244,19, 6
1178,244,19, 6
1179,244,19, 6
1180,244,19, 6
1181,244,19, 6
1182,244,19, 6
1183,244,19, 6
1184,244,19, 6
1185,244,19, 6
1186,244,19, 6
1187,244,19, 6
1188,244,19, 6
1189,244,19, 6
1190,244,19, 6
1191,244,19, 6
1192,244,19, 6
1193,244,19, 6
1194,244,19, 6
1195,244,19, 6
1196,244,19, 6
1197,244,19, 6
1198,244,19, 6
1199,244,19, 6
1200,244,19, 6
1201,244,19, 6
1202,244,19, 6
1203,244,19, 6
1204,244,19, 6
1205,244,19, 6
1206,244,19, 6
1207,244,19, 6
1208,244,19, 6
1209,244,19, 6
1210,244,19, 6
1211,244,19, 6
1212,244,19, 6
1213,244,19, 6
1214,244,19, 6
1215,244,19, 6
1216,244,19, 6
1217,244,19, 6
1218,244,19, 6
1219,244,19, 6
1220,244,19, 6
1221,244,19, 6
1222,244,19, 6
1223,244,19, 6
1224,244,19, 6
1225,244,19, 6
1226,244,19, 6
1227,244,19, 6
1228,244,19, 6
1229,244,19, 6
1230,244,19, 6
1231,244,19, 6
1232,244,19, 6
1233,244,19, 6
1234,244,19, 6
1235,244,19, 6
1236,244,19, 6
1237,244,19, 6
1238,244,19, 6
1239,244,19, 6
1240,244,19, 6
1241,244,19, 6
1242,244,19, 6
1243,244,19, 6
1244,244,19, 6
1245,244,19, 6
1246,244,19, 6
1247,244,19, 6
1248,244,19, 6
1249,244,19, 6
1250,244,19, 6
1251,244,19, 6
1252,244,19, 6
1253,244,19, 6
1254,244,19, 6
1255,244,19, 6
1256,244,19, 6
1257,244,19, 6
1258,244,19, 6
1259,244,19, 6
1260,244,19, 6
1261,244,19, 6
1262,244,19, 6
1263,244,19, 6
1264,244,19, 6
1265,244,19, 6
1266,244,19, 6
1267,244,19, 6
1268,244,19, 6
1269,244,19, 6
1270,244,19, 6
1271,244,19, 6
1272,244,19, 6
1273,244,19, 6
1274,244,19, 6
1275,244,19, 6
1276,244,19, 6
1277,244,19, 6
1278,244,19, 6
1279,244,19, 6
1280,244,19, 6
1281,244,19, 6
1282,244,19, 6
1283,244,19, 6
1284,244,19, 6
1285,244,19, 6
1286,244,19, 6
1287,244,19, 6
1288,244,19, 6
1289,244,19, 6
1290,244,19, 6
1291,244,19, 6
1292,244,19, 6
1293,244,19, 6
1294,244,19, 6
1295,244,19, 6
1296,244,19, 6
1297,244,19, 6
1298,244,19, 6
1299,244,19, 6
1300,244,19, 6
1301,244,19, 6
1302,244,19, 6
1303,244,19, 6
1304,244,19, 6
1305,244,19, 6
1306,244,19, 6
1307,244,19, 6
1308,244,19, 6
1309,244,19, 6
1310,244,19, 6
1311,244,19, 6
1312,244,19, 6
1313,244,19, 6
1314,244,19, 6
1315,244,19, 6
1316,244,19, 6
1317,244,19, 6
1318,244,19, 6
1319,244,19, 6
1320,244,19, 6
1321,244,19, 6
1322,244,19, 6
1323,244,19, 6
1324,244,19, 6
1325,244,19, 6
1326,244,19, 6
1327,244,19, 6
1328,244,19, 6
1329,244,19, 6
1330,244,19, 6
1331,244,19, 6
1332,244,19, 6
1333,244,19, 6
1334,244,19, 6
1335,244,19, 6
1336,244,19, 6
1337,244,19, 6
1338,244,19, 6
1339,244,19, 6
1340,244,19, 6
1341,244,19, 6
1342,244,19, 6
1343,244,19, 6
1344,244,19, 6
1345,244,19, 6
1346,244,19, 6
1347,244,19, 6
1348,244,19, 6
1349,244,19, 6
1350,244,19, 6
1351,244,19, 6
1352,244,19, 6
1353,244,19, 6
1354,244,19, 6
1355,244,19, 6
1356,244,19, 6
1357,244,19, 6
1358,244,19, 6
1359,244,19, 6
1360,244,19, 6
1361,244,19, 6
1362,244,19, 6
1363,244,19, 6
1364,244,19, 6
1365,244,19, 6
1366,244,19, 6
1367,244,19, 6
1368,244,19, 6
1369,244,19, 6
1370,244,19, 6
1371,244,19, 6
1372,244,19, 6
1373,244,19, 6
1374,244,19, 6
1375,244,19, 6
1376,244,19, 6
1377,244,19, 6
1378,244,19, 6
1379,244,19, 6
1380,244,19, 6
1381,244,19, 6
1382,244,19, 6
1383,244,19, 6
1384,244,19, 6
1385,244,19, 6
1386,244,19, 6
1387,244,19, 6
1388,244,19, 6
1389,244,19, 6
1390,244,19, 6
1391,244,19, 6
1392,244,19, 6
1393,244,19, 6
1394,244,19, 6
1395,244,19, 6
1396,244,19, 6
1397,244,19, 6
1398,244,19, 6
1399,244,19, 6
1400,244,19, 6
1401,244,19, 6
1402,244,19, 6
1403,244,19, 6
1404,244,19, 6
1405,244,19, 6
1406,244,19, 6
1407,244,19, 6
1408,244,19, 6
1409,244,19, 6
1410,244,19, 6
1411,244,19, 6
1412,244,19, 6
1413,244,19, 6
1414,244,19, 6
1415,244,19, 6
1416,244,19, 6
1417,244,19, 6
1418,244,19, 6
1419,244,19, 6
1420,244,19, 6
1421,244,19, 6
1422,244,19, 6
1423,244,19, 6
1424,244,19, 6
1425,244,19, 6
1426,244,19, 6
1427,244,19, 6
1428,244,19, 6
1429,244,19, 6
1430,244,19, 6
1431,244,19, 6
1432,244,19, 6
1433,244,19, 6
1434,244,19, 6
1435,244,19, 6
1436,244,19, 6
1437,244,19, 6
1438,244,19, 6
1439,244,19, 6
1440,244,19, 6
1441,244,19, 6
1442,244,19, 6
1443,244,19, 6
1444,244,19, 6
1445,244,19, 6
1446,244,19, 6
1447,244,19, 6
1448,244,19, 6
1449,244,19, 6
1450,244,19, 6
1451,244,19, 6
1452,244,19, 6
1453,244,19, 6
1454,244,19, 6
1455,244,19, 6
1456,244,19, 6
1457,244,19, 6
1458,244,19, 6
1459,244,19, 6
1460,244,19, 6
1461,244,19, 6
1462,244,19, 6
1463,244,19, 6
1464,244,19, 6
1465,244,19, 6
1466,244,19, 6
1467,244,19, 6
1468,244,19, 6
1469,244,19, 6
1470,244,19, 6
1471,244,19, 6
1472,244,19, 6
1473,244,19, 6
1474,244,19, 6
1475,244,19, 6
1476,244,19, 6
1477,244,19, 6
1478,244,19, 6
1479,244,19, 6
1480,244,19, 6
1481,244,19, 6
1482,244,19, 6
1483,244,19, 6
1484,244,19, 6
1485,244,19, 6
1486,244,19, 6
1487,244,19, 6
1488,244,19, 6
1489,244,19, 6
1490,244,19, 6
1491,244,19, 6
1492,244,19, 6
1493,244,19, 6
1494,244,19, 6
1495,244,19, 6
1496,244,19, 6
1497,244,19, 6
1498,244,19, 6
1499,244,19, 6
