0,250,25, 0
1,250,25, 0
2,250,25, 0
3,250,25, 0
4,250,25, 0
5,250,25, 0
6,250,25, 0
7,250,25, 0
8,250,25, 0
9,250,25, 0
10,250,25, 0
11,250,25, 0
12,250,25, 0
13,250,25, 0
14,250,25, 0
15,250,25, 0
16,250,25, 0
17,250,25, 0
18,250,25, 0
19,250,25, 0
20,250,25, 0
21,250,25, 0
22,250,25, 0
23,250,25, 0
24,250,25, 0
25,250,25, 0
26,250,25, 0
27,250,25, 0
28,250,25, 0
29,250,25, 0
30,250,25, 0
31,250,25, 0
32,250,25, 0
33,250,25, 0
34,250,25, 0
35,250,25, 0
36,250,25, 0
37,250,25, 0
38,250,25, 0
39,250,25, 0
40,250,25, 0
41,250,25, 0
42,250,25, 0
43,250,25, 0
44,250,25, 0
45,250,25, 0
46,250,25, 0
47,250,25, 0
48,250,25, 0
49,250,25, 0
50,250,25, 0
51,250,25, 0
52,250,25, 0
53,250,25, 0
54,250,25, 0
55,250,25, 0
56,250,25, 0
57,250,25, 0
58,250,25, 0
59,250,25, 0
60,250,25, 0
61,250,25, 0
62,250,25, 0
63,250,25, 0
64,250,25, 0
65,250,25, 0
66,250,25, 0
67,250,25, 0
68,250,25, 0
69,250,25, 0
70,250,25, 0
71,250,25, 0
72,250,25, 0
73,250,25, 0
74,250,25, 0
75,250,25, 0
76,250,25, 0
77,250,25, 0
78,250,25, 0
79,250,25, 0
80,250,25, 0
81,250,25, 0
82,250,25, 0
83,250,25, 0
84,250,25, 0
85,250,25, 0
86,250,25, 0
87,250,25, 0
88,250,25, 0
89,250,25, 0
90,250,25, 0
91,250,25, 0
92,250,25, 0
93,250,25, 0
94,250,25, 0
95,250,25, 0
96,250,25, 0
97,250,25, 0
98,250,25, 0
99,250,25, 0
100,250,25, 0
101,250,25, 0
102,250,25, 0
103,250,25, 0
104,250,25, 0
105,250,25, 0
106,250,25, 0
107,250,25, 0
108,250,25, 0
109,250,25, 0
110,250,25, 0
111,250,25, 0
112,250,25, 0
113,250,25, 0
114,250,25, 0
115,250,25, 0
116,250,25, 0
117,250,25, 0
118,250,25, 0
119,250,25, 0
120,250,25, 0
121,250,25, 0
122,250,25, 0
123,250,25, 0
124,250,25, 0
125,250,25, 0
126,250,25, 0
127,250,25, 0
128,250,25, 0
129,250,25, 0
130,250,25, 0
131,250,25, 0
132,250,25, 0
133,250,25, 0
134,250,25, 0
135,250,25, 0
136,250,25, 0
137,250,25, 0
138,250,25, 0
139,250,25, 0
140,250,25, 0
141,250,25, 0
142,250,25, 0
143,250,25, 0
144,250,25, 0
145,250,25, 0
146,250,25, 0
147,250,25, 0
148,250,25, 0
149,250,25, 0
150,250,25, 0
151,250,25, 0
152,250,25, 0
153,250,25, 0
154,250,25, 0
155,250,25, 0
156,250,25, 0
157,250,25, 0
158,250,25, 0
159,250,25, 0
160,250,25, 0
161,250,25, 0
162,250,25, 0
163,250,25, 0
164,250,25, 0
165,250,25, 0
166,250,25, 0
167,250,25, 0
168,250,25, 0
169,250,25, 0
170,250,25, 0
171,250,25, 0
172,250,25, 0
173,250,25, 0
174,250,25, 0
175,250,25, 0
176,250,25, 0
177,250,25, 0
178,250,25, 0
179,250,25, 0
180,250,25, 0
181,250,25, 0
182,250,25, 0
183,250,25, 0
184,250,25, 0
185,250,25, 0
186,249,24, 1
187,249,24, 1
188,249,24, 1
189,249,24, 1
190,249,24, 1
191,249,24, 1
192,249,24, 1
193,249,24, 1
194,249,24, 1
195,249,24, 1
196,249,24, 1
197,249,24, 1
198,249,24, 1
199,249,24, 1
200,249,24, 1
201,249,24, 1
202,249,24, 1
203,249,24, 1
204,249,24, 1
205,249,24, 1
206,249,24, 1
207,249,24, 1
208,249,24, 1
209,249,24, 1
210,249,24, 1
211,249,24, 1
212,249,24, 1
213,249,24, 1
214,249,24, 1
215,249,24, 1
216,249,24, 1
217,249,24, 1
218,249,24, 1
219,249,24, 1
220,249,24, 1
221,249,24, 1
222,249,24, 1
223,249,24, 1
224,249,24, 1
225,249,24, 1
226,249,24, 1
227,249,24, 1
228,249,24, 1
229,249,24, 1
230,249,24, 1
231,249,24, 1
232,249,24, 1
233,249,24, 1
234,249,24, 1
235,249,24, 1
236,249,24, 1
237,249,24, 1
238,249,24, 1
239,249,24, 1
240,249,24, 1
241,249,24, 1
242,249,24, 1
243,249,24, 1
244,249,24, 1
245,249,24, 1
246,249,24, 1
247,249,24, 1
248,249,24, 1
249,249,24, 1
250,249,24, 1
251,249,24, 1
252,249,24, 1
253,249,24, 1
254,249,24, 1
255,249,24, 1
256,249,24, 1
257,249,24, 1
258,249,24, 1
259,249,24, 1
260,249,24, 1
261,249,24, 1
262,249,24, 1
263,249,24, 1
264,249,24, 1
265,249,24, 1
266,249,24, 1
267,249,24, 1
268,249,24, 1
269,249,24, 1
270,249,24, 1
271,249,24, 1
272,249,24, 1
273,249,24, 1
274,249,24, 1
275,249,24, 1
276,249,24, 1
277,249,24, 1
278,249,24, 1
279,249,24, 1
280,249,24, 1
281,249,24, 1
282,249,24, 1
283,249,24, 1
284,249,24, 1
285,249,24, 1
286,249,24, 1
287,249,24, 1
288,249,24, 1
289,249,24, 1
290,249,24, 1
291,249,24, 1
292,249,24, 1
293,249,24, 1
294,249,24, 1
295,249,24, 1
296,249,24, 1
297,249,24, 1
298,249,24, 1
299,249,24, 1
300,249,24, 1
301,249,24, 1
302,249,24, 1
303,249,24, 1
304,249,24, 1
305,249,24, 1
306,249,24, 1
307,249,24, 1
308,249,24, 1
309,249,24, 1
310,249,24, 1
311,249,24, 1
312,249,24, 1
313,249,24, 1
314,249,24, 1
315,249,24, 1
316,249,24, 1
317,249,24, 1
318,249,24, 1
319,249,24, 1
320,249,24, 1
321,249,24, 1
322,249,24, 1
323,249,24, 1
324,249,24, 1
325,249,24, 1
326,249,24, 1
327,249,24, 1
328,249,24, 1
329,249,24, 1
330,249,24, 1
331,249,24, 1
332,249,24, 1
333,249,24, 1
334,249,24, 1
335,249,24, 1
336,249,24, 1
337,249,24, 1
338,249,24, 1
339,249,24, 1
340,249,24, 1
341,249,24, 1
342,249,24, 1
343,249,24, 1
344,249,24, 1
345,249,24, 1
346,249,24, 1
347,249,24, 1
348,249,24, 1
349,249,24, 1
350,249,24, 1
351,249,24, 1
352,249,24, 1
353,249,24, 1
354,249,24, 1
355,249,24, 1
356,249,24, 1
357,249,24, 1
358,249,24, 1
359,249,24, 1
360,249,24, 1
361,249,24, 1
362,249,24, 1
363,249,24, 1
364,249,24, 1
365,249,24, 1
366,249,24, 1
367,249,24, 1
368,249,24, 1
369,249,24, 1
370,249,24, 1
371,249,24, 1
372,249,24, 1
373,249,24, 1
374,249,24, 1
375,249,24, 1
376,249,24, 1
377,249,24, 1
378,249,24, 1
379,249,24, 1
380,249,24, 1
381,249,24, 1
382,249,24, 1
383,249,24, 1
384,249,24, 1
385,249,24, 1
386,249,24, 1
387,249,24, 1
388,249,24, 1
389,249,24, 1
390,249,24, 1
391,249,24, 1
392,249,24, 1
393,249,24, 1
394,249,24, 1
395,249,24, 1
396,249,24, 1
397,249,24, 1
398,249,24, 1
399,249,24, 1
400,249,24, 1
401,249,24, 1
402,249,24, 1
403,249,24, 1
404,249,24, 1
405,249,24, 1
406,249,24, 1
407,249,24, 1
408,249,24, 1
409,249,24, 1
410,249,24, 1
411,249,24, 1
412,249,24, 1
413,249,24, 1
414,249,24, 1
415,249,24, 1
416,249,24, 1
417,249,24, 1
418,249,24, 1
419,249,24, 1
420,249,24, 1
421,249,24, 1
422,249,24, 1
423,249,24, 1
424,248,23, 2
425,248,23, 2
426,248,23, 2
427,248,23, 2
428,248,23, 2
429,248,23, 2
430,248,23, 2
431,248,23, 2
432,248,23, 2
433,248,23, 2
434,248,23, 2
435,248,23, 2
436,248,23, 2
437,248,23, 2
438,248,23, 2
439,248,23, 2
440,248,23, 2
441,248,23, 2
442,248,23, 2
443,248,23, 2
444,248,23, 2
445,248,23, 2
446,248,23, 2
447,248,23, 2
448,248,23, 2
449,248,23, 2
450,248,23, 2
451,248,23, 2
452,248,23, 2
453,248,23, 2
454,248,23, 2
455,248,23, 2
456,248,23, 2
457,248,23, 2
458,248,23, 2
459,248,23, 2
460,248,23, 2
461,248,23, 2
462,248,23, 2
463,248,23, 2
464,248,23, 2
465,248,23, 2
466,248,23, 2
467,248,23, 2
468,248,23, 2
469,248,23, 2
470,248,23, 2
471,248,23, 2
472,248,23, 2
473,247,22, 3
474,247,22, 3
475,247,22, 3
476,247,22, 3
477,247,22, 3
478,247,22, 3
479,247,22, 3
480,247,22, 3
481,247,22, 3
482,247,22, 3
483,247,22, 3
484,247,22, 3
485,247,22, 3
486,247,22, 3
487,247,22, 3
488,247,22, 3
489,247,22, 3
490,247,22, 3
491,247,22, 3
492,247,22, 3
493,247,22, 3
494,247,22, 3
495,247,22, 3
496,247,22, 3
497,247,22, 3
498,247,22, 3
499,247,22, 3
500,247,22, 3
501,247,22, 3
502,247,22, 3
503,247,22, 3
504,247,22, 3
505,247,22, 3
506,247,22, 3
507,247,22, 3
508,247,22, 3
509,247,22, 3
510,247,22, 3
511,247,22, 3
512,247,22, 3
513,247,22, 3
514,247,22, 3
515,247,22, 3
516,247,22, 3
517,246,21, 4
518,246,21, 4
519,246,21, 4
520,246,21, 4
521,246,21, 4
522,246,21, 4
523,246,21, 4
524,246,21, 4
525,246,21, 4
526,246,21, 4
527,246,21, 4
528,246,21, 4
529,246,21, 4
530,246,21, 4
531,246,21, 4
532,246,21, 4
533,246,21, 4
534,246,21, 4
535,246,21, 4
536,246,21, 4
537,246,21, 4
538,246,21, 4
539,246,21, 4
540,246,21, 4
541,246,21, 4
542,246,21, 4
543,246,21, 4
544,246,21, 4
545,246,21, 4
546,246,21, 4
547,246,21, 4
548,246,21, 4
549,246,21, 4
550,246,21, 4
551,246,21, 4
552,246,21, 4
553,246,21, 4
554,246,21, 4
555,246,21, 4
556,246,21, 4
557,246,21, 4
558,246,21, 4
559,246,21, 4
560,246,21, 4
561,246,21, 4
562,246,21, 4
563,246,21, 4
564,246,21, 4
565,246,21, 4
566,246,21, 4
567,246,21, 4
568,246,21, 4
569,246,21, 4
570,246,21, 4
571,246,21, 4
572,246,21, 4
573,246,21, 4
574,246,21, 4
575,246,21, 4
576,246,21, 4
577,246,21, 4
578,246,21, 4
579,246,21, 4
580,246,21, 4
581,246,21, 4
582,246,21, 4
583,246,21, 4
584,246,21, 4
585,246,21, 4
586,245,20, 5
587,245,20, 5
588,245,20, 5
589,245,20, 5
590,245,20, 5
591,245,20, 5
592,245,20, 5
593,245,20, 5
594,245,20, 5
595,245,20, 5
596,245,20, 5
597,245,20, 5
598,245,20, 5
599,245,20, 5
600,245,20, 5
601,245,20, 5
602,245,20, 5
603,245,20, 5
604,245,20, 5
605,245,20, 5
606,245,20, 5
607,245,20, 5
608,245,20, 5
609,245,20, 5
610,245,20, 5
611,245,20, 5
612,245,20, 5
613,245,20, 5
614,245,20, 5
615,245,20, 5
616,245,20, 5
617,245,20, 5
618,245,20, 5
619,245,20, 5
620,244,19, 6
621,244,19, 6
622,244,19, 6
623,244,19, 6
624,244,19, 6
625,244,19, 6
626,244,19, 6
627,244,19, 6
628,244,19, 6
629,244,19, 6
630,244,19, 6
631,244,19, 6
632,244,19, 6
633,244,19, 6
634,244,19, 6
635,244,19, 6
636,244,19, 6
637,244,19, 6
638,244,19, 6
639,244,19, 6
640,244,19, 6
641,244,19, 6
642,244,19, 6
643,244,19, 6
644,244,19, 6
645,244,19, 6
646,244,19, 6
647,244,19, 6
648,244,19, 6
649,244,19, 6
650,244,19, 6
651,244,19, 6
652,244,19, 6
653,244,19, 6
654,244,19, 6
655,244,19, 6
656,244,19, 6
657,244,19, 6
658,244,19, 6
659,244,19, 6
660,244,19, 6
661,244,19, 6
662,244,19, 6
663,244,19, 6
664,244,19, 6
665,244,19, 6
666,244,19, 6
667,244,19, 6
668,244,19, 6
669,244,19, 6
670,244,19, 6
671,244,19, 6
672,244,19, 6
673,244,19, 6
674,244,19, 6
675,244,19, 6
676,244,19, 6
677,244,19, 6
678,243,18, 7
679,243,18, 7
680,243,18, 7
681,243,18, 7
682,243,18, 7
683,243,18, 7
684,243,18, 7
685,243,18, 7
686,243,18, 7
687,243,18, 7
688,243,18, 7
689,243,18, 7
690,243,18, 7
691,243,18, 7
692,243,18, 7
693,243,18, 7
694,243,18, 7
695,243,18, 7
696,243,18, 7
697,243,18, 7
698,243,18, 7
699,243,18, 7
700,243,18, 7
701,243,18, 7
702,243,18, 7
703,243,18, 7
704,243,18, 7
705,243,18, 7
706,243,18, 7
707,243,18, 7
708,243,18, 7
709,243,18, 7
710,243,18, 7
711,243,18, 7
712,243,18, 7
713,243,18, 7
714,243,18, 7
715,243,18, 7
716,243,18, 7
717,243,18, 7
718,243,18, 7
719,243,18, 7
720,243,18, 7
721,243,18, 7
722,243,18, 7
723,243,18, 7
724,243,18, 7
725,243,18, 7
726,243,18, 7
727,243,18, 7
728,243,18, 7
729,243,18, 7
730,243,18, 7
731,243,18, 7
732,243,18, 7
733,243,18, 7
734,243,18, 7
735,243,18, 7
736,243,18, 7
737,243,18, 7
738,243,18, 7
739,243,18, 7
740,243,18, 7
741,243,18, 7
742,243,18, 7
743,243,18, 7
744,243,18, 7
745,243,18, 7
746,243,18, 7
747,243,18, 7
748,243,18, 7
749,243,18, 7
750,243,18, 7
751,243,18, 7
752,243,18, 7
753,243,18, 7
754,243,18, 7
755,243,18, 7
756,243,18, 7
757,243,18, 7
758,243,18, 7
759,243,18, 7
760,243,18, 7
761,243,18, 7
762,243,18, 7
763,243,18, 7
764,243,18, 7
765,243,18, 7
766,243,18, 7
767,243,18, 7
768,243,18, 7
769,243,18, 7
770,243,18, 7
771,243,18, 7
772,243,18, 7
773,243,18, 7
774,243,18, 7
775,243,18, 7
776,243,18, 7
777,243,18, 7
778,243,18, 7
779,243,18, 7
780,243,18, 7
781,243,18, 7
782,243,18, 7
783,243,18, 7
784,243,18, 7
785,243,18, 7
786,243,18, 7
787,243,18, 7
788,243,18, 7
789,243,18, 7
790,243,18, 7
791,243,18, 7
792,243,18, 7
793,243,18, 7
794,243,18, 7
795,243,18, 7
796,243,18, 7
797,243,18, 7
798,243,18, 7
799,243,18, 7
800,243,18, 7
801,243,18, 7
802,243,18, 7
803,243,18, 7
804,243,18, 7
805,243,18, 7
806,243,18, 7
807,243,18, 7
808,243,18, 7
809,243,18, 7
810,243,18, 7
811,243,18, 7
812,243,18, 7
813,243,18, 7
814,243,18, 7
815,243,18, 7
816,243,18, 7
817,243,18, 7
818,243,18, 7
819,243,18, 7
820,243,18, 7
821,243,18, 7
822,243,18, 7
823,243,18, 7
824,243,18, 7
825,243,18, 7
826,243,18, 7
827,243,18, 7
828,243,18, 7
829,243,18, 7
830,242,17, 8
831,242,17, 8
832,242,17, 8
833,242,17, 8
834,242,17, 8
835,242,17, 8
836,242,17, 8
837,242,17, 8
838,242,17, 8
839,242,17, 8
840,242,17, 8
841,242,17, 8
842,242,17, 8
843,242,17, 8
844,242,17, 8
845,242,17, 8
846,242,17, 8
847,242,17, 8
848,242,17, 8
849,242,17, 8
850,242,17, 8
851,242,17, 8
852,242,17, 8
853,242,17, 8
854,242,17, 8
855,242,17, 8
856,242,17, 8
857,242,17, 8
858,242,17, 8
859,242,17, 8
860,242,17, 8
861,242,17, 8
862,242,17, 8
863,242,17, 8
864,242,17, 8
865,242,17, 8
866,242,17, 8
867,242,17, 8
868,242,17, 8
869,242,17, 8
870,242,17, 8
871,242,17, 8
872,241,16, 9
873,241,16, 9
874,241,16, 9
875,241,16, 9
876,241,16, 9
877,241,16, 9
878,241,16, 9
879,241,16, 9
880,241,16, 9
881,241,16, 9
882,241,16, 9
883,241,16, 9
884,241,16, 9
885,241,16, 9
886,241,16, 9
887,241,16, 9
888,241,16, 9
889,241,16, 9
890,241,16, 9
891,241,16, 9
892,241,16, 9
893,241,16, 9
894,241,16, 9
895,241,16, 9
896,241,16, 9
897,241,16, 9
898,241,16, 9
899,241,16, 9
900,241,16, 9
901,241,16, 9
902,241,16, 9
903,241,16, 9
904,241,16, 9
905,241,16, 9
906,241,16, 9
907,241,16, 9
908,241,16, 9
909,241,16, 9
910,241,16, 9
911,241,16, 9
912,241,16, 9
913,241,16, 9
914,241,16, 9
915,241,16, 9
916,240,15, 10
917,240,15, 10
918,240,15, 10
919,240,15, 10
920,240,15, 10
921,240,15, 10
922,240,15, 10
923,240,15, 10
924,240,15, 10
925,240,15, 10
926,240,15, 10
927,240,15, 10
928,240,15, 10
929,240,15, 10
930,240,15, 10
931,240,15, 10
932,240,15, 10
933,240,15, 10
934,240,15, 10
935,240,15, 10
936,240,15, 10
937,240,15, 10
938,240,15, 10
939,240,15, 10
940,240,15, 10
941,240,15, 10
942,240,15, 10
943,240,15, 10
944,240,15, 10
945,240,15, 10
946,240,15, 10
947,240,15, 10
948,240,15, 10
949,240,15, 10
950,240,15, 10
951,240,15, 10
952,240,15, 10
953,240,15, 10
954,240,15, 10
955,240,15, 10
956,240,15, 10
957,240,15, 10
958,240,15, 10
959,240,15, 10
960,240,15, 10
961,240,15, 10
962,240,15, 10
963,240,15, 10
964,240,15, 10
965,240,15, 10
966,240,15, 10
967,240,15, 10
968,240,15, 10
969,240,15, 10
970,240,15, 10
971,240,15, 10
972,240,15, 10
973,240,15, 10
974,240,15, 10
975,240,15, 10
976,240,15, 10
977,240,15, 10
978,240,15, 10
979,240,15, 10
980,240,15, 10
981,240,15, 10
982,240,15, 10
983,240,15, 10
984,240,15, 10
985,240,15, 10
986,240,15, 10
987,240,15, 10
988,240,15, 10
989,240,15, 10
990,240,15, 10
991,240,15, 10
992,240,15, 10
993,240,15, 10
994,240,15, 10
995,240,15, 10
996,240,15, 10
997,240,15, 10
998,240,15, 10
999,240,15, 10
1000,240,15, 10
1001,240,15, 10
1002,240,15, 10
1003,240,15, 10
1004,240,15, 10
1005,240,15, 10
1006,240,15, 10
1007,240,15, 10
1008,240,15, 10
1009,240,15, 10
1010,240,15, 10
1011,240,15, 10
1012,240,15, 10
1013,240,15, 10
1014,240,15, 10
1015,240,15, 10
1016,240,15, 10
1017,240,15, 10
1018,240,15, 10
1019,240,15, 10
1020,240,15, 10
1021,240,15, 10
1022,240,15, 10
1023,240,15, 10
1024,240,15, 10
1025,240,15, 10
1026,240,15, 10
1027,240,15, 10
1028,240,15, 10
1029,240,15, 10
1030,240,15, 10
1031,240,15, 10
1032,240,15, 10
1033,240,15, 10
1034,240,15, 10
1035,240,15, 10
1036,240,15, 10
1037,240,15, 10
1038,240,15, 10
1039,240,15, 10
1040,240,15, 10
1041,240,15, 10
1042,240,15, 10
1043,240,15, 10
1044,240,15, 10
1045,240,15, 10
1046,240,15, 10
1047,240,15, 10
1048,240,15, 10
1049,240,15, 10
1050,240,15, 10
1051,238,13, 12
1052,238,13, 12
1053,238,13, 12
1054,238,13, 12
1055,238,13, 12
1056,238,13, 12
1057,237,12, 13
1058,237,12, 13
1059,237,12, 13
1060,237,12, 13
1061,237,12, 13
1062,237,12, 13
1063,237,12, 13
1064,237,12, 13
1065,237,12, 13
1066,237,12, 13
1067,237,12, 13
1068,237,12, 13
1069,237,12, 13
1070,237,12, 13
1071,237,12, 13
1072,237,12, 13
1073,237,12, 13
1074,237,12, 13
1075,237,12, 13
1076,237,12, 13
1077,237,12, 13
1078,237,12, 13
1079,237,12, 13
1080,237,12, 13
1081,237,12, 13
1082,237,12, 13
1083,237,12, 13
1084,237,12, 13
1085,237,12, 13
1086,237,12, 13
1087,237,12, 13
1088,237,12, 13
1089,237,12, 13
1090,237,12, 13
1091,237,12, 13
1092,237,12, 13
1093,237,12, 13
1094,237,12, 13
1095,237,12, 13
1096,237,12, 13
1097,237,12, 13
1098,237,12, 13
1099,237,12, 13
1100,237,12, 13
1101,237,12, 13
1102,237,12, 13
1103,237,12, 13
1104,237,12, 13
1105,237,12, 13
1106,237,12, 13
1107,237,12, 13
1108,237,12, 13
1109,237,12, 13
1110,237,12, 13
1111,237,12, 13
1112,237,12, 13
1113,237,12, 13
1114,237,12, 13
1115,237,12, 13
1116,237,12, 13
1117,237,12, 13
1118,237,12, 13
1119,237,12, 13
1120,237,12, 13
1121,237,12, 13
1122,237,12, 13
1123,237,12, 13
1124,237,12, 13
1125,237,12, 13
1126,237,12, 13
1127,237,12, 13
1128,237,12, 13
1129,237,12, 13
1130,237,12, 13
1131,237,12, 13
1132,237,12, 13
1133,237,12, 13
1134,237,12, 13
1135,237,12, 13
1136,237,12, 13
1137,237,12, 13
1138,237,12, 13
1139,237,12, 13
1140,237,12, 13
1141,237,12, 13
1142,237,12, 13
1143,237,12, 13
1144,237,12, 13
1145,237,12, 13
1146,237,12, 13
1147,237,12, 13
1148,237,12, 13
1149,237,12, 13
1150,237,12, 13
1151,237,12, 13
1152,237,12, 13
1153,237,12, 13
1154,237,12, 13
1155,237,12, 13
1156,237,12, 13
1157,237,12, 13
1158,237,12, 13
1159,237,12, 13
1160,237,12, 13
1161,237,12, 13
1162,237,12, 13
1163,237,12, 13
1164,237,12, 13
1165,237,12, 13
1166,237,12, 13
1167,237,12, 13
1168,237,12, 13
1169,237,12, 13
1170,237,12, 13
1171,237,12, 13
1172,237,12, 13
1173,237,12, 13
1174,237,12, 13
1175,237,12, 13
1176,237,12, 13
1177,237,12, 13
1178,237,12, 13
1179,237,12, 13
1180,237,12, 13
1181,237,12, 13
1182,237,12, 13
1183,237,12, 13
1184,237,12, 13
1185,237,12, 13
1186,237,12, 13
1187,237,12, 13
1188,237,12, 13
1189,237,12, 13
1190,237,12, 13
1191,237,12, 13
1192,237,12, 13
1193,237,12, 13
1194,237,12, 13
1195,237,12, 13
1196,237,12, 13
1197,236,11, 14
1198,236,11, 14
1199,236,11, 14
1200,236,11, 14
1201,236,11, 14
1202,236,11, 14
1203,236,11, 14
1204,236,11, 14
1205,236,11, 14
1206,236,11, 14
1207,236,11, 14
1208,236,11, 14
1209,236,11, 14
1210,236,11, 14
1211,236,11, 14
1212,236,11, 14
1213,236,11, 14
1214,236,11, 14
1215,236,11, 14
1216,236,11, 14
1217,236,11, 14
1218,236,11, 14
1219,236,11, 14
1220,236,11, 14
1221,236,11, 14
1222,236,11, 14
1223,236,11, 14
1224,236,11, 14
1225,236,11, 14
1226,236,11, 14
1227,236,11, 14
1228,236,11, 14
1229,236,11, 14
1230,236,11, 14
1231,236,11, 14
1232,236,11, 14
1233,236,11, 14
1234,236,11, 14
1235,236,11, 14
1236,236,11, 14
1237,236,11, 14
1238,236,11, 14
1239,236,11, 14
1240,235,10, 15
1241,235,10, 15
1242,235,10, 15
1243,235,10, 15
1244,235,10, 15
1245,235,10, 15
1246,235,10, 15
1247,235,10, 15
1248,235,10, 15
1249,235,10, 15
1250,235,10, 15
1251,235,10, 15
1252,235,10, 15
1253,235,10, 15
1254,235,10, 15
1255,235,10, 15
1256,235,10, 15
1257,235,10, 15
1258,235,10, 15
1259,235,10, 15
1260,235,10, 15
1261,235,10, 15
1262,235,10, 15
1263,235,10, 15
1264,235,10, 15
1265,235,10, 15
1266,235,10, 15
1267,235,10, 15
1268,235,10, 15
1269,235,10, 15
1270,235,10, 15
1271,235,10, 15
1272,235,10, 15
1273,235,10, 15
1274,235,10, 15
1275,235,10, 15
1276,235,10, 15
1277,235,10, 15
1278,235,10, 15
1279,235,10, 15
1280,235,10, 15
1281,235,10, 15
1282,235,10, 15
1283,235,10, 15
1284,235,10, 15
1285,235,10, 15
1286,235,10, 15
1287,235,10, 15
1288,235,10, 15
1289,235,10, 15
1290,235,10, 15
1291,235,10, 15
1292,235,10, 15
1293,235,10, 15
1294,235,10, 15
1295,235,10, 15
1296,235,10, 15
1297,235,10, 15
1298,235,10, 15
1299,235,10, 15
1300,235,10, 15
1301,235,10, 15
1302,235,10, 15
1303,235,10, 15
1304,235,10, 15
1305,235,10, 15
1306,235,10, 15
1307,235,10, 15
1308,235,10, 15
1309,235,10, 15
1310,235,10, 15
1311,235,10, 15
1312,235,10, 15
1313,235,10, 15
1314,235,10, 15
1315,235,10, 15
1316,235,10, 15
1317,235,10, 15
1318,235,10, 15
1319,235,10, 15
1320,235,10, 15
1321,235,10, 15
1322,235,10, 15
1323,235,10, 15
1324,235,10, 15
1325,235,10, 15
1326,235,10, 15
1327,235,10, 15
1328,235,10, 15
1329,235,10, 15
1330,235,10, 15
1331,235,10, 15
1332,235,10, 15
1333,235,10, 15
1334,235,10, 15
1335,235,10, 15
1336,235,10, 15
1337,235,10, 15
1338,235,10, 15
1339,235,10, 15
1340,235,10, 15
1341,235,10, 15
1342,235,10, 15
1343,235,10, 15
1344,235,10, 15
1345,235,10, 15
1346,235,10, 15
1347,235,10, 15
1348,234,9, 16
1349,234,9, 16
1350,234,9, 16
1351,234,9, 16
1352,234,9, 16
1353,234,9, 16
1354,234,9, 16
1355,234,9, 16
1356,234,9, 16
1357,234,9, 16
1358,234,9, 16
1359,234,9, 16
1360,234,9, 16
1361,234,9, 16
1362,234,9, 16
1363,234,9, 16
1364,234,9, 16
1365,234,9, 16
1366,234,9, 16
1367,234,9, 16
1368,234,9, 16
1369,234,9, 16
1370,234,9, 16
1371,234,9, 16
1372,234,9, 16
1373,234,9, 16
1374,234,9, 16
1375,234,9, 16
1376,234,9, 16
1377,234,9, 16
1378,234,9, 16
1379,234,9, 16
1380,234,9, 16
1381,234,9, 16
1382,234,9, 16
1383,234,9, 16
1384,234,9, 16
1385,234,9, 16
1386,234,9, 16
1387,234,9, 16
1388,234,9, 16
1389,234,9, 16
1390,234,9, 16
1391,234,9, 16
1392,234,9, 16
1393,234,9, 16
1394,234,9, 16
1395,234,9, 16
1396,234,9, 16
1397,234,9, 16
1398,234,9, 16
1399,234,9, 16
1400,234,9, 16
1401,234,9, 16
1402,234,9, 16
1403,234,9, 16
1404,234,9, 16
1405,234,9, 16
1406,234,9, 16
1407,234,9, 16
1408,234,9, 16
1409,234,9, 16
1410,234,9, 16
1411,234,9, 16
1412,234,9, 16
1413,234,9, 16
1414,234,9, 16
1415,234,9, 16
1416,234,9, 16
1417,234,9, 16
1418,234,9, 16
1419,234,9, 16
1420,234,9, 16
1421,234,9, 16
1422,234,9, 16
1423,234,9, 16
1424,234,9, 16
1425,234,9, 16
1426,234,9, 16
1427,234,9, 16
1428,234,9, 16
1429,234,9, 16
1430,234,9, 16
1431,234,9, 16
1432,234,9, 16
1433,234,9, 16
1434,234,9, 16
1435,234,9, 16
1436,234,9, 16
1437,234,9, 16
1438,234,9, 16
1439,234,9, 16
1440,234,9, 16
1441,234,9, 16
1442,234,9, 16
1443,234,9, 16
1444,234,9, 16
1445,234,9, 16
1446,234,9, 16
1447,234,9, 16
1448,234,9, 16
1449,234,9, 16
1450,234,9, 16
1451,234,9, 16
1452,234,9, 16
1453,234,9, 16
1454,234,9, 16
1455,234,9, 16
1456,234,9, 16
1457,234,9, 16
1458,234,9, 16
1459,234,9, 16
1460,234,9, 16
1461,234,9, 16
1462,234,9, 16
1463,234,9, 16
1464,234,9, 16
1465,234,9, 16
1466,234,9, 16
1467,234,9, 16
1468,234,9, 16
1469,234,9, 16
1470,234,9, 16
1471,234,9, 16
1472,234,9, 16
1473,234,9, 16
1474,234,9, 16
1475,234,9, 16
1476,234,9, 16
1477,234,9, 16
1478,234,9, 16
1479,234,9, 16
1480,234,9, 16
1481,234,9, 16
1482,234,9, 16
1483,234,9, 16
1484,234,9, 16
1485,234,9, 16
1486,234,9, 16
1487,234,9, 16
1488,234,9, 16
1489,234,9, 16
1490,234,9, 16
1491,234,9, 16
1492,234,9, 16
1493,234,9, 16
1494,234,9, 16
1495,234,9, 16
1496,234,9, 16
1497,234,9, 16
1498,234,9, 16
1499,234,9, 16
