0,250,25, 0
1,250,25, 0
2,250,25, 0
3,250,25, 0
4,250,25, 0
5,250,25, 0
6,250,25, 0
7,250,25, 0
8,250,25, 0
9,250,25, 0
10,250,25, 0
11,250,25, 0
12,250,25, 0
13,250,25, 0
14,250,25, 0
15,250,25, 0
16,250,25, 0
17,250,25, 0
18,250,25, 0
19,250,25, 0
20,250,25, 0
21,250,25, 0
22,250,25, 0
23,250,25, 0
24,250,25, 0
25,250,25, 0
26,250,25, 0
27,250,25, 0
28,250,25, 0
29,250,25, 0
30,250,25, 0
31,250,25, 0
32,250,25, 0
33,250,25, 0
34,250,25, 0
35,250,25, 0
36,250,25, 0
37,250,25, 0
38,250,25, 0
39,250,25, 0
40,250,25, 0
41,250,25, 0
42,250,25, 0
43,250,25, 0
44,250,25, 0
45,250,25, 0
46,250,25, 0
47,250,25, 0
48,250,25, 0
49,250,25, 0
50,250,25, 0
51,250,25, 0
52,250,25, 0
53,250,25, 0
54,250,25, 0
55,250,25, 0
56,250,25, 0
57,250,25, 0
58,250,25, 0
59,250,25, 0
60,250,25, 0
61,250,25, 0
62,250,25, 0
63,250,25, 0
64,250,25, 0
65,250,25, 0
66,250,25, 0
67,250,25, 0
68,250,25, 0
69,250,25, 0
70,250,25, 0
71,250,25, 0
72,250,25, 0
73,250,25, 0
74,250,25, 0
75,250,25, 0
76,250,25, 0
77,250,25, 0
78,250,25, 0
79,250,25, 0
80,250,25, 0
81,250,25, 0
82,250,25, 0
83,250,25, 0
84,250,25, 0
85,250,25, 0
86,250,25, 0
87,250,25, 0
88,250,25, 0
89,250,25, 0
90,250,25, 0
91,250,25, 0
92,250,25, 0
93,250,25, 0
94,250,25, 0
95,250,25, 0
96,250,25, 0
97,250,25, 0
98,250,25, 0
99,250,25, 0
100,250,25, 0
101,250,25, 0
102,250,25, 0
103,250,25, 0
104,250,25, 0
105,250,25, 0
106,250,25, 0
107,250,25, 0
108,250,25, 0
109,250,25, 0
110,250,25, 0
111,250,25, 0
112,250,25, 0
113,250,25, 0
114,250,25, 0
115,250,25, 0
116,250,25, 0
117,250,25, 0
118,250,25, 0
119,250,25, 0
120,250,25, 0
121,250,25, 0
122,250,25, 0
123,250,25, 0
124,250,25, 0
125,250,25, 0
126,250,25, 0
127,250,25, 0
128,250,25, 0
129,250,25, 0
130,250,25, 0
131,250,25, 0
132,250,25, 0
133,250,25, 0
134,250,25, 0
135,250,25, 0
136,250,25, 0
137,250,25, 0
138,250,25, 0
139,250,25, 0
140,250,25, 0
141,250,25, 0
142,250,25, 0
143,250,25, 0
144,250,25, 0
145,250,25, 0
146,250,25, 0
147,250,25, 0
148,250,25, 0
149,250,25, 0
150,250,25, 0
151,250,25, 0
152,250,25, 0
153,250,25, 0
154,250,25, 0
155,250,25, 0
156,250,25, 0
157,250,25, 0
158,250,25, 0
159,250,25, 0
160,250,25, 0
161,250,25, 0
162,250,25, 0
163,250,25, 0
164,250,25, 0
165,250,25, 0
166,250,25, 0
167,250,25, 0
168,250,25, 0
169,250,25, 0
170,250,25, 0
171,250,25, 0
172,250,25, 0
173,250,25, 0
174,250,25, 0
175,250,25, 0
176,250,25, 0
177,250,25, 0
178,250,25, 0
179,250,25, 0
180,250,25, 0
181,250,25, 0
182,250,25, 0
183,250,25, 0
184,250,25, 0
185,250,25, 0
186,250,25, 0
187,250,25, 0
188,250,25, 0
189,250,25, 0
190,250,25, 0
191,250,25, 0
192,250,25, 0
193,250,25, 0
194,250,25, 0
195,250,25, 0
196,250,25, 0
197,250,25, 0
198,250,25, 0
199,250,25, 0
200,250,25, 0
201,250,25, 0
202,250,25, 0
203,250,25, 0
204,250,25, 0
205,250,25, 0
206,250,25, 0
207,250,25, 0
208,250,25, 0
209,250,25, 0
210,250,25, 0
211,250,25, 0
212,250,25, 0
213,250,25, 0
214,250,25, 0
215,250,25, 0
216,250,25, 0
217,250,25, 0
218,250,25, 0
219,250,25, 0
220,250,25, 0
221,250,25, 0
222,250,25, 0
223,250,25, 0
224,250,25, 0
225,250,25, 0
226,250,25, 0
227,250,25, 0
228,250,25, 0
229,250,25, 0
230,250,25, 0
231,250,25, 0
232,250,25, 0
233,250,25, 0
234,250,25, 0
235,250,25, 0
236,250,25, 0
237,250,25, 0
238,250,25, 0
239,250,25, 0
240,250,25, 0
241,250,25, 0
242,250,25, 0
243,250,25, 0
244,250,25, 0
245,250,25, 0
246,250,25, 0
247,250,25, 0
248,250,25, 0
249,250,25, 0
250,250,25, 0
251,250,25, 0
252,250,25, 0
253,250,25, 0
254,250,25, 0
255,250,25, 0
256,250,25, 0
257,250,25, 0
258,250,25, 0
259,250,25, 0
260,250,25, 0
261,250,25, 0
262,250,25, 0
263,250,25, 0
264,250,25, 0
265,250,25, 0
266,250,25, 0
267,250,25, 0
268,250,25, 0
269,250,25, 0
270,250,25, 0
271,250,25, 0
272,250,25, 0
273,250,25, 0
274,250,25, 0
275,250,25, 0
276,250,25, 0
277,250,25, 0
278,250,25, 0
279,250,25, 0
280,250,25, 0
281,250,25, 0
282,250,25, 0
283,249,24, 1
284,249,24, 1
285,249,24, 1
286,249,24, 1
287,249,24, 1
288,249,24, 1
289,249,24, 1
290,249,24, 1
291,249,24, 1
292,249,24, 1
293,249,24, 1
294,249,24, 1
295,249,24, 1
296,249,24, 1
297,249,24, 1
298,249,24, 1
299,249,24, 1
300,249,24, 1
301,249,24, 1
302,249,24, 1
303,249,24, 1
304,249,24, 1
305,249,24, 1
306,249,24, 1
307,249,24, 1
308,249,24, 1
309,249,24, 1
310,249,24, 1
311,249,24, 1
312,249,24, 1
313,249,24, 1
314,249,24, 1
315,249,24, 1
316,249,24, 1
317,249,24, 1
318,249,24, 1
319,249,24, 1
320,249,24, 1
321,249,24, 1
322,249,24, 1
323,249,24, 1
324,249,24, 1
325,249,24, 1
326,249,24, 1
327,249,24, 1
328,249,24, 1
329,249,24, 1
330,249,24, 1
331,249,24, 1
332,249,24, 1
333,249,24, 1
334,249,24, 1
335,249,24, 1
336,249,24, 1
337,249,24, 1
338,249,24, 1
339,249,24, 1
340,249,24, 1
341,249,24, 1
342,249,24, 1
343,249,24, 1
344,249,24, 1
345,249,24, 1
346,249,24, 1
347,249,24, 1
348,249,24, 1
349,249,24, 1
350,249,24, 1
351,249,24, 1
352,249,24, 1
353,249,24, 1
354,249,24, 1
355,249,24, 1
356,249,24, 1
357,249,24, 1
358,249,24, 1
359,249,24, 1
360,249,24, 1
361,249,24, 1
362,249,24, 1
363,249,24, 1
364,249,24, 1
365,249,24, 1
366,249,24, 1
367,249,24, 1
368,249,24, 1
369,249,24, 1
370,249,24, 1
371,249,24, 1
372,249,24, 1
373,249,24, 1
374,249,24, 1
375,249,24, 1
376,249,24, 1
377,249,24, 1
378,249,24, 1
379,249,24, 1
380,249,24, 1
381,249,24, 1
382,249,24, 1
383,249,24, 1
384,249,24, 1
385,249,24, 1
386,249,24, 1
387,249,24, 1
388,249,24, 1
389,249,24, 1
390,249,24, 1
391,249,24, 1
392,249,24, 1
393,249,24, 1
394,249,24, 1
395,249,24, 1
396,249,24, 1
397,249,24, 1
398,249,24, 1
399,249,24, 1
400,249,24, 1
401,249,24, 1
402,249,24, 1
403,249,24, 1
404,249,24, 1
405,249,24, 1
406,249,24, 1
407,249,24, 1
408,249,24, 1
409,249,24, 1
410,249,24, 1
411,249,24, 1
412,249,24, 1
413,249,24, 1
414,249,24, 1
415,249,24, 1
416,249,24, 1
417,249,24, 1
418,249,24, 1
419,249,24, 1
420,249,24, 1
421,249,24, 1
422,249,24, 1
423,249,24, 1
424,249,24, 1
425,249,24, 1
426,249,24, 1
427,249,24, 1
428,249,24, 1
429,249,24, 1
430,249,24, 1
431,249,24, 1
432,249,24, 1
433,249,24, 1
434,249,24, 1
435,249,24, 1
436,249,24, 1
437,249,24, 1
438,249,24, 1
439,249,24, 1
440,249,24, 1
441,249,24, 1
442,249,24, 1
443,249,24, 1
444,249,24, 1
445,249,24, 1
446,249,24, 1
447,249,24, 1
448,249,24, 1
449,249,24, 1
450,249,24, 1
451,249,24, 1
452,249,24, 1
453,249,24, 1
454,249,24, 1
455,249,24, 1
456,249,24, 1
457,249,24, 1
458,249,24, 1
459,249,24, 1
460,249,24, 1
461,249,24, 1
462,249,24, 1
463,249,24, 1
464,249,24, 1
465,249,24, 1
466,249,24, 1
467,249,24, 1
468,249,24, 1
469,249,24, 1
470,249,24, 1
471,249,24, 1
472,249,24, 1
473,249,24, 1
474,249,24, 1
475,249,24, 1
476,249,24, 1
477,249,24, 1
478,249,24, 1
479,249,24, 1
480,249,24, 1
481,249,24, 1
482,249,24, 1
483,249,24, 1
484,249,24, 1
485,249,24, 1
486,249,24, 1
487,249,24, 1
488,249,24, 1
489,249,24, 1
490,249,24, 1
491,249,24, 1
492,249,24, 1
493,249,24, 1
494,249,24, 1
495,249,24, 1
496,249,24, 1
497,249,24, 1
498,249,24, 1
499,249,24, 1
500,249,24, 1
501,249,24, 1
502,249,24, 1
503,249,24, 1
504,249,24, 1
505,249,24, 1
506,249,24, 1
507,249,24, 1
508,249,24, 1
509,249,24, 1
510,249,24, 1
511,249,24, 1
512,249,24, 1
513,249,24, 1
514,249,24, 1
515,249,24, 1
516,249,24, 1
517,249,24, 1
518,249,24, 1
519,249,24, 1
520,249,24, 1
521,249,24, 1
522,249,24, 1
523,249,24, 1
524,249,24, 1
525,249,24, 1
526,249,24, 1
527,249,24, 1
528,249,24, 1
529,249,24, 1
530,249,24, 1
531,249,24, 1
532,249,24, 1
533,249,24, 1
534,249,24, 1
535,249,24, 1
536,249,24, 1
537,249,24, 1
538,249,24, 1
539,249,24, 1
540,249,24, 1
541,249,24, 1
542,249,24, 1
543,249,24, 1
544,249,24, 1
545,249,24, 1
546,249,24, 1
547,249,24, 1
548,249,24, 1
549,249,24, 1
550,249,24, 1
551,249,24, 1
552,249,24, 1
553,249,24, 1
554,249,24, 1
555,249,24, 1
556,249,24, 1
557,249,24, 1
558,249,24, 1
559,249,24, 1
560,249,24, 1
561,249,24, 1
562,249,24, 1
563,249,24, 1
564,249,24, 1
565,249,24, 1
566,249,24, 1
567,249,24, 1
568,249,24, 1
569,249,24, 1
570,249,24, 1
571,249,24, 1
572,249,24, 1
573,249,24, 1
574,249,24, 1
575,249,24, 1
576,249,24, 1
577,249,24, 1
578,249,24, 1
579,249,24, 1
580,249,24, 1
581,249,24, 1
582,249,24, 1
583,249,24, 1
584,249,24, 1
585,249,24, 1
586,249,24, 1
587,249,24, 1
588,249,24, 1
589,249,24, 1
590,249,24, 1
591,249,24, 1
592,249,24, 1
593,249,24, 1
594,249,24, 1
595,249,24, 1
596,249,24, 1
597,249,24, 1
598,249,24, 1
599,249,24, 1
600,249,24, 1
601,249,24, 1
602,249,24, 1
603,249,24, 1
604,249,24, 1
605,249,24, 1
606,249,24, 1
607,249,24, 1
608,249,24, 1
609,249,24, 1
610,249,24, 1
611,249,24, 1
612,249,24, 1
613,249,24, 1
614,249,24, 1
615,249,24, 1
616,249,24, 1
617,249,24, 1
618,249,24, 1
619,249,24, 1
620,249,24, 1
621,249,24, 1
622,249,24, 1
623,249,24, 1
624,249,24, 1
625,249,24, 1
626,249,24, 1
627,249,24, 1
628,249,24, 1
629,249,24, 1
630,249,24, 1
631,249,24, 1
632,249,24, 1
633,249,24, 1
634,249,24, 1
635,249,24, 1
636,249,24, 1
637,249,24, 1
638,249,24, 1
639,249,24, 1
640,249,24, 1
641,249,24, 1
642,249,24, 1
643,249,24, 1
644,249,24, 1
645,249,24, 1
646,249,24, 1
647,249,24, 1
648,249,24, 1
649,249,24, 1
650,249,24, 1
651,249,24, 1
652,249,24, 1
653,249,24, 1
654,249,24, 1
655,249,24, 1
656,249,24, 1
657,249,24, 1
658,249,24, 1
659,249,24, 1
660,249,24, 1
661,249,24, 1
662,249,24, 1
663,249,24, 1
664,249,24, 1
665,249,24, 1
666,249,24, 1
667,249,24, 1
668,249,24, 1
669,249,24, 1
670,249,24, 1
671,249,24, 1
672,249,24, 1
673,249,24, 1
674,249,24, 1
675,249,24, 1
676,249,24, 1
677,249,24, 1
678,249,24, 1
679,249,24, 1
680,249,24, 1
681,249,24, 1
682,249,24, 1
683,249,24, 1
684,249,24, 1
685,249,24, 1
686,249,24, 1
687,249,24, 1
688,249,24, 1
689,249,24, 1
690,248,23, 2
691,248,23, 2
692,248,23, 2
693,248,23, 2
694,248,23, 2
695,248,23, 2
696,248,23, 2
697,248,23, 2
698,248,23, 2
699,248,23, 2
700,248,23, 2
701,248,23, 2
702,248,23, 2
703,248,23, 2
704,248,23, 2
705,248,23, 2
706,248,23, 2
707,248,23, 2
708,248,23, 2
709,248,23, 2
710,248,23, 2
711,248,23, 2
712,248,23, 2
713,248,23, 2
714,248,23, 2
715,248,23, 2
716,248,23, 2
717,248,23, 2
718,248,23, 2
719,248,23, 2
720,248,23, 2
721,248,23, 2
722,248,23, 2
723,248,23, 2
724,248,23, 2
725,248,23, 2
726,248,23, 2
727,248,23, 2
728,248,23, 2
729,248,23, 2
730,247,22, 3
731,247,22, 3
732,247,22, 3
733,247,22, 3
734,247,22, 3
735,247,22, 3
736,247,22, 3
737,247,22, 3
738,247,22, 3
739,247,22, 3
740,247,22, 3
741,247,22, 3
742,247,22, 3
743,247,22, 3
744,247,22, 3
745,247,22, 3
746,247,22, 3
747,247,22, 3
748,247,22, 3
749,247,22, 3
750,247,22, 3
751,247,22, 3
752,247,22, 3
753,247,22, 3
754,247,22, 3
755,247,22, 3
756,247,22, 3
757,247,22, 3
758,247,22, 3
759,247,22, 3
760,247,22, 3
761,247,22, 3
762,247,22, 3
763,247,22, 3
764,247,22, 3
765,247,22, 3
766,247,22, 3
767,247,22, 3
768,247,22, 3
769,247,22, 3
770,247,22, 3
771,247,22, 3
772,247,22, 3
773,247,22, 3
774,247,22, 3
775,247,22, 3
776,247,22, 3
777,247,22, 3
778,247,22, 3
779,247,22, 3
780,247,22, 3
781,247,22, 3
782,247,22, 3
783,247,22, 3
784,247,22, 3
785,247,22, 3
786,247,22, 3
787,247,22, 3
788,247,22, 3
789,247,22, 3
790,247,22, 3
791,247,22, 3
792,247,22, 3
793,247,22, 3
794,247,22, 3
795,247,22, 3
796,247,22, 3
797,247,22, 3
798,247,22, 3
799,247,22, 3
800,247,22, 3
801,247,22, 3
802,247,22, 3
803,247,22, 3
804,247,22, 3
805,247,22, 3
806,247,22, 3
807,247,22, 3
808,247,22, 3
809,247,22, 3
810,247,22, 3
811,247,22, 3
812,247,22, 3
813,247,22, 3
814,247,22, 3
815,247,22, 3
816,247,22, 3
817,247,22, 3
818,247,22, 3
819,247,22, 3
820,247,22, 3
821,247,22, 3
822,247,22, 3
823,247,22, 3
824,247,22, 3
825,247,22, 3
826,247,22, 3
827,247,22, 3
828,247,22, 3
829,247,22, 3
830,247,22, 3
831,247,22, 3
832,247,22, 3
833,247,22, 3
834,247,22, 3
835,247,22, 3
836,247,22, 3
837,247,22, 3
838,247,22, 3
839,247,22, 3
840,247,22, 3
841,247,22, 3
842,247,22, 3
843,247,22, 3
844,247,22, 3
845,247,22, 3
846,247,22, 3
847,247,22, 3
848,247,22, 3
849,247,22, 3
850,247,22, 3
851,247,22, 3
852,247,22, 3
853,247,22, 3
854,247,22, 3
855,247,22, 3
856,247,22, 3
857,247,22, 3
858,247,22, 3
859,247,22, 3
860,247,22, 3
861,247,22, 3
862,247,22, 3
863,247,22, 3
864,247,22, 3
865,247,22, 3
866,247,22, 3
867,247,22, 3
868,247,22, 3
869,247,22, 3
870,247,22, 3
871,247,22, 3
872,247,22, 3
873,247,22, 3
874,247,22, 3
875,247,22, 3
876,247,22, 3
877,247,22, 3
878,247,22, 3
879,247,22, 3
880,247,22, 3
881,247,22, 3
882,247,22, 3
883,247,22, 3
884,247,22, 3
885,247,22, 3
886,247,22, 3
887,247,22, 3
888,247,22, 3
889,247,22, 3
890,247,22, 3
891,247,22, 3
892,247,22, 3
893,247,22, 3
894,247,22, 3
895,247,22, 3
896,247,22, 3
897,247,22, 3
898,247,22, 3
899,247,22, 3
900,247,22, 3
901,247,22, 3
902,247,22, 3
903,247,22, 3
904,247,22, 3
905,247,22, 3
906,247,22, 3
907,247,22, 3
908,247,22, 3
909,247,22, 3
910,247,22, 3
911,247,22, 3
912,247,22, 3
913,247,22, 3
914,247,22, 3
915,247,22, 3
916,247,22, 3
917,247,22, 3
918,247,22, 3
919,247,22, 3
920,247,22, 3
921,247,22, 3
922,247,22, 3
923,247,22, 3
924,247,22, 3
925,247,22, 3
926,247,22, 3
927,247,22, 3
928,247,22, 3
929,247,22, 3
930,247,22, 3
931,247,22, 3
932,247,22, 3
933,247,22, 3
934,247,22, 3
935,247,22, 3
936,247,22, 3
937,247,22, 3
938,247,22, 3
939,247,22, 3
940,247,22, 3
941,247,22, 3
942,247,22, 3
943,247,22, 3
944,247,22, 3
945,247,22, 3
946,247,22, 3
947,247,22, 3
948,247,22, 3
949,247,22, 3
950,247,22, 3
951,247,22, 3
952,247,22, 3
953,247,22, 3
954,247,22, 3
955,247,22, 3
956,247,22, 3
957,247,22, 3
958,247,22, 3
959,247,22, 3
960,247,22, 3
961,247,22, 3
962,247,22, 3
963,247,22, 3
964,247,22, 3
965,247,22, 3
966,247,22, 3
967,247,22, 3
968,247,22, 3
969,247,22, 3
970,247,22, 3
971,247,22, 3
972,247,22, 3
973,247,22, 3
974,247,22, 3
975,247,22, 3
976,247,22, 3
977,247,22, 3
978,247,22, 3
979,247,22, 3
980,247,22, 3
981,247,22, 3
982,247,22, 3
983,247,22, 3
984,247,22, 3
985,247,22, 3
986,247,22, 3
987,247,22, 3
988,247,22, 3
989,247,22, 3
990,247,22, 3
991,247,22, 3
992,247,22, 3
993,247,22, 3
994,247,22, 3
995,247,22, 3
996,247,22, 3
997,247,22, 3
998,247,22, 3
999,247,22, 3
1000,247,22, 3
1001,247,22, 3
1002,247,22, 3
1003,247,22, 3
1004,247,22, 3
1005,247,22, 3
1006,247,22, 3
1007,247,22, 3
1008,247,22, 3
1009,247,22, 3
1010,247,22, 3
1011,247,22, 3
1012,247,22, 3
1013,247,22, 3
1014,247,22, 3
1015,247,22, 3
1016,247,22, 3
1017,247,22, 3
1018,247,22, 3
1019,247,22, 3
1020,247,22, 3
1021,247,22, 3
1022,247,22, 3
1023,247,22, 3
1024,247,22, 3
1025,247,22, 3
1026,247,22, 3
1027,247,22, 3
1028,247,22, 3
1029,247,22, 3
1030,247,22, 3
1031,247,22, 3
1032,247,22, 3
1033,247,22, 3
1034,247,22, 3
1035,247,22, 3
1036,247,22, 3
1037,247,22, 3
1038,247,22, 3
1039,247,22, 3
1040,247,22, 3
1041,247,22, 3
1042,247,22, 3
1043,247,22, 3
1044,247,22, 3
1045,247,22, 3
1046,247,22, 3
1047,247,22, 3
1048,247,22, 3
1049,247,22, 3
1050,247,22, 3
1051,247,22, 3
1052,247,22, 3
1053,247,22, 3
1054,247,22, 3
1055,247,22, 3
1056,247,22, 3
1057,247,22, 3
1058,247,22, 3
1059,247,22, 3
1060,247,22, 3
1061,247,22, 3
1062,247,22, 3
1063,247,22, 3
1064,247,22, 3
1065,247,22, 3
1066,247,22, 3
1067,247,22, 3
1068,247,22, 3
1069,247,22, 3
1070,247,22, 3
1071,247,22, 3
1072,247,22, 3
1073,247,22, 3
1074,247,22, 3
1075,247,22, 3
1076,247,22, 3
1077,247,22, 3
1078,247,22, 3
1079,247,22, 3
1080,247,22, 3
1081,247,22, 3
1082,247,22, 3
1083,247,22, 3
1084,247,22, 3
1085,247,22, 3
1086,247,22, 3
1087,247,22, 3
1088,247,22, 3
1089,247,22, 3
1090,247,22, 3
1091,247,22, 3
1092,247,22, 3
1093,247,22, 3
1094,247,22, 3
1095,247,22, 3
1096,247,22, 3
1097,247,22, 3
1098,247,22, 3
1099,247,22, 3
1100,247,22, 3
1101,247,22, 3
1102,247,22, 3
1103,247,22, 3
1104,247,22, 3
1105,247,22, 3
1106,247,22, 3
1107,247,22, 3
1108,247,22, 3
1109,247,22, 3
1110,247,22, 3
1111,247,22, 3
1112,247,22, 3
1113,247,22, 3
1114,247,22, 3
1115,247,22, 3
1116,247,22, 3
1117,247,22, 3
1118,247,22, 3
1119,247,22, 3
1120,247,22, 3
1121,247,22, 3
1122,247,22, 3
1123,247,22, 3
1124,247,22, 3
1125,247,22, 3
1126,247,22, 3
1127,247,22, 3
1128,247,22, 3
1129,247,22, 3
1130,247,22, 3
1131,247,22, 3
1132,247,22, 3
1133,247,22, 3
1134,247,22, 3
1135,247,22, 3
1136,247,22, 3
1137,247,22, 3
1138,247,22, 3
1139,247,22, 3
1140,247,22, 3
1141,247,22, 3
1142,247,22, 3
1143,247,22, 3
1144,247,22, 3
1145,247,22, 3
1146,247,22, 3
1147,247,22, 3
1148,247,22, 3
1149,247,22, 3
1150,247,22, 3
1151,247,22, 3
1152,247,22, 3
1153,247,22, 3
1154,247,22, 3
1155,247,22, 3
1156,247,22, 3
1157,247,22, 3
1158,247,22, 3
1159,247,22, 3
1160,247,22, 3
1161,247,22, 3
1162,247,22, 3
1163,247,22, 3
1164,247,22, 3
1165,247,22, 3
1166,247,22, 3
1167,247,22, 3
1168,247,22, 3
1169,247,22, 3
1170,247,22, 3
1171,247,22, 3
1172,247,22, 3
1173,247,22, 3
1174,247,22, 3
1175,247,22, 3
1176,247,22, 3
1177,247,22, 3
1178,247,22, 3
1179,247,22, 3
1180,247,22, 3
1181,247,22, 3
1182,247,22, 3
1183,247,22, 3
1184,247,22, 3
1185,247,22, 3
1186,247,22, 3
1187,247,22, 3
1188,247,22, 3
1189,247,22, 3
1190,247,22, 3
1191,247,22, 3
1192,247,22, 3
1193,247,22, 3
1194,247,22, 3
1195,247,22, 3
1196,247,22, 3
1197,247,22, 3
1198,247,22, 3
1199,247,22, 3
1200,247,22, 3
1201,247,22, 3
1202,247,22, 3
1203,247,22, 3
1204,247,22, 3
1205,247,22, 3
1206,247,22, 3
1207,247,22, 3
1208,247,22, 3
1209,247,22, 3
1210,247,22, 3
1211,247,22, 3
1212,247,22, 3
1213,247,22, 3
1214,247,22, 3
1215,247,22, 3
1216,247,22, 3
1217,247,22, 3
1218,247,22, 3
1219,247,22, 3
1220,247,22, 3
1221,247,22, 3
1222,247,22, 3
1223,247,22, 3
1224,247,22, 3
1225,247,22, 3
1226,247,22, 3
1227,247,22, 3
1228,247,22, 3
1229,247,22, 3
1230,247,22, 3
1231,247,22, 3
1232,247,22, 3
1233,247,22, 3
1234,247,22, 3
1235,247,22, 3
1236,247,22, 3
1237,247,22, 3
1238,247,22, 3
1239,247,22, 3
1240,247,22, 3
1241,247,22, 3
1242,247,22, 3
1243,247,22, 3
1244,247,22, 3
1245,247,22, 3
1246,247,22, 3
1247,247,22, 3
1248,247,22, 3
1249,247,22, 3
1250,247,22, 3
1251,247,22, 3
1252,247,22, 3
1253,247,22, 3
1254,247,22, 3
1255,247,22, 3
1256,247,22, 3
1257,247,22, 3
1258,247,22, 3
1259,247,22, 3
1260,247,22, 3
1261,247,22, 3
1262,247,22, 3
1263,247,22, 3
1264,247,22, 3
1265,247,22, 3
1266,247,22, 3
1267,247,22, 3
1268,247,22, 3
1269,247,22, 3
1270,247,22, 3
1271,247,22, 3
1272,247,22, 3
1273,247,22, 3
1274,247,22, 3
1275,247,22, 3
1276,247,22, 3
1277,247,22, 3
1278,247,22, 3
1279,247,22, 3
1280,247,22, 3
1281,247,22, 3
1282,247,22, 3
1283,247,22, 3
1284,247,22, 3
1285,247,22, 3
1286,247,22, 3
1287,247,22, 3
1288,247,22, 3
1289,247,22, 3
1290,247,22, 3
1291,247,22, 3
1292,247,22, 3
1293,247,22, 3
1294,247,22, 3
1295,247,22, 3
1296,247,22, 3
1297,247,22, 3
1298,247,22, 3
1299,247,22, 3
1300,247,22, 3
1301,247,22, 3
1302,247,22, 3
1303,247,22, 3
1304,247,22, 3
1305,247,22, 3
1306,247,22, 3
1307,247,22, 3
1308,247,22, 3
1309,247,22, 3
1310,247,22, 3
1311,247,22, 3
1312,247,22, 3
1313,247,22, 3
1314,247,22, 3
1315,247,22, 3
1316,247,22, 3
1317,247,22, 3
1318,247,22, 3
1319,247,22, 3
1320,247,22, 3
1321,247,22, 3
1322,247,22, 3
1323,247,22, 3
1324,247,22, 3
1325,247,22, 3
1326,247,22, 3
1327,247,22, 3
1328,247,22, 3
1329,247,22, 3
1330,247,22, 3
1331,247,22, 3
1332,247,22, 3
1333,247,22, 3
1334,247,22, 3
1335,247,22, 3
1336,247,22, 3
1337,247,22, 3
1338,247,22, 3
1339,247,22, 3
1340,247,22, 3
1341,247,22, 3
1342,247,22, 3
1343,247,22, 3
1344,247,22, 3
1345,247,22, 3
1346,247,22, 3
1347,247,22, 3
1348,247,22, 3
1349,247,22, 3
1350,247,22, 3
1351,247,22, 3
1352,247,22, 3
1353,247,22, 3
1354,247,22, 3
1355,247,22, 3
1356,247,22, 3
1357,247,22, 3
1358,247,22, 3
1359,247,22, 3
1360,247,22, 3
1361,247,22, 3
1362,247,22, 3
1363,247,22, 3
1364,247,22, 3
1365,247,22, 3
1366,247,22, 3
1367,247,22, 3
1368,247,22, 3
1369,247,22, 3
1370,247,22, 3
1371,247,22, 3
1372,247,22, 3
1373,247,22, 3
1374,247,22, 3
1375,247,22, 3
1376,247,22, 3
1377,247,22, 3
1378,247,22, 3
1379,247,22, 3
1380,247,22, 3
1381,247,22, 3
1382,247,22, 3
1383,247,22, 3
1384,247,22, 3
1385,247,22, 3
1386,247,22, 3
1387,247,22, 3
1388,247,22, 3
1389,247,22, 3
1390,247,22, 3
1391,247,22, 3
1392,247,22, 3
1393,247,22, 3
1394,247,22, 3
1395,247,22, 3
1396,247,22, 3
1397,247,22, 3
1398,247,22, 3
1399,247,22, 3
1400,247,22, 3
1401,247,22, 3
1402,247,22, 3
1403,247,22, 3
1404,247,22, 3
1405,247,22, 3
1406,247,22, 3
1407,247,22, 3
1408,247,22, 3
1409,247,22, 3
1410,247,22, 3
1411,247,22, 3
1412,247,22, 3
1413,247,22, 3
1414,247,22, 3
1415,247,22, 3
1416,247,22, 3
1417,247,22, 3
1418,247,22, 3
1419,247,22, 3
1420,247,22, 3
1421,247,22, 3
1422,247,22, 3
1423,247,22, 3
1424,247,22, 3
1425,247,22, 3
1426,247,22, 3
1427,247,22, 3
1428,247,22, 3
1429,247,22, 3
1430,247,22, 3
1431,247,22, 3
1432,247,22, 3
1433,247,22, 3
1434,247,22, 3
1435,247,22, 3
1436,247,22, 3
1437,247,22, 3
1438,247,22, 3
1439,247,22, 3
1440,247,22, 3
1441,247,22, 3
1442,247,22, 3
1443,247,22, 3
1444,247,22, 3
1445,247,22, 3
1446,247,22, 3
1447,247,22, 3
1448,247,22, 3
1449,247,22, 3
1450,247,22, 3
1451,247,22, 3
1452,247,22, 3
1453,247,22, 3
1454,247,22, 3
1455,247,22, 3
1456,247,22, 3
1457,247,22, 3
1458,247,22, 3
1459,247,22, 3
1460,247,22, 3
1461,247,22, 3
1462,247,22, 3
1463,247,22, 3
1464,247,22, 3
1465,247,22, 3
1466,247,22, 3
1467,247,22, 3
1468,247,22, 3
1469,247,22, 3
1470,247,22, 3
1471,247,22, 3
1472,247,22, 3
1473,247,22, 3
1474,247,22, 3
1475,247,22, 3
1476,247,22, 3
1477,247,22, 3
1478,247,22, 3
1479,247,22, 3
1480,247,22, 3
1481,247,22, 3
1482,247,22, 3
1483,247,22, 3
1484,247,22, 3
1485,247,22, 3
1486,247,22, 3
1487,247,22, 3
1488,247,22, 3
1489,247,22, 3
1490,247,22, 3
1491,247,22, 3
1492,247,22, 3
1493,247,22, 3
1494,247,22, 3
1495,247,22, 3
1496,247,22, 3
1497,247,22, 3
1498,247,22, 3
1499,247,22, 3
