0,250,25, 0
1,250,25, 0
2,250,25, 0
3,250,25, 0
4,250,25, 0
5,249,24, 1
6,248,23, 2
7,248,23, 2
8,248,23, 2
9,248,23, 2
10,248,23, 2
11,248,23, 2
12,248,23, 2
13,248,23, 2
14,248,23, 2
15,248,23, 2
16,248,23, 2
17,248,23, 2
18,248,23, 2
19,248,23, 2
20,248,23, 2
21,248,23, 2
22,248,23, 2
23,248,23, 2
24,248,23, 2
25,248,23, 2
26,248,23, 2
27,248,23, 2
28,248,23, 2
29,248,23, 2
30,248,23, 2
31,248,23, 2
32,248,23, 2
33,248,23, 2
34,248,23, 2
35,248,23, 2
36,248,23, 2
37,248,23, 2
38,248,23, 2
39,248,23, 2
40,248,23, 2
41,248,23, 2
42,248,23, 2
43,248,23, 2
44,248,23, 2
45,248,23, 2
46,248,23, 2
47,248,23, 2
48,248,23, 2
49,248,23, 2
50,248,23, 2
51,248,23, 2
52,248,23, 2
53,248,23, 2
54,248,23, 2
55,248,23, 2
56,248,23, 2
57,248,23, 2
58,248,23, 2
59,248,23, 2
60,248,23, 2
61,248,23, 2
62,248,23, 2
63,248,23, 2
64,248,23, 2
65,248,23, 2
66,248,23, 2
67,248,23, 2
68,248,23, 2
69,248,23, 2
70,248,23, 2
71,248,23, 2
72,248,23, 2
73,248,23, 2
74,248,23, 2
75,248,23, 2
76,248,23, 2
77,248,23, 2
78,248,23, 2
79,248,23, 2
80,248,23, 2
81,248,23, 2
82,248,23, 2
83,248,23, 2
84,248,23, 2
85,248,23, 2
86,248,23, 2
87,248,23, 2
88,248,23, 2
89,248,23, 2
90,248,23, 2
91,248,23, 2
92,248,23, 2
93,248,23, 2
94,248,23, 2
95,248,23, 2
96,248,23, 2
97,248,23, 2
98,248,23, 2
99,248,23, 2
100,248,23, 2
101,248,23, 2
102,248,23, 2
103,248,23, 2
104,248,23, 2
105,248,23, 2
106,248,23, 2
107,248,23, 2
108,248,23, 2
109,248,23, 2
110,248,23, 2
111,248,23, 2
112,248,23, 2
113,248,23, 2
114,248,23, 2
115,248,23, 2
116,248,23, 2
117,248,23, 2
118,248,23, 2
119,248,23, 2
120,248,23, 2
121,248,23, 2
122,248,23, 2
123,248,23, 2
124,248,23, 2
125,248,23, 2
126,248,23, 2
127,248,23, 2
128,248,23, 2
129,248,23, 2
130,248,23, 2
131,248,23, 2
132,248,23, 2
133,248,23, 2
134,248,23, 2
135,248,23, 2
136,248,23, 2
137,248,23, 2
138,248,23, 2
139,248,23, 2
140,248,23, 2
141,248,23, 2
142,248,23, 2
143,248,23, 2
144,248,23, 2
145,248,23, 2
146,248,23, 2
147,248,23, 2
148,248,23, 2
149,248,23, 2
150,248,23, 2
151,248,23, 2
152,248,23, 2
153,248,23, 2
154,248,23, 2
155,248,23, 2
156,248,23, 2
157,248,23, 2
158,248,23, 2
159,248,23, 2
160,248,23, 2
161,248,23, 2
162,248,23, 2
163,248,23, 2
164,248,23, 2
165,248,23, 2
166,248,23, 2
167,248,23, 2
168,248,23, 2
169,248,23, 2
170,248,23, 2
171,248,23, 2
172,248,23, 2
173,248,23, 2
174,248,23, 2
175,248,23, 2
176,248,23, 2
177,248,23, 2
178,248,23, 2
179,248,23, 2
180,248,23, 2
181,248,23, 2
182,248,23, 2
183,248,23, 2
184,248,23, 2
185,248,23, 2
186,248,23, 2
187,248,23, 2
188,248,23, 2
189,248,23, 2
190,248,23, 2
191,248,23, 2
192,248,23, 2
193,248,23, 2
194,248,23, 2
195,248,23, 2
196,248,23, 2
197,248,23, 2
198,248,23, 2
199,248,23, 2
200,248,23, 2
201,248,23, 2
202,248,23, 2
203,248,23, 2
204,248,23, 2
205,248,23, 2
206,248,23, 2
207,248,23, 2
208,248,23, 2
209,248,23, 2
210,248,23, 2
211,248,23, 2
212,248,23, 2
213,248,23, 2
214,248,23, 2
215,248,23, 2
216,248,23, 2
217,248,23, 2
218,248,23, 2
219,248,23, 2
220,248,23, 2
221,248,23, 2
222,248,23, 2
223,248,23, 2
224,248,23, 2
225,248,23, 2
226,248,23, 2
227,248,23, 2
228,248,23, 2
229,248,23, 2
230,248,23, 2
231,248,23, 2
232,248,23, 2
233,248,23, 2
234,248,23, 2
235,248,23, 2
236,248,23, 2
237,248,23, 2
238,248,23, 2
239,248,23, 2
240,248,23, 2
241,248,23, 2
242,248,23, 2
243,248,23, 2
244,248,23, 2
245,248,23, 2
246,248,23, 2
247,248,23, 2
248,248,23, 2
249,248,23, 2
250,248,23, 2
251,248,23, 2
252,248,23, 2
253,248,23, 2
254,248,23, 2
255,248,23, 2
256,248,23, 2
257,248,23, 2
258,248,23, 2
259,248,23, 2
260,248,23, 2
261,248,23, 2
262,248,23, 2
263,248,23, 2
264,248,23, 2
265,248,23, 2
266,248,23, 2
267,248,23, 2
268,248,23, 2
269,248,23, 2
270,248,23, 2
271,248,23, 2
272,248,23, 2
273,248,23, 2
274,248,23, 2
275,248,23, 2
276,248,23, 2
277,248,23, 2
278,248,23, 2
279,248,23, 2
280,248,23, 2
281,248,23, 2
282,248,23, 2
283,248,23, 2
284,248,23, 2
285,248,23, 2
286,248,23, 2
287,248,23, 2
288,248,23, 2
289,248,23, 2
290,248,23, 2
291,248,23, 2
292,248,23, 2
293,248,23, 2
294,248,23, 2
295,248,23, 2
296,248,23, 2
297,248,23, 2
298,247,22, 3
299,247,22, 3
300,247,22, 3
301,247,22, 3
302,247,22, 3
303,247,22, 3
304,247,22, 3
305,247,22, 3
306,247,22, 3
307,247,22, 3
308,247,22, 3
309,247,22, 3
310,247,22, 3
311,247,22, 3
312,247,22, 3
313,247,22, 3
314,247,22, 3
315,247,22, 3
316,247,22, 3
317,247,22, 3
318,247,22, 3
319,247,22, 3
320,247,22, 3
321,247,22, 3
322,247,22, 3
323,247,22, 3
324,247,22, 3
325,247,22, 3
326,247,22, 3
327,247,22, 3
328,247,22, 3
329,247,22, 3
330,247,22, 3
331,247,22, 3
332,247,22, 3
333,247,22, 3
334,247,22, 3
335,247,22, 3
336,247,22, 3
337,247,22, 3
338,247,22, 3
339,247,22, 3
340,247,22, 3
341,247,22, 3
342,247,22, 3
343,247,22, 3
344,247,22, 3
345,247,22, 3
346,247,22, 3
347,247,22, 3
348,247,22, 3
349,247,22, 3
350,247,22, 3
351,247,22, 3
352,247,22, 3
353,247,22, 3
354,247,22, 3
355,247,22, 3
356,247,22, 3
357,247,22, 3
358,247,22, 3
359,247,22, 3
360,247,22, 3
361,247,22, 3
362,247,22, 3
363,247,22, 3
364,247,22, 3
365,247,22, 3
366,247,22, 3
367,247,22, 3
368,247,22, 3
369,247,22, 3
370,247,22, 3
371,247,22, 3
372,247,22, 3
373,247,22, 3
374,247,22, 3
375,247,22, 3
376,247,22, 3
377,247,22, 3
378,247,22, 3
379,247,22, 3
380,247,22, 3
381,247,22, 3
382,247,22, 3
383,247,22, 3
384,247,22, 3
385,247,22, 3
386,247,22, 3
387,247,22, 3
388,247,22, 3
389,247,22, 3
390,247,22, 3
391,247,22, 3
392,247,22, 3
393,247,22, 3
394,247,22, 3
395,247,22, 3
396,247,22, 3
397,247,22, 3
398,247,22, 3
399,247,22, 3
400,247,22, 3
401,247,22, 3
402,247,22, 3
403,247,22, 3
404,247,22, 3
405,247,22, 3
406,247,22, 3
407,247,22, 3
408,247,22, 3
409,247,22, 3
410,247,22, 3
411,247,22, 3
412,247,22, 3
413,247,22, 3
414,247,22, 3
415,247,22, 3
416,247,22, 3
417,247,22, 3
418,247,22, 3
419,246,21, 4
420,246,21, 4
421,246,21, 4
422,246,21, 4
423,246,21, 4
424,246,21, 4
425,246,21, 4
426,246,21, 4
427,246,21, 4
428,246,21, 4
429,246,21, 4
430,246,21, 4
431,246,21, 4
432,246,21, 4
433,246,21, 4
434,246,21, 4
435,246,21, 4
436,246,21, 4
437,246,21, 4
438,246,21, 4
439,246,21, 4
440,246,21, 4
441,246,21, 4
442,246,21, 4
443,246,21, 4
444,246,21, 4
445,246,21, 4
446,246,21, 4
447,246,21, 4
448,246,21, 4
449,246,21, 4
450,246,21, 4
451,246,21, 4
452,246,21, 4
453,246,21, 4
454,246,21, 4
455,246,21, 4
456,246,21, 4
457,246,21, 4
458,246,21, 4
459,246,21, 4
460,246,21, 4
461,246,21, 4
462,246,21, 4
463,246,21, 4
464,246,21, 4
465,246,21, 4
466,246,21, 4
467,246,21, 4
468,246,21, 4
469,246,21, 4
470,246,21, 4
471,246,21, 4
472,246,21, 4
473,246,21, 4
474,246,21, 4
475,246,21, 4
476,246,21, 4
477,246,21, 4
478,246,21, 4
479,246,21, 4
480,246,21, 4
481,246,21, 4
482,246,21, 4
483,246,21, 4
484,246,21, 4
485,246,21, 4
486,246,21, 4
487,246,21, 4
488,246,21, 4
489,246,21, 4
490,246,21, 4
491,246,21, 4
492,246,21, 4
493,246,21, 4
494,246,21, 4
495,246,21, 4
496,246,21, 4
497,246,21, 4
498,246,21, 4
499,246,21, 4
500,246,21, 4
501,246,21, 4
502,246,21, 4
503,246,21, 4
504,246,21, 4
505,246,21, 4
506,246,21, 4
507,246,21, 4
508,246,21, 4
509,246,21, 4
510,246,21, 4
511,246,21, 4
512,246,21, 4
513,246,21, 4
514,246,21, 4
515,246,21, 4
516,246,21, 4
517,246,21, 4
518,246,21, 4
519,246,21, 4
520,246,21, 4
521,246,21, 4
522,246,21, 4
523,246,21, 4
524,246,21, 4
525,246,21, 4
526,246,21, 4
527,246,21, 4
528,246,21, 4
529,246,21, 4
530,246,21, 4
531,246,21, 4
532,246,21, 4
533,246,21, 4
534,246,21, 4
535,246,21, 4
536,246,21, 4
537,246,21, 4
538,246,21, 4
539,246,21, 4
540,246,21, 4
541,246,21, 4
542,246,21, 4
543,246,21, 4
544,246,21, 4
545,246,21, 4
546,246,21, 4
547,246,21, 4
548,246,21, 4
549,246,21, 4
550,246,21, 4
551,246,21, 4
552,246,21, 4
553,246,21, 4
554,246,21, 4
555,246,21, 4
556,246,21, 4
557,246,21, 4
558,246,21, 4
559,246,21, 4
560,246,21, 4
561,246,21, 4
562,246,21, 4
563,246,21, 4
564,246,21, 4
565,246,21, 4
566,246,21, 4
567,246,21, 4
568,246,21, 4
569,246,21, 4
570,245,20, 5
571,245,20, 5
572,245,20, 5
573,245,20, 5
574,245,20, 5
575,245,20, 5
576,245,20, 5
577,245,20, 5
578,245,20, 5
579,245,20, 5
580,245,20, 5
581,245,20, 5
582,245,20, 5
583,245,20, 5
584,245,20, 5
585,245,20, 5
586,245,20, 5
587,245,20, 5
588,245,20, 5
589,245,20, 5
590,245,20, 5
591,245,20, 5
592,245,20, 5
593,245,20, 5
594,245,20, 5
595,245,20, 5
596,245,20, 5
597,245,20, 5
598,245,20, 5
599,245,20, 5
600,245,20, 5
601,245,20, 5
602,245,20, 5
603,245,20, 5
604,245,20, 5
605,245,20, 5
606,245,20, 5
607,245,20, 5
608,245,20, 5
609,245,20, 5
610,245,20, 5
611,245,20, 5
612,245,20, 5
613,245,20, 5
614,245,20, 5
615,245,20, 5
616,245,20, 5
617,245,20, 5
618,245,20, 5
619,245,20, 5
620,245,20, 5
621,245,20, 5
622,245,20, 5
623,245,20, 5
624,245,20, 5
625,245,20, 5
626,245,20, 5
627,245,20, 5
628,245,20, 5
629,245,20, 5
630,245,20, 5
631,245,20, 5
632,245,20, 5
633,245,20, 5
634,245,20, 5
635,245,20, 5
636,245,20, 5
637,245,20, 5
638,245,20, 5
639,245,20, 5
640,245,20, 5
641,245,20, 5
642,245,20, 5
643,245,20, 5
644,245,20, 5
645,245,20, 5
646,245,20, 5
647,245,20, 5
648,245,20, 5
649,245,20, 5
650,245,20, 5
651,245,20, 5
652,245,20, 5
653,245,20, 5
654,245,20, 5
655,245,20, 5
656,245,20, 5
657,245,20, 5
658,245,20, 5
659,245,20, 5
660,245,20, 5
661,245,20, 5
662,245,20, 5
663,245,20, 5
664,245,20, 5
665,245,20, 5
666,245,20, 5
667,245,20, 5
668,245,20, 5
669,245,20, 5
670,245,20, 5
671,245,20, 5
672,245,20, 5
673,245,20, 5
674,245,20, 5
675,245,20, 5
676,245,20, 5
677,245,20, 5
678,245,20, 5
679,245,20, 5
680,245,20, 5
681,245,20, 5
682,245,20, 5
683,245,20, 5
684,245,20, 5
685,245,20, 5
686,245,20, 5
687,245,20, 5
688,245,20, 5
689,245,20, 5
690,245,20, 5
691,245,20, 5
692,245,20, 5
693,245,20, 5
694,245,20, 5
695,245,20, 5
696,245,20, 5
697,245,20, 5
698,245,20, 5
699,245,20, 5
700,245,20, 5
701,245,20, 5
702,245,20, 5
703,245,20, 5
704,245,20, 5
705,245,20, 5
706,245,20, 5
707,245,20, 5
708,245,20, 5
709,245,20, 5
710,245,20, 5
711,245,20, 5
712,245,20, 5
713,245,20, 5
714,245,20, 5
715,245,20, 5
716,245,20, 5
717,245,20, 5
718,245,20, 5
719,245,20, 5
720,245,20, 5
721,245,20, 5
722,245,20, 5
723,245,20, 5
724,245,20, 5
725,245,20, 5
726,245,20, 5
727,245,20, 5
728,245,20, 5
729,245,20, 5
730,245,20, 5
731,245,20, 5
732,245,20, 5
733,245,20, 5
734,245,20, 5
735,245,20, 5
736,245,20, 5
737,245,20, 5
738,245,20, 5
739,245,20, 5
740,245,20, 5
741,245,20, 5
742,245,20, 5
743,245,20, 5
744,245,20, 5
745,245,20, 5
746,245,20, 5
747,245,20, 5
748,245,20, 5
749,245,20, 5
750,245,20, 5
751,245,20, 5
752,245,20, 5
753,245,20, 5
754,245,20, 5
755,245,20, 5
756,245,20, 5
757,245,20, 5
758,245,20, 5
759,245,20, 5
760,245,20, 5
761,245,20, 5
762,245,20, 5
763,245,20, 5
764,245,20, 5
765,245,20, 5
766,245,20, 5
767,245,20, 5
768,245,20, 5
769,245,20, 5
770,245,20, 5
771,245,20, 5
772,245,20, 5
773,245,20, 5
774,245,20, 5
775,245,20, 5
776,245,20, 5
777,245,20, 5
778,245,20, 5
779,245,20, 5
780,245,20, 5
781,245,20, 5
782,245,20, 5
783,245,20, 5
784,245,20, 5
785,245,20, 5
786,245,20, 5
787,245,20, 5
788,245,20, 5
789,245,20, 5
790,245,20, 5
791,245,20, 5
792,245,20, 5
793,245,20, 5
794,245,20, 5
795,245,20, 5
796,245,20, 5
797,245,20, 5
798,245,20, 5
799,245,20, 5
800,245,20, 5
801,245,20, 5
802,245,20, 5
803,245,20, 5
804,245,20, 5
805,245,20, 5
806,245,20, 5
807,245,20, 5
808,245,20, 5
809,245,20, 5
810,245,20, 5
811,245,20, 5
812,245,20, 5
813,245,20, 5
814,245,20, 5
815,245,20, 5
816,245,20, 5
817,245,20, 5
818,245,20, 5
819,245,20, 5
820,245,20, 5
821,245,20, 5
822,245,20, 5
823,245,20, 5
824,245,20, 5
825,245,20, 5
826,245,20, 5
827,245,20, 5
828,245,20, 5
829,245,20, 5
830,245,20, 5
831,245,20, 5
832,245,20, 5
833,245,20, 5
834,245,20, 5
835,245,20, 5
836,245,20, 5
837,245,20, 5
838,245,20, 5
839,245,20, 5
840,245,20, 5
841,245,20, 5
842,245,20, 5
843,245,20, 5
844,245,20, 5
845,245,20, 5
846,245,20, 5
847,245,20, 5
848,245,20, 5
849,245,20, 5
850,245,20, 5
851,245,20, 5
852,245,20, 5
853,245,20, 5
854,245,20, 5
855,245,20, 5
856,245,20, 5
857,245,20, 5
858,245,20, 5
859,245,20, 5
860,245,20, 5
861,245,20, 5
862,245,20, 5
863,245,20, 5
864,245,20, 5
865,245,20, 5
866,245,20, 5
867,245,20, 5
868,245,20, 5
869,245,20, 5
870,245,20, 5
871,245,20, 5
872,245,20, 5
873,245,20, 5
874,245,20, 5
875,245,20, 5
876,245,20, 5
877,245,20, 5
878,245,20, 5
879,245,20, 5
880,245,20, 5
881,245,20, 5
882,245,20, 5
883,245,20, 5
884,245,20, 5
885,245,20, 5
886,245,20, 5
887,245,20, 5
888,245,20, 5
889,245,20, 5
890,245,20, 5
891,245,20, 5
892,245,20, 5
893,245,20, 5
894,245,20, 5
895,245,20, 5
896,245,20, 5
897,245,20, 5
898,245,20, 5
899,245,20, 5
900,245,20, 5
901,245,20, 5
902,245,20, 5
903,245,20, 5
904,245,20, 5
905,245,20, 5
906,245,20, 5
907,245,20, 5
908,245,20, 5
909,245,20, 5
910,245,20, 5
911,245,20, 5
912,245,20, 5
913,245,20, 5
914,245,20, 5
915,245,20, 5
916,245,20, 5
917,245,20, 5
918,245,20, 5
919,245,20, 5
920,245,20, 5
921,245,20, 5
922,245,20, 5
923,245,20, 5
924,245,20, 5
925,245,20, 5
926,245,20, 5
927,245,20, 5
928,245,20, 5
929,245,20, 5
930,245,20, 5
931,245,20, 5
932,245,20, 5
933,245,20, 5
934,245,20, 5
935,245,20, 5
936,245,20, 5
937,245,20, 5
938,245,20, 5
939,245,20, 5
940,245,20, 5
941,245,20, 5
942,245,20, 5
943,245,20, 5
944,245,20, 5
945,245,20, 5
946,245,20, 5
947,245,20, 5
948,245,20, 5
949,245,20, 5
950,245,20, 5
951,245,20, 5
952,245,20, 5
953,245,20, 5
954,245,20, 5
955,245,20, 5
956,245,20, 5
957,245,20, 5
958,245,20, 5
959,245,20, 5
960,245,20, 5
961,245,20, 5
962,245,20, 5
963,245,20, 5
964,245,20, 5
965,245,20, 5
966,245,20, 5
967,245,20, 5
968,245,20, 5
969,245,20, 5
970,245,20, 5
971,245,20, 5
972,245,20, 5
973,245,20, 5
974,245,20, 5
975,245,20, 5
976,245,20, 5
977,245,20, 5
978,245,20, 5
979,245,20, 5
980,245,20, 5
981,245,20, 5
982,245,20, 5
983,245,20, 5
984,245,20, 5
985,245,20, 5
986,245,20, 5
987,245,20, 5
988,245,20, 5
989,245,20, 5
990,245,20, 5
991,245,20, 5
992,245,20, 5
993,245,20, 5
994,245,20, 5
995,245,20, 5
996,245,20, 5
997,245,20, 5
998,245,20, 5
999,245,20, 5
1000,245,20, 5
1001,245,20, 5
1002,245,20, 5
1003,245,20, 5
1004,245,20, 5
1005,245,20, 5
1006,245,20, 5
1007,245,20, 5
1008,245,20, 5
1009,245,20, 5
1010,245,20, 5
1011,245,20, 5
1012,245,20, 5
1013,245,20, 5
1014,245,20, 5
1015,245,20, 5
1016,245,20, 5
1017,245,20, 5
1018,245,20, 5
1019,245,20, 5
1020,245,20, 5
1021,245,20, 5
1022,245,20, 5
1023,245,20, 5
1024,245,20, 5
1025,245,20, 5
1026,245,20, 5
1027,245,20, 5
1028,245,20, 5
1029,245,20, 5
1030,245,20, 5
1031,245,20, 5
1032,245,20, 5
1033,245,20, 5
1034,245,20, 5
1035,245,20, 5
1036,245,20, 5
1037,245,20, 5
1038,245,20, 5
1039,245,20, 5
1040,245,20, 5
1041,245,20, 5
1042,245,20, 5
1043,245,20, 5
1044,245,20, 5
1045,245,20, 5
1046,245,20, 5
1047,245,20, 5
1048,245,20, 5
1049,245,20, 5
1050,245,20, 5
1051,245,20, 5
1052,245,20, 5
1053,245,20, 5
1054,245,20, 5
1055,245,20, 5
1056,245,20, 5
1057,245,20, 5
1058,245,20, 5
1059,245,20, 5
1060,245,20, 5
1061,245,20, 5
1062,245,20, 5
1063,245,20, 5
1064,245,20, 5
1065,245,20, 5
1066,245,20, 5
1067,245,20, 5
1068,245,20, 5
1069,245,20, 5
1070,245,20, 5
1071,245,20, 5
1072,245,20, 5
1073,245,20, 5
1074,245,20, 5
1075,245,20, 5
1076,245,20, 5
1077,245,20, 5
1078,245,20, 5
1079,245,20, 5
1080,245,20, 5
1081,245,20, 5
1082,245,20, 5
1083,245,20, 5
1084,245,20, 5
1085,245,20, 5
1086,245,20, 5
1087,245,20, 5
1088,245,20, 5
1089,245,20, 5
1090,245,20, 5
1091,245,20, 5
1092,245,20, 5
1093,245,20, 5
1094,245,20, 5
1095,245,20, 5
1096,245,20, 5
1097,245,20, 5
1098,245,20, 5
1099,245,20, 5
1100,245,20, 5
1101,245,20, 5
1102,245,20, 5
1103,245,20, 5
1104,245,20, 5
1105,245,20, 5
1106,245,20, 5
1107,245,20, 5
1108,245,20, 5
1109,245,20, 5
1110,245,20, 5
1111,245,20, 5
1112,245,20, 5
1113,245,20, 5
1114,245,20, 5
1115,245,20, 5
1116,245,20, 5
1117,245,20, 5
1118,245,20, 5
1119,245,20, 5
1120,245,20, 5
1121,245,20, 5
1122,245,20, 5
1123,245,20, 5
1124,245,20, 5
1125,245,20, 5
1126,245,20, 5
1127,245,20, 5
1128,245,20, 5
1129,245,20, 5
1130,245,20, 5
1131,245,20, 5
1132,245,20, 5
1133,245,20, 5
1134,245,20, 5
1135,245,20, 5
1136,245,20, 5
1137,245,20, 5
1138,245,20, 5
1139,245,20, 5
1140,245,20, 5
1141,245,20, 5
1142,245,20, 5
1143,245,20, 5
1144,245,20, 5
1145,245,20, 5
1146,245,20, 5
1147,245,20, 5
1148,245,20, 5
1149,245,20, 5
1150,245,20, 5
1151,245,20, 5
1152,245,20, 5
1153,245,20, 5
1154,245,20, 5
1155,245,20, 5
1156,245,20, 5
1157,245,20, 5
1158,245,20, 5
1159,245,20, 5
1160,245,20, 5
1161,245,20, 5
1162,245,20, 5
1163,245,20, 5
1164,245,20, 5
1165,245,20, 5
1166,245,20, 5
1167,245,20, 5
1168,245,20, 5
1169,245,20, 5
1170,245,20, 5
1171,245,20, 5
1172,245,20, 5
1173,245,20, 5
1174,245,20, 5
1175,245,20, 5
1176,245,20, 5
1177,245,20, 5
1178,245,20, 5
1179,245,20, 5
1180,245,20, 5
1181,245,20, 5
1182,245,20, 5
1183,245,20, 5
1184,245,20, 5
1185,245,20, 5
1186,245,20, 5
1187,245,20, 5
1188,245,20, 5
1189,245,20, 5
1190,245,20, 5
1191,245,20, 5
1192,245,20, 5
1193,245,20, 5
1194,245,20, 5
1195,245,20, 5
1196,245,20, 5
1197,245,20, 5
1198,245,20, 5
1199,245,20, 5
1200,245,20, 5
1201,245,20, 5
1202,245,20, 5
1203,245,20, 5
1204,245,20, 5
1205,245,20, 5
1206,245,20, 5
1207,245,20, 5
1208,245,20, 5
1209,245,20, 5
1210,245,20, 5
1211,245,20, 5
1212,245,20, 5
1213,245,20, 5
1214,245,20, 5
1215,245,20, 5
1216,245,20, 5
1217,245,20, 5
1218,245,20, 5
1219,245,20, 5
1220,245,20, 5
1221,245,20, 5
1222,245,20, 5
1223,245,20, 5
1224,245,20, 5
1225,245,20, 5
1226,245,20, 5
1227,245,20, 5
1228,245,20, 5
1229,245,20, 5
1230,245,20, 5
1231,245,20, 5
1232,245,20, 5
1233,245,20, 5
1234,245,20, 5
1235,245,20, 5
1236,245,20, 5
1237,245,20, 5
1238,245,20, 5
1239,245,20, 5
1240,245,20, 5
1241,245,20, 5
1242,245,20, 5
1243,245,20, 5
1244,245,20, 5
1245,245,20, 5
1246,245,20, 5
1247,245,20, 5
1248,245,20, 5
1249,245,20, 5
1250,244,19, 6
1251,244,19, 6
1252,244,19, 6
1253,244,19, 6
1254,244,19, 6
1255,244,19, 6
1256,244,19, 6
1257,244,19, 6
1258,244,19, 6
1259,244,19, 6
1260,244,19, 6
1261,244,19, 6
1262,244,19, 6
1263,244,19, 6
1264,244,19, 6
1265,244,19, 6
1266,244,19, 6
1267,244,19, 6
1268,244,19, 6
1269,244,19, 6
1270,244,19, 6
1271,244,19, 6
1272,244,19, 6
1273,244,19, 6
1274,244,19, 6
1275,244,19, 6
1276,244,19, 6
1277,244,19, 6
1278,244,19, 6
1279,244,19, 6
1280,244,19, 6
1281,244,19, 6
1282,244,19, 6
1283,244,19, 6
1284,244,19, 6
1285,244,19, 6
1286,244,19, 6
1287,244,19, 6
1288,244,19, 6
1289,244,19, 6
1290,244,19, 6
1291,244,19, 6
1292,244,19, 6
1293,244,19, 6
1294,244,19, 6
1295,244,19, 6
1296,244,19, 6
1297,244,19, 6
1298,244,19, 6
1299,244,19, 6
1300,244,19, 6
1301,244,19, 6
1302,244,19, 6
1303,244,19, 6
1304,244,19, 6
1305,244,19, 6
1306,244,19, 6
1307,244,19, 6
1308,244,19, 6
1309,244,19, 6
1310,244,19, 6
1311,244,19, 6
1312,244,19, 6
1313,244,19, 6
1314,244,19, 6
1315,244,19, 6
1316,244,19, 6
1317,244,19, 6
1318,244,19, 6
1319,244,19, 6
1320,244,19, 6
1321,244,19, 6
1322,244,19, 6
1323,244,19, 6
1324,244,19, 6
1325,244,19, 6
1326,244,19, 6
1327,244,19, 6
1328,244,19, 6
1329,244,19, 6
1330,244,19, 6
1331,244,19, 6
1332,244,19, 6
1333,244,19, 6
1334,244,19, 6
1335,244,19, 6
1336,244,19, 6
1337,244,19, 6
1338,244,19, 6
1339,244,19, 6
1340,244,19, 6
1341,244,19, 6
1342,244,19, 6
1343,244,19, 6
1344,244,19, 6
1345,244,19, 6
1346,244,19, 6
1347,244,19, 6
1348,244,19, 6
1349,244,19, 6
1350,244,19, 6
1351,244,19, 6
1352,244,19, 6
1353,244,19, 6
1354,244,19, 6
1355,244,19, 6
1356,244,19, 6
1357,244,19, 6
1358,243,18, 7
1359,243,18, 7
1360,242,17, 8
1361,242,17, 8
1362,242,17, 8
1363,242,17, 8
1364,242,17, 8
1365,242,17, 8
1366,242,17, 8
1367,242,17, 8
1368,242,17, 8
1369,242,17, 8
1370,242,17, 8
1371,242,17, 8
1372,242,17, 8
1373,242,17, 8
1374,242,17, 8
1375,242,17, 8
1376,242,17, 8
1377,242,17, 8
1378,242,17, 8
1379,242,17, 8
1380,242,17, 8
1381,242,17, 8
1382,242,17, 8
1383,242,17, 8
1384,242,17, 8
1385,242,17, 8
1386,242,17, 8
1387,242,17, 8
1388,242,17, 8
1389,242,17, 8
1390,242,17, 8
1391,242,17, 8
1392,242,17, 8
1393,242,17, 8
1394,242,17, 8
1395,242,17, 8
1396,242,17, 8
1397,242,17, 8
1398,242,17, 8
1399,242,17, 8
1400,242,17, 8
1401,242,17, 8
1402,242,17, 8
1403,242,17, 8
1404,242,17, 8
1405,242,17, 8
1406,242,17, 8
1407,242,17, 8
1408,242,17, 8
1409,242,17, 8
1410,242,17, 8
1411,242,17, 8
1412,242,17, 8
1413,242,17, 8
1414,242,17, 8
1415,242,17, 8
1416,242,17, 8
1417,242,17, 8
1418,242,17, 8
1419,242,17, 8
1420,242,17, 8
1421,242,17, 8
1422,242,17, 8
1423,242,17, 8
1424,242,17, 8
1425,242,17, 8
1426,242,17, 8
1427,242,17, 8
1428,242,17, 8
1429,242,17, 8
1430,242,17, 8
1431,242,17, 8
1432,242,17, 8
1433,242,17, 8
1434,242,17, 8
1435,242,17, 8
1436,242,17, 8
1437,242,17, 8
1438,242,17, 8
1439,242,17, 8
1440,242,17, 8
1441,242,17, 8
1442,242,17, 8
1443,242,17, 8
1444,242,17, 8
1445,242,17, 8
1446,242,17, 8
1447,242,17, 8
1448,242,17, 8
1449,242,17, 8
1450,242,17, 8
1451,242,17, 8
1452,242,17, 8
1453,242,17, 8
1454,242,17, 8
1455,242,17, 8
1456,242,17, 8
1457,242,17, 8
1458,242,17, 8
1459,242,17, 8
1460,242,17, 8
1461,242,17, 8
1462,242,17, 8
1463,242,17, 8
1464,242,17, 8
1465,242,17, 8
1466,242,17, 8
1467,242,17, 8
1468,242,17, 8
1469,242,17, 8
1470,242,17, 8
1471,242,17, 8
1472,242,17, 8
1473,242,17, 8
1474,242,17, 8
1475,242,17, 8
1476,242,17, 8
1477,242,17, 8
1478,242,17, 8
1479,242,17, 8
1480,242,17, 8
1481,242,17, 8
1482,242,17, 8
1483,242,17, 8
1484,242,17, 8
1485,242,17, 8
1486,242,17, 8
1487,242,17, 8
1488,242,17, 8
1489,242,17, 8
1490,242,17, 8
1491,242,17, 8
1492,242,17, 8
1493,242,17, 8
1494,242,17, 8
1495,242,17, 8
1496,242,17, 8
1497,242,17, 8
1498,242,17, 8
1499,242,17, 8
