0,248,23, 2
1,248,23, 2
2,248,23, 2
3,248,23, 2
4,248,23, 2
5,248,23, 2
6,248,23, 2
7,248,23, 2
8,248,23, 2
9,248,23, 2
10,248,23, 2
11,248,23, 2
12,248,23, 2
13,248,23, 2
14,248,23, 2
15,248,23, 2
16,248,23, 2
17,248,23, 2
18,248,23, 2
19,248,23, 2
20,248,23, 2
21,248,23, 2
22,248,23, 2
23,248,23, 2
24,248,23, 2
25,248,23, 2
26,248,23, 2
27,248,23, 2
28,248,23, 2
29,248,23, 2
30,248,23, 2
31,248,23, 2
32,248,23, 2
33,248,23, 2
34,248,23, 2
35,248,23, 2
36,248,23, 2
37,248,23, 2
38,248,23, 2
39,248,23, 2
40,248,23, 2
41,248,23, 2
42,248,23, 2
43,248,23, 2
44,248,23, 2
45,248,23, 2
46,248,23, 2
47,248,23, 2
48,248,23, 2
49,248,23, 2
50,248,23, 2
51,248,23, 2
52,248,23, 2
53,248,23, 2
54,248,23, 2
55,248,23, 2
56,248,23, 2
57,248,23, 2
58,248,23, 2
59,248,23, 2
60,248,23, 2
61,248,23, 2
62,248,23, 2
63,248,23, 2
64,248,23, 2
65,248,23, 2
66,248,23, 2
67,248,23, 2
68,248,23, 2
69,248,23, 2
70,248,23, 2
71,248,23, 2
72,248,23, 2
73,248,23, 2
74,248,23, 2
75,248,23, 2
76,248,23, 2
77,248,23, 2
78,248,23, 2
79,248,23, 2
80,248,23, 2
81,248,23, 2
82,248,23, 2
83,248,23, 2
84,248,23, 2
85,248,23, 2
86,248,23, 2
87,248,23, 2
88,248,23, 2
89,248,23, 2
90,248,23, 2
91,248,23, 2
92,248,23, 2
93,248,23, 2
94,248,23, 2
95,248,23, 2
96,248,23, 2
97,248,23, 2
98,248,23, 2
99,248,23, 2
100,248,23, 2
101,248,23, 2
102,248,23, 2
103,248,23, 2
104,248,23, 2
105,248,23, 2
106,248,23, 2
107,248,23, 2
108,248,23, 2
109,248,23, 2
110,248,23, 2
111,248,23, 2
112,248,23, 2
113,248,23, 2
114,248,23, 2
115,248,23, 2
116,248,23, 2
117,248,23, 2
118,248,23, 2
119,248,23, 2
120,248,23, 2
121,248,23, 2
122,248,23, 2
123,248,23, 2
124,248,23, 2
125,248,23, 2
126,248,23, 2
127,248,23, 2
128,248,23, 2
129,248,23, 2
130,248,23, 2
131,248,23, 2
132,248,23, 2
133,248,23, 2
134,247,22, 3
135,247,22, 3
136,247,22, 3
137,247,22, 3
138,247,22, 3
139,247,22, 3
140,247,22, 3
141,247,22, 3
142,247,22, 3
143,247,22, 3
144,247,22, 3
145,247,22, 3
146,247,22, 3
147,247,22, 3
148,247,22, 3
149,247,22, 3
150,247,22, 3
151,247,22, 3
152,247,22, 3
153,247,22, 3
154,247,22, 3
155,247,22, 3
156,247,22, 3
157,247,22, 3
158,247,22, 3
159,247,22, 3
160,247,22, 3
161,247,22, 3
162,247,22, 3
163,247,22, 3
164,247,22, 3
165,247,22, 3
166,247,22, 3
167,247,22, 3
168,247,22, 3
169,247,22, 3
170,247,22, 3
171,247,22, 3
172,247,22, 3
173,247,22, 3
174,247,22, 3
175,247,22, 3
176,247,22, 3
177,247,22, 3
178,247,22, 3
179,247,22, 3
180,247,22, 3
181,247,22, 3
182,247,22, 3
183,247,22, 3
184,247,22, 3
185,247,22, 3
186,247,22, 3
187,247,22, 3
188,247,22, 3
189,247,22, 3
190,247,22, 3
191,247,22, 3
192,247,22, 3
193,247,22, 3
194,247,22, 3
195,247,22, 3
196,247,22, 3
197,247,22, 3
198,247,22, 3
199,247,22, 3
200,247,22, 3
201,247,22, 3
202,247,22, 3
203,247,22, 3
204,247,22, 3
205,247,22, 3
206,247,22, 3
207,247,22, 3
208,247,22, 3
209,247,22, 3
210,247,22, 3
211,247,22, 3
212,247,22, 3
213,247,22, 3
214,247,22, 3
215,247,22, 3
216,247,22, 3
217,247,22, 3
218,247,22, 3
219,247,22, 3
220,247,22, 3
221,247,22, 3
222,247,22, 3
223,247,22, 3
224,247,22, 3
225,247,22, 3
226,247,22, 3
227,247,22, 3
228,247,22, 3
229,247,22, 3
230,247,22, 3
231,247,22, 3
232,247,22, 3
233,247,22, 3
234,247,22, 3
235,247,22, 3
236,247,22, 3
237,247,22, 3
238,247,22, 3
239,247,22, 3
240,247,22, 3
241,247,22, 3
242,247,22, 3
243,246,21, 4
244,246,21, 4
245,246,21, 4
246,246,21, 4
247,246,21, 4
248,246,21, 4
249,246,21, 4
250,246,21, 4
251,246,21, 4
252,246,21, 4
253,246,21, 4
254,246,21, 4
255,246,21, 4
256,246,21, 4
257,246,21, 4
258,246,21, 4
259,246,21, 4
260,246,21, 4
261,246,21, 4
262,246,21, 4
263,246,21, 4
264,246,21, 4
265,246,21, 4
266,246,21, 4
267,246,21, 4
268,246,21, 4
269,246,21, 4
270,246,21, 4
271,246,21, 4
272,246,21, 4
273,246,21, 4
274,246,21, 4
275,246,21, 4
276,246,21, 4
277,246,21, 4
278,246,21, 4
279,246,21, 4
280,246,21, 4
281,246,21, 4
282,246,21, 4
283,246,21, 4
284,246,21, 4
285,246,21, 4
286,246,21, 4
287,246,21, 4
288,246,21, 4
289,246,21, 4
290,246,21, 4
291,246,21, 4
292,246,21, 4
293,246,21, 4
294,246,21, 4
295,246,21, 4
296,246,21, 4
297,246,21, 4
298,246,21, 4
299,246,21, 4
300,246,21, 4
301,246,21, 4
302,246,21, 4
303,246,21, 4
304,246,21, 4
305,246,21, 4
306,246,21, 4
307,246,21, 4
308,246,21, 4
309,246,21, 4
310,246,21, 4
311,246,21, 4
312,246,21, 4
313,246,21, 4
314,246,21, 4
315,246,21, 4
316,246,21, 4
317,246,21, 4
318,246,21, 4
319,246,21, 4
320,246,21, 4
321,246,21, 4
322,246,21, 4
323,246,21, 4
324,246,21, 4
325,246,21, 4
326,246,21, 4
327,246,21, 4
328,246,21, 4
329,246,21, 4
330,246,21, 4
331,246,21, 4
332,246,21, 4
333,246,21, 4
334,246,21, 4
335,246,21, 4
336,246,21, 4
337,246,21, 4
338,246,21, 4
339,246,21, 4
340,246,21, 4
341,246,21, 4
342,246,21, 4
343,246,21, 4
344,246,21, 4
345,246,21, 4
346,246,21, 4
347,246,21, 4
348,246,21, 4
349,246,21, 4
350,246,21, 4
351,246,21, 4
352,246,21, 4
353,246,21, 4
354,246,21, 4
355,246,21, 4
356,246,21, 4
357,246,21, 4
358,246,21, 4
359,246,21, 4
360,246,21, 4
361,246,21, 4
362,246,21, 4
363,246,21, 4
364,246,21, 4
365,246,21, 4
366,246,21, 4
367,246,21, 4
368,246,21, 4
369,246,21, 4
370,246,21, 4
371,246,21, 4
372,246,21, 4
373,246,21, 4
374,246,21, 4
375,246,21, 4
376,246,21, 4
377,246,21, 4
378,246,21, 4
379,246,21, 4
380,246,21, 4
381,246,21, 4
382,246,21, 4
383,246,21, 4
384,246,21, 4
385,246,21, 4
386,246,21, 4
387,246,21, 4
388,246,21, 4
389,246,21, 4
390,246,21, 4
391,246,21, 4
392,246,21, 4
393,246,21, 4
394,246,21, 4
395,246,21, 4
396,246,21, 4
397,246,21, 4
398,246,21, 4
399,246,21, 4
400,246,21, 4
401,246,21, 4
402,246,21, 4
403,246,21, 4
404,246,21, 4
405,246,21, 4
406,246,21, 4
407,246,21, 4
408,246,21, 4
409,246,21, 4
410,246,21, 4
411,246,21, 4
412,246,21, 4
413,246,21, 4
414,246,21, 4
415,246,21, 4
416,246,21, 4
417,246,21, 4
418,246,21, 4
419,246,21, 4
420,246,21, 4
421,246,21, 4
422,246,21, 4
423,246,21, 4
424,246,21, 4
425,246,21, 4
426,246,21, 4
427,246,21, 4
428,246,21, 4
429,246,21, 4
430,246,21, 4
431,246,21, 4
432,246,21, 4
433,246,21, 4
434,246,21, 4
435,246,21, 4
436,246,21, 4
437,246,21, 4
438,246,21, 4
439,246,21, 4
440,246,21, 4
441,246,21, 4
442,246,21, 4
443,246,21, 4
444,246,21, 4
445,246,21, 4
446,246,21, 4
447,246,21, 4
448,246,21, 4
449,246,21, 4
450,246,21, 4
451,246,21, 4
452,246,21, 4
453,246,21, 4
454,246,21, 4
455,246,21, 4
456,246,21, 4
457,246,21, 4
458,246,21, 4
459,246,21, 4
460,246,21, 4
461,246,21, 4
462,246,21, 4
463,246,21, 4
464,246,21, 4
465,246,21, 4
466,246,21, 4
467,246,21, 4
468,246,21, 4
469,246,21, 4
470,246,21, 4
471,246,21, 4
472,246,21, 4
473,246,21, 4
474,246,21, 4
475,246,21, 4
476,246,21, 4
477,246,21, 4
478,246,21, 4
479,246,21, 4
480,246,21, 4
481,246,21, 4
482,246,21, 4
483,246,21, 4
484,246,21, 4
485,246,21, 4
486,246,21, 4
487,246,21, 4
488,246,21, 4
489,246,21, 4
490,246,21, 4
491,246,21, 4
492,246,21, 4
493,246,21, 4
494,246,21, 4
495,246,21, 4
496,246,21, 4
497,246,21, 4
498,246,21, 4
499,246,21, 4
500,246,21, 4
501,246,21, 4
502,246,21, 4
503,246,21, 4
504,246,21, 4
505,246,21, 4
506,246,21, 4
507,246,21, 4
508,246,21, 4
509,246,21, 4
510,246,21, 4
511,246,21, 4
512,246,21, 4
513,246,21, 4
514,246,21, 4
515,246,21, 4
516,246,21, 4
517,246,21, 4
518,246,21, 4
519,246,21, 4
520,246,21, 4
521,246,21, 4
522,246,21, 4
523,246,21, 4
524,246,21, 4
525,246,21, 4
526,246,21, 4
527,246,21, 4
528,246,21, 4
529,246,21, 4
530,246,21, 4
531,246,21, 4
532,246,21, 4
533,246,21, 4
534,246,21, 4
535,246,21, 4
536,246,21, 4
537,246,21, 4
538,246,21, 4
539,246,21, 4
540,246,21, 4
541,246,21, 4
542,246,21, 4
543,246,21, 4
544,246,21, 4
545,246,21, 4
546,246,21, 4
547,246,21, 4
548,246,21, 4
549,246,21, 4
550,246,21, 4
551,246,21, 4
552,246,21, 4
553,246,21, 4
554,246,21, 4
555,246,21, 4
556,246,21, 4
557,246,21, 4
558,246,21, 4
559,246,21, 4
560,246,21, 4
561,246,21, 4
562,246,21, 4
563,246,21, 4
564,246,21, 4
565,246,21, 4
566,246,21, 4
567,246,21, 4
568,246,21, 4
569,246,21, 4
570,246,21, 4
571,246,21, 4
572,246,21, 4
573,246,21, 4
574,246,21, 4
575,246,21, 4
576,246,21, 4
577,246,21, 4
578,246,21, 4
579,246,21, 4
580,246,21, 4
581,246,21, 4
582,246,21, 4
583,246,21, 4
584,246,21, 4
585,246,21, 4
586,246,21, 4
587,246,21, 4
588,246,21, 4
589,246,21, 4
590,246,21, 4
591,246,21, 4
592,246,21, 4
593,246,21, 4
594,246,21, 4
595,246,21, 4
596,246,21, 4
597,246,21, 4
598,246,21, 4
599,246,21, 4
600,246,21, 4
601,246,21, 4
602,246,21, 4
603,246,21, 4
604,246,21, 4
605,246,21, 4
606,246,21, 4
607,246,21, 4
608,246,21, 4
609,246,21, 4
610,246,21, 4
611,246,21, 4
612,246,21, 4
613,246,21, 4
614,246,21, 4
615,246,21, 4
616,246,21, 4
617,246,21, 4
618,246,21, 4
619,246,21, 4
620,246,21, 4
621,246,21, 4
622,246,21, 4
623,246,21, 4
624,246,21, 4
625,246,21, 4
626,246,21, 4
627,246,21, 4
628,246,21, 4
629,246,21, 4
630,246,21, 4
631,246,21, 4
632,246,21, 4
633,246,21, 4
634,246,21, 4
635,246,21, 4
636,246,21, 4
637,246,21, 4
638,246,21, 4
639,246,21, 4
640,246,21, 4
641,246,21, 4
642,246,21, 4
643,246,21, 4
644,246,21, 4
645,246,21, 4
646,246,21, 4
647,246,21, 4
648,246,21, 4
649,246,21, 4
650,246,21, 4
651,246,21, 4
652,246,21, 4
653,246,21, 4
654,246,21, 4
655,246,21, 4
656,246,21, 4
657,246,21, 4
658,246,21, 4
659,246,21, 4
660,246,21, 4
661,246,21, 4
662,246,21, 4
663,246,21, 4
664,246,21, 4
665,246,21, 4
666,246,21, 4
667,246,21, 4
668,246,21, 4
669,246,21, 4
670,246,21, 4
671,246,21, 4
672,246,21, 4
673,246,21, 4
674,246,21, 4
675,246,21, 4
676,246,21, 4
677,246,21, 4
678,246,21, 4
679,246,21, 4
680,246,21, 4
681,246,21, 4
682,246,21, 4
683,246,21, 4
684,246,21, 4
685,246,21, 4
686,246,21, 4
687,246,21, 4
688,246,21, 4
689,246,21, 4
690,246,21, 4
691,246,21, 4
692,246,21, 4
693,246,21, 4
694,246,21, 4
695,246,21, 4
696,246,21, 4
697,246,21, 4
698,246,21, 4
699,246,21, 4
700,246,21, 4
701,246,21, 4
702,246,21, 4
703,246,21, 4
704,246,21, 4
705,246,21, 4
706,246,21, 4
707,246,21, 4
708,246,21, 4
709,246,21, 4
710,246,21, 4
711,246,21, 4
712,246,21, 4
713,246,21, 4
714,246,21, 4
715,246,21, 4
716,246,21, 4
717,246,21, 4
718,246,21, 4
719,246,21, 4
720,246,21, 4
721,246,21, 4
722,246,21, 4
723,246,21, 4
724,246,21, 4
725,246,21, 4
726,246,21, 4
727,246,21, 4
728,246,21, 4
729,246,21, 4
730,246,21, 4
731,246,21, 4
732,246,21, 4
733,246,21, 4
734,246,21, 4
735,246,21, 4
736,246,21, 4
737,246,21, 4
738,246,21, 4
739,246,21, 4
740,246,21, 4
741,246,21, 4
742,246,21, 4
743,246,21, 4
744,246,21, 4
745,246,21, 4
746,246,21, 4
747,246,21, 4
748,246,21, 4
749,246,21, 4
750,246,21, 4
751,246,21, 4
752,246,21, 4
753,246,21, 4
754,246,21, 4
755,246,21, 4
756,246,21, 4
757,246,21, 4
758,246,21, 4
759,246,21, 4
760,246,21, 4
761,246,21, 4
762,246,21, 4
763,246,21, 4
764,246,21, 4
765,246,21, 4
766,246,21, 4
767,246,21, 4
768,246,21, 4
769,246,21, 4
770,246,21, 4
771,246,21, 4
772,246,21, 4
773,246,21, 4
774,246,21, 4
775,246,21, 4
776,246,21, 4
777,246,21, 4
778,246,21, 4
779,246,21, 4
780,246,21, 4
781,246,21, 4
782,246,21, 4
783,246,21, 4
784,246,21, 4
785,246,21, 4
786,246,21, 4
787,246,21, 4
788,246,21, 4
789,246,21, 4
790,246,21, 4
791,246,21, 4
792,246,21, 4
793,246,21, 4
794,246,21, 4
795,246,21, 4
796,246,21, 4
797,246,21, 4
798,246,21, 4
799,246,21, 4
800,246,21, 4
801,246,21, 4
802,246,21, 4
803,246,21, 4
804,246,21, 4
805,246,21, 4
806,246,21, 4
807,246,21, 4
808,246,21, 4
809,246,21, 4
810,246,21, 4
811,246,21, 4
812,246,21, 4
813,246,21, 4
814,246,21, 4
815,246,21, 4
816,246,21, 4
817,246,21, 4
818,246,21, 4
819,246,21, 4
820,246,21, 4
821,246,21, 4
822,246,21, 4
823,246,21, 4
824,246,21, 4
825,246,21, 4
826,246,21, 4
827,246,21, 4
828,246,21, 4
829,246,21, 4
830,246,21, 4
831,246,21, 4
832,246,21, 4
833,246,21, 4
834,246,21, 4
835,246,21, 4
836,246,21, 4
837,246,21, 4
838,246,21, 4
839,246,21, 4
840,246,21, 4
841,246,21, 4
842,246,21, 4
843,246,21, 4
844,246,21, 4
845,246,21, 4
846,246,21, 4
847,246,21, 4
848,246,21, 4
849,246,21, 4
850,246,21, 4
851,246,21, 4
852,246,21, 4
853,246,21, 4
854,246,21, 4
855,246,21, 4
856,246,21, 4
857,246,21, 4
858,246,21, 4
859,246,21, 4
860,246,21, 4
861,246,21, 4
862,246,21, 4
863,246,21, 4
864,246,21, 4
865,246,21, 4
866,246,21, 4
867,246,21, 4
868,246,21, 4
869,246,21, 4
870,246,21, 4
871,246,21, 4
872,246,21, 4
873,246,21, 4
874,246,21, 4
875,246,21, 4
876,246,21, 4
877,246,21, 4
878,246,21, 4
879,246,21, 4
880,246,21, 4
881,246,21, 4
882,246,21, 4
883,246,21, 4
884,246,21, 4
885,246,21, 4
886,246,21, 4
887,246,21, 4
888,246,21, 4
889,246,21, 4
890,246,21, 4
891,246,21, 4
892,246,21, 4
893,246,21, 4
894,246,21, 4
895,246,21, 4
896,246,21, 4
897,246,21, 4
898,246,21, 4
899,246,21, 4
900,246,21, 4
901,246,21, 4
902,246,21, 4
903,246,21, 4
904,246,21, 4
905,246,21, 4
906,246,21, 4
907,246,21, 4
908,246,21, 4
909,246,21, 4
910,246,21, 4
911,246,21, 4
912,246,21, 4
913,246,21, 4
914,246,21, 4
915,246,21, 4
916,246,21, 4
917,246,21, 4
918,246,21, 4
919,246,21, 4
920,246,21, 4
921,246,21, 4
922,246,21, 4
923,246,21, 4
924,246,21, 4
925,246,21, 4
926,246,21, 4
927,246,21, 4
928,246,21, 4
929,246,21, 4
930,246,21, 4
931,246,21, 4
932,246,21, 4
933,246,21, 4
934,246,21, 4
935,246,21, 4
936,246,21, 4
937,246,21, 4
938,246,21, 4
939,246,21, 4
940,246,21, 4
941,246,21, 4
942,246,21, 4
943,246,21, 4
944,246,21, 4
945,246,21, 4
946,246,21, 4
947,246,21, 4
948,246,21, 4
949,246,21, 4
950,246,21, 4
951,246,21, 4
952,246,21, 4
953,246,21, 4
954,246,21, 4
955,246,21, 4
956,246,21, 4
957,246,21, 4
958,246,21, 4
959,246,21, 4
960,246,21, 4
961,246,21, 4
962,245,20, 5
963,245,20, 5
964,245,20, 5
965,245,20, 5
966,245,20, 5
967,245,20, 5
968,245,20, 5
969,245,20, 5
970,245,20, 5
971,245,20, 5
972,245,20, 5
973,245,20, 5
974,245,20, 5
975,245,20, 5
976,245,20, 5
977,245,20, 5
978,245,20, 5
979,245,20, 5
980,245,20, 5
981,245,20, 5
982,245,20, 5
983,245,20, 5
984,245,20, 5
985,245,20, 5
986,245,20, 5
987,245,20, 5
988,245,20, 5
989,245,20, 5
990,245,20, 5
991,245,20, 5
992,245,20, 5
993,245,20, 5
994,245,20, 5
995,245,20, 5
996,245,20, 5
997,245,20, 5
998,245,20, 5
999,245,20, 5
1000,245,20, 5
1001,245,20, 5
1002,245,20, 5
1003,245,20, 5
1004,245,20, 5
1005,245,20, 5
1006,245,20, 5
1007,245,20, 5
1008,245,20, 5
1009,245,20, 5
1010,245,20, 5
1011,245,20, 5
1012,245,20, 5
1013,245,20, 5
1014,245,20, 5
1015,245,20, 5
1016,245,20, 5
1017,245,20, 5
1018,245,20, 5
1019,245,20, 5
1020,245,20, 5
1021,245,20, 5
1022,245,20, 5
1023,245,20, 5
1024,245,20, 5
1025,245,20, 5
1026,245,20, 5
1027,245,20, 5
1028,245,20, 5
1029,245,20, 5
1030,245,20, 5
1031,245,20, 5
1032,245,20, 5
1033,245,20, 5
1034,245,20, 5
1035,245,20, 5
1036,245,20, 5
1037,245,20, 5
1038,245,20, 5
1039,245,20, 5
1040,245,20, 5
1041,245,20, 5
1042,245,20, 5
1043,245,20, 5
1044,245,20, 5
1045,245,20, 5
1046,245,20, 5
1047,245,20, 5
1048,245,20, 5
1049,245,20, 5
1050,245,20, 5
1051,245,20, 5
1052,245,20, 5
1053,245,20, 5
1054,245,20, 5
1055,245,20, 5
1056,245,20, 5
1057,245,20, 5
1058,245,20, 5
1059,245,20, 5
1060,245,20, 5
1061,245,20, 5
1062,245,20, 5
1063,245,20, 5
1064,245,20, 5
1065,245,20, 5
1066,245,20, 5
1067,245,20, 5
1068,245,20, 5
1069,245,20, 5
1070,245,20, 5
1071,245,20, 5
1072,245,20, 5
1073,245,20, 5
1074,245,20, 5
1075,245,20, 5
1076,245,20, 5
1077,245,20, 5
1078,245,20, 5
1079,245,20, 5
1080,245,20, 5
1081,245,20, 5
1082,245,20, 5
1083,245,20, 5
1084,245,20, 5
1085,245,20, 5
1086,245,20, 5
1087,245,20, 5
1088,245,20, 5
1089,245,20, 5
1090,245,20, 5
1091,245,20, 5
1092,245,20, 5
1093,245,20, 5
1094,245,20, 5
1095,245,20, 5
1096,245,20, 5
1097,245,20, 5
1098,245,20, 5
1099,245,20, 5
1100,245,20, 5
1101,245,20, 5
1102,245,20, 5
1103,245,20, 5
1104,245,20, 5
1105,245,20, 5
1106,245,20, 5
1107,245,20, 5
1108,245,20, 5
1109,245,20, 5
1110,245,20, 5
1111,245,20, 5
1112,245,20, 5
1113,245,20, 5
1114,245,20, 5
1115,245,20, 5
1116,245,20, 5
1117,245,20, 5
1118,245,20, 5
1119,245,20, 5
1120,245,20, 5
1121,245,20, 5
1122,245,20, 5
1123,245,20, 5
1124,245,20, 5
1125,245,20, 5
1126,245,20, 5
1127,245,20, 5
1128,245,20, 5
1129,245,20, 5
1130,245,20, 5
1131,245,20, 5
1132,245,20, 5
1133,245,20, 5
1134,245,20, 5
1135,245,20, 5
1136,245,20, 5
1137,245,20, 5
1138,245,20, 5
1139,245,20, 5
1140,245,20, 5
1141,245,20, 5
1142,245,20, 5
1143,245,20, 5
1144,245,20, 5
1145,245,20, 5
1146,245,20, 5
1147,245,20, 5
1148,245,20, 5
1149,245,20, 5
1150,245,20, 5
1151,245,20, 5
1152,245,20, 5
1153,245,20, 5
1154,245,20, 5
1155,245,20, 5
1156,245,20, 5
1157,245,20, 5
1158,245,20, 5
1159,245,20, 5
1160,245,20, 5
1161,245,20, 5
1162,245,20, 5
1163,245,20, 5
1164,245,20, 5
1165,245,20, 5
1166,245,20, 5
1167,245,20, 5
1168,245,20, 5
1169,245,20, 5
1170,245,20, 5
1171,245,20, 5
1172,245,20, 5
1173,245,20, 5
1174,245,20, 5
1175,245,20, 5
1176,245,20, 5
1177,245,20, 5
1178,245,20, 5
1179,245,20, 5
1180,245,20, 5
1181,245,20, 5
1182,245,20, 5
1183,245,20, 5
1184,245,20, 5
1185,245,20, 5
1186,245,20, 5
1187,245,20, 5
1188,245,20, 5
1189,245,20, 5
1190,245,20, 5
1191,245,20, 5
1192,245,20, 5
1193,245,20, 5
1194,245,20, 5
1195,245,20, 5
1196,245,20, 5
1197,245,20, 5
1198,245,20, 5
1199,245,20, 5
1200,245,20, 5
1201,245,20, 5
1202,245,20, 5
1203,245,20, 5
1204,245,20, 5
1205,245,20, 5
1206,245,20, 5
1207,245,20, 5
1208,245,20, 5
1209,245,20, 5
1210,245,20, 5
1211,245,20, 5
1212,245,20, 5
1213,245,20, 5
1214,245,20, 5
1215,245,20, 5
1216,245,20, 5
1217,245,20, 5
1218,245,20, 5
1219,245,20, 5
1220,245,20, 5
1221,245,20, 5
1222,245,20, 5
1223,245,20, 5
1224,245,20, 5
1225,245,20, 5
1226,245,20, 5
1227,245,20, 5
1228,245,20, 5
1229,245,20, 5
1230,245,20, 5
1231,245,20, 5
1232,245,20, 5
1233,245,20, 5
1234,245,20, 5
1235,245,20, 5
1236,245,20, 5
1237,245,20, 5
1238,245,20, 5
1239,245,20, 5
1240,245,20, 5
1241,244,19, 6
1242,244,19, 6
1243,244,19, 6
1244,244,19, 6
1245,244,19, 6
1246,244,19, 6
1247,244,19, 6
1248,244,19, 6
1249,244,19, 6
1250,244,19, 6
1251,244,19, 6
1252,244,19, 6
1253,244,19, 6
1254,244,19, 6
1255,244,19, 6
1256,244,19, 6
1257,244,19, 6
1258,244,19, 6
1259,244,19, 6
1260,244,19, 6
1261,244,19, 6
1262,244,19, 6
1263,244,19, 6
1264,244,19, 6
1265,244,19, 6
1266,244,19, 6
1267,244,19, 6
1268,244,19, 6
1269,244,19, 6
1270,244,19, 6
1271,244,19, 6
1272,244,19, 6
1273,244,19, 6
1274,244,19, 6
1275,244,19, 6
1276,244,19, 6
1277,244,19, 6
1278,244,19, 6
1279,244,19, 6
1280,244,19, 6
1281,244,19, 6
1282,244,19, 6
1283,244,19, 6
1284,244,19, 6
1285,244,19, 6
1286,244,19, 6
1287,244,19, 6
1288,244,19, 6
1289,244,19, 6
1290,244,19, 6
1291,244,19, 6
1292,244,19, 6
1293,244,19, 6
1294,244,19, 6
1295,244,19, 6
1296,244,19, 6
1297,244,19, 6
1298,244,19, 6
1299,244,19, 6
1300,244,19, 6
1301,244,19, 6
1302,244,19, 6
1303,244,19, 6
1304,244,19, 6
1305,244,19, 6
1306,244,19, 6
1307,244,19, 6
1308,244,19, 6
1309,244,19, 6
1310,244,19, 6
1311,244,19, 6
1312,244,19, 6
1313,244,19, 6
1314,244,19, 6
1315,244,19, 6
1316,244,19, 6
1317,244,19, 6
1318,244,19, 6
1319,244,19, 6
1320,244,19, 6
1321,244,19, 6
1322,244,19, 6
1323,244,19, 6
1324,244,19, 6
1325,244,19, 6
1326,244,19, 6
1327,244,19, 6
1328,244,19, 6
1329,244,19, 6
1330,244,19, 6
1331,244,19, 6
1332,244,19, 6
1333,244,19, 6
1334,244,19, 6
1335,244,19, 6
1336,244,19, 6
1337,244,19, 6
1338,244,19, 6
1339,244,19, 6
1340,244,19, 6
1341,244,19, 6
1342,244,19, 6
1343,244,19, 6
1344,244,19, 6
1345,244,19, 6
1346,244,19, 6
1347,244,19, 6
1348,244,19, 6
1349,244,19, 6
1350,244,19, 6
1351,244,19, 6
1352,244,19, 6
1353,244,19, 6
1354,244,19, 6
1355,244,19, 6
1356,244,19, 6
1357,244,19, 6
1358,244,19, 6
1359,244,19, 6
1360,244,19, 6
1361,244,19, 6
1362,244,19, 6
1363,244,19, 6
1364,244,19, 6
1365,244,19, 6
1366,244,19, 6
1367,244,19, 6
1368,244,19, 6
1369,244,19, 6
1370,244,19, 6
1371,244,19, 6
1372,244,19, 6
1373,244,19, 6
1374,244,19, 6
1375,244,19, 6
1376,244,19, 6
1377,244,19, 6
1378,244,19, 6
1379,244,19, 6
1380,244,19, 6
1381,244,19, 6
1382,244,19, 6
1383,244,19, 6
1384,244,19, 6
1385,244,19, 6
1386,244,19, 6
1387,244,19, 6
1388,244,19, 6
1389,244,19, 6
1390,244,19, 6
1391,244,19, 6
1392,244,19, 6
1393,244,19, 6
1394,244,19, 6
1395,244,19, 6
1396,244,19, 6
1397,244,19, 6
1398,244,19, 6
1399,244,19, 6
1400,244,19, 6
1401,244,19, 6
1402,244,19, 6
1403,244,19, 6
1404,244,19, 6
1405,244,19, 6
1406,244,19, 6
1407,244,19, 6
1408,244,19, 6
1409,244,19, 6
1410,244,19, 6
1411,244,19, 6
1412,244,19, 6
1413,244,19, 6
1414,244,19, 6
1415,244,19, 6
1416,244,19, 6
1417,244,19, 6
1418,244,19, 6
1419,244,19, 6
1420,244,19, 6
1421,244,19, 6
1422,244,19, 6
1423,244,19, 6
1424,244,19, 6
1425,244,19, 6
1426,244,19, 6
1427,244,19, 6
1428,244,19, 6
1429,244,19, 6
1430,244,19, 6
1431,244,19, 6
1432,244,19, 6
1433,244,19, 6
1434,244,19, 6
1435,244,19, 6
1436,244,19, 6
1437,244,19, 6
1438,244,19, 6
1439,244,19, 6
1440,244,19, 6
1441,244,19, 6
1442,244,19, 6
1443,244,19, 6
1444,244,19, 6
1445,244,19, 6
1446,244,19, 6
1447,244,19, 6
1448,244,19, 6
1449,244,19, 6
1450,244,19, 6
1451,244,19, 6
1452,244,19, 6
1453,244,19, 6
1454,244,19, 6
1455,244,19, 6
1456,244,19, 6
1457,244,19, 6
1458,244,19, 6
1459,244,19, 6
1460,244,19, 6
1461,244,19, 6
1462,244,19, 6
1463,244,19, 6
1464,244,19, 6
1465,244,19, 6
1466,244,19, 6
1467,244,19, 6
1468,244,19, 6
1469,244,19, 6
1470,244,19, 6
1471,244,19, 6
1472,244,19, 6
1473,243,18, 7
1474,243,18, 7
1475,243,18, 7
1476,243,18, 7
1477,243,18, 7
1478,243,18, 7
1479,243,18, 7
1480,243,18, 7
1481,243,18, 7
1482,243,18, 7
1483,243,18, 7
1484,243,18, 7
1485,243,18, 7
1486,243,18, 7
1487,243,18, 7
1488,243,18, 7
1489,243,18, 7
1490,243,18, 7
1491,243,18, 7
1492,243,18, 7
1493,243,18, 7
1494,243,18, 7
1495,243,18, 7
1496,243,18, 7
1497,243,18, 7
1498,243,18, 7
1499,243,18, 7
