0,250,25, 0
1,250,25, 0
2,250,25, 0
3,250,25, 0
4,250,25, 0
5,250,25, 0
6,250,25, 0
7,250,25, 0
8,250,25, 0
9,250,25, 0
10,250,25, 0
11,250,25, 0
12,250,25, 0
13,250,25, 0
14,250,25, 0
15,250,25, 0
16,250,25, 0
17,250,25, 0
18,250,25, 0
19,250,25, 0
20,250,25, 0
21,249,24, 1
22,249,24, 1
23,249,24, 1
24,249,24, 1
25,249,24, 1
26,249,24, 1
27,249,24, 1
28,249,24, 1
29,249,24, 1
30,249,24, 1
31,249,24, 1
32,249,24, 1
33,249,24, 1
34,249,24, 1
35,249,24, 1
36,249,24, 1
37,249,24, 1
38,249,24, 1
39,249,24, 1
40,249,24, 1
41,249,24, 1
42,249,24, 1
43,249,24, 1
44,249,24, 1
45,249,24, 1
46,249,24, 1
47,249,24, 1
48,249,24, 1
49,249,24, 1
50,249,24, 1
51,249,24, 1
52,249,24, 1
53,249,24, 1
54,249,24, 1
55,249,24, 1
56,249,24, 1
57,249,24, 1
58,249,24, 1
59,249,24, 1
60,249,24, 1
61,249,24, 1
62,249,24, 1
63,249,24, 1
64,249,24, 1
65,249,24, 1
66,249,24, 1
67,249,24, 1
68,249,24, 1
69,249,24, 1
70,249,24, 1
71,249,24, 1
72,249,24, 1
73,249,24, 1
74,249,24, 1
75,249,24, 1
76,249,24, 1
77,249,24, 1
78,249,24, 1
79,249,24, 1
80,249,24, 1
81,249,24, 1
82,249,24, 1
83,249,24, 1
84,249,24, 1
85,249,24, 1
86,249,24, 1
87,249,24, 1
88,249,24, 1
89,249,24, 1
90,249,24, 1
91,249,24, 1
92,249,24, 1
93,249,24, 1
94,249,24, 1
95,249,24, 1
96,249,24, 1
97,249,24, 1
98,249,24, 1
99,249,24, 1
100,249,24, 1
101,249,24, 1
102,249,24, 1
103,249,24, 1
104,249,24, 1
105,249,24, 1
106,249,24, 1
107,249,24, 1
108,249,24, 1
109,249,24, 1
110,249,24, 1
111,249,24, 1
112,249,24, 1
113,249,24, 1
114,249,24, 1
115,249,24, 1
116,249,24, 1
117,249,24, 1
118,249,24, 1
119,249,24, 1
120,249,24, 1
121,249,24, 1
122,249,24, 1
123,249,24, 1
124,249,24, 1
125,249,24, 1
126,249,24, 1
127,249,24, 1
128,249,24, 1
129,249,24, 1
130,249,24, 1
131,249,24, 1
132,249,24, 1
133,249,24, 1
134,249,24, 1
135,249,24, 1
136,249,24, 1
137,249,24, 1
138,249,24, 1
139,249,24, 1
140,249,24, 1
141,249,24, 1
142,249,24, 1
143,249,24, 1
144,249,24, 1
145,249,24, 1
146,249,24, 1
147,249,24, 1
148,249,24, 1
149,249,24, 1
150,249,24, 1
151,249,24, 1
152,249,24, 1
153,249,24, 1
154,249,24, 1
155,249,24, 1
156,249,24, 1
157,249,24, 1
158,249,24, 1
159,249,24, 1
160,249,24, 1
161,249,24, 1
162,249,24, 1
163,249,24, 1
164,249,24, 1
165,249,24, 1
166,249,24, 1
167,249,24, 1
168,249,24, 1
169,249,24, 1
170,249,24, 1
171,249,24, 1
172,249,24, 1
173,249,24, 1
174,249,24, 1
175,249,24, 1
176,249,24, 1
177,249,24, 1
178,249,24, 1
179,249,24, 1
180,249,24, 1
181,249,24, 1
182,249,24, 1
183,249,24, 1
184,249,24, 1
185,249,24, 1
186,249,24, 1
187,249,24, 1
188,249,24, 1
189,249,24, 1
190,249,24, 1
191,249,24, 1
192,249,24, 1
193,249,24, 1
194,249,24, 1
195,249,24, 1
196,249,24, 1
197,249,24, 1
198,249,24, 1
199,249,24, 1
200,249,24, 1
201,249,24, 1
202,249,24, 1
203,249,24, 1
204,249,24, 1
205,249,24, 1
206,249,24, 1
207,249,24, 1
208,249,24, 1
209,249,24, 1
210,249,24, 1
211,249,24, 1
212,249,24, 1
213,249,24, 1
214,249,24, 1
215,249,24, 1
216,249,24, 1
217,249,24, 1
218,249,24, 1
219,249,24, 1
220,249,24, 1
221,249,24, 1
222,249,24, 1
223,249,24, 1
224,249,24, 1
225,249,24, 1
226,249,24, 1
227,249,24, 1
228,249,24, 1
229,249,24, 1
230,249,24, 1
231,249,24, 1
232,249,24, 1
233,249,24, 1
234,249,24, 1
235,249,24, 1
236,249,24, 1
237,249,24, 1
238,249,24, 1
239,249,24, 1
240,249,24, 1
241,249,24, 1
242,249,24, 1
243,249,24, 1
244,249,24, 1
245,249,24, 1
246,249,24, 1
247,249,24, 1
248,249,24, 1
249,249,24, 1
250,249,24, 1
251,249,24, 1
252,249,24, 1
253,249,24, 1
254,249,24, 1
255,249,24, 1
256,249,24, 1
257,249,24, 1
258,249,24, 1
259,249,24, 1
260,249,24, 1
261,249,24, 1
262,249,24, 1
263,249,24, 1
264,249,24, 1
265,249,24, 1
266,249,24, 1
267,249,24, 1
268,249,24, 1
269,249,24, 1
270,249,24, 1
271,249,24, 1
272,249,24, 1
273,249,24, 1
274,249,24, 1
275,249,24, 1
276,249,24, 1
277,249,24, 1
278,249,24, 1
279,249,24, 1
280,249,24, 1
281,249,24, 1
282,249,24, 1
283,249,24, 1
284,249,24, 1
285,249,24, 1
286,249,24, 1
287,249,24, 1
288,249,24, 1
289,249,24, 1
290,249,24, 1
291,249,24, 1
292,249,24, 1
293,249,24, 1
294,249,24, 1
295,249,24, 1
296,249,24, 1
297,249,24, 1
298,249,24, 1
299,249,24, 1
300,249,24, 1
301,249,24, 1
302,249,24, 1
303,249,24, 1
304,249,24, 1
305,249,24, 1
306,249,24, 1
307,249,24, 1
308,249,24, 1
309,249,24, 1
310,249,24, 1
311,249,24, 1
312,249,24, 1
313,249,24, 1
314,249,24, 1
315,249,24, 1
316,249,24, 1
317,249,24, 1
318,249,24, 1
319,249,24, 1
320,249,24, 1
321,249,24, 1
322,249,24, 1
323,249,24, 1
324,249,24, 1
325,249,24, 1
326,249,24, 1
327,249,24, 1
328,249,24, 1
329,249,24, 1
330,249,24, 1
331,249,24, 1
332,249,24, 1
333,249,24, 1
334,249,24, 1
335,249,24, 1
336,249,24, 1
337,249,24, 1
338,249,24, 1
339,249,24, 1
340,249,24, 1
341,249,24, 1
342,249,24, 1
343,249,24, 1
344,249,24, 1
345,249,24, 1
346,249,24, 1
347,249,24, 1
348,249,24, 1
349,249,24, 1
350,249,24, 1
351,249,24, 1
352,249,24, 1
353,249,24, 1
354,249,24, 1
355,249,24, 1
356,249,24, 1
357,249,24, 1
358,249,24, 1
359,249,24, 1
360,249,24, 1
361,249,24, 1
362,249,24, 1
363,249,24, 1
364,249,24, 1
365,249,24, 1
366,249,24, 1
367,249,24, 1
368,249,24, 1
369,249,24, 1
370,249,24, 1
371,249,24, 1
372,249,24, 1
373,249,24, 1
374,249,24, 1
375,249,24, 1
376,249,24, 1
377,249,24, 1
378,249,24, 1
379,249,24, 1
380,249,24, 1
381,249,24, 1
382,249,24, 1
383,249,24, 1
384,249,24, 1
385,249,24, 1
386,249,24, 1
387,249,24, 1
388,249,24, 1
389,249,24, 1
390,249,24, 1
391,249,24, 1
392,249,24, 1
393,249,24, 1
394,249,24, 1
395,249,24, 1
396,249,24, 1
397,249,24, 1
398,249,24, 1
399,249,24, 1
400,249,24, 1
401,249,24, 1
402,249,24, 1
403,249,24, 1
404,249,24, 1
405,249,24, 1
406,249,24, 1
407,249,24, 1
408,249,24, 1
409,249,24, 1
410,249,24, 1
411,249,24, 1
412,249,24, 1
413,249,24, 1
414,249,24, 1
415,249,24, 1
416,249,24, 1
417,249,24, 1
418,249,24, 1
419,249,24, 1
420,249,24, 1
421,249,24, 1
422,249,24, 1
423,249,24, 1
424,249,24, 1
425,249,24, 1
426,249,24, 1
427,249,24, 1
428,249,24, 1
429,249,24, 1
430,249,24, 1
431,249,24, 1
432,249,24, 1
433,249,24, 1
434,249,24, 1
435,249,24, 1
436,249,24, 1
437,249,24, 1
438,249,24, 1
439,249,24, 1
440,249,24, 1
441,249,24, 1
442,249,24, 1
443,249,24, 1
444,249,24, 1
445,249,24, 1
446,249,24, 1
447,249,24, 1
448,249,24, 1
449,249,24, 1
450,249,24, 1
451,249,24, 1
452,249,24, 1
453,249,24, 1
454,249,24, 1
455,249,24, 1
456,249,24, 1
457,249,24, 1
458,249,24, 1
459,249,24, 1
460,249,24, 1
461,249,24, 1
462,249,24, 1
463,249,24, 1
464,249,24, 1
465,249,24, 1
466,249,24, 1
467,249,24, 1
468,249,24, 1
469,249,24, 1
470,249,24, 1
471,249,24, 1
472,249,24, 1
473,249,24, 1
474,249,24, 1
475,249,24, 1
476,249,24, 1
477,249,24, 1
478,249,24, 1
479,249,24, 1
480,249,24, 1
481,249,24, 1
482,249,24, 1
483,249,24, 1
484,249,24, 1
485,249,24, 1
486,249,24, 1
487,249,24, 1
488,249,24, 1
489,249,24, 1
490,249,24, 1
491,249,24, 1
492,249,24, 1
493,249,24, 1
494,249,24, 1
495,249,24, 1
496,249,24, 1
497,249,24, 1
498,249,24, 1
499,249,24, 1
500,249,24, 1
501,249,24, 1
502,249,24, 1
503,249,24, 1
504,249,24, 1
505,249,24, 1
506,249,24, 1
507,249,24, 1
508,249,24, 1
509,249,24, 1
510,249,24, 1
511,249,24, 1
512,249,24, 1
513,249,24, 1
514,249,24, 1
515,249,24, 1
516,249,24, 1
517,249,24, 1
518,249,24, 1
519,249,24, 1
520,249,24, 1
521,249,24, 1
522,249,24, 1
523,249,24, 1
524,249,24, 1
525,249,24, 1
526,249,24, 1
527,249,24, 1
528,249,24, 1
529,249,24, 1
530,249,24, 1
531,249,24, 1
532,249,24, 1
533,249,24, 1
534,249,24, 1
535,249,24, 1
536,249,24, 1
537,249,24, 1
538,249,24, 1
539,249,24, 1
540,249,24, 1
541,249,24, 1
542,249,24, 1
543,249,24, 1
544,249,24, 1
545,249,24, 1
546,249,24, 1
547,249,24, 1
548,249,24, 1
549,249,24, 1
550,249,24, 1
551,249,24, 1
552,249,24, 1
553,249,24, 1
554,249,24, 1
555,249,24, 1
556,249,24, 1
557,249,24, 1
558,249,24, 1
559,249,24, 1
560,249,24, 1
561,249,24, 1
562,249,24, 1
563,249,24, 1
564,249,24, 1
565,249,24, 1
566,249,24, 1
567,249,24, 1
568,249,24, 1
569,249,24, 1
570,249,24, 1
571,249,24, 1
572,249,24, 1
573,249,24, 1
574,249,24, 1
575,249,24, 1
576,249,24, 1
577,249,24, 1
578,249,24, 1
579,249,24, 1
580,249,24, 1
581,249,24, 1
582,249,24, 1
583,249,24, 1
584,249,24, 1
585,249,24, 1
586,249,24, 1
587,249,24, 1
588,249,24, 1
589,249,24, 1
590,249,24, 1
591,249,24, 1
592,249,24, 1
593,249,24, 1
594,249,24, 1
595,249,24, 1
596,249,24, 1
597,248,23, 2
598,248,23, 2
599,248,23, 2
600,248,23, 2
601,248,23, 2
602,248,23, 2
603,248,23, 2
604,248,23, 2
605,248,23, 2
606,248,23, 2
607,248,23, 2
608,248,23, 2
609,248,23, 2
610,248,23, 2
611,248,23, 2
612,248,23, 2
613,248,23, 2
614,248,23, 2
615,248,23, 2
616,248,23, 2
617,248,23, 2
618,248,23, 2
619,248,23, 2
620,248,23, 2
621,248,23, 2
622,248,23, 2
623,248,23, 2
624,248,23, 2
625,248,23, 2
626,248,23, 2
627,248,23, 2
628,248,23, 2
629,248,23, 2
630,248,23, 2
631,248,23, 2
632,248,23, 2
633,248,23, 2
634,248,23, 2
635,248,23, 2
636,248,23, 2
637,248,23, 2
638,248,23, 2
639,248,23, 2
640,248,23, 2
641,248,23, 2
642,248,23, 2
643,248,23, 2
644,248,23, 2
645,248,23, 2
646,248,23, 2
647,248,23, 2
648,248,23, 2
649,248,23, 2
650,248,23, 2
651,248,23, 2
652,248,23, 2
653,248,23, 2
654,248,23, 2
655,248,23, 2
656,248,23, 2
657,248,23, 2
658,248,23, 2
659,248,23, 2
660,248,23, 2
661,248,23, 2
662,248,23, 2
663,248,23, 2
664,248,23, 2
665,248,23, 2
666,248,23, 2
667,248,23, 2
668,248,23, 2
669,248,23, 2
670,248,23, 2
671,248,23, 2
672,248,23, 2
673,248,23, 2
674,248,23, 2
675,248,23, 2
676,248,23, 2
677,248,23, 2
678,248,23, 2
679,248,23, 2
680,248,23, 2
681,248,23, 2
682,248,23, 2
683,248,23, 2
684,248,23, 2
685,248,23, 2
686,248,23, 2
687,248,23, 2
688,248,23, 2
689,248,23, 2
690,248,23, 2
691,248,23, 2
692,248,23, 2
693,248,23, 2
694,248,23, 2
695,248,23, 2
696,248,23, 2
697,248,23, 2
698,248,23, 2
699,248,23, 2
700,248,23, 2
701,248,23, 2
702,248,23, 2
703,248,23, 2
704,248,23, 2
705,248,23, 2
706,248,23, 2
707,248,23, 2
708,248,23, 2
709,248,23, 2
710,248,23, 2
711,248,23, 2
712,248,23, 2
713,248,23, 2
714,248,23, 2
715,248,23, 2
716,248,23, 2
717,248,23, 2
718,248,23, 2
719,248,23, 2
720,248,23, 2
721,248,23, 2
722,248,23, 2
723,248,23, 2
724,248,23, 2
725,248,23, 2
726,248,23, 2
727,248,23, 2
728,248,23, 2
729,248,23, 2
730,248,23, 2
731,248,23, 2
732,248,23, 2
733,248,23, 2
734,248,23, 2
735,248,23, 2
736,248,23, 2
737,248,23, 2
738,248,23, 2
739,248,23, 2
740,248,23, 2
741,248,23, 2
742,248,23, 2
743,248,23, 2
744,248,23, 2
745,248,23, 2
746,248,23, 2
747,248,23, 2
748,248,23, 2
749,248,23, 2
750,248,23, 2
751,248,23, 2
752,248,23, 2
753,248,23, 2
754,248,23, 2
755,248,23, 2
756,248,23, 2
757,248,23, 2
758,248,23, 2
759,248,23, 2
760,248,23, 2
761,248,23, 2
762,248,23, 2
763,248,23, 2
764,248,23, 2
765,248,23, 2
766,248,23, 2
767,248,23, 2
768,248,23, 2
769,248,23, 2
770,248,23, 2
771,248,23, 2
772,248,23, 2
773,248,23, 2
774,248,23, 2
775,248,23, 2
776,248,23, 2
777,248,23, 2
778,248,23, 2
779,248,23, 2
780,248,23, 2
781,248,23, 2
782,248,23, 2
783,248,23, 2
784,248,23, 2
785,248,23, 2
786,248,23, 2
787,248,23, 2
788,248,23, 2
789,248,23, 2
790,248,23, 2
791,248,23, 2
792,248,23, 2
793,248,23, 2
794,248,23, 2
795,248,23, 2
796,248,23, 2
797,248,23, 2
798,248,23, 2
799,248,23, 2
800,248,23, 2
801,248,23, 2
802,248,23, 2
803,248,23, 2
804,248,23, 2
805,248,23, 2
806,248,23, 2
807,248,23, 2
808,248,23, 2
809,248,23, 2
810,248,23, 2
811,248,23, 2
812,248,23, 2
813,248,23, 2
814,248,23, 2
815,248,23, 2
816,248,23, 2
817,248,23, 2
818,248,23, 2
819,248,23, 2
820,248,23, 2
821,248,23, 2
822,248,23, 2
823,248,23, 2
824,248,23, 2
825,248,23, 2
826,248,23, 2
827,248,23, 2
828,248,23, 2
829,248,23, 2
830,248,23, 2
831,248,23, 2
832,248,23, 2
833,248,23, 2
834,248,23, 2
835,248,23, 2
836,248,23, 2
837,248,23, 2
838,248,23, 2
839,248,23, 2
840,248,23, 2
841,248,23, 2
842,248,23, 2
843,248,23, 2
844,248,23, 2
845,248,23, 2
846,248,23, 2
847,248,23, 2
848,248,23, 2
849,248,23, 2
850,248,23, 2
851,248,23, 2
852,248,23, 2
853,248,23, 2
854,248,23, 2
855,248,23, 2
856,248,23, 2
857,248,23, 2
858,248,23, 2
859,248,23, 2
860,248,23, 2
861,248,23, 2
862,248,23, 2
863,248,23, 2
864,248,23, 2
865,248,23, 2
866,248,23, 2
867,248,23, 2
868,248,23, 2
869,248,23, 2
870,248,23, 2
871,248,23, 2
872,248,23, 2
873,248,23, 2
874,248,23, 2
875,248,23, 2
876,248,23, 2
877,248,23, 2
878,248,23, 2
879,248,23, 2
880,248,23, 2
881,248,23, 2
882,248,23, 2
883,248,23, 2
884,248,23, 2
885,248,23, 2
886,248,23, 2
887,248,23, 2
888,248,23, 2
889,248,23, 2
890,248,23, 2
891,248,23, 2
892,248,23, 2
893,248,23, 2
894,248,23, 2
895,248,23, 2
896,248,23, 2
897,248,23, 2
898,248,23, 2
899,248,23, 2
900,248,23, 2
901,248,23, 2
902,248,23, 2
903,248,23, 2
904,248,23, 2
905,248,23, 2
906,248,23, 2
907,248,23, 2
908,248,23, 2
909,248,23, 2
910,248,23, 2
911,248,23, 2
912,248,23, 2
913,248,23, 2
914,248,23, 2
915,248,23, 2
916,248,23, 2
917,248,23, 2
918,248,23, 2
919,248,23, 2
920,248,23, 2
921,248,23, 2
922,248,23, 2
923,248,23, 2
924,248,23, 2
925,248,23, 2
926,248,23, 2
927,248,23, 2
928,248,23, 2
929,248,23, 2
930,248,23, 2
931,248,23, 2
932,248,23, 2
933,248,23, 2
934,248,23, 2
935,248,23, 2
936,248,23, 2
937,248,23, 2
938,248,23, 2
939,248,23, 2
940,248,23, 2
941,248,23, 2
942,248,23, 2
943,248,23, 2
944,248,23, 2
945,248,23, 2
946,248,23, 2
947,248,23, 2
948,248,23, 2
949,248,23, 2
950,248,23, 2
951,248,23, 2
952,248,23, 2
953,248,23, 2
954,248,23, 2
955,248,23, 2
956,248,23, 2
957,248,23, 2
958,248,23, 2
959,248,23, 2
960,248,23, 2
961,248,23, 2
962,248,23, 2
963,247,22, 3
964,247,22, 3
965,247,22, 3
966,247,22, 3
967,247,22, 3
968,247,22, 3
969,247,22, 3
970,247,22, 3
971,247,22, 3
972,247,22, 3
973,247,22, 3
974,247,22, 3
975,247,22, 3
976,247,22, 3
977,247,22, 3
978,247,22, 3
979,247,22, 3
980,247,22, 3
981,247,22, 3
982,247,22, 3
983,247,22, 3
984,247,22, 3
985,247,22, 3
986,247,22, 3
987,247,22, 3
988,247,22, 3
989,247,22, 3
990,247,22, 3
991,247,22, 3
992,247,22, 3
993,247,22, 3
994,247,22, 3
995,247,22, 3
996,247,22, 3
997,247,22, 3
998,247,22, 3
999,247,22, 3
1000,247,22, 3
1001,247,22, 3
1002,247,22, 3
1003,247,22, 3
1004,247,22, 3
1005,247,22, 3
1006,247,22, 3
1007,247,22, 3
1008,247,22, 3
1009,247,22, 3
1010,247,22, 3
1011,247,22, 3
1012,247,22, 3
1013,247,22, 3
1014,247,22, 3
1015,247,22, 3
1016,247,22, 3
1017,247,22, 3
1018,247,22, 3
1019,247,22, 3
1020,247,22, 3
1021,247,22, 3
1022,247,22, 3
1023,247,22, 3
1024,247,22, 3
1025,247,22, 3
1026,247,22, 3
1027,247,22, 3
1028,247,22, 3
1029,247,22, 3
1030,247,22, 3
1031,247,22, 3
1032,247,22, 3
1033,247,22, 3
1034,247,22, 3
1035,247,22, 3
1036,247,22, 3
1037,247,22, 3
1038,247,22, 3
1039,247,22, 3
1040,247,22, 3
1041,247,22, 3
1042,247,22, 3
1043,247,22, 3
1044,246,21, 4
1045,246,21, 4
1046,246,21, 4
1047,246,21, 4
1048,246,21, 4
1049,246,21, 4
1050,246,21, 4
1051,246,21, 4
1052,246,21, 4
1053,246,21, 4
1054,246,21, 4
1055,246,21, 4
1056,246,21, 4
1057,246,21, 4
1058,246,21, 4
1059,246,21, 4
1060,246,21, 4
1061,246,21, 4
1062,246,21, 4
1063,246,21, 4
1064,246,21, 4
1065,246,21, 4
1066,246,21, 4
1067,246,21, 4
1068,246,21, 4
1069,246,21, 4
1070,246,21, 4
1071,246,21, 4
1072,246,21, 4
1073,246,21, 4
1074,246,21, 4
1075,246,21, 4
1076,246,21, 4
1077,246,21, 4
1078,246,21, 4
1079,246,21, 4
1080,246,21, 4
1081,246,21, 4
1082,246,21, 4
1083,246,21, 4
1084,246,21, 4
1085,246,21, 4
1086,246,21, 4
1087,246,21, 4
1088,246,21, 4
1089,246,21, 4
1090,246,21, 4
1091,246,21, 4
1092,246,21, 4
1093,246,21, 4
1094,246,21, 4
1095,246,21, 4
1096,246,21, 4
1097,246,21, 4
1098,246,21, 4
1099,246,21, 4
1100,246,21, 4
1101,246,21, 4
1102,246,21, 4
1103,246,21, 4
1104,246,21, 4
1105,246,21, 4
1106,246,21, 4
1107,246,21, 4
1108,246,21, 4
1109,246,21, 4
1110,246,21, 4
1111,246,21, 4
1112,246,21, 4
1113,246,21, 4
1114,246,21, 4
1115,246,21, 4
1116,246,21, 4
1117,246,21, 4
1118,246,21, 4
1119,246,21, 4
1120,246,21, 4
1121,246,21, 4
1122,246,21, 4
1123,246,21, 4
1124,246,21, 4
1125,246,21, 4
1126,246,21, 4
1127,246,21, 4
1128,246,21, 4
1129,246,21, 4
1130,246,21, 4
1131,246,21, 4
1132,246,21, 4
1133,246,21, 4
1134,246,21, 4
1135,246,21, 4
1136,246,21, 4
1137,246,21, 4
1138,246,21, 4
1139,246,21, 4
1140,246,21, 4
1141,246,21, 4
1142,246,21, 4
1143,246,21, 4
1144,246,21, 4
1145,246,21, 4
1146,246,21, 4
1147,246,21, 4
1148,246,21, 4
1149,246,21, 4
1150,246,21, 4
1151,246,21, 4
1152,246,21, 4
1153,246,21, 4
1154,246,21, 4
1155,246,21, 4
1156,246,21, 4
1157,246,21, 4
1158,246,21, 4
1159,246,21, 4
1160,246,21, 4
1161,246,21, 4
1162,246,21, 4
1163,246,21, 4
1164,246,21, 4
1165,246,21, 4
1166,246,21, 4
1167,246,21, 4
1168,246,21, 4
1169,246,21, 4
1170,246,21, 4
1171,246,21, 4
1172,246,21, 4
1173,246,21, 4
1174,246,21, 4
1175,246,21, 4
1176,246,21, 4
1177,246,21, 4
1178,246,21, 4
1179,246,21, 4
1180,246,21, 4
1181,246,21, 4
1182,246,21, 4
1183,246,21, 4
1184,246,21, 4
1185,246,21, 4
1186,246,21, 4
1187,246,21, 4
1188,246,21, 4
1189,246,21, 4
1190,246,21, 4
1191,246,21, 4
1192,246,21, 4
1193,246,21, 4
1194,246,21, 4
1195,246,21, 4
1196,246,21, 4
1197,246,21, 4
1198,246,21, 4
1199,246,21, 4
1200,246,21, 4
1201,246,21, 4
1202,246,21, 4
1203,246,21, 4
1204,246,21, 4
1205,246,21, 4
1206,246,21, 4
1207,246,21, 4
1208,246,21, 4
1209,246,21, 4
1210,246,21, 4
1211,246,21, 4
1212,246,21, 4
1213,246,21, 4
1214,246,21, 4
1215,246,21, 4
1216,246,21, 4
1217,246,21, 4
1218,246,21, 4
1219,246,21, 4
1220,246,21, 4
1221,246,21, 4
1222,246,21, 4
1223,246,21, 4
1224,246,21, 4
1225,246,21, 4
1226,246,21, 4
1227,246,21, 4
1228,246,21, 4
1229,246,21, 4
1230,246,21, 4
1231,246,21, 4
1232,246,21, 4
1233,246,21, 4
1234,246,21, 4
1235,246,21, 4
1236,246,21, 4
1237,246,21, 4
1238,246,21, 4
1239,246,21, 4
1240,246,21, 4
1241,246,21, 4
1242,246,21, 4
1243,246,21, 4
1244,246,21, 4
1245,246,21, 4
1246,246,21, 4
1247,246,21, 4
1248,246,21, 4
1249,246,21, 4
1250,246,21, 4
1251,246,21, 4
1252,246,21, 4
1253,246,21, 4
1254,246,21, 4
1255,246,21, 4
1256,246,21, 4
1257,246,21, 4
1258,246,21, 4
1259,246,21, 4
1260,246,21, 4
1261,246,21, 4
1262,246,21, 4
1263,246,21, 4
1264,246,21, 4
1265,246,21, 4
1266,246,21, 4
1267,246,21, 4
1268,246,21, 4
1269,246,21, 4
1270,246,21, 4
1271,246,21, 4
1272,246,21, 4
1273,246,21, 4
1274,246,21, 4
1275,246,21, 4
1276,246,21, 4
1277,246,21, 4
1278,246,21, 4
1279,246,21, 4
1280,246,21, 4
1281,246,21, 4
1282,246,21, 4
1283,246,21, 4
1284,246,21, 4
1285,246,21, 4
1286,246,21, 4
1287,246,21, 4
1288,246,21, 4
1289,246,21, 4
1290,246,21, 4
1291,246,21, 4
1292,246,21, 4
1293,246,21, 4
1294,246,21, 4
1295,246,21, 4
1296,246,21, 4
1297,246,21, 4
1298,246,21, 4
1299,246,21, 4
1300,246,21, 4
1301,246,21, 4
1302,246,21, 4
1303,246,21, 4
1304,246,21, 4
1305,246,21, 4
1306,246,21, 4
1307,246,21, 4
1308,246,21, 4
1309,246,21, 4
1310,246,21, 4
1311,246,21, 4
1312,246,21, 4
1313,246,21, 4
1314,246,21, 4
1315,246,21, 4
1316,246,21, 4
1317,246,21, 4
1318,246,21, 4
1319,246,21, 4
1320,246,21, 4
1321,246,21, 4
1322,246,21, 4
1323,246,21, 4
1324,246,21, 4
1325,246,21, 4
1326,246,21, 4
1327,246,21, 4
1328,246,21, 4
1329,246,21, 4
1330,246,21, 4
1331,246,21, 4
1332,246,21, 4
1333,246,21, 4
1334,246,21, 4
1335,246,21, 4
1336,246,21, 4
1337,246,21, 4
1338,246,21, 4
1339,246,21, 4
1340,246,21, 4
1341,246,21, 4
1342,246,21, 4
1343,246,21, 4
1344,246,21, 4
1345,246,21, 4
1346,246,21, 4
1347,246,21, 4
1348,246,21, 4
1349,246,21, 4
1350,246,21, 4
1351,246,21, 4
1352,246,21, 4
1353,246,21, 4
1354,246,21, 4
1355,246,21, 4
1356,246,21, 4
1357,246,21, 4
1358,246,21, 4
1359,246,21, 4
1360,246,21, 4
1361,246,21, 4
1362,246,21, 4
1363,246,21, 4
1364,246,21, 4
1365,246,21, 4
1366,246,21, 4
1367,246,21, 4
1368,246,21, 4
1369,246,21, 4
1370,246,21, 4
1371,246,21, 4
1372,246,21, 4
1373,246,21, 4
1374,246,21, 4
1375,246,21, 4
1376,246,21, 4
1377,246,21, 4
1378,246,21, 4
1379,246,21, 4
1380,246,21, 4
1381,246,21, 4
1382,246,21, 4
1383,246,21, 4
1384,246,21, 4
1385,246,21, 4
1386,246,21, 4
1387,246,21, 4
1388,246,21, 4
1389,246,21, 4
1390,246,21, 4
1391,246,21, 4
1392,246,21, 4
1393,246,21, 4
1394,246,21, 4
1395,246,21, 4
1396,246,21, 4
1397,246,21, 4
1398,246,21, 4
1399,246,21, 4
1400,246,21, 4
1401,246,21, 4
1402,246,21, 4
1403,246,21, 4
1404,246,21, 4
1405,246,21, 4
1406,246,21, 4
1407,246,21, 4
1408,246,21, 4
1409,246,21, 4
1410,246,21, 4
1411,246,21, 4
1412,246,21, 4
1413,246,21, 4
1414,246,21, 4
1415,246,21, 4
1416,246,21, 4
1417,246,21, 4
1418,246,21, 4
1419,246,21, 4
1420,246,21, 4
1421,246,21, 4
1422,246,21, 4
1423,246,21, 4
1424,246,21, 4
1425,246,21, 4
1426,246,21, 4
1427,246,21, 4
1428,246,21, 4
1429,246,21, 4
1430,246,21, 4
1431,246,21, 4
1432,246,21, 4
1433,246,21, 4
1434,246,21, 4
1435,246,21, 4
1436,246,21, 4
1437,246,21, 4
1438,246,21, 4
1439,246,21, 4
1440,246,21, 4
1441,246,21, 4
1442,246,21, 4
1443,246,21, 4
1444,246,21, 4
1445,246,21, 4
1446,246,21, 4
1447,246,21, 4
1448,246,21, 4
1449,246,21, 4
1450,246,21, 4
1451,246,21, 4
1452,246,21, 4
1453,246,21, 4
1454,246,21, 4
1455,246,21, 4
1456,246,21, 4
1457,246,21, 4
1458,246,21, 4
1459,246,21, 4
1460,246,21, 4
1461,246,21, 4
1462,246,21, 4
1463,246,21, 4
1464,246,21, 4
1465,246,21, 4
1466,246,21, 4
1467,246,21, 4
1468,246,21, 4
1469,246,21, 4
1470,246,21, 4
1471,246,21, 4
1472,246,21, 4
1473,246,21, 4
1474,246,21, 4
1475,246,21, 4
1476,246,21, 4
1477,246,21, 4
1478,246,21, 4
1479,246,21, 4
1480,246,21, 4
1481,246,21, 4
1482,246,21, 4
1483,246,21, 4
1484,246,21, 4
1485,246,21, 4
1486,246,21, 4
1487,246,21, 4
1488,246,21, 4
1489,246,21, 4
1490,246,21, 4
1491,246,21, 4
1492,246,21, 4
1493,246,21, 4
1494,246,21, 4
1495,246,21, 4
1496,246,21, 4
1497,246,21, 4
1498,246,21, 4
1499,246,21, 4
