0,250,25, 0
1,249,24, 1
2,249,24, 1
3,249,24, 1
4,249,24, 1
5,249,24, 1
6,249,24, 1
7,249,24, 1
8,249,24, 1
9,249,24, 1
10,249,24, 1
11,249,24, 1
12,249,24, 1
13,249,24, 1
14,249,24, 1
15,249,24, 1
16,249,24, 1
17,249,24, 1
18,249,24, 1
19,249,24, 1
20,249,24, 1
21,249,24, 1
22,249,24, 1
23,249,24, 1
24,249,24, 1
25,249,24, 1
26,249,24, 1
27,249,24, 1
28,249,24, 1
29,249,24, 1
30,249,24, 1
31,249,24, 1
32,249,24, 1
33,249,24, 1
34,249,24, 1
35,249,24, 1
36,249,24, 1
37,249,24, 1
38,249,24, 1
39,249,24, 1
40,249,24, 1
41,249,24, 1
42,249,24, 1
43,249,24, 1
44,249,24, 1
45,249,24, 1
46,249,24, 1
47,249,24, 1
48,249,24, 1
49,249,24, 1
50,249,24, 1
51,249,24, 1
52,249,24, 1
53,249,24, 1
54,249,24, 1
55,249,24, 1
56,249,24, 1
57,249,24, 1
58,249,24, 1
59,249,24, 1
60,249,24, 1
61,249,24, 1
62,249,24, 1
63,249,24, 1
64,249,24, 1
65,249,24, 1
66,249,24, 1
67,249,24, 1
68,249,24, 1
69,249,24, 1
70,249,24, 1
71,249,24, 1
72,249,24, 1
73,249,24, 1
74,249,24, 1
75,249,24, 1
76,249,24, 1
77,249,24, 1
78,249,24, 1
79,249,24, 1
80,249,24, 1
81,249,24, 1
82,249,24, 1
83,249,24, 1
84,249,24, 1
85,249,24, 1
86,249,24, 1
87,249,24, 1
88,249,24, 1
89,249,24, 1
90,249,24, 1
91,249,24, 1
92,249,24, 1
93,249,24, 1
94,249,24, 1
95,249,24, 1
96,249,24, 1
97,249,24, 1
98,249,24, 1
99,249,24, 1
100,249,24, 1
101,249,24, 1
102,249,24, 1
103,249,24, 1
104,249,24, 1
105,249,24, 1
106,249,24, 1
107,249,24, 1
108,249,24, 1
109,249,24, 1
110,249,24, 1
111,249,24, 1
112,249,24, 1
113,249,24, 1
114,249,24, 1
115,249,24, 1
116,249,24, 1
117,249,24, 1
118,249,24, 1
119,249,24, 1
120,249,24, 1
121,249,24, 1
122,249,24, 1
123,249,24, 1
124,249,24, 1
125,249,24, 1
126,249,24, 1
127,249,24, 1
128,249,24, 1
129,249,24, 1
130,249,24, 1
131,249,24, 1
132,249,24, 1
133,249,24, 1
134,249,24, 1
135,249,24, 1
136,249,24, 1
137,249,24, 1
138,249,24, 1
139,249,24, 1
140,249,24, 1
141,249,24, 1
142,249,24, 1
143,249,24, 1
144,249,24, 1
145,249,24, 1
146,249,24, 1
147,249,24, 1
148,249,24, 1
149,249,24, 1
150,249,24, 1
151,249,24, 1
152,249,24, 1
153,249,24, 1
154,249,24, 1
155,249,24, 1
156,249,24, 1
157,249,24, 1
158,249,24, 1
159,249,24, 1
160,249,24, 1
161,249,24, 1
162,249,24, 1
163,249,24, 1
164,249,24, 1
165,249,24, 1
166,249,24, 1
167,249,24, 1
168,249,24, 1
169,249,24, 1
170,249,24, 1
171,249,24, 1
172,249,24, 1
173,249,24, 1
174,249,24, 1
175,249,24, 1
176,249,24, 1
177,249,24, 1
178,249,24, 1
179,249,24, 1
180,249,24, 1
181,249,24, 1
182,249,24, 1
183,249,24, 1
184,249,24, 1
185,249,24, 1
186,249,24, 1
187,249,24, 1
188,249,24, 1
189,249,24, 1
190,249,24, 1
191,249,24, 1
192,249,24, 1
193,249,24, 1
194,249,24, 1
195,249,24, 1
196,249,24, 1
197,249,24, 1
198,249,24, 1
199,249,24, 1
200,249,24, 1
201,249,24, 1
202,249,24, 1
203,249,24, 1
204,249,24, 1
205,249,24, 1
206,249,24, 1
207,249,24, 1
208,249,24, 1
209,249,24, 1
210,249,24, 1
211,249,24, 1
212,249,24, 1
213,249,24, 1
214,249,24, 1
215,249,24, 1
216,249,24, 1
217,249,24, 1
218,249,24, 1
219,249,24, 1
220,249,24, 1
221,249,24, 1
222,249,24, 1
223,249,24, 1
224,249,24, 1
225,249,24, 1
226,249,24, 1
227,249,24, 1
228,249,24, 1
229,249,24, 1
230,249,24, 1
231,249,24, 1
232,249,24, 1
233,249,24, 1
234,249,24, 1
235,249,24, 1
236,249,24, 1
237,249,24, 1
238,249,24, 1
239,249,24, 1
240,249,24, 1
241,249,24, 1
242,249,24, 1
243,249,24, 1
244,249,24, 1
245,249,24, 1
246,249,24, 1
247,249,24, 1
248,249,24, 1
249,249,24, 1
250,249,24, 1
251,249,24, 1
252,249,24, 1
253,249,24, 1
254,249,24, 1
255,249,24, 1
256,249,24, 1
257,249,24, 1
258,249,24, 1
259,249,24, 1
260,249,24, 1
261,249,24, 1
262,249,24, 1
263,249,24, 1
264,249,24, 1
265,249,24, 1
266,249,24, 1
267,249,24, 1
268,249,24, 1
269,249,24, 1
270,249,24, 1
271,249,24, 1
272,249,24, 1
273,249,24, 1
274,249,24, 1
275,249,24, 1
276,249,24, 1
277,249,24, 1
278,249,24, 1
279,249,24, 1
280,249,24, 1
281,249,24, 1
282,249,24, 1
283,249,24, 1
284,249,24, 1
285,249,24, 1
286,249,24, 1
287,249,24, 1
288,249,24, 1
289,249,24, 1
290,249,24, 1
291,249,24, 1
292,249,24, 1
293,249,24, 1
294,249,24, 1
295,249,24, 1
296,249,24, 1
297,249,24, 1
298,249,24, 1
299,249,24, 1
300,249,24, 1
301,249,24, 1
302,249,24, 1
303,249,24, 1
304,249,24, 1
305,249,24, 1
306,249,24, 1
307,249,24, 1
308,249,24, 1
309,249,24, 1
310,249,24, 1
311,249,24, 1
312,249,24, 1
313,249,24, 1
314,249,24, 1
315,249,24, 1
316,249,24, 1
317,249,24, 1
318,249,24, 1
319,249,24, 1
320,249,24, 1
321,249,24, 1
322,249,24, 1
323,249,24, 1
324,249,24, 1
325,249,24, 1
326,249,24, 1
327,249,24, 1
328,249,24, 1
329,249,24, 1
330,249,24, 1
331,249,24, 1
332,249,24, 1
333,249,24, 1
334,249,24, 1
335,249,24, 1
336,249,24, 1
337,249,24, 1
338,249,24, 1
339,249,24, 1
340,249,24, 1
341,249,24, 1
342,249,24, 1
343,249,24, 1
344,249,24, 1
345,249,24, 1
346,249,24, 1
347,249,24, 1
348,249,24, 1
349,249,24, 1
350,249,24, 1
351,249,24, 1
352,249,24, 1
353,249,24, 1
354,249,24, 1
355,249,24, 1
356,249,24, 1
357,249,24, 1
358,249,24, 1
359,249,24, 1
360,249,24, 1
361,249,24, 1
362,249,24, 1
363,249,24, 1
364,249,24, 1
365,249,24, 1
366,249,24, 1
367,249,24, 1
368,249,24, 1
369,249,24, 1
370,249,24, 1
371,249,24, 1
372,249,24, 1
373,249,24, 1
374,249,24, 1
375,249,24, 1
376,249,24, 1
377,248,23, 2
378,248,23, 2
379,248,23, 2
380,248,23, 2
381,248,23, 2
382,248,23, 2
383,248,23, 2
384,248,23, 2
385,248,23, 2
386,248,23, 2
387,248,23, 2
388,248,23, 2
389,248,23, 2
390,248,23, 2
391,248,23, 2
392,248,23, 2
393,248,23, 2
394,248,23, 2
395,248,23, 2
396,248,23, 2
397,248,23, 2
398,248,23, 2
399,248,23, 2
400,248,23, 2
401,248,23, 2
402,248,23, 2
403,248,23, 2
404,248,23, 2
405,248,23, 2
406,248,23, 2
407,248,23, 2
408,248,23, 2
409,248,23, 2
410,248,23, 2
411,248,23, 2
412,248,23, 2
413,248,23, 2
414,248,23, 2
415,248,23, 2
416,248,23, 2
417,248,23, 2
418,248,23, 2
419,248,23, 2
420,248,23, 2
421,248,23, 2
422,248,23, 2
423,248,23, 2
424,248,23, 2
425,248,23, 2
426,248,23, 2
427,248,23, 2
428,248,23, 2
429,248,23, 2
430,248,23, 2
431,248,23, 2
432,248,23, 2
433,248,23, 2
434,248,23, 2
435,248,23, 2
436,248,23, 2
437,248,23, 2
438,248,23, 2
439,248,23, 2
440,248,23, 2
441,248,23, 2
442,248,23, 2
443,248,23, 2
444,248,23, 2
445,248,23, 2
446,248,23, 2
447,248,23, 2
448,248,23, 2
449,248,23, 2
450,248,23, 2
451,248,23, 2
452,248,23, 2
453,248,23, 2
454,248,23, 2
455,248,23, 2
456,248,23, 2
457,248,23, 2
458,248,23, 2
459,248,23, 2
460,248,23, 2
461,248,23, 2
462,248,23, 2
463,248,23, 2
464,248,23, 2
465,248,23, 2
466,248,23, 2
467,248,23, 2
468,248,23, 2
469,248,23, 2
470,248,23, 2
471,248,23, 2
472,248,23, 2
473,248,23, 2
474,248,23, 2
475,248,23, 2
476,248,23, 2
477,248,23, 2
478,248,23, 2
479,248,23, 2
480,248,23, 2
481,248,23, 2
482,248,23, 2
483,248,23, 2
484,248,23, 2
485,248,23, 2
486,248,23, 2
487,248,23, 2
488,248,23, 2
489,248,23, 2
490,248,23, 2
491,248,23, 2
492,248,23, 2
493,248,23, 2
494,248,23, 2
495,248,23, 2
496,248,23, 2
497,248,23, 2
498,248,23, 2
499,248,23, 2
500,248,23, 2
501,248,23, 2
502,248,23, 2
503,248,23, 2
504,248,23, 2
505,248,23, 2
506,248,23, 2
507,248,23, 2
508,248,23, 2
509,248,23, 2
510,248,23, 2
511,248,23, 2
512,248,23, 2
513,248,23, 2
514,248,23, 2
515,248,23, 2
516,248,23, 2
517,248,23, 2
518,248,23, 2
519,248,23, 2
520,248,23, 2
521,248,23, 2
522,248,23, 2
523,248,23, 2
524,248,23, 2
525,248,23, 2
526,248,23, 2
527,248,23, 2
528,248,23, 2
529,248,23, 2
530,248,23, 2
531,248,23, 2
532,248,23, 2
533,248,23, 2
534,248,23, 2
535,248,23, 2
536,248,23, 2
537,248,23, 2
538,248,23, 2
539,248,23, 2
540,248,23, 2
541,248,23, 2
542,248,23, 2
543,248,23, 2
544,248,23, 2
545,248,23, 2
546,248,23, 2
547,248,23, 2
548,248,23, 2
549,248,23, 2
550,248,23, 2
551,248,23, 2
552,248,23, 2
553,248,23, 2
554,248,23, 2
555,248,23, 2
556,248,23, 2
557,248,23, 2
558,248,23, 2
559,248,23, 2
560,248,23, 2
561,248,23, 2
562,248,23, 2
563,248,23, 2
564,248,23, 2
565,248,23, 2
566,248,23, 2
567,248,23, 2
568,248,23, 2
569,248,23, 2
570,248,23, 2
571,248,23, 2
572,248,23, 2
573,248,23, 2
574,248,23, 2
575,248,23, 2
576,248,23, 2
577,248,23, 2
578,248,23, 2
579,248,23, 2
580,248,23, 2
581,248,23, 2
582,248,23, 2
583,248,23, 2
584,248,23, 2
585,248,23, 2
586,248,23, 2
587,248,23, 2
588,248,23, 2
589,248,23, 2
590,248,23, 2
591,248,23, 2
592,248,23, 2
593,248,23, 2
594,248,23, 2
595,248,23, 2
596,248,23, 2
597,248,23, 2
598,248,23, 2
599,248,23, 2
600,248,23, 2
601,248,23, 2
602,248,23, 2
603,248,23, 2
604,248,23, 2
605,248,23, 2
606,248,23, 2
607,248,23, 2
608,248,23, 2
609,248,23, 2
610,248,23, 2
611,248,23, 2
612,248,23, 2
613,247,22, 3
614,247,22, 3
615,247,22, 3
616,247,22, 3
617,247,22, 3
618,247,22, 3
619,247,22, 3
620,247,22, 3
621,247,22, 3
622,247,22, 3
623,247,22, 3
624,247,22, 3
625,247,22, 3
626,247,22, 3
627,247,22, 3
628,247,22, 3
629,247,22, 3
630,247,22, 3
631,247,22, 3
632,247,22, 3
633,247,22, 3
634,247,22, 3
635,247,22, 3
636,247,22, 3
637,247,22, 3
638,247,22, 3
639,247,22, 3
640,247,22, 3
641,247,22, 3
642,247,22, 3
643,247,22, 3
644,247,22, 3
645,247,22, 3
646,247,22, 3
647,247,22, 3
648,247,22, 3
649,247,22, 3
650,247,22, 3
651,247,22, 3
652,247,22, 3
653,247,22, 3
654,247,22, 3
655,247,22, 3
656,247,22, 3
657,247,22, 3
658,247,22, 3
659,247,22, 3
660,247,22, 3
661,247,22, 3
662,247,22, 3
663,247,22, 3
664,247,22, 3
665,247,22, 3
666,247,22, 3
667,247,22, 3
668,247,22, 3
669,247,22, 3
670,247,22, 3
671,247,22, 3
672,247,22, 3
673,247,22, 3
674,247,22, 3
675,247,22, 3
676,247,22, 3
677,247,22, 3
678,247,22, 3
679,247,22, 3
680,247,22, 3
681,247,22, 3
682,247,22, 3
683,247,22, 3
684,247,22, 3
685,247,22, 3
686,247,22, 3
687,247,22, 3
688,247,22, 3
689,247,22, 3
690,247,22, 3
691,247,22, 3
692,247,22, 3
693,247,22, 3
694,247,22, 3
695,247,22, 3
696,247,22, 3
697,247,22, 3
698,247,22, 3
699,247,22, 3
700,247,22, 3
701,247,22, 3
702,247,22, 3
703,247,22, 3
704,247,22, 3
705,247,22, 3
706,247,22, 3
707,247,22, 3
708,247,22, 3
709,247,22, 3
710,247,22, 3
711,247,22, 3
712,247,22, 3
713,247,22, 3
714,247,22, 3
715,247,22, 3
716,247,22, 3
717,247,22, 3
718,247,22, 3
719,247,22, 3
720,247,22, 3
721,247,22, 3
722,247,22, 3
723,247,22, 3
724,247,22, 3
725,247,22, 3
726,247,22, 3
727,247,22, 3
728,247,22, 3
729,247,22, 3
730,247,22, 3
731,247,22, 3
732,247,22, 3
733,247,22, 3
734,247,22, 3
735,247,22, 3
736,247,22, 3
737,247,22, 3
738,247,22, 3
739,247,22, 3
740,247,22, 3
741,247,22, 3
742,247,22, 3
743,247,22, 3
744,247,22, 3
745,247,22, 3
746,247,22, 3
747,247,22, 3
748,247,22, 3
749,247,22, 3
750,247,22, 3
751,247,22, 3
752,247,22, 3
753,247,22, 3
754,247,22, 3
755,247,22, 3
756,247,22, 3
757,247,22, 3
758,247,22, 3
759,247,22, 3
760,247,22, 3
761,247,22, 3
762,247,22, 3
763,247,22, 3
764,247,22, 3
765,247,22, 3
766,247,22, 3
767,247,22, 3
768,247,22, 3
769,247,22, 3
770,247,22, 3
771,247,22, 3
772,247,22, 3
773,247,22, 3
774,247,22, 3
775,247,22, 3
776,247,22, 3
777,247,22, 3
778,247,22, 3
779,247,22, 3
780,247,22, 3
781,247,22, 3
782,247,22, 3
783,247,22, 3
784,247,22, 3
785,247,22, 3
786,247,22, 3
787,247,22, 3
788,247,22, 3
789,247,22, 3
790,247,22, 3
791,247,22, 3
792,247,22, 3
793,247,22, 3
794,247,22, 3
795,247,22, 3
796,247,22, 3
797,247,22, 3
798,247,22, 3
799,247,22, 3
800,247,22, 3
801,247,22, 3
802,247,22, 3
803,247,22, 3
804,247,22, 3
805,247,22, 3
806,247,22, 3
807,247,22, 3
808,247,22, 3
809,247,22, 3
810,247,22, 3
811,247,22, 3
812,247,22, 3
813,247,22, 3
814,247,22, 3
815,247,22, 3
816,247,22, 3
817,247,22, 3
818,247,22, 3
819,247,22, 3
820,247,22, 3
821,247,22, 3
822,247,22, 3
823,247,22, 3
824,247,22, 3
825,247,22, 3
826,247,22, 3
827,247,22, 3
828,247,22, 3
829,247,22, 3
830,247,22, 3
831,247,22, 3
832,247,22, 3
833,247,22, 3
834,247,22, 3
835,247,22, 3
836,247,22, 3
837,247,22, 3
838,247,22, 3
839,247,22, 3
840,247,22, 3
841,247,22, 3
842,247,22, 3
843,247,22, 3
844,247,22, 3
845,247,22, 3
846,247,22, 3
847,247,22, 3
848,247,22, 3
849,247,22, 3
850,247,22, 3
851,247,22, 3
852,247,22, 3
853,247,22, 3
854,247,22, 3
855,247,22, 3
856,247,22, 3
857,247,22, 3
858,247,22, 3
859,247,22, 3
860,247,22, 3
861,247,22, 3
862,247,22, 3
863,247,22, 3
864,247,22, 3
865,247,22, 3
866,247,22, 3
867,247,22, 3
868,247,22, 3
869,247,22, 3
870,247,22, 3
871,247,22, 3
872,247,22, 3
873,247,22, 3
874,247,22, 3
875,247,22, 3
876,247,22, 3
877,247,22, 3
878,247,22, 3
879,247,22, 3
880,247,22, 3
881,247,22, 3
882,247,22, 3
883,247,22, 3
884,247,22, 3
885,247,22, 3
886,247,22, 3
887,247,22, 3
888,247,22, 3
889,247,22, 3
890,247,22, 3
891,247,22, 3
892,247,22, 3
893,247,22, 3
894,247,22, 3
895,247,22, 3
896,247,22, 3
897,247,22, 3
898,247,22, 3
899,247,22, 3
900,247,22, 3
901,247,22, 3
902,247,22, 3
903,247,22, 3
904,247,22, 3
905,247,22, 3
906,247,22, 3
907,247,22, 3
908,247,22, 3
909,247,22, 3
910,247,22, 3
911,247,22, 3
912,247,22, 3
913,247,22, 3
914,247,22, 3
915,247,22, 3
916,247,22, 3
917,247,22, 3
918,247,22, 3
919,247,22, 3
920,247,22, 3
921,247,22, 3
922,247,22, 3
923,247,22, 3
924,247,22, 3
925,247,22, 3
926,247,22, 3
927,247,22, 3
928,247,22, 3
929,247,22, 3
930,247,22, 3
931,247,22, 3
932,247,22, 3
933,247,22, 3
934,247,22, 3
935,247,22, 3
936,247,22, 3
937,247,22, 3
938,247,22, 3
939,247,22, 3
940,247,22, 3
941,247,22, 3
942,247,22, 3
943,247,22, 3
944,247,22, 3
945,247,22, 3
946,247,22, 3
947,247,22, 3
948,247,22, 3
949,247,22, 3
950,247,22, 3
951,247,22, 3
952,247,22, 3
953,247,22, 3
954,247,22, 3
955,247,22, 3
956,247,22, 3
957,247,22, 3
958,247,22, 3
959,247,22, 3
960,247,22, 3
961,247,22, 3
962,247,22, 3
963,247,22, 3
964,247,22, 3
965,247,22, 3
966,247,22, 3
967,247,22, 3
968,247,22, 3
969,247,22, 3
970,247,22, 3
971,247,22, 3
972,247,22, 3
973,247,22, 3
974,247,22, 3
975,247,22, 3
976,247,22, 3
977,247,22, 3
978,247,22, 3
979,247,22, 3
980,247,22, 3
981,247,22, 3
982,247,22, 3
983,247,22, 3
984,247,22, 3
985,247,22, 3
986,247,22, 3
987,247,22, 3
988,247,22, 3
989,247,22, 3
990,247,22, 3
991,247,22, 3
992,247,22, 3
993,247,22, 3
994,247,22, 3
995,247,22, 3
996,247,22, 3
997,247,22, 3
998,247,22, 3
999,247,22, 3
1000,247,22, 3
1001,247,22, 3
1002,247,22, 3
1003,247,22, 3
1004,247,22, 3
1005,247,22, 3
1006,247,22, 3
1007,247,22, 3
1008,247,22, 3
1009,247,22, 3
1010,247,22, 3
1011,247,22, 3
1012,247,22, 3
1013,247,22, 3
1014,247,22, 3
1015,247,22, 3
1016,247,22, 3
1017,247,22, 3
1018,247,22, 3
1019,247,22, 3
1020,247,22, 3
1021,247,22, 3
1022,247,22, 3
1023,247,22, 3
1024,247,22, 3
1025,247,22, 3
1026,247,22, 3
1027,247,22, 3
1028,247,22, 3
1029,247,22, 3
1030,247,22, 3
1031,247,22, 3
1032,247,22, 3
1033,247,22, 3
1034,247,22, 3
1035,247,22, 3
1036,247,22, 3
1037,247,22, 3
1038,247,22, 3
1039,247,22, 3
1040,247,22, 3
1041,247,22, 3
1042,247,22, 3
1043,247,22, 3
1044,247,22, 3
1045,247,22, 3
1046,247,22, 3
1047,247,22, 3
1048,247,22, 3
1049,247,22, 3
1050,247,22, 3
1051,247,22, 3
1052,247,22, 3
1053,247,22, 3
1054,247,22, 3
1055,247,22, 3
1056,247,22, 3
1057,247,22, 3
1058,247,22, 3
1059,247,22, 3
1060,247,22, 3
1061,247,22, 3
1062,247,22, 3
1063,247,22, 3
1064,247,22, 3
1065,247,22, 3
1066,247,22, 3
1067,247,22, 3
1068,247,22, 3
1069,247,22, 3
1070,247,22, 3
1071,247,22, 3
1072,247,22, 3
1073,247,22, 3
1074,247,22, 3
1075,247,22, 3
1076,247,22, 3
1077,247,22, 3
1078,247,22, 3
1079,247,22, 3
1080,247,22, 3
1081,247,22, 3
1082,247,22, 3
1083,247,22, 3
1084,247,22, 3
1085,247,22, 3
1086,247,22, 3
1087,247,22, 3
1088,247,22, 3
1089,247,22, 3
1090,247,22, 3
1091,247,22, 3
1092,247,22, 3
1093,247,22, 3
1094,247,22, 3
1095,247,22, 3
1096,247,22, 3
1097,247,22, 3
1098,247,22, 3
1099,247,22, 3
1100,247,22, 3
1101,247,22, 3
1102,247,22, 3
1103,247,22, 3
1104,247,22, 3
1105,247,22, 3
1106,247,22, 3
1107,247,22, 3
1108,247,22, 3
1109,247,22, 3
1110,247,22, 3
1111,247,22, 3
1112,247,22, 3
1113,247,22, 3
1114,247,22, 3
1115,247,22, 3
1116,247,22, 3
1117,247,22, 3
1118,247,22, 3
1119,247,22, 3
1120,247,22, 3
1121,247,22, 3
1122,247,22, 3
1123,247,22, 3
1124,247,22, 3
1125,247,22, 3
1126,247,22, 3
1127,247,22, 3
1128,247,22, 3
1129,247,22, 3
1130,247,22, 3
1131,247,22, 3
1132,247,22, 3
1133,247,22, 3
1134,247,22, 3
1135,247,22, 3
1136,247,22, 3
1137,247,22, 3
1138,247,22, 3
1139,247,22, 3
1140,247,22, 3
1141,247,22, 3
1142,247,22, 3
1143,247,22, 3
1144,247,22, 3
1145,247,22, 3
1146,247,22, 3
1147,247,22, 3
1148,247,22, 3
1149,247,22, 3
1150,247,22, 3
1151,247,22, 3
1152,247,22, 3
1153,247,22, 3
1154,247,22, 3
1155,247,22, 3
1156,247,22, 3
1157,247,22, 3
1158,247,22, 3
1159,247,22, 3
1160,247,22, 3
1161,247,22, 3
1162,247,22, 3
1163,247,22, 3
1164,247,22, 3
1165,247,22, 3
1166,247,22, 3
1167,247,22, 3
1168,247,22, 3
1169,247,22, 3
1170,247,22, 3
1171,247,22, 3
1172,247,22, 3
1173,247,22, 3
1174,247,22, 3
1175,247,22, 3
1176,247,22, 3
1177,247,22, 3
1178,247,22, 3
1179,247,22, 3
1180,247,22, 3
1181,247,22, 3
1182,247,22, 3
1183,247,22, 3
1184,247,22, 3
1185,247,22, 3
1186,247,22, 3
1187,247,22, 3
1188,247,22, 3
1189,247,22, 3
1190,247,22, 3
1191,247,22, 3
1192,247,22, 3
1193,247,22, 3
1194,247,22, 3
1195,247,22, 3
1196,247,22, 3
1197,247,22, 3
1198,247,22, 3
1199,247,22, 3
1200,247,22, 3
1201,247,22, 3
1202,247,22, 3
1203,247,22, 3
1204,247,22, 3
1205,247,22, 3
1206,247,22, 3
1207,247,22, 3
1208,247,22, 3
1209,247,22, 3
1210,247,22, 3
1211,247,22, 3
1212,247,22, 3
1213,247,22, 3
1214,247,22, 3
1215,247,22, 3
1216,247,22, 3
1217,247,22, 3
1218,247,22, 3
1219,247,22, 3
1220,247,22, 3
1221,247,22, 3
1222,247,22, 3
1223,247,22, 3
1224,247,22, 3
1225,247,22, 3
1226,247,22, 3
1227,247,22, 3
1228,247,22, 3
1229,247,22, 3
1230,247,22, 3
1231,247,22, 3
1232,247,22, 3
1233,247,22, 3
1234,247,22, 3
1235,247,22, 3
1236,247,22, 3
1237,247,22, 3
1238,247,22, 3
1239,247,22, 3
1240,247,22, 3
1241,247,22, 3
1242,247,22, 3
1243,247,22, 3
1244,247,22, 3
1245,247,22, 3
1246,247,22, 3
1247,247,22, 3
1248,247,22, 3
1249,247,22, 3
1250,247,22, 3
1251,247,22, 3
1252,247,22, 3
1253,247,22, 3
1254,247,22, 3
1255,247,22, 3
1256,247,22, 3
1257,247,22, 3
1258,247,22, 3
1259,247,22, 3
1260,247,22, 3
1261,247,22, 3
1262,247,22, 3
1263,247,22, 3
1264,247,22, 3
1265,247,22, 3
1266,247,22, 3
1267,247,22, 3
1268,247,22, 3
1269,247,22, 3
1270,247,22, 3
1271,247,22, 3
1272,247,22, 3
1273,247,22, 3
1274,247,22, 3
1275,247,22, 3
1276,247,22, 3
1277,247,22, 3
1278,247,22, 3
1279,247,22, 3
1280,247,22, 3
1281,247,22, 3
1282,247,22, 3
1283,247,22, 3
1284,247,22, 3
1285,247,22, 3
1286,247,22, 3
1287,247,22, 3
1288,247,22, 3
1289,247,22, 3
1290,247,22, 3
1291,247,22, 3
1292,247,22, 3
1293,247,22, 3
1294,247,22, 3
1295,247,22, 3
1296,247,22, 3
1297,247,22, 3
1298,247,22, 3
1299,247,22, 3
1300,247,22, 3
1301,247,22, 3
1302,247,22, 3
1303,247,22, 3
1304,247,22, 3
1305,247,22, 3
1306,247,22, 3
1307,247,22, 3
1308,247,22, 3
1309,247,22, 3
1310,247,22, 3
1311,247,22, 3
1312,247,22, 3
1313,247,22, 3
1314,247,22, 3
1315,247,22, 3
1316,247,22, 3
1317,247,22, 3
1318,247,22, 3
1319,247,22, 3
1320,247,22, 3
1321,247,22, 3
1322,247,22, 3
1323,247,22, 3
1324,247,22, 3
1325,247,22, 3
1326,247,22, 3
1327,247,22, 3
1328,247,22, 3
1329,247,22, 3
1330,247,22, 3
1331,247,22, 3
1332,247,22, 3
1333,247,22, 3
1334,247,22, 3
1335,247,22, 3
1336,247,22, 3
1337,247,22, 3
1338,247,22, 3
1339,247,22, 3
1340,247,22, 3
1341,247,22, 3
1342,247,22, 3
1343,247,22, 3
1344,247,22, 3
1345,247,22, 3
1346,247,22, 3
1347,247,22, 3
1348,247,22, 3
1349,247,22, 3
1350,247,22, 3
1351,247,22, 3
1352,247,22, 3
1353,247,22, 3
1354,247,22, 3
1355,247,22, 3
1356,247,22, 3
1357,247,22, 3
1358,247,22, 3
1359,247,22, 3
1360,247,22, 3
1361,247,22, 3
1362,247,22, 3
1363,247,22, 3
1364,247,22, 3
1365,247,22, 3
1366,247,22, 3
1367,247,22, 3
1368,247,22, 3
1369,247,22, 3
1370,247,22, 3
1371,247,22, 3
1372,247,22, 3
1373,247,22, 3
1374,247,22, 3
1375,247,22, 3
1376,247,22, 3
1377,247,22, 3
1378,247,22, 3
1379,247,22, 3
1380,247,22, 3
1381,247,22, 3
1382,247,22, 3
1383,247,22, 3
1384,247,22, 3
1385,247,22, 3
1386,247,22, 3
1387,247,22, 3
1388,247,22, 3
1389,247,22, 3
1390,246,21, 4
1391,246,21, 4
1392,246,21, 4
1393,246,21, 4
1394,246,21, 4
1395,246,21, 4
1396,246,21, 4
1397,246,21, 4
1398,246,21, 4
1399,246,21, 4
1400,246,21, 4
1401,246,21, 4
1402,246,21, 4
1403,246,21, 4
1404,246,21, 4
1405,246,21, 4
1406,246,21, 4
1407,246,21, 4
1408,246,21, 4
1409,246,21, 4
1410,246,21, 4
1411,246,21, 4
1412,246,21, 4
1413,246,21, 4
1414,246,21, 4
1415,246,21, 4
1416,246,21, 4
1417,246,21, 4
1418,246,21, 4
1419,246,21, 4
1420,246,21, 4
1421,246,21, 4
1422,246,21, 4
1423,246,21, 4
1424,246,21, 4
1425,246,21, 4
1426,246,21, 4
1427,246,21, 4
1428,246,21, 4
1429,246,21, 4
1430,246,21, 4
1431,246,21, 4
1432,246,21, 4
1433,246,21, 4
1434,246,21, 4
1435,246,21, 4
1436,246,21, 4
1437,246,21, 4
1438,246,21, 4
1439,246,21, 4
1440,246,21, 4
1441,246,21, 4
1442,246,21, 4
1443,246,21, 4
1444,246,21, 4
1445,246,21, 4
1446,246,21, 4
1447,246,21, 4
1448,246,21, 4
1449,246,21, 4
1450,246,21, 4
1451,246,21, 4
1452,246,21, 4
1453,246,21, 4
1454,246,21, 4
1455,246,21, 4
1456,246,21, 4
1457,246,21, 4
1458,246,21, 4
1459,246,21, 4
1460,246,21, 4
1461,246,21, 4
1462,246,21, 4
1463,246,21, 4
1464,246,21, 4
1465,246,21, 4
1466,246,21, 4
1467,246,21, 4
1468,246,21, 4
1469,246,21, 4
1470,246,21, 4
1471,246,21, 4
1472,246,21, 4
1473,246,21, 4
1474,246,21, 4
1475,246,21, 4
1476,246,21, 4
1477,246,21, 4
1478,246,21, 4
1479,246,21, 4
1480,246,21, 4
1481,246,21, 4
1482,246,21, 4
1483,246,21, 4
1484,246,21, 4
1485,246,21, 4
1486,246,21, 4
1487,246,21, 4
1488,246,21, 4
1489,246,21, 4
1490,246,21, 4
1491,246,21, 4
1492,246,21, 4
1493,246,21, 4
1494,246,21, 4
1495,246,21, 4
1496,246,21, 4
1497,246,21, 4
1498,246,21, 4
1499,246,21, 4
