0,250,25, 0
1,250,25, 0
2,250,25, 0
3,250,25, 0
4,250,25, 0
5,250,25, 0
6,250,25, 0
7,250,25, 0
8,250,25, 0
9,250,25, 0
10,250,25, 0
11,250,25, 0
12,250,25, 0
13,250,25, 0
14,250,25, 0
15,250,25, 0
16,250,25, 0
17,250,25, 0
18,250,25, 0
19,250,25, 0
20,250,25, 0
21,250,25, 0
22,250,25, 0
23,250,25, 0
24,250,25, 0
25,250,25, 0
26,250,25, 0
27,250,25, 0
28,250,25, 0
29,250,25, 0
30,250,25, 0
31,250,25, 0
32,250,25, 0
33,250,25, 0
34,250,25, 0
35,250,25, 0
36,250,25, 0
37,250,25, 0
38,250,25, 0
39,250,25, 0
40,250,25, 0
41,250,25, 0
42,250,25, 0
43,250,25, 0
44,250,25, 0
45,250,25, 0
46,250,25, 0
47,250,25, 0
48,250,25, 0
49,250,25, 0
50,250,25, 0
51,250,25, 0
52,250,25, 0
53,250,25, 0
54,250,25, 0
55,250,25, 0
56,250,25, 0
57,250,25, 0
58,250,25, 0
59,250,25, 0
60,250,25, 0
61,250,25, 0
62,250,25, 0
63,250,25, 0
64,250,25, 0
65,250,25, 0
66,250,25, 0
67,250,25, 0
68,250,25, 0
69,250,25, 0
70,250,25, 0
71,250,25, 0
72,250,25, 0
73,250,25, 0
74,250,25, 0
75,250,25, 0
76,250,25, 0
77,250,25, 0
78,250,25, 0
79,250,25, 0
80,250,25, 0
81,250,25, 0
82,250,25, 0
83,250,25, 0
84,250,25, 0
85,250,25, 0
86,250,25, 0
87,250,25, 0
88,250,25, 0
89,250,25, 0
90,250,25, 0
91,250,25, 0
92,250,25, 0
93,250,25, 0
94,250,25, 0
95,250,25, 0
96,250,25, 0
97,250,25, 0
98,250,25, 0
99,250,25, 0
100,250,25, 0
101,250,25, 0
102,250,25, 0
103,250,25, 0
104,250,25, 0
105,250,25, 0
106,250,25, 0
107,250,25, 0
108,250,25, 0
109,250,25, 0
110,250,25, 0
111,250,25, 0
112,250,25, 0
113,250,25, 0
114,250,25, 0
115,250,25, 0
116,250,25, 0
117,250,25, 0
118,250,25, 0
119,250,25, 0
120,250,25, 0
121,250,25, 0
122,250,25, 0
123,250,25, 0
124,250,25, 0
125,250,25, 0
126,250,25, 0
127,250,25, 0
128,250,25, 0
129,250,25, 0
130,250,25, 0
131,250,25, 0
132,250,25, 0
133,250,25, 0
134,250,25, 0
135,250,25, 0
136,250,25, 0
137,250,25, 0
138,250,25, 0
139,250,25, 0
140,250,25, 0
141,250,25, 0
142,250,25, 0
143,250,25, 0
144,250,25, 0
145,250,25, 0
146,250,25, 0
147,250,25, 0
148,250,25, 0
149,250,25, 0
150,250,25, 0
151,250,25, 0
152,250,25, 0
153,250,25, 0
154,250,25, 0
155,250,25, 0
156,250,25, 0
157,250,25, 0
158,250,25, 0
159,250,25, 0
160,250,25, 0
161,250,25, 0
162,250,25, 0
163,250,25, 0
164,250,25, 0
165,250,25, 0
166,250,25, 0
167,250,25, 0
168,250,25, 0
169,250,25, 0
170,250,25, 0
171,250,25, 0
172,250,25, 0
173,250,25, 0
174,250,25, 0
175,250,25, 0
176,250,25, 0
177,250,25, 0
178,250,25, 0
179,250,25, 0
180,250,25, 0
181,250,25, 0
182,250,25, 0
183,250,25, 0
184,250,25, 0
185,250,25, 0
186,250,25, 0
187,250,25, 0
188,250,25, 0
189,250,25, 0
190,250,25, 0
191,250,25, 0
192,250,25, 0
193,250,25, 0
194,250,25, 0
195,250,25, 0
196,250,25, 0
197,250,25, 0
198,250,25, 0
199,250,25, 0
200,250,25, 0
201,250,25, 0
202,250,25, 0
203,250,25, 0
204,250,25, 0
205,250,25, 0
206,250,25, 0
207,250,25, 0
208,250,25, 0
209,250,25, 0
210,250,25, 0
211,250,25, 0
212,250,25, 0
213,250,25, 0
214,250,25, 0
215,250,25, 0
216,250,25, 0
217,250,25, 0
218,250,25, 0
219,250,25, 0
220,250,25, 0
221,250,25, 0
222,250,25, 0
223,249,24, 1
224,249,24, 1
225,249,24, 1
226,249,24, 1
227,249,24, 1
228,249,24, 1
229,249,24, 1
230,249,24, 1
231,249,24, 1
232,249,24, 1
233,249,24, 1
234,249,24, 1
235,249,24, 1
236,249,24, 1
237,249,24, 1
238,249,24, 1
239,249,24, 1
240,249,24, 1
241,249,24, 1
242,249,24, 1
243,249,24, 1
244,249,24, 1
245,249,24, 1
246,249,24, 1
247,249,24, 1
248,249,24, 1
249,249,24, 1
250,249,24, 1
251,249,24, 1
252,249,24, 1
253,249,24, 1
254,249,24, 1
255,249,24, 1
256,249,24, 1
257,249,24, 1
258,249,24, 1
259,249,24, 1
260,249,24, 1
261,249,24, 1
262,249,24, 1
263,249,24, 1
264,249,24, 1
265,249,24, 1
266,249,24, 1
267,249,24, 1
268,249,24, 1
269,249,24, 1
270,249,24, 1
271,249,24, 1
272,249,24, 1
273,249,24, 1
274,249,24, 1
275,249,24, 1
276,249,24, 1
277,249,24, 1
278,249,24, 1
279,249,24, 1
280,249,24, 1
281,249,24, 1
282,249,24, 1
283,249,24, 1
284,249,24, 1
285,249,24, 1
286,249,24, 1
287,249,24, 1
288,249,24, 1
289,249,24, 1
290,249,24, 1
291,249,24, 1
292,249,24, 1
293,249,24, 1
294,249,24, 1
295,249,24, 1
296,249,24, 1
297,249,24, 1
298,249,24, 1
299,249,24, 1
300,249,24, 1
301,249,24, 1
302,249,24, 1
303,249,24, 1
304,249,24, 1
305,249,24, 1
306,249,24, 1
307,249,24, 1
308,249,24, 1
309,249,24, 1
310,249,24, 1
311,249,24, 1
312,249,24, 1
313,249,24, 1
314,249,24, 1
315,249,24, 1
316,249,24, 1
317,249,24, 1
318,249,24, 1
319,249,24, 1
320,249,24, 1
321,249,24, 1
322,249,24, 1
323,249,24, 1
324,249,24, 1
325,249,24, 1
326,249,24, 1
327,249,24, 1
328,249,24, 1
329,249,24, 1
330,249,24, 1
331,249,24, 1
332,249,24, 1
333,249,24, 1
334,249,24, 1
335,249,24, 1
336,249,24, 1
337,249,24, 1
338,249,24, 1
339,249,24, 1
340,249,24, 1
341,249,24, 1
342,249,24, 1
343,249,24, 1
344,249,24, 1
345,249,24, 1
346,249,24, 1
347,249,24, 1
348,248,23, 2
349,248,23, 2
350,248,23, 2
351,248,23, 2
352,248,23, 2
353,248,23, 2
354,248,23, 2
355,248,23, 2
356,248,23, 2
357,248,23, 2
358,248,23, 2
359,248,23, 2
360,248,23, 2
361,248,23, 2
362,248,23, 2
363,248,23, 2
364,248,23, 2
365,248,23, 2
366,248,23, 2
367,248,23, 2
368,248,23, 2
369,248,23, 2
370,248,23, 2
371,248,23, 2
372,248,23, 2
373,248,23, 2
374,248,23, 2
375,248,23, 2
376,248,23, 2
377,248,23, 2
378,248,23, 2
379,248,23, 2
380,248,23, 2
381,248,23, 2
382,248,23, 2
383,248,23, 2
384,248,23, 2
385,248,23, 2
386,248,23, 2
387,248,23, 2
388,248,23, 2
389,248,23, 2
390,248,23, 2
391,248,23, 2
392,248,23, 2
393,248,23, 2
394,248,23, 2
395,248,23, 2
396,248,23, 2
397,248,23, 2
398,248,23, 2
399,248,23, 2
400,248,23, 2
401,248,23, 2
402,248,23, 2
403,248,23, 2
404,248,23, 2
405,248,23, 2
406,248,23, 2
407,248,23, 2
408,248,23, 2
409,248,23, 2
410,248,23, 2
411,248,23, 2
412,248,23, 2
413,248,23, 2
414,248,23, 2
415,248,23, 2
416,248,23, 2
417,248,23, 2
418,248,23, 2
419,248,23, 2
420,248,23, 2
421,248,23, 2
422,248,23, 2
423,248,23, 2
424,248,23, 2
425,248,23, 2
426,248,23, 2
427,248,23, 2
428,248,23, 2
429,248,23, 2
430,248,23, 2
431,248,23, 2
432,248,23, 2
433,248,23, 2
434,248,23, 2
435,248,23, 2
436,248,23, 2
437,248,23, 2
438,248,23, 2
439,248,23, 2
440,248,23, 2
441,248,23, 2
442,248,23, 2
443,248,23, 2
444,248,23, 2
445,248,23, 2
446,248,23, 2
447,248,23, 2
448,248,23, 2
449,248,23, 2
450,248,23, 2
451,248,23, 2
452,248,23, 2
453,248,23, 2
454,248,23, 2
455,248,23, 2
456,248,23, 2
457,248,23, 2
458,248,23, 2
459,248,23, 2
460,248,23, 2
461,248,23, 2
462,248,23, 2
463,248,23, 2
464,248,23, 2
465,248,23, 2
466,248,23, 2
467,248,23, 2
468,248,23, 2
469,248,23, 2
470,248,23, 2
471,248,23, 2
472,248,23, 2
473,248,23, 2
474,248,23, 2
475,248,23, 2
476,248,23, 2
477,248,23, 2
478,248,23, 2
479,248,23, 2
480,248,23, 2
481,248,23, 2
482,248,23, 2
483,248,23, 2
484,248,23, 2
485,248,23, 2
486,248,23, 2
487,248,23, 2
488,248,23, 2
489,248,23, 2
490,248,23, 2
491,248,23, 2
492,248,23, 2
493,248,23, 2
494,248,23, 2
495,248,23, 2
496,248,23, 2
497,248,23, 2
498,248,23, 2
499,248,23, 2
500,248,23, 2
501,248,23, 2
502,248,23, 2
503,248,23, 2
504,248,23, 2
505,248,23, 2
506,248,23, 2
507,248,23, 2
508,248,23, 2
509,248,23, 2
510,248,23, 2
511,248,23, 2
512,248,23, 2
513,248,23, 2
514,248,23, 2
515,248,23, 2
516,248,23, 2
517,248,23, 2
518,248,23, 2
519,248,23, 2
520,248,23, 2
521,248,23, 2
522,248,23, 2
523,248,23, 2
524,248,23, 2
525,248,23, 2
526,248,23, 2
527,248,23, 2
528,248,23, 2
529,248,23, 2
530,248,23, 2
531,248,23, 2
532,248,23, 2
533,248,23, 2
534,248,23, 2
535,248,23, 2
536,248,23, 2
537,248,23, 2
538,248,23, 2
539,248,23, 2
540,248,23, 2
541,248,23, 2
542,248,23, 2
543,248,23, 2
544,248,23, 2
545,248,23, 2
546,248,23, 2
547,248,23, 2
548,248,23, 2
549,248,23, 2
550,248,23, 2
551,248,23, 2
552,248,23, 2
553,248,23, 2
554,248,23, 2
555,248,23, 2
556,248,23, 2
557,248,23, 2
558,248,23, 2
559,248,23, 2
560,248,23, 2
561,248,23, 2
562,248,23, 2
563,248,23, 2
564,248,23, 2
565,248,23, 2
566,248,23, 2
567,248,23, 2
568,248,23, 2
569,248,23, 2
570,248,23, 2
571,248,23, 2
572,248,23, 2
573,248,23, 2
574,248,23, 2
575,248,23, 2
576,248,23, 2
577,248,23, 2
578,248,23, 2
579,248,23, 2
580,248,23, 2
581,248,23, 2
582,248,23, 2
583,248,23, 2
584,248,23, 2
585,248,23, 2
586,248,23, 2
587,248,23, 2
588,248,23, 2
589,248,23, 2
590,248,23, 2
591,248,23, 2
592,248,23, 2
593,248,23, 2
594,248,23, 2
595,248,23, 2
596,248,23, 2
597,248,23, 2
598,248,23, 2
599,248,23, 2
600,248,23, 2
601,248,23, 2
602,248,23, 2
603,248,23, 2
604,248,23, 2
605,248,23, 2
606,248,23, 2
607,248,23, 2
608,248,23, 2
609,248,23, 2
610,248,23, 2
611,248,23, 2
612,248,23, 2
613,248,23, 2
614,248,23, 2
615,248,23, 2
616,248,23, 2
617,248,23, 2
618,248,23, 2
619,248,23, 2
620,248,23, 2
621,248,23, 2
622,248,23, 2
623,248,23, 2
624,248,23, 2
625,248,23, 2
626,248,23, 2
627,248,23, 2
628,248,23, 2
629,248,23, 2
630,248,23, 2
631,248,23, 2
632,248,23, 2
633,248,23, 2
634,248,23, 2
635,248,23, 2
636,248,23, 2
637,248,23, 2
638,248,23, 2
639,248,23, 2
640,248,23, 2
641,248,23, 2
642,248,23, 2
643,248,23, 2
644,248,23, 2
645,248,23, 2
646,248,23, 2
647,248,23, 2
648,248,23, 2
649,248,23, 2
650,248,23, 2
651,248,23, 2
652,248,23, 2
653,248,23, 2
654,248,23, 2
655,248,23, 2
656,248,23, 2
657,248,23, 2
658,248,23, 2
659,248,23, 2
660,248,23, 2
661,248,23, 2
662,248,23, 2
663,248,23, 2
664,248,23, 2
665,248,23, 2
666,248,23, 2
667,248,23, 2
668,248,23, 2
669,248,23, 2
670,248,23, 2
671,248,23, 2
672,248,23, 2
673,248,23, 2
674,248,23, 2
675,248,23, 2
676,248,23, 2
677,248,23, 2
678,248,23, 2
679,248,23, 2
680,248,23, 2
681,248,23, 2
682,248,23, 2
683,248,23, 2
684,248,23, 2
685,248,23, 2
686,248,23, 2
687,248,23, 2
688,248,23, 2
689,247,22, 3
690,247,22, 3
691,246,21, 4
692,246,21, 4
693,246,21, 4
694,246,21, 4
695,246,21, 4
696,246,21, 4
697,246,21, 4
698,246,21, 4
699,246,21, 4
700,246,21, 4
701,246,21, 4
702,246,21, 4
703,246,21, 4
704,246,21, 4
705,246,21, 4
706,246,21, 4
707,246,21, 4
708,246,21, 4
709,246,21, 4
710,246,21, 4
711,246,21, 4
712,246,21, 4
713,246,21, 4
714,246,21, 4
715,246,21, 4
716,246,21, 4
717,246,21, 4
718,246,21, 4
719,246,21, 4
720,246,21, 4
721,246,21, 4
722,246,21, 4
723,246,21, 4
724,246,21, 4
725,246,21, 4
726,246,21, 4
727,246,21, 4
728,246,21, 4
729,246,21, 4
730,246,21, 4
731,246,21, 4
732,246,21, 4
733,246,21, 4
734,246,21, 4
735,246,21, 4
736,246,21, 4
737,246,21, 4
738,246,21, 4
739,246,21, 4
740,246,21, 4
741,246,21, 4
742,246,21, 4
743,246,21, 4
744,246,21, 4
745,246,21, 4
746,246,21, 4
747,246,21, 4
748,246,21, 4
749,246,21, 4
750,246,21, 4
751,246,21, 4
752,246,21, 4
753,246,21, 4
754,246,21, 4
755,246,21, 4
756,246,21, 4
757,246,21, 4
758,246,21, 4
759,246,21, 4
760,246,21, 4
761,246,21, 4
762,246,21, 4
763,246,21, 4
764,246,21, 4
765,246,21, 4
766,246,21, 4
767,246,21, 4
768,246,21, 4
769,246,21, 4
770,246,21, 4
771,246,21, 4
772,246,21, 4
773,246,21, 4
774,246,21, 4
775,246,21, 4
776,246,21, 4
777,246,21, 4
778,246,21, 4
779,246,21, 4
780,246,21, 4
781,246,21, 4
782,246,21, 4
783,246,21, 4
784,246,21, 4
785,246,21, 4
786,246,21, 4
787,246,21, 4
788,246,21, 4
789,246,21, 4
790,246,21, 4
791,246,21, 4
792,246,21, 4
793,246,21, 4
794,246,21, 4
795,246,21, 4
796,246,21, 4
797,246,21, 4
798,246,21, 4
799,246,21, 4
800,246,21, 4
801,246,21, 4
802,246,21, 4
803,246,21, 4
804,246,21, 4
805,246,21, 4
806,246,21, 4
807,246,21, 4
808,246,21, 4
809,246,21, 4
810,246,21, 4
811,246,21, 4
812,246,21, 4
813,246,21, 4
814,246,21, 4
815,246,21, 4
816,246,21, 4
817,246,21, 4
818,246,21, 4
819,246,21, 4
820,246,21, 4
821,246,21, 4
822,246,21, 4
823,246,21, 4
824,246,21, 4
825,246,21, 4
826,246,21, 4
827,246,21, 4
828,246,21, 4
829,246,21, 4
830,246,21, 4
831,246,21, 4
832,246,21, 4
833,246,21, 4
834,246,21, 4
835,246,21, 4
836,246,21, 4
837,246,21, 4
838,246,21, 4
839,246,21, 4
840,246,21, 4
841,246,21, 4
842,246,21, 4
843,246,21, 4
844,246,21, 4
845,246,21, 4
846,246,21, 4
847,246,21, 4
848,246,21, 4
849,246,21, 4
850,246,21, 4
851,246,21, 4
852,246,21, 4
853,246,21, 4
854,246,21, 4
855,246,21, 4
856,246,21, 4
857,246,21, 4
858,246,21, 4
859,246,21, 4
860,246,21, 4
861,246,21, 4
862,246,21, 4
863,246,21, 4
864,246,21, 4
865,246,21, 4
866,246,21, 4
867,246,21, 4
868,246,21, 4
869,246,21, 4
870,246,21, 4
871,246,21, 4
872,246,21, 4
873,246,21, 4
874,246,21, 4
875,246,21, 4
876,246,21, 4
877,246,21, 4
878,246,21, 4
879,246,21, 4
880,246,21, 4
881,246,21, 4
882,246,21, 4
883,246,21, 4
884,246,21, 4
885,246,21, 4
886,246,21, 4
887,246,21, 4
888,246,21, 4
889,246,21, 4
890,246,21, 4
891,246,21, 4
892,246,21, 4
893,246,21, 4
894,246,21, 4
895,246,21, 4
896,246,21, 4
897,246,21, 4
898,246,21, 4
899,246,21, 4
900,246,21, 4
901,246,21, 4
902,246,21, 4
903,246,21, 4
904,246,21, 4
905,246,21, 4
906,246,21, 4
907,246,21, 4
908,246,21, 4
909,246,21, 4
910,246,21, 4
911,246,21, 4
912,246,21, 4
913,246,21, 4
914,246,21, 4
915,246,21, 4
916,246,21, 4
917,246,21, 4
918,246,21, 4
919,246,21, 4
920,246,21, 4
921,246,21, 4
922,246,21, 4
923,246,21, 4
924,246,21, 4
925,246,21, 4
926,246,21, 4
927,246,21, 4
928,246,21, 4
929,246,21, 4
930,246,21, 4
931,246,21, 4
932,246,21, 4
933,246,21, 4
934,246,21, 4
935,246,21, 4
936,246,21, 4
937,246,21, 4
938,246,21, 4
939,246,21, 4
940,246,21, 4
941,246,21, 4
942,246,21, 4
943,246,21, 4
944,246,21, 4
945,246,21, 4
946,246,21, 4
947,246,21, 4
948,245,20, 5
949,245,20, 5
950,245,20, 5
951,245,20, 5
952,245,20, 5
953,245,20, 5
954,245,20, 5
955,245,20, 5
956,245,20, 5
957,245,20, 5
958,245,20, 5
959,245,20, 5
960,245,20, 5
961,245,20, 5
962,245,20, 5
963,245,20, 5
964,245,20, 5
965,245,20, 5
966,245,20, 5
967,245,20, 5
968,245,20, 5
969,245,20, 5
970,245,20, 5
971,245,20, 5
972,245,20, 5
973,245,20, 5
974,245,20, 5
975,245,20, 5
976,245,20, 5
977,245,20, 5
978,245,20, 5
979,245,20, 5
980,245,20, 5
981,245,20, 5
982,245,20, 5
983,245,20, 5
984,245,20, 5
985,245,20, 5
986,245,20, 5
987,245,20, 5
988,245,20, 5
989,245,20, 5
990,245,20, 5
991,245,20, 5
992,245,20, 5
993,245,20, 5
994,245,20, 5
995,245,20, 5
996,245,20, 5
997,245,20, 5
998,245,20, 5
999,245,20, 5
1000,245,20, 5
1001,245,20, 5
1002,245,20, 5
1003,245,20, 5
1004,245,20, 5
1005,245,20, 5
1006,245,20, 5
1007,245,20, 5
1008,245,20, 5
1009,245,20, 5
1010,245,20, 5
1011,245,20, 5
1012,245,20, 5
1013,245,20, 5
1014,245,20, 5
1015,245,20, 5
1016,245,20, 5
1017,245,20, 5
1018,245,20, 5
1019,245,20, 5
1020,245,20, 5
1021,245,20, 5
1022,245,20, 5
1023,245,20, 5
1024,245,20, 5
1025,245,20, 5
1026,245,20, 5
1027,245,20, 5
1028,245,20, 5
1029,245,20, 5
1030,245,20, 5
1031,245,20, 5
1032,245,20, 5
1033,245,20, 5
1034,245,20, 5
1035,245,20, 5
1036,245,20, 5
1037,245,20, 5
1038,245,20, 5
1039,245,20, 5
1040,245,20, 5
1041,245,20, 5
1042,245,20, 5
1043,245,20, 5
1044,245,20, 5
1045,245,20, 5
1046,245,20, 5
1047,245,20, 5
1048,245,20, 5
1049,245,20, 5
1050,245,20, 5
1051,245,20, 5
1052,245,20, 5
1053,245,20, 5
1054,245,20, 5
1055,245,20, 5
1056,245,20, 5
1057,245,20, 5
1058,245,20, 5
1059,245,20, 5
1060,245,20, 5
1061,245,20, 5
1062,245,20, 5
1063,245,20, 5
1064,245,20, 5
1065,245,20, 5
1066,245,20, 5
1067,245,20, 5
1068,245,20, 5
1069,245,20, 5
1070,245,20, 5
1071,245,20, 5
1072,245,20, 5
1073,245,20, 5
1074,245,20, 5
1075,245,20, 5
1076,245,20, 5
1077,245,20, 5
1078,245,20, 5
1079,245,20, 5
1080,245,20, 5
1081,245,20, 5
1082,245,20, 5
1083,245,20, 5
1084,245,20, 5
1085,245,20, 5
1086,245,20, 5
1087,245,20, 5
1088,245,20, 5
1089,245,20, 5
1090,245,20, 5
1091,245,20, 5
1092,245,20, 5
1093,245,20, 5
1094,245,20, 5
1095,245,20, 5
1096,245,20, 5
1097,245,20, 5
1098,245,20, 5
1099,245,20, 5
1100,245,20, 5
1101,245,20, 5
1102,245,20, 5
1103,245,20, 5
1104,245,20, 5
1105,245,20, 5
1106,245,20, 5
1107,245,20, 5
1108,245,20, 5
1109,245,20, 5
1110,245,20, 5
1111,245,20, 5
1112,245,20, 5
1113,245,20, 5
1114,245,20, 5
1115,245,20, 5
1116,245,20, 5
1117,245,20, 5
1118,245,20, 5
1119,245,20, 5
1120,245,20, 5
1121,245,20, 5
1122,245,20, 5
1123,245,20, 5
1124,245,20, 5
1125,245,20, 5
1126,245,20, 5
1127,245,20, 5
1128,245,20, 5
1129,245,20, 5
1130,245,20, 5
1131,245,20, 5
1132,245,20, 5
1133,245,20, 5
1134,245,20, 5
1135,245,20, 5
1136,245,20, 5
1137,245,20, 5
1138,245,20, 5
1139,245,20, 5
1140,245,20, 5
1141,245,20, 5
1142,245,20, 5
1143,245,20, 5
1144,245,20, 5
1145,245,20, 5
1146,245,20, 5
1147,245,20, 5
1148,245,20, 5
1149,245,20, 5
1150,245,20, 5
1151,245,20, 5
1152,245,20, 5
1153,245,20, 5
1154,245,20, 5
1155,245,20, 5
1156,245,20, 5
1157,244,19, 6
1158,244,19, 6
1159,244,19, 6
1160,244,19, 6
1161,244,19, 6
1162,244,19, 6
1163,244,19, 6
1164,244,19, 6
1165,244,19, 6
1166,244,19, 6
1167,244,19, 6
1168,244,19, 6
1169,244,19, 6
1170,244,19, 6
1171,244,19, 6
1172,244,19, 6
1173,244,19, 6
1174,244,19, 6
1175,244,19, 6
1176,244,19, 6
1177,244,19, 6
1178,244,19, 6
1179,244,19, 6
1180,244,19, 6
1181,244,19, 6
1182,244,19, 6
1183,244,19, 6
1184,244,19, 6
1185,244,19, 6
1186,244,19, 6
1187,244,19, 6
1188,244,19, 6
1189,244,19, 6
1190,244,19, 6
1191,244,19, 6
1192,244,19, 6
1193,244,19, 6
1194,244,19, 6
1195,244,19, 6
1196,244,19, 6
1197,244,19, 6
1198,244,19, 6
1199,244,19, 6
1200,244,19, 6
1201,244,19, 6
1202,244,19, 6
1203,244,19, 6
1204,244,19, 6
1205,244,19, 6
1206,244,19, 6
1207,244,19, 6
1208,244,19, 6
1209,244,19, 6
1210,244,19, 6
1211,244,19, 6
1212,244,19, 6
1213,244,19, 6
1214,244,19, 6
1215,244,19, 6
1216,244,19, 6
1217,244,19, 6
1218,244,19, 6
1219,244,19, 6
1220,244,19, 6
1221,244,19, 6
1222,244,19, 6
1223,244,19, 6
1224,244,19, 6
1225,244,19, 6
1226,244,19, 6
1227,244,19, 6
1228,244,19, 6
1229,244,19, 6
1230,244,19, 6
1231,244,19, 6
1232,244,19, 6
1233,244,19, 6
1234,244,19, 6
1235,244,19, 6
1236,244,19, 6
1237,244,19, 6
1238,244,19, 6
1239,244,19, 6
1240,244,19, 6
1241,244,19, 6
1242,244,19, 6
1243,244,19, 6
1244,244,19, 6
1245,244,19, 6
1246,244,19, 6
1247,244,19, 6
1248,244,19, 6
1249,244,19, 6
1250,244,19, 6
1251,244,19, 6
1252,244,19, 6
1253,244,19, 6
1254,244,19, 6
1255,244,19, 6
1256,244,19, 6
1257,244,19, 6
1258,244,19, 6
1259,244,19, 6
1260,244,19, 6
1261,244,19, 6
1262,244,19, 6
1263,244,19, 6
1264,244,19, 6
1265,244,19, 6
1266,244,19, 6
1267,244,19, 6
1268,244,19, 6
1269,244,19, 6
1270,244,19, 6
1271,244,19, 6
1272,244,19, 6
1273,244,19, 6
1274,244,19, 6
1275,244,19, 6
1276,244,19, 6
1277,244,19, 6
1278,244,19, 6
1279,244,19, 6
1280,244,19, 6
1281,244,19, 6
1282,244,19, 6
1283,244,19, 6
1284,244,19, 6
1285,244,19, 6
1286,244,19, 6
1287,244,19, 6
1288,244,19, 6
1289,244,19, 6
1290,244,19, 6
1291,244,19, 6
1292,244,19, 6
1293,244,19, 6
1294,244,19, 6
1295,244,19, 6
1296,244,19, 6
1297,244,19, 6
1298,244,19, 6
1299,244,19, 6
1300,244,19, 6
1301,244,19, 6
1302,244,19, 6
1303,244,19, 6
1304,244,19, 6
1305,244,19, 6
1306,244,19, 6
1307,244,19, 6
1308,244,19, 6
1309,244,19, 6
1310,244,19, 6
1311,244,19, 6
1312,244,19, 6
1313,244,19, 6
1314,244,19, 6
1315,244,19, 6
1316,244,19, 6
1317,244,19, 6
1318,244,19, 6
1319,244,19, 6
1320,244,19, 6
1321,244,19, 6
1322,244,19, 6
1323,244,19, 6
1324,244,19, 6
1325,244,19, 6
1326,244,19, 6
1327,244,19, 6
1328,244,19, 6
1329,244,19, 6
1330,244,19, 6
1331,244,19, 6
1332,244,19, 6
1333,244,19, 6
1334,244,19, 6
1335,244,19, 6
1336,244,19, 6
1337,244,19, 6
1338,244,19, 6
1339,244,19, 6
1340,244,19, 6
1341,244,19, 6
1342,244,19, 6
1343,244,19, 6
1344,244,19, 6
1345,244,19, 6
1346,244,19, 6
1347,244,19, 6
1348,244,19, 6
1349,244,19, 6
1350,244,19, 6
1351,244,19, 6
1352,244,19, 6
1353,244,19, 6
1354,244,19, 6
1355,244,19, 6
1356,244,19, 6
1357,244,19, 6
1358,244,19, 6
1359,244,19, 6
1360,244,19, 6
1361,244,19, 6
1362,244,19, 6
1363,244,19, 6
1364,244,19, 6
1365,244,19, 6
1366,244,19, 6
1367,244,19, 6
1368,244,19, 6
1369,244,19, 6
1370,244,19, 6
1371,244,19, 6
1372,244,19, 6
1373,244,19, 6
1374,244,19, 6
1375,244,19, 6
1376,244,19, 6
1377,244,19, 6
1378,244,19, 6
1379,244,19, 6
1380,244,19, 6
1381,244,19, 6
1382,244,19, 6
1383,244,19, 6
1384,244,19, 6
1385,244,19, 6
1386,244,19, 6
1387,244,19, 6
1388,244,19, 6
1389,244,19, 6
1390,244,19, 6
1391,244,19, 6
1392,244,19, 6
1393,244,19, 6
1394,244,19, 6
1395,244,19, 6
1396,244,19, 6
1397,244,19, 6
1398,244,19, 6
1399,244,19, 6
1400,244,19, 6
1401,244,19, 6
1402,244,19, 6
1403,244,19, 6
1404,244,19, 6
1405,244,19, 6
1406,244,19, 6
1407,244,19, 6
1408,244,19, 6
1409,244,19, 6
1410,244,19, 6
1411,244,19, 6
1412,244,19, 6
1413,244,19, 6
1414,244,19, 6
1415,244,19, 6
1416,244,19, 6
1417,244,19, 6
1418,244,19, 6
1419,244,19, 6
1420,244,19, 6
1421,244,19, 6
1422,244,19, 6
1423,244,19, 6
1424,244,19, 6
1425,244,19, 6
1426,244,19, 6
1427,244,19, 6
1428,244,19, 6
1429,244,19, 6
1430,244,19, 6
1431,244,19, 6
1432,244,19, 6
1433,244,19, 6
1434,244,19, 6
1435,244,19, 6
1436,244,19, 6
1437,244,19, 6
1438,244,19, 6
1439,244,19, 6
1440,244,19, 6
1441,244,19, 6
1442,244,19, 6
1443,244,19, 6
1444,244,19, 6
1445,244,19, 6
1446,244,19, 6
1447,244,19, 6
1448,244,19, 6
1449,244,19, 6
1450,244,19, 6
1451,244,19, 6
1452,244,19, 6
1453,244,19, 6
1454,244,19, 6
1455,244,19, 6
1456,244,19, 6
1457,244,19, 6
1458,244,19, 6
1459,244,19, 6
1460,244,19, 6
1461,244,19, 6
1462,244,19, 6
1463,244,19, 6
1464,244,19, 6
1465,244,19, 6
1466,244,19, 6
1467,244,19, 6
1468,244,19, 6
1469,244,19, 6
1470,244,19, 6
1471,244,19, 6
1472,244,19, 6
1473,244,19, 6
1474,244,19, 6
1475,244,19, 6
1476,244,19, 6
1477,244,19, 6
1478,244,19, 6
1479,244,19, 6
1480,244,19, 6
1481,244,19, 6
1482,244,19, 6
1483,244,19, 6
1484,244,19, 6
1485,244,19, 6
1486,244,19, 6
1487,244,19, 6
1488,244,19, 6
1489,244,19, 6
1490,244,19, 6
1491,244,19, 6
1492,244,19, 6
1493,244,19, 6
1494,244,19, 6
1495,244,19, 6
1496,244,19, 6
1497,244,19, 6
1498,244,19, 6
1499,244,19, 6
