0,250,25, 0
1,250,25, 0
2,250,25, 0
3,250,25, 0
4,250,25, 0
5,250,25, 0
6,250,25, 0
7,250,25, 0
8,250,25, 0
9,250,25, 0
10,250,25, 0
11,250,25, 0
12,250,25, 0
13,250,25, 0
14,250,25, 0
15,250,25, 0
16,250,25, 0
17,250,25, 0
18,250,25, 0
19,250,25, 0
20,250,25, 0
21,250,25, 0
22,250,25, 0
23,250,25, 0
24,250,25, 0
25,250,25, 0
26,250,25, 0
27,250,25, 0
28,250,25, 0
29,250,25, 0
30,250,25, 0
31,250,25, 0
32,250,25, 0
33,250,25, 0
34,250,25, 0
35,250,25, 0
36,250,25, 0
37,250,25, 0
38,250,25, 0
39,250,25, 0
40,250,25, 0
41,250,25, 0
42,250,25, 0
43,250,25, 0
44,250,25, 0
45,250,25, 0
46,250,25, 0
47,250,25, 0
48,250,25, 0
49,250,25, 0
50,250,25, 0
51,250,25, 0
52,250,25, 0
53,250,25, 0
54,250,25, 0
55,250,25, 0
56,250,25, 0
57,250,25, 0
58,250,25, 0
59,250,25, 0
60,250,25, 0
61,250,25, 0
62,250,25, 0
63,250,25, 0
64,250,25, 0
65,250,25, 0
66,250,25, 0
67,250,25, 0
68,250,25, 0
69,250,25, 0
70,250,25, 0
71,250,25, 0
72,250,25, 0
73,250,25, 0
74,250,25, 0
75,250,25, 0
76,250,25, 0
77,250,25, 0
78,250,25, 0
79,250,25, 0
80,250,25, 0
81,250,25, 0
82,250,25, 0
83,250,25, 0
84,250,25, 0
85,250,25, 0
86,250,25, 0
87,250,25, 0
88,250,25, 0
89,250,25, 0
90,250,25, 0
91,250,25, 0
92,250,25, 0
93,250,25, 0
94,250,25, 0
95,250,25, 0
96,250,25, 0
97,250,25, 0
98,250,25, 0
99,250,25, 0
100,250,25, 0
101,250,25, 0
102,250,25, 0
103,250,25, 0
104,250,25, 0
105,250,25, 0
106,250,25, 0
107,250,25, 0
108,250,25, 0
109,250,25, 0
110,250,25, 0
111,250,25, 0
112,250,25, 0
113,250,25, 0
114,250,25, 0
115,250,25, 0
116,250,25, 0
117,250,25, 0
118,250,25, 0
119,250,25, 0
120,250,25, 0
121,250,25, 0
122,250,25, 0
123,250,25, 0
124,250,25, 0
125,250,25, 0
126,250,25, 0
127,250,25, 0
128,250,25, 0
129,250,25, 0
130,250,25, 0
131,250,25, 0
132,250,25, 0
133,250,25, 0
134,250,25, 0
135,250,25, 0
136,250,25, 0
137,250,25, 0
138,250,25, 0
139,250,25, 0
140,250,25, 0
141,250,25, 0
142,250,25, 0
143,250,25, 0
144,250,25, 0
145,250,25, 0
146,250,25, 0
147,250,25, 0
148,250,25, 0
149,250,25, 0
150,250,25, 0
151,250,25, 0
152,250,25, 0
153,250,25, 0
154,250,25, 0
155,250,25, 0
156,250,25, 0
157,250,25, 0
158,250,25, 0
159,250,25, 0
160,250,25, 0
161,250,25, 0
162,250,25, 0
163,250,25, 0
164,250,25, 0
165,250,25, 0
166,250,25, 0
167,250,25, 0
168,250,25, 0
169,250,25, 0
170,250,25, 0
171,250,25, 0
172,250,25, 0
173,250,25, 0
174,250,25, 0
175,250,25, 0
176,250,25, 0
177,250,25, 0
178,250,25, 0
179,250,25, 0
180,250,25, 0
181,250,25, 0
182,250,25, 0
183,250,25, 0
184,250,25, 0
185,250,25, 0
186,250,25, 0
187,250,25, 0
188,250,25, 0
189,250,25, 0
190,250,25, 0
191,250,25, 0
192,250,25, 0
193,250,25, 0
194,250,25, 0
195,250,25, 0
196,250,25, 0
197,250,25, 0
198,250,25, 0
199,250,25, 0
200,250,25, 0
201,250,25, 0
202,250,25, 0
203,250,25, 0
204,250,25, 0
205,250,25, 0
206,250,25, 0
207,250,25, 0
208,250,25, 0
209,250,25, 0
210,250,25, 0
211,250,25, 0
212,250,25, 0
213,250,25, 0
214,250,25, 0
215,250,25, 0
216,250,25, 0
217,250,25, 0
218,250,25, 0
219,250,25, 0
220,250,25, 0
221,250,25, 0
222,250,25, 0
223,250,25, 0
224,250,25, 0
225,250,25, 0
226,250,25, 0
227,250,25, 0
228,250,25, 0
229,250,25, 0
230,250,25, 0
231,250,25, 0
232,250,25, 0
233,250,25, 0
234,250,25, 0
235,250,25, 0
236,250,25, 0
237,250,25, 0
238,250,25, 0
239,250,25, 0
240,250,25, 0
241,250,25, 0
242,250,25, 0
243,250,25, 0
244,250,25, 0
245,250,25, 0
246,250,25, 0
247,250,25, 0
248,250,25, 0
249,250,25, 0
250,250,25, 0
251,250,25, 0
252,250,25, 0
253,250,25, 0
254,250,25, 0
255,250,25, 0
256,250,25, 0
257,250,25, 0
258,250,25, 0
259,250,25, 0
260,250,25, 0
261,250,25, 0
262,250,25, 0
263,250,25, 0
264,250,25, 0
265,250,25, 0
266,250,25, 0
267,250,25, 0
268,250,25, 0
269,250,25, 0
270,250,25, 0
271,250,25, 0
272,250,25, 0
273,250,25, 0
274,250,25, 0
275,250,25, 0
276,250,25, 0
277,250,25, 0
278,250,25, 0
279,250,25, 0
280,250,25, 0
281,250,25, 0
282,250,25, 0
283,250,25, 0
284,250,25, 0
285,250,25, 0
286,250,25, 0
287,250,25, 0
288,250,25, 0
289,250,25, 0
290,250,25, 0
291,250,25, 0
292,250,25, 0
293,250,25, 0
294,250,25, 0
295,250,25, 0
296,250,25, 0
297,250,25, 0
298,250,25, 0
299,250,25, 0
300,250,25, 0
301,250,25, 0
302,250,25, 0
303,250,25, 0
304,250,25, 0
305,250,25, 0
306,250,25, 0
307,250,25, 0
308,250,25, 0
309,250,25, 0
310,250,25, 0
311,250,25, 0
312,250,25, 0
313,250,25, 0
314,250,25, 0
315,250,25, 0
316,250,25, 0
317,250,25, 0
318,250,25, 0
319,250,25, 0
320,250,25, 0
321,250,25, 0
322,250,25, 0
323,250,25, 0
324,250,25, 0
325,250,25, 0
326,250,25, 0
327,250,25, 0
328,250,25, 0
329,250,25, 0
330,250,25, 0
331,250,25, 0
332,250,25, 0
333,250,25, 0
334,250,25, 0
335,250,25, 0
336,250,25, 0
337,250,25, 0
338,250,25, 0
339,250,25, 0
340,250,25, 0
341,250,25, 0
342,250,25, 0
343,250,25, 0
344,250,25, 0
345,250,25, 0
346,250,25, 0
347,250,25, 0
348,250,25, 0
349,250,25, 0
350,250,25, 0
351,250,25, 0
352,250,25, 0
353,250,25, 0
354,250,25, 0
355,250,25, 0
356,250,25, 0
357,250,25, 0
358,250,25, 0
359,250,25, 0
360,250,25, 0
361,250,25, 0
362,250,25, 0
363,250,25, 0
364,250,25, 0
365,250,25, 0
366,250,25, 0
367,250,25, 0
368,250,25, 0
369,250,25, 0
370,250,25, 0
371,250,25, 0
372,250,25, 0
373,250,25, 0
374,250,25, 0
375,250,25, 0
376,250,25, 0
377,250,25, 0
378,250,25, 0
379,250,25, 0
380,250,25, 0
381,250,25, 0
382,250,25, 0
383,250,25, 0
384,250,25, 0
385,250,25, 0
386,250,25, 0
387,250,25, 0
388,250,25, 0
389,250,25, 0
390,250,25, 0
391,250,25, 0
392,250,25, 0
393,250,25, 0
394,250,25, 0
395,250,25, 0
396,250,25, 0
397,250,25, 0
398,250,25, 0
399,250,25, 0
400,250,25, 0
401,250,25, 0
402,250,25, 0
403,250,25, 0
404,250,25, 0
405,250,25, 0
406,250,25, 0
407,250,25, 0
408,250,25, 0
409,250,25, 0
410,250,25, 0
411,250,25, 0
412,250,25, 0
413,250,25, 0
414,250,25, 0
415,250,25, 0
416,250,25, 0
417,250,25, 0
418,250,25, 0
419,250,25, 0
420,250,25, 0
421,250,25, 0
422,250,25, 0
423,250,25, 0
424,250,25, 0
425,250,25, 0
426,250,25, 0
427,250,25, 0
428,250,25, 0
429,250,25, 0
430,250,25, 0
431,250,25, 0
432,250,25, 0
433,250,25, 0
434,250,25, 0
435,250,25, 0
436,250,25, 0
437,250,25, 0
438,250,25, 0
439,250,25, 0
440,250,25, 0
441,250,25, 0
442,250,25, 0
443,250,25, 0
444,250,25, 0
445,250,25, 0
446,250,25, 0
447,250,25, 0
448,250,25, 0
449,250,25, 0
450,250,25, 0
451,250,25, 0
452,250,25, 0
453,250,25, 0
454,250,25, 0
455,250,25, 0
456,250,25, 0
457,250,25, 0
458,250,25, 0
459,250,25, 0
460,250,25, 0
461,250,25, 0
462,250,25, 0
463,250,25, 0
464,250,25, 0
465,250,25, 0
466,250,25, 0
467,250,25, 0
468,250,25, 0
469,250,25, 0
470,250,25, 0
471,250,25, 0
472,250,25, 0
473,250,25, 0
474,250,25, 0
475,250,25, 0
476,250,25, 0
477,250,25, 0
478,250,25, 0
479,250,25, 0
480,250,25, 0
481,250,25, 0
482,250,25, 0
483,250,25, 0
484,250,25, 0
485,250,25, 0
486,250,25, 0
487,250,25, 0
488,250,25, 0
489,250,25, 0
490,250,25, 0
491,250,25, 0
492,250,25, 0
493,250,25, 0
494,250,25, 0
495,250,25, 0
496,250,25, 0
497,250,25, 0
498,250,25, 0
499,250,25, 0
500,250,25, 0
501,250,25, 0
502,250,25, 0
503,250,25, 0
504,250,25, 0
505,250,25, 0
506,250,25, 0
507,250,25, 0
508,250,25, 0
509,250,25, 0
510,250,25, 0
511,250,25, 0
512,250,25, 0
513,250,25, 0
514,250,25, 0
515,250,25, 0
516,250,25, 0
517,250,25, 0
518,250,25, 0
519,250,25, 0
520,250,25, 0
521,250,25, 0
522,250,25, 0
523,250,25, 0
524,250,25, 0
525,250,25, 0
526,250,25, 0
527,250,25, 0
528,250,25, 0
529,250,25, 0
530,250,25, 0
531,250,25, 0
532,250,25, 0
533,250,25, 0
534,250,25, 0
535,250,25, 0
536,250,25, 0
537,250,25, 0
538,250,25, 0
539,250,25, 0
540,250,25, 0
541,250,25, 0
542,250,25, 0
543,250,25, 0
544,250,25, 0
545,250,25, 0
546,250,25, 0
547,250,25, 0
548,250,25, 0
549,250,25, 0
550,250,25, 0
551,250,25, 0
552,250,25, 0
553,250,25, 0
554,250,25, 0
555,250,25, 0
556,250,25, 0
557,250,25, 0
558,250,25, 0
559,250,25, 0
560,250,25, 0
561,250,25, 0
562,250,25, 0
563,250,25, 0
564,250,25, 0
565,250,25, 0
566,250,25, 0
567,250,25, 0
568,250,25, 0
569,250,25, 0
570,250,25, 0
571,250,25, 0
572,250,25, 0
573,250,25, 0
574,250,25, 0
575,250,25, 0
576,250,25, 0
577,250,25, 0
578,250,25, 0
579,250,25, 0
580,250,25, 0
581,250,25, 0
582,250,25, 0
583,250,25, 0
584,250,25, 0
585,250,25, 0
586,250,25, 0
587,250,25, 0
588,250,25, 0
589,250,25, 0
590,250,25, 0
591,250,25, 0
592,250,25, 0
593,250,25, 0
594,250,25, 0
595,250,25, 0
596,250,25, 0
597,250,25, 0
598,250,25, 0
599,250,25, 0
600,250,25, 0
601,250,25, 0
602,250,25, 0
603,250,25, 0
604,250,25, 0
605,250,25, 0
606,250,25, 0
607,250,25, 0
608,250,25, 0
609,250,25, 0
610,250,25, 0
611,250,25, 0
612,250,25, 0
613,250,25, 0
614,250,25, 0
615,250,25, 0
616,250,25, 0
617,250,25, 0
618,250,25, 0
619,250,25, 0
620,250,25, 0
621,250,25, 0
622,250,25, 0
623,250,25, 0
624,250,25, 0
625,250,25, 0
626,250,25, 0
627,250,25, 0
628,250,25, 0
629,250,25, 0
630,250,25, 0
631,250,25, 0
632,250,25, 0
633,250,25, 0
634,250,25, 0
635,250,25, 0
636,250,25, 0
637,250,25, 0
638,250,25, 0
639,250,25, 0
640,250,25, 0
641,250,25, 0
642,250,25, 0
643,250,25, 0
644,250,25, 0
645,250,25, 0
646,250,25, 0
647,250,25, 0
648,250,25, 0
649,250,25, 0
650,250,25, 0
651,250,25, 0
652,250,25, 0
653,250,25, 0
654,250,25, 0
655,250,25, 0
656,250,25, 0
657,250,25, 0
658,250,25, 0
659,250,25, 0
660,250,25, 0
661,250,25, 0
662,250,25, 0
663,250,25, 0
664,250,25, 0
665,250,25, 0
666,250,25, 0
667,250,25, 0
668,250,25, 0
669,250,25, 0
670,250,25, 0
671,250,25, 0
672,250,25, 0
673,250,25, 0
674,250,25, 0
675,250,25, 0
676,250,25, 0
677,250,25, 0
678,250,25, 0
679,250,25, 0
680,250,25, 0
681,250,25, 0
682,250,25, 0
683,250,25, 0
684,250,25, 0
685,250,25, 0
686,250,25, 0
687,250,25, 0
688,250,25, 0
689,250,25, 0
690,250,25, 0
691,250,25, 0
692,250,25, 0
693,250,25, 0
694,250,25, 0
695,250,25, 0
696,250,25, 0
697,250,25, 0
698,250,25, 0
699,250,25, 0
700,250,25, 0
701,250,25, 0
702,250,25, 0
703,250,25, 0
704,250,25, 0
705,250,25, 0
706,250,25, 0
707,250,25, 0
708,250,25, 0
709,250,25, 0
710,250,25, 0
711,250,25, 0
712,250,25, 0
713,250,25, 0
714,250,25, 0
715,248,23, 2
716,248,23, 2
717,248,23, 2
718,248,23, 2
719,248,23, 2
720,248,23, 2
721,248,23, 2
722,248,23, 2
723,248,23, 2
724,248,23, 2
725,248,23, 2
726,248,23, 2
727,248,23, 2
728,248,23, 2
729,248,23, 2
730,248,23, 2
731,248,23, 2
732,248,23, 2
733,248,23, 2
734,248,23, 2
735,248,23, 2
736,248,23, 2
737,248,23, 2
738,248,23, 2
739,248,23, 2
740,248,23, 2
741,248,23, 2
742,248,23, 2
743,248,23, 2
744,248,23, 2
745,248,23, 2
746,248,23, 2
747,248,23, 2
748,248,23, 2
749,248,23, 2
750,248,23, 2
751,248,23, 2
752,248,23, 2
753,248,23, 2
754,248,23, 2
755,248,23, 2
756,248,23, 2
757,248,23, 2
758,248,23, 2
759,248,23, 2
760,248,23, 2
761,248,23, 2
762,248,23, 2
763,248,23, 2
764,248,23, 2
765,248,23, 2
766,248,23, 2
767,248,23, 2
768,248,23, 2
769,248,23, 2
770,248,23, 2
771,248,23, 2
772,248,23, 2
773,248,23, 2
774,248,23, 2
775,248,23, 2
776,248,23, 2
777,248,23, 2
778,248,23, 2
779,248,23, 2
780,248,23, 2
781,248,23, 2
782,248,23, 2
783,248,23, 2
784,248,23, 2
785,248,23, 2
786,248,23, 2
787,247,22, 3
788,247,22, 3
789,247,22, 3
790,247,22, 3
791,247,22, 3
792,247,22, 3
793,247,22, 3
794,247,22, 3
795,247,22, 3
796,247,22, 3
797,247,22, 3
798,247,22, 3
799,247,22, 3
800,247,22, 3
801,247,22, 3
802,247,22, 3
803,247,22, 3
804,247,22, 3
805,247,22, 3
806,247,22, 3
807,247,22, 3
808,247,22, 3
809,247,22, 3
810,247,22, 3
811,247,22, 3
812,247,22, 3
813,247,22, 3
814,247,22, 3
815,247,22, 3
816,247,22, 3
817,247,22, 3
818,247,22, 3
819,247,22, 3
820,247,22, 3
821,247,22, 3
822,247,22, 3
823,247,22, 3
824,247,22, 3
825,247,22, 3
826,247,22, 3
827,247,22, 3
828,247,22, 3
829,247,22, 3
830,247,22, 3
831,247,22, 3
832,247,22, 3
833,247,22, 3
834,247,22, 3
835,247,22, 3
836,247,22, 3
837,247,22, 3
838,247,22, 3
839,247,22, 3
840,247,22, 3
841,247,22, 3
842,247,22, 3
843,247,22, 3
844,247,22, 3
845,247,22, 3
846,247,22, 3
847,247,22, 3
848,247,22, 3
849,247,22, 3
850,247,22, 3
851,247,22, 3
852,247,22, 3
853,247,22, 3
854,247,22, 3
855,247,22, 3
856,247,22, 3
857,247,22, 3
858,247,22, 3
859,247,22, 3
860,247,22, 3
861,247,22, 3
862,247,22, 3
863,247,22, 3
864,247,22, 3
865,247,22, 3
866,247,22, 3
867,247,22, 3
868,247,22, 3
869,247,22, 3
870,247,22, 3
871,247,22, 3
872,247,22, 3
873,247,22, 3
874,247,22, 3
875,247,22, 3
876,247,22, 3
877,247,22, 3
878,247,22, 3
879,247,22, 3
880,247,22, 3
881,247,22, 3
882,247,22, 3
883,247,22, 3
884,247,22, 3
885,247,22, 3
886,247,22, 3
887,247,22, 3
888,247,22, 3
889,247,22, 3
890,247,22, 3
891,247,22, 3
892,247,22, 3
893,247,22, 3
894,247,22, 3
895,247,22, 3
896,247,22, 3
897,247,22, 3
898,247,22, 3
899,247,22, 3
900,247,22, 3
901,247,22, 3
902,247,22, 3
903,247,22, 3
904,247,22, 3
905,247,22, 3
906,247,22, 3
907,247,22, 3
908,247,22, 3
909,247,22, 3
910,247,22, 3
911,247,22, 3
912,247,22, 3
913,247,22, 3
914,247,22, 3
915,247,22, 3
916,247,22, 3
917,247,22, 3
918,247,22, 3
919,247,22, 3
920,247,22, 3
921,247,22, 3
922,247,22, 3
923,247,22, 3
924,247,22, 3
925,247,22, 3
926,247,22, 3
927,247,22, 3
928,247,22, 3
929,247,22, 3
930,247,22, 3
931,247,22, 3
932,247,22, 3
933,247,22, 3
934,247,22, 3
935,247,22, 3
936,247,22, 3
937,247,22, 3
938,247,22, 3
939,247,22, 3
940,247,22, 3
941,247,22, 3
942,247,22, 3
943,247,22, 3
944,247,22, 3
945,247,22, 3
946,247,22, 3
947,247,22, 3
948,247,22, 3
949,247,22, 3
950,247,22, 3
951,247,22, 3
952,247,22, 3
953,247,22, 3
954,247,22, 3
955,247,22, 3
956,247,22, 3
957,247,22, 3
958,247,22, 3
959,247,22, 3
960,247,22, 3
961,247,22, 3
962,247,22, 3
963,247,22, 3
964,247,22, 3
965,247,22, 3
966,247,22, 3
967,247,22, 3
968,247,22, 3
969,247,22, 3
970,247,22, 3
971,247,22, 3
972,247,22, 3
973,247,22, 3
974,247,22, 3
975,247,22, 3
976,247,22, 3
977,247,22, 3
978,247,22, 3
979,247,22, 3
980,247,22, 3
981,247,22, 3
982,247,22, 3
983,247,22, 3
984,247,22, 3
985,247,22, 3
986,247,22, 3
987,247,22, 3
988,247,22, 3
989,247,22, 3
990,247,22, 3
991,247,22, 3
992,247,22, 3
993,247,22, 3
994,247,22, 3
995,247,22, 3
996,247,22, 3
997,247,22, 3
998,247,22, 3
999,247,22, 3
1000,247,22, 3
1001,247,22, 3
1002,247,22, 3
1003,247,22, 3
1004,247,22, 3
1005,247,22, 3
1006,247,22, 3
1007,247,22, 3
1008,247,22, 3
1009,247,22, 3
1010,247,22, 3
1011,247,22, 3
1012,247,22, 3
1013,247,22, 3
1014,247,22, 3
1015,247,22, 3
1016,247,22, 3
1017,247,22, 3
1018,247,22, 3
1019,247,22, 3
1020,247,22, 3
1021,247,22, 3
1022,247,22, 3
1023,247,22, 3
1024,247,22, 3
1025,247,22, 3
1026,247,22, 3
1027,247,22, 3
1028,247,22, 3
1029,247,22, 3
1030,247,22, 3
1031,247,22, 3
1032,247,22, 3
1033,247,22, 3
1034,247,22, 3
1035,247,22, 3
1036,247,22, 3
1037,247,22, 3
1038,247,22, 3
1039,247,22, 3
1040,247,22, 3
1041,247,22, 3
1042,247,22, 3
1043,247,22, 3
1044,247,22, 3
1045,247,22, 3
1046,247,22, 3
1047,247,22, 3
1048,247,22, 3
1049,247,22, 3
1050,247,22, 3
1051,247,22, 3
1052,247,22, 3
1053,247,22, 3
1054,247,22, 3
1055,247,22, 3
1056,247,22, 3
1057,247,22, 3
1058,247,22, 3
1059,247,22, 3
1060,247,22, 3
1061,247,22, 3
1062,247,22, 3
1063,247,22, 3
1064,247,22, 3
1065,247,22, 3
1066,247,22, 3
1067,247,22, 3
1068,247,22, 3
1069,247,22, 3
1070,247,22, 3
1071,247,22, 3
1072,247,22, 3
1073,247,22, 3
1074,247,22, 3
1075,247,22, 3
1076,247,22, 3
1077,247,22, 3
1078,247,22, 3
1079,247,22, 3
1080,247,22, 3
1081,247,22, 3
1082,247,22, 3
1083,247,22, 3
1084,247,22, 3
1085,247,22, 3
1086,247,22, 3
1087,247,22, 3
1088,247,22, 3
1089,247,22, 3
1090,247,22, 3
1091,247,22, 3
1092,247,22, 3
1093,247,22, 3
1094,247,22, 3
1095,247,22, 3
1096,247,22, 3
1097,247,22, 3
1098,247,22, 3
1099,247,22, 3
1100,247,22, 3
1101,247,22, 3
1102,247,22, 3
1103,247,22, 3
1104,247,22, 3
1105,247,22, 3
1106,247,22, 3
1107,247,22, 3
1108,247,22, 3
1109,247,22, 3
1110,247,22, 3
1111,247,22, 3
1112,247,22, 3
1113,247,22, 3
1114,247,22, 3
1115,247,22, 3
1116,247,22, 3
1117,247,22, 3
1118,247,22, 3
1119,247,22, 3
1120,247,22, 3
1121,247,22, 3
1122,247,22, 3
1123,247,22, 3
1124,247,22, 3
1125,247,22, 3
1126,247,22, 3
1127,247,22, 3
1128,247,22, 3
1129,247,22, 3
1130,247,22, 3
1131,247,22, 3
1132,247,22, 3
1133,247,22, 3
1134,247,22, 3
1135,247,22, 3
1136,247,22, 3
1137,247,22, 3
1138,247,22, 3
1139,247,22, 3
1140,247,22, 3
1141,247,22, 3
1142,247,22, 3
1143,247,22, 3
1144,247,22, 3
1145,247,22, 3
1146,247,22, 3
1147,247,22, 3
1148,247,22, 3
1149,247,22, 3
1150,247,22, 3
1151,247,22, 3
1152,247,22, 3
1153,247,22, 3
1154,247,22, 3
1155,247,22, 3
1156,247,22, 3
1157,247,22, 3
1158,247,22, 3
1159,247,22, 3
1160,247,22, 3
1161,247,22, 3
1162,247,22, 3
1163,247,22, 3
1164,247,22, 3
1165,247,22, 3
1166,247,22, 3
1167,247,22, 3
1168,247,22, 3
1169,247,22, 3
1170,247,22, 3
1171,247,22, 3
1172,247,22, 3
1173,247,22, 3
1174,247,22, 3
1175,247,22, 3
1176,247,22, 3
1177,247,22, 3
1178,247,22, 3
1179,247,22, 3
1180,247,22, 3
1181,247,22, 3
1182,247,22, 3
1183,247,22, 3
1184,247,22, 3
1185,247,22, 3
1186,247,22, 3
1187,247,22, 3
1188,247,22, 3
1189,247,22, 3
1190,247,22, 3
1191,247,22, 3
1192,247,22, 3
1193,247,22, 3
1194,247,22, 3
1195,247,22, 3
1196,247,22, 3
1197,247,22, 3
1198,247,22, 3
1199,247,22, 3
1200,247,22, 3
1201,247,22, 3
1202,247,22, 3
1203,247,22, 3
1204,247,22, 3
1205,247,22, 3
1206,247,22, 3
1207,247,22, 3
1208,247,22, 3
1209,247,22, 3
1210,247,22, 3
1211,247,22, 3
1212,247,22, 3
1213,247,22, 3
1214,247,22, 3
1215,247,22, 3
1216,247,22, 3
1217,247,22, 3
1218,247,22, 3
1219,247,22, 3
1220,247,22, 3
1221,247,22, 3
1222,247,22, 3
1223,247,22, 3
1224,247,22, 3
1225,247,22, 3
1226,247,22, 3
1227,247,22, 3
1228,247,22, 3
1229,247,22, 3
1230,247,22, 3
1231,247,22, 3
1232,247,22, 3
1233,247,22, 3
1234,247,22, 3
1235,247,22, 3
1236,247,22, 3
1237,247,22, 3
1238,247,22, 3
1239,247,22, 3
1240,247,22, 3
1241,247,22, 3
1242,247,22, 3
1243,247,22, 3
1244,247,22, 3
1245,247,22, 3
1246,247,22, 3
1247,247,22, 3
1248,247,22, 3
1249,247,22, 3
1250,247,22, 3
1251,247,22, 3
1252,247,22, 3
1253,247,22, 3
1254,247,22, 3
1255,247,22, 3
1256,247,22, 3
1257,247,22, 3
1258,247,22, 3
1259,247,22, 3
1260,247,22, 3
1261,247,22, 3
1262,247,22, 3
1263,247,22, 3
1264,247,22, 3
1265,247,22, 3
1266,247,22, 3
1267,247,22, 3
1268,247,22, 3
1269,247,22, 3
1270,247,22, 3
1271,247,22, 3
1272,247,22, 3
1273,247,22, 3
1274,247,22, 3
1275,247,22, 3
1276,247,22, 3
1277,247,22, 3
1278,247,22, 3
1279,247,22, 3
1280,247,22, 3
1281,247,22, 3
1282,247,22, 3
1283,247,22, 3
1284,247,22, 3
1285,247,22, 3
1286,247,22, 3
1287,247,22, 3
1288,247,22, 3
1289,247,22, 3
1290,247,22, 3
1291,247,22, 3
1292,247,22, 3
1293,247,22, 3
1294,247,22, 3
1295,247,22, 3
1296,247,22, 3
1297,247,22, 3
1298,247,22, 3
1299,247,22, 3
1300,247,22, 3
1301,247,22, 3
1302,247,22, 3
1303,247,22, 3
1304,247,22, 3
1305,247,22, 3
1306,247,22, 3
1307,247,22, 3
1308,247,22, 3
1309,247,22, 3
1310,247,22, 3
1311,247,22, 3
1312,247,22, 3
1313,247,22, 3
1314,247,22, 3
1315,247,22, 3
1316,247,22, 3
1317,247,22, 3
1318,247,22, 3
1319,247,22, 3
1320,247,22, 3
1321,247,22, 3
1322,247,22, 3
1323,247,22, 3
1324,247,22, 3
1325,247,22, 3
1326,247,22, 3
1327,247,22, 3
1328,247,22, 3
1329,247,22, 3
1330,247,22, 3
1331,247,22, 3
1332,247,22, 3
1333,247,22, 3
1334,247,22, 3
1335,247,22, 3
1336,247,22, 3
1337,247,22, 3
1338,247,22, 3
1339,247,22, 3
1340,247,22, 3
1341,247,22, 3
1342,247,22, 3
1343,247,22, 3
1344,247,22, 3
1345,247,22, 3
1346,247,22, 3
1347,247,22, 3
1348,247,22, 3
1349,247,22, 3
1350,247,22, 3
1351,247,22, 3
1352,247,22, 3
1353,247,22, 3
1354,247,22, 3
1355,247,22, 3
1356,247,22, 3
1357,247,22, 3
1358,247,22, 3
1359,247,22, 3
1360,247,22, 3
1361,247,22, 3
1362,247,22, 3
1363,247,22, 3
1364,247,22, 3
1365,247,22, 3
1366,247,22, 3
1367,247,22, 3
1368,247,22, 3
1369,247,22, 3
1370,247,22, 3
1371,247,22, 3
1372,247,22, 3
1373,247,22, 3
1374,247,22, 3
1375,247,22, 3
1376,247,22, 3
1377,247,22, 3
1378,247,22, 3
1379,247,22, 3
1380,247,22, 3
1381,247,22, 3
1382,247,22, 3
1383,247,22, 3
1384,247,22, 3
1385,247,22, 3
1386,247,22, 3
1387,247,22, 3
1388,247,22, 3
1389,247,22, 3
1390,247,22, 3
1391,247,22, 3
1392,247,22, 3
1393,247,22, 3
1394,247,22, 3
1395,247,22, 3
1396,247,22, 3
1397,247,22, 3
1398,247,22, 3
1399,247,22, 3
1400,247,22, 3
1401,247,22, 3
1402,247,22, 3
1403,247,22, 3
1404,247,22, 3
1405,247,22, 3
1406,247,22, 3
1407,247,22, 3
1408,247,22, 3
1409,247,22, 3
1410,247,22, 3
1411,247,22, 3
1412,247,22, 3
1413,247,22, 3
1414,247,22, 3
1415,247,22, 3
1416,247,22, 3
1417,247,22, 3
1418,247,22, 3
1419,247,22, 3
1420,247,22, 3
1421,247,22, 3
1422,247,22, 3
1423,247,22, 3
1424,247,22, 3
1425,247,22, 3
1426,247,22, 3
1427,247,22, 3
1428,247,22, 3
1429,247,22, 3
1430,247,22, 3
1431,247,22, 3
1432,247,22, 3
1433,247,22, 3
1434,247,22, 3
1435,247,22, 3
1436,247,22, 3
1437,247,22, 3
1438,247,22, 3
1439,247,22, 3
1440,247,22, 3
1441,247,22, 3
1442,247,22, 3
1443,247,22, 3
1444,247,22, 3
1445,247,22, 3
1446,247,22, 3
1447,247,22, 3
1448,247,22, 3
1449,247,22, 3
1450,247,22, 3
1451,247,22, 3
1452,247,22, 3
1453,247,22, 3
1454,247,22, 3
1455,247,22, 3
1456,247,22, 3
1457,247,22, 3
1458,247,22, 3
1459,247,22, 3
1460,247,22, 3
1461,247,22, 3
1462,247,22, 3
1463,247,22, 3
1464,247,22, 3
1465,247,22, 3
1466,247,22, 3
1467,247,22, 3
1468,247,22, 3
1469,247,22, 3
1470,247,22, 3
1471,247,22, 3
1472,247,22, 3
1473,247,22, 3
1474,247,22, 3
1475,247,22, 3
1476,247,22, 3
1477,247,22, 3
1478,247,22, 3
1479,247,22, 3
1480,247,22, 3
1481,247,22, 3
1482,247,22, 3
1483,247,22, 3
1484,247,22, 3
1485,247,22, 3
1486,247,22, 3
1487,247,22, 3
1488,247,22, 3
1489,247,22, 3
1490,247,22, 3
1491,247,22, 3
1492,247,22, 3
1493,247,22, 3
1494,247,22, 3
1495,247,22, 3
1496,247,22, 3
1497,247,22, 3
1498,247,22, 3
1499,247,22, 3
