0,250,25, 0
1,250,25, 0
2,250,25, 0
3,250,25, 0
4,250,25, 0
5,250,25, 0
6,250,25, 0
7,250,25, 0
8,250,25, 0
9,250,25, 0
10,250,25, 0
11,250,25, 0
12,250,25, 0
13,250,25, 0
14,250,25, 0
15,250,25, 0
16,250,25, 0
17,250,25, 0
18,250,25, 0
19,250,25, 0
20,250,25, 0
21,250,25, 0
22,250,25, 0
23,250,25, 0
24,250,25, 0
25,250,25, 0
26,250,25, 0
27,250,25, 0
28,250,25, 0
29,250,25, 0
30,250,25, 0
31,250,25, 0
32,250,25, 0
33,250,25, 0
34,250,25, 0
35,250,25, 0
36,250,25, 0
37,250,25, 0
38,250,25, 0
39,250,25, 0
40,250,25, 0
41,250,25, 0
42,250,25, 0
43,250,25, 0
44,250,25, 0
45,250,25, 0
46,250,25, 0
47,250,25, 0
48,250,25, 0
49,250,25, 0
50,250,25, 0
51,250,25, 0
52,250,25, 0
53,250,25, 0
54,250,25, 0
55,250,25, 0
56,250,25, 0
57,250,25, 0
58,250,25, 0
59,250,25, 0
60,250,25, 0
61,250,25, 0
62,250,25, 0
63,250,25, 0
64,250,25, 0
65,250,25, 0
66,250,25, 0
67,250,25, 0
68,250,25, 0
69,250,25, 0
70,250,25, 0
71,250,25, 0
72,250,25, 0
73,250,25, 0
74,250,25, 0
75,250,25, 0
76,250,25, 0
77,250,25, 0
78,250,25, 0
79,250,25, 0
80,250,25, 0
81,250,25, 0
82,250,25, 0
83,250,25, 0
84,250,25, 0
85,250,25, 0
86,250,25, 0
87,250,25, 0
88,250,25, 0
89,250,25, 0
90,250,25, 0
91,250,25, 0
92,250,25, 0
93,250,25, 0
94,250,25, 0
95,250,25, 0
96,250,25, 0
97,250,25, 0
98,250,25, 0
99,250,25, 0
100,250,25, 0
101,250,25, 0
102,250,25, 0
103,250,25, 0
104,250,25, 0
105,250,25, 0
106,250,25, 0
107,250,25, 0
108,250,25, 0
109,250,25, 0
110,250,25, 0
111,250,25, 0
112,250,25, 0
113,250,25, 0
114,250,25, 0
115,250,25, 0
116,250,25, 0
117,250,25, 0
118,250,25, 0
119,250,25, 0
120,250,25, 0
121,250,25, 0
122,250,25, 0
123,250,25, 0
124,250,25, 0
125,250,25, 0
126,250,25, 0
127,250,25, 0
128,250,25, 0
129,250,25, 0
130,250,25, 0
131,250,25, 0
132,250,25, 0
133,250,25, 0
134,250,25, 0
135,250,25, 0
136,250,25, 0
137,250,25, 0
138,250,25, 0
139,250,25, 0
140,250,25, 0
141,250,25, 0
142,250,25, 0
143,250,25, 0
144,250,25, 0
145,250,25, 0
146,250,25, 0
147,250,25, 0
148,250,25, 0
149,250,25, 0
150,250,25, 0
151,250,25, 0
152,250,25, 0
153,250,25, 0
154,250,25, 0
155,250,25, 0
156,250,25, 0
157,250,25, 0
158,250,25, 0
159,250,25, 0
160,250,25, 0
161,250,25, 0
162,250,25, 0
163,250,25, 0
164,250,25, 0
165,250,25, 0
166,250,25, 0
167,250,25, 0
168,250,25, 0
169,250,25, 0
170,250,25, 0
171,250,25, 0
172,250,25, 0
173,250,25, 0
174,250,25, 0
175,250,25, 0
176,250,25, 0
177,250,25, 0
178,250,25, 0
179,250,25, 0
180,250,25, 0
181,250,25, 0
182,250,25, 0
183,250,25, 0
184,250,25, 0
185,250,25, 0
186,250,25, 0
187,250,25, 0
188,250,25, 0
189,250,25, 0
190,250,25, 0
191,250,25, 0
192,250,25, 0
193,250,25, 0
194,250,25, 0
195,250,25, 0
196,250,25, 0
197,250,25, 0
198,250,25, 0
199,250,25, 0
200,250,25, 0
201,250,25, 0
202,250,25, 0
203,250,25, 0
204,250,25, 0
205,250,25, 0
206,250,25, 0
207,250,25, 0
208,250,25, 0
209,250,25, 0
210,250,25, 0
211,250,25, 0
212,250,25, 0
213,250,25, 0
214,250,25, 0
215,250,25, 0
216,250,25, 0
217,250,25, 0
218,250,25, 0
219,250,25, 0
220,250,25, 0
221,250,25, 0
222,250,25, 0
223,250,25, 0
224,250,25, 0
225,250,25, 0
226,250,25, 0
227,250,25, 0
228,250,25, 0
229,250,25, 0
230,250,25, 0
231,250,25, 0
232,250,25, 0
233,250,25, 0
234,250,25, 0
235,250,25, 0
236,250,25, 0
237,250,25, 0
238,250,25, 0
239,250,25, 0
240,250,25, 0
241,250,25, 0
242,250,25, 0
243,250,25, 0
244,250,25, 0
245,250,25, 0
246,250,25, 0
247,250,25, 0
248,250,25, 0
249,250,25, 0
250,250,25, 0
251,250,25, 0
252,250,25, 0
253,250,25, 0
254,250,25, 0
255,250,25, 0
256,250,25, 0
257,250,25, 0
258,250,25, 0
259,250,25, 0
260,250,25, 0
261,250,25, 0
262,250,25, 0
263,250,25, 0
264,250,25, 0
265,250,25, 0
266,250,25, 0
267,250,25, 0
268,250,25, 0
269,250,25, 0
270,250,25, 0
271,250,25, 0
272,250,25, 0
273,250,25, 0
274,250,25, 0
275,250,25, 0
276,250,25, 0
277,250,25, 0
278,250,25, 0
279,250,25, 0
280,250,25, 0
281,250,25, 0
282,250,25, 0
283,250,25, 0
284,250,25, 0
285,250,25, 0
286,250,25, 0
287,250,25, 0
288,250,25, 0
289,250,25, 0
290,250,25, 0
291,250,25, 0
292,250,25, 0
293,250,25, 0
294,250,25, 0
295,250,25, 0
296,250,25, 0
297,250,25, 0
298,250,25, 0
299,250,25, 0
300,250,25, 0
301,250,25, 0
302,250,25, 0
303,250,25, 0
304,250,25, 0
305,250,25, 0
306,250,25, 0
307,250,25, 0
308,250,25, 0
309,250,25, 0
310,250,25, 0
311,250,25, 0
312,250,25, 0
313,250,25, 0
314,250,25, 0
315,250,25, 0
316,250,25, 0
317,250,25, 0
318,250,25, 0
319,250,25, 0
320,250,25, 0
321,250,25, 0
322,250,25, 0
323,250,25, 0
324,250,25, 0
325,250,25, 0
326,250,25, 0
327,250,25, 0
328,250,25, 0
329,250,25, 0
330,250,25, 0
331,250,25, 0
332,250,25, 0
333,250,25, 0
334,250,25, 0
335,250,25, 0
336,250,25, 0
337,250,25, 0
338,250,25, 0
339,250,25, 0
340,250,25, 0
341,250,25, 0
342,250,25, 0
343,250,25, 0
344,250,25, 0
345,250,25, 0
346,250,25, 0
347,250,25, 0
348,250,25, 0
349,250,25, 0
350,250,25, 0
351,250,25, 0
352,250,25, 0
353,250,25, 0
354,250,25, 0
355,250,25, 0
356,250,25, 0
357,250,25, 0
358,250,25, 0
359,250,25, 0
360,250,25, 0
361,250,25, 0
362,250,25, 0
363,250,25, 0
364,250,25, 0
365,250,25, 0
366,250,25, 0
367,250,25, 0
368,250,25, 0
369,250,25, 0
370,250,25, 0
371,250,25, 0
372,250,25, 0
373,250,25, 0
374,250,25, 0
375,250,25, 0
376,250,25, 0
377,250,25, 0
378,250,25, 0
379,250,25, 0
380,250,25, 0
381,250,25, 0
382,250,25, 0
383,250,25, 0
384,250,25, 0
385,250,25, 0
386,250,25, 0
387,250,25, 0
388,250,25, 0
389,250,25, 0
390,250,25, 0
391,250,25, 0
392,250,25, 0
393,250,25, 0
394,250,25, 0
395,250,25, 0
396,250,25, 0
397,250,25, 0
398,250,25, 0
399,250,25, 0
400,250,25, 0
401,250,25, 0
402,250,25, 0
403,250,25, 0
404,250,25, 0
405,250,25, 0
406,250,25, 0
407,250,25, 0
408,250,25, 0
409,250,25, 0
410,250,25, 0
411,250,25, 0
412,250,25, 0
413,250,25, 0
414,250,25, 0
415,250,25, 0
416,250,25, 0
417,250,25, 0
418,250,25, 0
419,250,25, 0
420,250,25, 0
421,250,25, 0
422,250,25, 0
423,250,25, 0
424,250,25, 0
425,250,25, 0
426,250,25, 0
427,250,25, 0
428,250,25, 0
429,250,25, 0
430,250,25, 0
431,250,25, 0
432,250,25, 0
433,250,25, 0
434,250,25, 0
435,250,25, 0
436,250,25, 0
437,250,25, 0
438,250,25, 0
439,250,25, 0
440,250,25, 0
441,250,25, 0
442,250,25, 0
443,250,25, 0
444,250,25, 0
445,250,25, 0
446,250,25, 0
447,250,25, 0
448,250,25, 0
449,250,25, 0
450,250,25, 0
451,250,25, 0
452,250,25, 0
453,250,25, 0
454,250,25, 0
455,250,25, 0
456,250,25, 0
457,250,25, 0
458,250,25, 0
459,250,25, 0
460,250,25, 0
461,250,25, 0
462,250,25, 0
463,250,25, 0
464,250,25, 0
465,250,25, 0
466,250,25, 0
467,250,25, 0
468,250,25, 0
469,250,25, 0
470,250,25, 0
471,250,25, 0
472,250,25, 0
473,250,25, 0
474,250,25, 0
475,250,25, 0
476,250,25, 0
477,250,25, 0
478,250,25, 0
479,250,25, 0
480,250,25, 0
481,250,25, 0
482,250,25, 0
483,250,25, 0
484,250,25, 0
485,250,25, 0
486,250,25, 0
487,250,25, 0
488,250,25, 0
489,250,25, 0
490,250,25, 0
491,250,25, 0
492,250,25, 0
493,250,25, 0
494,250,25, 0
495,250,25, 0
496,250,25, 0
497,250,25, 0
498,250,25, 0
499,250,25, 0
500,250,25, 0
501,250,25, 0
502,250,25, 0
503,250,25, 0
504,250,25, 0
505,250,25, 0
506,250,25, 0
507,250,25, 0
508,250,25, 0
509,250,25, 0
510,250,25, 0
511,250,25, 0
512,250,25, 0
513,250,25, 0
514,250,25, 0
515,250,25, 0
516,250,25, 0
517,250,25, 0
518,250,25, 0
519,250,25, 0
520,250,25, 0
521,250,25, 0
522,250,25, 0
523,250,25, 0
524,250,25, 0
525,250,25, 0
526,250,25, 0
527,250,25, 0
528,250,25, 0
529,250,25, 0
530,250,25, 0
531,250,25, 0
532,250,25, 0
533,250,25, 0
534,250,25, 0
535,250,25, 0
536,250,25, 0
537,250,25, 0
538,250,25, 0
539,250,25, 0
540,250,25, 0
541,250,25, 0
542,250,25, 0
543,250,25, 0
544,250,25, 0
545,250,25, 0
546,250,25, 0
547,250,25, 0
548,250,25, 0
549,250,25, 0
550,250,25, 0
551,250,25, 0
552,250,25, 0
553,250,25, 0
554,250,25, 0
555,250,25, 0
556,250,25, 0
557,250,25, 0
558,250,25, 0
559,250,25, 0
560,250,25, 0
561,250,25, 0
562,250,25, 0
563,250,25, 0
564,250,25, 0
565,250,25, 0
566,250,25, 0
567,250,25, 0
568,250,25, 0
569,250,25, 0
570,250,25, 0
571,250,25, 0
572,250,25, 0
573,250,25, 0
574,250,25, 0
575,250,25, 0
576,250,25, 0
577,250,25, 0
578,250,25, 0
579,250,25, 0
580,250,25, 0
581,250,25, 0
582,250,25, 0
583,250,25, 0
584,250,25, 0
585,250,25, 0
586,250,25, 0
587,250,25, 0
588,250,25, 0
589,250,25, 0
590,249,24, 1
591,249,24, 1
592,249,24, 1
593,249,24, 1
594,249,24, 1
595,249,24, 1
596,249,24, 1
597,249,24, 1
598,249,24, 1
599,249,24, 1
600,249,24, 1
601,249,24, 1
602,249,24, 1
603,249,24, 1
604,249,24, 1
605,249,24, 1
606,249,24, 1
607,249,24, 1
608,249,24, 1
609,249,24, 1
610,249,24, 1
611,249,24, 1
612,249,24, 1
613,249,24, 1
614,249,24, 1
615,249,24, 1
616,249,24, 1
617,249,24, 1
618,249,24, 1
619,249,24, 1
620,249,24, 1
621,249,24, 1
622,249,24, 1
623,249,24, 1
624,249,24, 1
625,249,24, 1
626,249,24, 1
627,249,24, 1
628,249,24, 1
629,249,24, 1
630,249,24, 1
631,249,24, 1
632,249,24, 1
633,249,24, 1
634,249,24, 1
635,249,24, 1
636,249,24, 1
637,249,24, 1
638,249,24, 1
639,249,24, 1
640,249,24, 1
641,249,24, 1
642,249,24, 1
643,249,24, 1
644,249,24, 1
645,249,24, 1
646,249,24, 1
647,249,24, 1
648,249,24, 1
649,249,24, 1
650,249,24, 1
651,249,24, 1
652,249,24, 1
653,249,24, 1
654,249,24, 1
655,249,24, 1
656,249,24, 1
657,249,24, 1
658,249,24, 1
659,249,24, 1
660,249,24, 1
661,249,24, 1
662,249,24, 1
663,249,24, 1
664,249,24, 1
665,249,24, 1
666,249,24, 1
667,249,24, 1
668,249,24, 1
669,249,24, 1
670,249,24, 1
671,249,24, 1
672,249,24, 1
673,249,24, 1
674,249,24, 1
675,249,24, 1
676,249,24, 1
677,249,24, 1
678,249,24, 1
679,249,24, 1
680,249,24, 1
681,249,24, 1
682,249,24, 1
683,249,24, 1
684,249,24, 1
685,249,24, 1
686,249,24, 1
687,249,24, 1
688,249,24, 1
689,249,24, 1
690,249,24, 1
691,249,24, 1
692,249,24, 1
693,249,24, 1
694,249,24, 1
695,249,24, 1
696,249,24, 1
697,249,24, 1
698,249,24, 1
699,249,24, 1
700,249,24, 1
701,249,24, 1
702,249,24, 1
703,249,24, 1
704,249,24, 1
705,249,24, 1
706,249,24, 1
707,249,24, 1
708,249,24, 1
709,249,24, 1
710,249,24, 1
711,249,24, 1
712,249,24, 1
713,249,24, 1
714,249,24, 1
715,249,24, 1
716,249,24, 1
717,249,24, 1
718,249,24, 1
719,249,24, 1
720,249,24, 1
721,249,24, 1
722,249,24, 1
723,249,24, 1
724,249,24, 1
725,249,24, 1
726,249,24, 1
727,249,24, 1
728,249,24, 1
729,249,24, 1
730,249,24, 1
731,249,24, 1
732,249,24, 1
733,249,24, 1
734,249,24, 1
735,249,24, 1
736,249,24, 1
737,249,24, 1
738,249,24, 1
739,249,24, 1
740,249,24, 1
741,249,24, 1
742,249,24, 1
743,249,24, 1
744,249,24, 1
745,249,24, 1
746,249,24, 1
747,249,24, 1
748,249,24, 1
749,249,24, 1
750,249,24, 1
751,249,24, 1
752,249,24, 1
753,249,24, 1
754,249,24, 1
755,249,24, 1
756,249,24, 1
757,249,24, 1
758,249,24, 1
759,249,24, 1
760,249,24, 1
761,249,24, 1
762,249,24, 1
763,249,24, 1
764,249,24, 1
765,249,24, 1
766,249,24, 1
767,249,24, 1
768,249,24, 1
769,249,24, 1
770,249,24, 1
771,249,24, 1
772,249,24, 1
773,249,24, 1
774,249,24, 1
775,249,24, 1
776,249,24, 1
777,249,24, 1
778,249,24, 1
779,249,24, 1
780,249,24, 1
781,249,24, 1
782,249,24, 1
783,249,24, 1
784,249,24, 1
785,249,24, 1
786,249,24, 1
787,249,24, 1
788,249,24, 1
789,249,24, 1
790,249,24, 1
791,249,24, 1
792,249,24, 1
793,249,24, 1
794,249,24, 1
795,249,24, 1
796,249,24, 1
797,249,24, 1
798,249,24, 1
799,249,24, 1
800,249,24, 1
801,249,24, 1
802,249,24, 1
803,249,24, 1
804,249,24, 1
805,249,24, 1
806,249,24, 1
807,249,24, 1
808,249,24, 1
809,249,24, 1
810,249,24, 1
811,249,24, 1
812,249,24, 1
813,249,24, 1
814,249,24, 1
815,249,24, 1
816,249,24, 1
817,249,24, 1
818,249,24, 1
819,249,24, 1
820,249,24, 1
821,249,24, 1
822,249,24, 1
823,249,24, 1
824,249,24, 1
825,249,24, 1
826,249,24, 1
827,249,24, 1
828,249,24, 1
829,249,24, 1
830,249,24, 1
831,249,24, 1
832,249,24, 1
833,249,24, 1
834,249,24, 1
835,249,24, 1
836,249,24, 1
837,249,24, 1
838,249,24, 1
839,249,24, 1
840,249,24, 1
841,249,24, 1
842,249,24, 1
843,249,24, 1
844,249,24, 1
845,249,24, 1
846,249,24, 1
847,249,24, 1
848,249,24, 1
849,249,24, 1
850,249,24, 1
851,249,24, 1
852,249,24, 1
853,249,24, 1
854,249,24, 1
855,249,24, 1
856,249,24, 1
857,249,24, 1
858,249,24, 1
859,249,24, 1
860,249,24, 1
861,249,24, 1
862,249,24, 1
863,249,24, 1
864,249,24, 1
865,249,24, 1
866,249,24, 1
867,249,24, 1
868,249,24, 1
869,249,24, 1
870,249,24, 1
871,249,24, 1
872,249,24, 1
873,249,24, 1
874,249,24, 1
875,249,24, 1
876,249,24, 1
877,249,24, 1
878,249,24, 1
879,249,24, 1
880,249,24, 1
881,249,24, 1
882,249,24, 1
883,249,24, 1
884,249,24, 1
885,249,24, 1
886,249,24, 1
887,249,24, 1
888,249,24, 1
889,249,24, 1
890,249,24, 1
891,249,24, 1
892,249,24, 1
893,249,24, 1
894,249,24, 1
895,249,24, 1
896,249,24, 1
897,249,24, 1
898,249,24, 1
899,249,24, 1
900,249,24, 1
901,249,24, 1
902,249,24, 1
903,249,24, 1
904,249,24, 1
905,249,24, 1
906,249,24, 1
907,249,24, 1
908,249,24, 1
909,249,24, 1
910,249,24, 1
911,249,24, 1
912,249,24, 1
913,249,24, 1
914,249,24, 1
915,249,24, 1
916,249,24, 1
917,249,24, 1
918,249,24, 1
919,249,24, 1
920,249,24, 1
921,249,24, 1
922,249,24, 1
923,249,24, 1
924,249,24, 1
925,249,24, 1
926,249,24, 1
927,249,24, 1
928,249,24, 1
929,249,24, 1
930,249,24, 1
931,249,24, 1
932,249,24, 1
933,249,24, 1
934,249,24, 1
935,249,24, 1
936,249,24, 1
937,249,24, 1
938,248,23, 2
939,248,23, 2
940,248,23, 2
941,248,23, 2
942,248,23, 2
943,248,23, 2
944,248,23, 2
945,248,23, 2
946,248,23, 2
947,248,23, 2
948,248,23, 2
949,248,23, 2
950,248,23, 2
951,248,23, 2
952,248,23, 2
953,248,23, 2
954,248,23, 2
955,248,23, 2
956,248,23, 2
957,248,23, 2
958,248,23, 2
959,248,23, 2
960,248,23, 2
961,248,23, 2
962,248,23, 2
963,248,23, 2
964,248,23, 2
965,248,23, 2
966,248,23, 2
967,248,23, 2
968,248,23, 2
969,248,23, 2
970,248,23, 2
971,248,23, 2
972,248,23, 2
973,248,23, 2
974,248,23, 2
975,248,23, 2
976,248,23, 2
977,248,23, 2
978,248,23, 2
979,248,23, 2
980,248,23, 2
981,248,23, 2
982,248,23, 2
983,248,23, 2
984,248,23, 2
985,248,23, 2
986,248,23, 2
987,248,23, 2
988,248,23, 2
989,248,23, 2
990,248,23, 2
991,248,23, 2
992,248,23, 2
993,248,23, 2
994,248,23, 2
995,248,23, 2
996,248,23, 2
997,248,23, 2
998,248,23, 2
999,248,23, 2
1000,248,23, 2
1001,248,23, 2
1002,248,23, 2
1003,248,23, 2
1004,248,23, 2
1005,247,22, 3
1006,247,22, 3
1007,247,22, 3
1008,247,22, 3
1009,247,22, 3
1010,247,22, 3
1011,247,22, 3
1012,247,22, 3
1013,247,22, 3
1014,247,22, 3
1015,247,22, 3
1016,247,22, 3
1017,247,22, 3
1018,247,22, 3
1019,247,22, 3
1020,247,22, 3
1021,247,22, 3
1022,247,22, 3
1023,247,22, 3
1024,247,22, 3
1025,247,22, 3
1026,247,22, 3
1027,247,22, 3
1028,247,22, 3
1029,247,22, 3
1030,247,22, 3
1031,247,22, 3
1032,247,22, 3
1033,247,22, 3
1034,247,22, 3
1035,247,22, 3
1036,247,22, 3
1037,247,22, 3
1038,247,22, 3
1039,247,22, 3
1040,247,22, 3
1041,247,22, 3
1042,247,22, 3
1043,247,22, 3
1044,247,22, 3
1045,247,22, 3
1046,247,22, 3
1047,247,22, 3
1048,247,22, 3
1049,247,22, 3
1050,247,22, 3
1051,247,22, 3
1052,247,22, 3
1053,247,22, 3
1054,247,22, 3
1055,247,22, 3
1056,247,22, 3
1057,247,22, 3
1058,247,22, 3
1059,247,22, 3
1060,247,22, 3
1061,247,22, 3
1062,247,22, 3
1063,247,22, 3
1064,247,22, 3
1065,247,22, 3
1066,247,22, 3
1067,247,22, 3
1068,247,22, 3
1069,247,22, 3
1070,247,22, 3
1071,247,22, 3
1072,247,22, 3
1073,247,22, 3
1074,247,22, 3
1075,247,22, 3
1076,247,22, 3
1077,247,22, 3
1078,247,22, 3
1079,247,22, 3
1080,247,22, 3
1081,247,22, 3
1082,247,22, 3
1083,247,22, 3
1084,247,22, 3
1085,247,22, 3
1086,247,22, 3
1087,247,22, 3
1088,247,22, 3
1089,247,22, 3
1090,247,22, 3
1091,247,22, 3
1092,247,22, 3
1093,247,22, 3
1094,247,22, 3
1095,247,22, 3
1096,247,22, 3
1097,247,22, 3
1098,247,22, 3
1099,247,22, 3
1100,247,22, 3
1101,247,22, 3
1102,247,22, 3
1103,247,22, 3
1104,247,22, 3
1105,247,22, 3
1106,247,22, 3
1107,247,22, 3
1108,247,22, 3
1109,247,22, 3
1110,247,22, 3
1111,247,22, 3
1112,247,22, 3
1113,247,22, 3
1114,247,22, 3
1115,247,22, 3
1116,247,22, 3
1117,247,22, 3
1118,247,22, 3
1119,247,22, 3
1120,247,22, 3
1121,247,22, 3
1122,247,22, 3
1123,247,22, 3
1124,247,22, 3
1125,247,22, 3
1126,247,22, 3
1127,247,22, 3
1128,247,22, 3
1129,247,22, 3
1130,247,22, 3
1131,247,22, 3
1132,247,22, 3
1133,247,22, 3
1134,247,22, 3
1135,247,22, 3
1136,247,22, 3
1137,247,22, 3
1138,247,22, 3
1139,247,22, 3
1140,247,22, 3
1141,247,22, 3
1142,247,22, 3
1143,247,22, 3
1144,247,22, 3
1145,247,22, 3
1146,247,22, 3
1147,247,22, 3
1148,247,22, 3
1149,247,22, 3
1150,247,22, 3
1151,247,22, 3
1152,247,22, 3
1153,247,22, 3
1154,247,22, 3
1155,247,22, 3
1156,247,22, 3
1157,247,22, 3
1158,247,22, 3
1159,247,22, 3
1160,247,22, 3
1161,247,22, 3
1162,247,22, 3
1163,247,22, 3
1164,247,22, 3
1165,247,22, 3
1166,247,22, 3
1167,247,22, 3
1168,247,22, 3
1169,247,22, 3
1170,247,22, 3
1171,247,22, 3
1172,247,22, 3
1173,247,22, 3
1174,247,22, 3
1175,247,22, 3
1176,247,22, 3
1177,247,22, 3
1178,247,22, 3
1179,247,22, 3
1180,247,22, 3
1181,247,22, 3
1182,247,22, 3
1183,247,22, 3
1184,247,22, 3
1185,247,22, 3
1186,247,22, 3
1187,247,22, 3
1188,247,22, 3
1189,247,22, 3
1190,247,22, 3
1191,247,22, 3
1192,247,22, 3
1193,247,22, 3
1194,247,22, 3
1195,247,22, 3
1196,247,22, 3
1197,247,22, 3
1198,247,22, 3
1199,247,22, 3
1200,247,22, 3
1201,247,22, 3
1202,247,22, 3
1203,247,22, 3
1204,247,22, 3
1205,247,22, 3
1206,247,22, 3
1207,247,22, 3
1208,247,22, 3
1209,247,22, 3
1210,247,22, 3
1211,247,22, 3
1212,247,22, 3
1213,247,22, 3
1214,246,21, 4
1215,246,21, 4
1216,246,21, 4
1217,246,21, 4
1218,246,21, 4
1219,246,21, 4
1220,246,21, 4
1221,246,21, 4
1222,246,21, 4
1223,246,21, 4
1224,246,21, 4
1225,246,21, 4
1226,246,21, 4
1227,246,21, 4
1228,246,21, 4
1229,246,21, 4
1230,246,21, 4
1231,246,21, 4
1232,246,21, 4
1233,246,21, 4
1234,246,21, 4
1235,246,21, 4
1236,246,21, 4
1237,246,21, 4
1238,246,21, 4
1239,246,21, 4
1240,246,21, 4
1241,246,21, 4
1242,246,21, 4
1243,246,21, 4
1244,246,21, 4
1245,246,21, 4
1246,246,21, 4
1247,246,21, 4
1248,246,21, 4
1249,246,21, 4
1250,246,21, 4
1251,246,21, 4
1252,246,21, 4
1253,246,21, 4
1254,246,21, 4
1255,246,21, 4
1256,246,21, 4
1257,246,21, 4
1258,246,21, 4
1259,246,21, 4
1260,246,21, 4
1261,246,21, 4
1262,246,21, 4
1263,246,21, 4
1264,246,21, 4
1265,246,21, 4
1266,246,21, 4
1267,246,21, 4
1268,246,21, 4
1269,246,21, 4
1270,246,21, 4
1271,246,21, 4
1272,246,21, 4
1273,246,21, 4
1274,246,21, 4
1275,246,21, 4
1276,246,21, 4
1277,246,21, 4
1278,246,21, 4
1279,246,21, 4
1280,246,21, 4
1281,246,21, 4
1282,246,21, 4
1283,246,21, 4
1284,246,21, 4
1285,246,21, 4
1286,246,21, 4
1287,246,21, 4
1288,246,21, 4
1289,246,21, 4
1290,246,21, 4
1291,246,21, 4
1292,246,21, 4
1293,246,21, 4
1294,246,21, 4
1295,246,21, 4
1296,246,21, 4
1297,246,21, 4
1298,246,21, 4
1299,246,21, 4
1300,246,21, 4
1301,246,21, 4
1302,246,21, 4
1303,246,21, 4
1304,246,21, 4
1305,246,21, 4
1306,246,21, 4
1307,246,21, 4
1308,246,21, 4
1309,246,21, 4
1310,246,21, 4
1311,246,21, 4
1312,246,21, 4
1313,246,21, 4
1314,246,21, 4
1315,246,21, 4
1316,246,21, 4
1317,246,21, 4
1318,246,21, 4
1319,246,21, 4
1320,246,21, 4
1321,246,21, 4
1322,246,21, 4
1323,246,21, 4
1324,246,21, 4
1325,246,21, 4
1326,246,21, 4
1327,246,21, 4
1328,246,21, 4
1329,246,21, 4
1330,246,21, 4
1331,246,21, 4
1332,246,21, 4
1333,246,21, 4
1334,246,21, 4
1335,246,21, 4
1336,246,21, 4
1337,246,21, 4
1338,246,21, 4
1339,246,21, 4
1340,246,21, 4
1341,246,21, 4
1342,246,21, 4
1343,246,21, 4
1344,246,21, 4
1345,246,21, 4
1346,246,21, 4
1347,246,21, 4
1348,246,21, 4
1349,246,21, 4
1350,246,21, 4
1351,246,21, 4
1352,246,21, 4
1353,246,21, 4
1354,246,21, 4
1355,246,21, 4
1356,246,21, 4
1357,246,21, 4
1358,246,21, 4
1359,246,21, 4
1360,246,21, 4
1361,246,21, 4
1362,246,21, 4
1363,246,21, 4
1364,246,21, 4
1365,246,21, 4
1366,246,21, 4
1367,246,21, 4
1368,246,21, 4
1369,246,21, 4
1370,246,21, 4
1371,246,21, 4
1372,246,21, 4
1373,246,21, 4
1374,246,21, 4
1375,246,21, 4
1376,246,21, 4
1377,246,21, 4
1378,246,21, 4
1379,246,21, 4
1380,246,21, 4
1381,246,21, 4
1382,246,21, 4
1383,246,21, 4
1384,246,21, 4
1385,246,21, 4
1386,246,21, 4
1387,246,21, 4
1388,246,21, 4
1389,246,21, 4
1390,246,21, 4
1391,246,21, 4
1392,246,21, 4
1393,246,21, 4
1394,246,21, 4
1395,246,21, 4
1396,246,21, 4
1397,246,21, 4
1398,246,21, 4
1399,246,21, 4
1400,246,21, 4
1401,246,21, 4
1402,246,21, 4
1403,246,21, 4
1404,246,21, 4
1405,246,21, 4
1406,246,21, 4
1407,246,21, 4
1408,246,21, 4
1409,246,21, 4
1410,246,21, 4
1411,246,21, 4
1412,246,21, 4
1413,246,21, 4
1414,246,21, 4
1415,246,21, 4
1416,246,21, 4
1417,246,21, 4
1418,246,21, 4
1419,246,21, 4
1420,246,21, 4
1421,246,21, 4
1422,246,21, 4
1423,246,21, 4
1424,246,21, 4
1425,246,21, 4
1426,246,21, 4
1427,246,21, 4
1428,246,21, 4
1429,246,21, 4
1430,246,21, 4
1431,246,21, 4
1432,246,21, 4
1433,246,21, 4
1434,246,21, 4
1435,246,21, 4
1436,246,21, 4
1437,246,21, 4
1438,246,21, 4
1439,246,21, 4
1440,246,21, 4
1441,246,21, 4
1442,246,21, 4
1443,246,21, 4
1444,246,21, 4
1445,246,21, 4
1446,246,21, 4
1447,246,21, 4
1448,246,21, 4
1449,246,21, 4
1450,246,21, 4
1451,246,21, 4
1452,246,21, 4
1453,246,21, 4
1454,246,21, 4
1455,246,21, 4
1456,246,21, 4
1457,246,21, 4
1458,246,21, 4
1459,246,21, 4
1460,246,21, 4
1461,246,21, 4
1462,246,21, 4
1463,246,21, 4
1464,246,21, 4
1465,246,21, 4
1466,246,21, 4
1467,246,21, 4
1468,246,21, 4
1469,246,21, 4
1470,246,21, 4
1471,246,21, 4
1472,246,21, 4
1473,246,21, 4
1474,246,21, 4
1475,246,21, 4
1476,246,21, 4
1477,246,21, 4
1478,246,21, 4
1479,246,21, 4
1480,246,21, 4
1481,246,21, 4
1482,246,21, 4
1483,246,21, 4
1484,246,21, 4
1485,246,21, 4
1486,246,21, 4
1487,246,21, 4
1488,246,21, 4
1489,246,21, 4
1490,246,21, 4
1491,246,21, 4
1492,246,21, 4
1493,246,21, 4
1494,246,21, 4
1495,246,21, 4
1496,246,21, 4
1497,246,21, 4
1498,246,21, 4
1499,246,21, 4
