0,250,25, 0
1,250,25, 0
2,250,25, 0
3,250,25, 0
4,250,25, 0
5,250,25, 0
6,250,25, 0
7,250,25, 0
8,250,25, 0
9,250,25, 0
10,250,25, 0
11,250,25, 0
12,250,25, 0
13,250,25, 0
14,250,25, 0
15,250,25, 0
16,250,25, 0
17,250,25, 0
18,250,25, 0
19,250,25, 0
20,250,25, 0
21,250,25, 0
22,250,25, 0
23,250,25, 0
24,250,25, 0
25,250,25, 0
26,250,25, 0
27,250,25, 0
28,250,25, 0
29,250,25, 0
30,250,25, 0
31,250,25, 0
32,250,25, 0
33,250,25, 0
34,249,24, 1
35,249,24, 1
36,249,24, 1
37,249,24, 1
38,249,24, 1
39,249,24, 1
40,249,24, 1
41,249,24, 1
42,249,24, 1
43,249,24, 1
44,249,24, 1
45,249,24, 1
46,249,24, 1
47,249,24, 1
48,249,24, 1
49,249,24, 1
50,249,24, 1
51,249,24, 1
52,249,24, 1
53,249,24, 1
54,249,24, 1
55,249,24, 1
56,249,24, 1
57,249,24, 1
58,249,24, 1
59,249,24, 1
60,249,24, 1
61,249,24, 1
62,249,24, 1
63,249,24, 1
64,249,24, 1
65,249,24, 1
66,249,24, 1
67,249,24, 1
68,249,24, 1
69,249,24, 1
70,248,23, 2
71,248,23, 2
72,248,23, 2
73,248,23, 2
74,248,23, 2
75,248,23, 2
76,248,23, 2
77,248,23, 2
78,248,23, 2
79,248,23, 2
80,248,23, 2
81,248,23, 2
82,248,23, 2
83,248,23, 2
84,248,23, 2
85,248,23, 2
86,248,23, 2
87,248,23, 2
88,248,23, 2
89,248,23, 2
90,248,23, 2
91,248,23, 2
92,248,23, 2
93,248,23, 2
94,248,23, 2
95,248,23, 2
96,248,23, 2
97,248,23, 2
98,248,23, 2
99,248,23, 2
100,248,23, 2
101,248,23, 2
102,248,23, 2
103,248,23, 2
104,248,23, 2
105,248,23, 2
106,248,23, 2
107,248,23, 2
108,248,23, 2
109,248,23, 2
110,248,23, 2
111,248,23, 2
112,248,23, 2
113,248,23, 2
114,248,23, 2
115,248,23, 2
116,248,23, 2
117,248,23, 2
118,248,23, 2
119,248,23, 2
120,248,23, 2
121,248,23, 2
122,248,23, 2
123,248,23, 2
124,248,23, 2
125,248,23, 2
126,248,23, 2
127,248,23, 2
128,248,23, 2
129,248,23, 2
130,248,23, 2
131,248,23, 2
132,248,23, 2
133,248,23, 2
134,248,23, 2
135,248,23, 2
136,248,23, 2
137,248,23, 2
138,248,23, 2
139,248,23, 2
140,248,23, 2
141,248,23, 2
142,248,23, 2
143,248,23, 2
144,248,23, 2
145,248,23, 2
146,248,23, 2
147,248,23, 2
148,248,23, 2
149,248,23, 2
150,248,23, 2
151,248,23, 2
152,248,23, 2
153,248,23, 2
154,248,23, 2
155,248,23, 2
156,248,23, 2
157,248,23, 2
158,248,23, 2
159,248,23, 2
160,248,23, 2
161,248,23, 2
162,248,23, 2
163,248,23, 2
164,248,23, 2
165,248,23, 2
166,248,23, 2
167,248,23, 2
168,248,23, 2
169,248,23, 2
170,248,23, 2
171,248,23, 2
172,248,23, 2
173,248,23, 2
174,248,23, 2
175,248,23, 2
176,248,23, 2
177,248,23, 2
178,248,23, 2
179,248,23, 2
180,248,23, 2
181,248,23, 2
182,248,23, 2
183,248,23, 2
184,248,23, 2
185,248,23, 2
186,248,23, 2
187,248,23, 2
188,248,23, 2
189,248,23, 2
190,248,23, 2
191,248,23, 2
192,248,23, 2
193,248,23, 2
194,248,23, 2
195,248,23, 2
196,248,23, 2
197,248,23, 2
198,248,23, 2
199,248,23, 2
200,248,23, 2
201,248,23, 2
202,248,23, 2
203,248,23, 2
204,248,23, 2
205,248,23, 2
206,248,23, 2
207,248,23, 2
208,248,23, 2
209,248,23, 2
210,248,23, 2
211,248,23, 2
212,248,23, 2
213,248,23, 2
214,248,23, 2
215,248,23, 2
216,248,23, 2
217,248,23, 2
218,248,23, 2
219,248,23, 2
220,248,23, 2
221,248,23, 2
222,248,23, 2
223,248,23, 2
224,248,23, 2
225,248,23, 2
226,248,23, 2
227,248,23, 2
228,248,23, 2
229,248,23, 2
230,248,23, 2
231,248,23, 2
232,248,23, 2
233,248,23, 2
234,248,23, 2
235,248,23, 2
236,248,23, 2
237,248,23, 2
238,248,23, 2
239,248,23, 2
240,248,23, 2
241,248,23, 2
242,248,23, 2
243,248,23, 2
244,248,23, 2
245,248,23, 2
246,248,23, 2
247,248,23, 2
248,248,23, 2
249,248,23, 2
250,248,23, 2
251,248,23, 2
252,248,23, 2
253,248,23, 2
254,248,23, 2
255,248,23, 2
256,248,23, 2
257,247,22, 3
258,247,22, 3
259,247,22, 3
260,247,22, 3
261,247,22, 3
262,247,22, 3
263,247,22, 3
264,247,22, 3
265,247,22, 3
266,247,22, 3
267,247,22, 3
268,247,22, 3
269,247,22, 3
270,247,22, 3
271,247,22, 3
272,247,22, 3
273,247,22, 3
274,247,22, 3
275,247,22, 3
276,247,22, 3
277,247,22, 3
278,247,22, 3
279,247,22, 3
280,247,22, 3
281,247,22, 3
282,247,22, 3
283,247,22, 3
284,247,22, 3
285,247,22, 3
286,247,22, 3
287,247,22, 3
288,247,22, 3
289,247,22, 3
290,247,22, 3
291,247,22, 3
292,247,22, 3
293,247,22, 3
294,247,22, 3
295,247,22, 3
296,247,22, 3
297,247,22, 3
298,247,22, 3
299,247,22, 3
300,247,22, 3
301,247,22, 3
302,247,22, 3
303,247,22, 3
304,247,22, 3
305,247,22, 3
306,247,22, 3
307,247,22, 3
308,247,22, 3
309,247,22, 3
310,247,22, 3
311,247,22, 3
312,247,22, 3
313,247,22, 3
314,247,22, 3
315,247,22, 3
316,247,22, 3
317,247,22, 3
318,247,22, 3
319,247,22, 3
320,247,22, 3
321,247,22, 3
322,247,22, 3
323,247,22, 3
324,247,22, 3
325,247,22, 3
326,247,22, 3
327,247,22, 3
328,247,22, 3
329,247,22, 3
330,247,22, 3
331,247,22, 3
332,247,22, 3
333,247,22, 3
334,247,22, 3
335,247,22, 3
336,247,22, 3
337,247,22, 3
338,247,22, 3
339,247,22, 3
340,247,22, 3
341,247,22, 3
342,247,22, 3
343,247,22, 3
344,247,22, 3
345,247,22, 3
346,246,21, 4
347,246,21, 4
348,246,21, 4
349,246,21, 4
350,246,21, 4
351,246,21, 4
352,246,21, 4
353,246,21, 4
354,246,21, 4
355,246,21, 4
356,246,21, 4
357,246,21, 4
358,246,21, 4
359,246,21, 4
360,246,21, 4
361,246,21, 4
362,246,21, 4
363,246,21, 4
364,246,21, 4
365,246,21, 4
366,246,21, 4
367,246,21, 4
368,246,21, 4
369,246,21, 4
370,246,21, 4
371,246,21, 4
372,246,21, 4
373,246,21, 4
374,246,21, 4
375,246,21, 4
376,246,21, 4
377,246,21, 4
378,246,21, 4
379,246,21, 4
380,246,21, 4
381,246,21, 4
382,246,21, 4
383,246,21, 4
384,246,21, 4
385,246,21, 4
386,246,21, 4
387,246,21, 4
388,246,21, 4
389,246,21, 4
390,246,21, 4
391,246,21, 4
392,246,21, 4
393,246,21, 4
394,246,21, 4
395,246,21, 4
396,246,21, 4
397,246,21, 4
398,246,21, 4
399,246,21, 4
400,246,21, 4
401,246,21, 4
402,246,21, 4
403,246,21, 4
404,246,21, 4
405,246,21, 4
406,246,21, 4
407,246,21, 4
408,246,21, 4
409,246,21, 4
410,246,21, 4
411,246,21, 4
412,246,21, 4
413,246,21, 4
414,246,21, 4
415,246,21, 4
416,246,21, 4
417,246,21, 4
418,246,21, 4
419,246,21, 4
420,246,21, 4
421,246,21, 4
422,246,21, 4
423,246,21, 4
424,246,21, 4
425,246,21, 4
426,246,21, 4
427,246,21, 4
428,246,21, 4
429,246,21, 4
430,246,21, 4
431,246,21, 4
432,246,21, 4
433,246,21, 4
434,246,21, 4
435,246,21, 4
436,246,21, 4
437,246,21, 4
438,246,21, 4
439,246,21, 4
440,246,21, 4
441,246,21, 4
442,246,21, 4
443,246,21, 4
444,246,21, 4
445,246,21, 4
446,246,21, 4
447,246,21, 4
448,246,21, 4
449,246,21, 4
450,246,21, 4
451,246,21, 4
452,246,21, 4
453,246,21, 4
454,246,21, 4
455,246,21, 4
456,246,21, 4
457,246,21, 4
458,246,21, 4
459,246,21, 4
460,246,21, 4
461,246,21, 4
462,246,21, 4
463,246,21, 4
464,246,21, 4
465,246,21, 4
466,246,21, 4
467,246,21, 4
468,246,21, 4
469,246,21, 4
470,246,21, 4
471,246,21, 4
472,246,21, 4
473,246,21, 4
474,246,21, 4
475,246,21, 4
476,246,21, 4
477,246,21, 4
478,246,21, 4
479,246,21, 4
480,246,21, 4
481,246,21, 4
482,246,21, 4
483,246,21, 4
484,246,21, 4
485,246,21, 4
486,246,21, 4
487,246,21, 4
488,246,21, 4
489,246,21, 4
490,246,21, 4
491,246,21, 4
492,246,21, 4
493,246,21, 4
494,246,21, 4
495,246,21, 4
496,246,21, 4
497,246,21, 4
498,246,21, 4
499,246,21, 4
500,246,21, 4
501,246,21, 4
502,246,21, 4
503,246,21, 4
504,246,21, 4
505,246,21, 4
506,246,21, 4
507,246,21, 4
508,246,21, 4
509,246,21, 4
510,246,21, 4
511,246,21, 4
512,246,21, 4
513,246,21, 4
514,246,21, 4
515,246,21, 4
516,246,21, 4
517,246,21, 4
518,246,21, 4
519,246,21, 4
520,246,21, 4
521,246,21, 4
522,246,21, 4
523,246,21, 4
524,246,21, 4
525,246,21, 4
526,246,21, 4
527,246,21, 4
528,246,21, 4
529,246,21, 4
530,246,21, 4
531,246,21, 4
532,246,21, 4
533,246,21, 4
534,246,21, 4
535,246,21, 4
536,246,21, 4
537,246,21, 4
538,246,21, 4
539,246,21, 4
540,246,21, 4
541,246,21, 4
542,246,21, 4
543,246,21, 4
544,246,21, 4
545,246,21, 4
546,246,21, 4
547,246,21, 4
548,246,21, 4
549,246,21, 4
550,246,21, 4
551,246,21, 4
552,246,21, 4
553,246,21, 4
554,246,21, 4
555,246,21, 4
556,246,21, 4
557,246,21, 4
558,246,21, 4
559,246,21, 4
560,246,21, 4
561,246,21, 4
562,246,21, 4
563,246,21, 4
564,246,21, 4
565,246,21, 4
566,246,21, 4
567,246,21, 4
568,246,21, 4
569,246,21, 4
570,246,21, 4
571,246,21, 4
572,246,21, 4
573,246,21, 4
574,246,21, 4
575,246,21, 4
576,246,21, 4
577,246,21, 4
578,246,21, 4
579,246,21, 4
580,246,21, 4
581,246,21, 4
582,246,21, 4
583,246,21, 4
584,246,21, 4
585,246,21, 4
586,246,21, 4
587,246,21, 4
588,246,21, 4
589,246,21, 4
590,246,21, 4
591,246,21, 4
592,246,21, 4
593,246,21, 4
594,246,21, 4
595,246,21, 4
596,246,21, 4
597,246,21, 4
598,246,21, 4
599,246,21, 4
600,246,21, 4
601,246,21, 4
602,246,21, 4
603,246,21, 4
604,246,21, 4
605,246,21, 4
606,246,21, 4
607,246,21, 4
608,246,21, 4
609,246,21, 4
610,246,21, 4
611,246,21, 4
612,246,21, 4
613,246,21, 4
614,246,21, 4
615,246,21, 4
616,246,21, 4
617,246,21, 4
618,246,21, 4
619,246,21, 4
620,246,21, 4
621,246,21, 4
622,246,21, 4
623,246,21, 4
624,246,21, 4
625,246,21, 4
626,246,21, 4
627,246,21, 4
628,246,21, 4
629,246,21, 4
630,246,21, 4
631,246,21, 4
632,246,21, 4
633,246,21, 4
634,246,21, 4
635,246,21, 4
636,246,21, 4
637,246,21, 4
638,246,21, 4
639,246,21, 4
640,246,21, 4
641,246,21, 4
642,246,21, 4
643,246,21, 4
644,246,21, 4
645,246,21, 4
646,246,21, 4
647,246,21, 4
648,246,21, 4
649,246,21, 4
650,246,21, 4
651,246,21, 4
652,246,21, 4
653,246,21, 4
654,246,21, 4
655,246,21, 4
656,246,21, 4
657,246,21, 4
658,246,21, 4
659,246,21, 4
660,246,21, 4
661,246,21, 4
662,246,21, 4
663,246,21, 4
664,246,21, 4
665,246,21, 4
666,246,21, 4
667,246,21, 4
668,246,21, 4
669,246,21, 4
670,246,21, 4
671,246,21, 4
672,246,21, 4
673,246,21, 4
674,246,21, 4
675,246,21, 4
676,246,21, 4
677,246,21, 4
678,246,21, 4
679,246,21, 4
680,246,21, 4
681,246,21, 4
682,246,21, 4
683,246,21, 4
684,246,21, 4
685,246,21, 4
686,246,21, 4
687,246,21, 4
688,246,21, 4
689,246,21, 4
690,246,21, 4
691,246,21, 4
692,246,21, 4
693,246,21, 4
694,246,21, 4
695,246,21, 4
696,246,21, 4
697,246,21, 4
698,246,21, 4
699,246,21, 4
700,246,21, 4
701,246,21, 4
702,246,21, 4
703,246,21, 4
704,246,21, 4
705,246,21, 4
706,246,21, 4
707,246,21, 4
708,246,21, 4
709,246,21, 4
710,246,21, 4
711,246,21, 4
712,246,21, 4
713,246,21, 4
714,246,21, 4
715,246,21, 4
716,246,21, 4
717,246,21, 4
718,246,21, 4
719,246,21, 4
720,246,21, 4
721,246,21, 4
722,246,21, 4
723,246,21, 4
724,246,21, 4
725,246,21, 4
726,246,21, 4
727,246,21, 4
728,246,21, 4
729,246,21, 4
730,246,21, 4
731,246,21, 4
732,246,21, 4
733,246,21, 4
734,246,21, 4
735,246,21, 4
736,246,21, 4
737,246,21, 4
738,246,21, 4
739,246,21, 4
740,246,21, 4
741,246,21, 4
742,246,21, 4
743,246,21, 4
744,246,21, 4
745,246,21, 4
746,246,21, 4
747,246,21, 4
748,246,21, 4
749,246,21, 4
750,246,21, 4
751,246,21, 4
752,246,21, 4
753,246,21, 4
754,246,21, 4
755,246,21, 4
756,246,21, 4
757,246,21, 4
758,246,21, 4
759,246,21, 4
760,246,21, 4
761,246,21, 4
762,246,21, 4
763,246,21, 4
764,246,21, 4
765,246,21, 4
766,246,21, 4
767,246,21, 4
768,246,21, 4
769,246,21, 4
770,246,21, 4
771,246,21, 4
772,246,21, 4
773,246,21, 4
774,246,21, 4
775,246,21, 4
776,246,21, 4
777,246,21, 4
778,246,21, 4
779,246,21, 4
780,246,21, 4
781,246,21, 4
782,246,21, 4
783,246,21, 4
784,246,21, 4
785,246,21, 4
786,246,21, 4
787,246,21, 4
788,246,21, 4
789,246,21, 4
790,246,21, 4
791,246,21, 4
792,246,21, 4
793,246,21, 4
794,246,21, 4
795,246,21, 4
796,246,21, 4
797,246,21, 4
798,246,21, 4
799,246,21, 4
800,246,21, 4
801,246,21, 4
802,246,21, 4
803,246,21, 4
804,246,21, 4
805,246,21, 4
806,246,21, 4
807,246,21, 4
808,246,21, 4
809,246,21, 4
810,246,21, 4
811,246,21, 4
812,246,21, 4
813,246,21, 4
814,246,21, 4
815,246,21, 4
816,246,21, 4
817,246,21, 4
818,246,21, 4
819,246,21, 4
820,246,21, 4
821,246,21, 4
822,246,21, 4
823,246,21, 4
824,246,21, 4
825,246,21, 4
826,246,21, 4
827,246,21, 4
828,246,21, 4
829,246,21, 4
830,246,21, 4
831,246,21, 4
832,246,21, 4
833,246,21, 4
834,246,21, 4
835,246,21, 4
836,246,21, 4
837,246,21, 4
838,246,21, 4
839,246,21, 4
840,246,21, 4
841,246,21, 4
842,246,21, 4
843,246,21, 4
844,246,21, 4
845,246,21, 4
846,246,21, 4
847,246,21, 4
848,246,21, 4
849,246,21, 4
850,246,21, 4
851,246,21, 4
852,246,21, 4
853,246,21, 4
854,246,21, 4
855,246,21, 4
856,246,21, 4
857,246,21, 4
858,246,21, 4
859,246,21, 4
860,246,21, 4
861,246,21, 4
862,246,21, 4
863,246,21, 4
864,246,21, 4
865,246,21, 4
866,246,21, 4
867,246,21, 4
868,246,21, 4
869,246,21, 4
870,246,21, 4
871,246,21, 4
872,246,21, 4
873,246,21, 4
874,246,21, 4
875,246,21, 4
876,246,21, 4
877,246,21, 4
878,246,21, 4
879,246,21, 4
880,246,21, 4
881,246,21, 4
882,246,21, 4
883,246,21, 4
884,246,21, 4
885,246,21, 4
886,246,21, 4
887,246,21, 4
888,246,21, 4
889,246,21, 4
890,246,21, 4
891,246,21, 4
892,246,21, 4
893,246,21, 4
894,246,21, 4
895,246,21, 4
896,246,21, 4
897,246,21, 4
898,246,21, 4
899,246,21, 4
900,246,21, 4
901,246,21, 4
902,246,21, 4
903,246,21, 4
904,246,21, 4
905,246,21, 4
906,246,21, 4
907,246,21, 4
908,246,21, 4
909,246,21, 4
910,246,21, 4
911,246,21, 4
912,246,21, 4
913,246,21, 4
914,246,21, 4
915,246,21, 4
916,246,21, 4
917,246,21, 4
918,246,21, 4
919,246,21, 4
920,246,21, 4
921,246,21, 4
922,246,21, 4
923,246,21, 4
924,246,21, 4
925,246,21, 4
926,246,21, 4
927,246,21, 4
928,246,21, 4
929,246,21, 4
930,246,21, 4
931,246,21, 4
932,246,21, 4
933,246,21, 4
934,246,21, 4
935,246,21, 4
936,246,21, 4
937,246,21, 4
938,246,21, 4
939,246,21, 4
940,246,21, 4
941,246,21, 4
942,246,21, 4
943,246,21, 4
944,246,21, 4
945,246,21, 4
946,246,21, 4
947,246,21, 4
948,246,21, 4
949,246,21, 4
950,246,21, 4
951,246,21, 4
952,246,21, 4
953,246,21, 4
954,246,21, 4
955,246,21, 4
956,246,21, 4
957,246,21, 4
958,246,21, 4
959,246,21, 4
960,246,21, 4
961,246,21, 4
962,246,21, 4
963,246,21, 4
964,246,21, 4
965,246,21, 4
966,246,21, 4
967,246,21, 4
968,246,21, 4
969,246,21, 4
970,246,21, 4
971,246,21, 4
972,246,21, 4
973,246,21, 4
974,246,21, 4
975,246,21, 4
976,246,21, 4
977,246,21, 4
978,246,21, 4
979,246,21, 4
980,246,21, 4
981,246,21, 4
982,246,21, 4
983,246,21, 4
984,246,21, 4
985,246,21, 4
986,246,21, 4
987,246,21, 4
988,246,21, 4
989,246,21, 4
990,246,21, 4
991,246,21, 4
992,246,21, 4
993,246,21, 4
994,246,21, 4
995,246,21, 4
996,246,21, 4
997,246,21, 4
998,246,21, 4
999,246,21, 4
1000,246,21, 4
1001,246,21, 4
1002,246,21, 4
1003,246,21, 4
1004,246,21, 4
1005,246,21, 4
1006,246,21, 4
1007,246,21, 4
1008,246,21, 4
1009,246,21, 4
1010,246,21, 4
1011,246,21, 4
1012,246,21, 4
1013,246,21, 4
1014,246,21, 4
1015,246,21, 4
1016,246,21, 4
1017,246,21, 4
1018,246,21, 4
1019,246,21, 4
1020,246,21, 4
1021,246,21, 4
1022,246,21, 4
1023,246,21, 4
1024,246,21, 4
1025,246,21, 4
1026,246,21, 4
1027,246,21, 4
1028,246,21, 4
1029,246,21, 4
1030,246,21, 4
1031,246,21, 4
1032,246,21, 4
1033,246,21, 4
1034,246,21, 4
1035,246,21, 4
1036,246,21, 4
1037,246,21, 4
1038,246,21, 4
1039,246,21, 4
1040,246,21, 4
1041,246,21, 4
1042,246,21, 4
1043,246,21, 4
1044,246,21, 4
1045,246,21, 4
1046,246,21, 4
1047,246,21, 4
1048,246,21, 4
1049,246,21, 4
1050,246,21, 4
1051,246,21, 4
1052,246,21, 4
1053,246,21, 4
1054,246,21, 4
1055,246,21, 4
1056,246,21, 4
1057,246,21, 4
1058,246,21, 4
1059,246,21, 4
1060,246,21, 4
1061,246,21, 4
1062,246,21, 4
1063,246,21, 4
1064,246,21, 4
1065,246,21, 4
1066,246,21, 4
1067,246,21, 4
1068,246,21, 4
1069,246,21, 4
1070,246,21, 4
1071,246,21, 4
1072,246,21, 4
1073,246,21, 4
1074,246,21, 4
1075,246,21, 4
1076,246,21, 4
1077,246,21, 4
1078,246,21, 4
1079,246,21, 4
1080,246,21, 4
1081,246,21, 4
1082,246,21, 4
1083,246,21, 4
1084,246,21, 4
1085,246,21, 4
1086,246,21, 4
1087,246,21, 4
1088,246,21, 4
1089,246,21, 4
1090,246,21, 4
1091,246,21, 4
1092,246,21, 4
1093,246,21, 4
1094,246,21, 4
1095,246,21, 4
1096,246,21, 4
1097,246,21, 4
1098,246,21, 4
1099,246,21, 4
1100,246,21, 4
1101,246,21, 4
1102,246,21, 4
1103,246,21, 4
1104,246,21, 4
1105,246,21, 4
1106,246,21, 4
1107,246,21, 4
1108,246,21, 4
1109,246,21, 4
1110,246,21, 4
1111,246,21, 4
1112,246,21, 4
1113,246,21, 4
1114,246,21, 4
1115,246,21, 4
1116,246,21, 4
1117,246,21, 4
1118,246,21, 4
1119,246,21, 4
1120,246,21, 4
1121,246,21, 4
1122,246,21, 4
1123,246,21, 4
1124,246,21, 4
1125,246,21, 4
1126,246,21, 4
1127,246,21, 4
1128,246,21, 4
1129,246,21, 4
1130,246,21, 4
1131,246,21, 4
1132,246,21, 4
1133,246,21, 4
1134,246,21, 4
1135,246,21, 4
1136,246,21, 4
1137,246,21, 4
1138,246,21, 4
1139,246,21, 4
1140,246,21, 4
1141,246,21, 4
1142,246,21, 4
1143,246,21, 4
1144,246,21, 4
1145,246,21, 4
1146,246,21, 4
1147,246,21, 4
1148,246,21, 4
1149,246,21, 4
1150,246,21, 4
1151,246,21, 4
1152,246,21, 4
1153,246,21, 4
1154,246,21, 4
1155,246,21, 4
1156,246,21, 4
1157,246,21, 4
1158,246,21, 4
1159,246,21, 4
1160,246,21, 4
1161,246,21, 4
1162,246,21, 4
1163,246,21, 4
1164,246,21, 4
1165,246,21, 4
1166,246,21, 4
1167,246,21, 4
1168,246,21, 4
1169,246,21, 4
1170,246,21, 4
1171,246,21, 4
1172,246,21, 4
1173,246,21, 4
1174,246,21, 4
1175,246,21, 4
1176,246,21, 4
1177,246,21, 4
1178,246,21, 4
1179,246,21, 4
1180,246,21, 4
1181,246,21, 4
1182,246,21, 4
1183,246,21, 4
1184,246,21, 4
1185,246,21, 4
1186,246,21, 4
1187,246,21, 4
1188,246,21, 4
1189,246,21, 4
1190,246,21, 4
1191,246,21, 4
1192,246,21, 4
1193,246,21, 4
1194,246,21, 4
1195,246,21, 4
1196,246,21, 4
1197,246,21, 4
1198,246,21, 4
1199,246,21, 4
1200,246,21, 4
1201,246,21, 4
1202,246,21, 4
1203,246,21, 4
1204,246,21, 4
1205,246,21, 4
1206,246,21, 4
1207,246,21, 4
1208,246,21, 4
1209,246,21, 4
1210,246,21, 4
1211,246,21, 4
1212,246,21, 4
1213,246,21, 4
1214,246,21, 4
1215,246,21, 4
1216,246,21, 4
1217,246,21, 4
1218,246,21, 4
1219,246,21, 4
1220,246,21, 4
1221,246,21, 4
1222,246,21, 4
1223,246,21, 4
1224,246,21, 4
1225,246,21, 4
1226,246,21, 4
1227,246,21, 4
1228,246,21, 4
1229,246,21, 4
1230,246,21, 4
1231,246,21, 4
1232,246,21, 4
1233,246,21, 4
1234,246,21, 4
1235,246,21, 4
1236,246,21, 4
1237,246,21, 4
1238,246,21, 4
1239,246,21, 4
1240,246,21, 4
1241,246,21, 4
1242,246,21, 4
1243,246,21, 4
1244,246,21, 4
1245,246,21, 4
1246,246,21, 4
1247,246,21, 4
1248,246,21, 4
1249,246,21, 4
1250,246,21, 4
1251,246,21, 4
1252,246,21, 4
1253,246,21, 4
1254,246,21, 4
1255,246,21, 4
1256,246,21, 4
1257,246,21, 4
1258,246,21, 4
1259,246,21, 4
1260,246,21, 4
1261,246,21, 4
1262,246,21, 4
1263,246,21, 4
1264,245,20, 5
1265,245,20, 5
1266,245,20, 5
1267,245,20, 5
1268,245,20, 5
1269,245,20, 5
1270,245,20, 5
1271,245,20, 5
1272,245,20, 5
1273,245,20, 5
1274,245,20, 5
1275,245,20, 5
1276,245,20, 5
1277,245,20, 5
1278,245,20, 5
1279,245,20, 5
1280,245,20, 5
1281,245,20, 5
1282,245,20, 5
1283,245,20, 5
1284,245,20, 5
1285,245,20, 5
1286,245,20, 5
1287,245,20, 5
1288,245,20, 5
1289,245,20, 5
1290,245,20, 5
1291,245,20, 5
1292,245,20, 5
1293,245,20, 5
1294,245,20, 5
1295,245,20, 5
1296,245,20, 5
1297,245,20, 5
1298,245,20, 5
1299,245,20, 5
1300,245,20, 5
1301,245,20, 5
1302,245,20, 5
1303,245,20, 5
1304,245,20, 5
1305,245,20, 5
1306,245,20, 5
1307,245,20, 5
1308,245,20, 5
1309,245,20, 5
1310,245,20, 5
1311,245,20, 5
1312,245,20, 5
1313,245,20, 5
1314,245,20, 5
1315,245,20, 5
1316,245,20, 5
1317,245,20, 5
1318,245,20, 5
1319,245,20, 5
1320,245,20, 5
1321,245,20, 5
1322,245,20, 5
1323,245,20, 5
1324,245,20, 5
1325,245,20, 5
1326,245,20, 5
1327,245,20, 5
1328,245,20, 5
1329,245,20, 5
1330,245,20, 5
1331,245,20, 5
1332,245,20, 5
1333,245,20, 5
1334,245,20, 5
1335,245,20, 5
1336,245,20, 5
1337,245,20, 5
1338,245,20, 5
1339,245,20, 5
1340,245,20, 5
1341,245,20, 5
1342,245,20, 5
1343,245,20, 5
1344,245,20, 5
1345,245,20, 5
1346,245,20, 5
1347,245,20, 5
1348,245,20, 5
1349,245,20, 5
1350,245,20, 5
1351,245,20, 5
1352,245,20, 5
1353,245,20, 5
1354,245,20, 5
1355,245,20, 5
1356,245,20, 5
1357,245,20, 5
1358,245,20, 5
1359,245,20, 5
1360,245,20, 5
1361,245,20, 5
1362,245,20, 5
1363,245,20, 5
1364,245,20, 5
1365,245,20, 5
1366,245,20, 5
1367,245,20, 5
1368,245,20, 5
1369,245,20, 5
1370,245,20, 5
1371,245,20, 5
1372,245,20, 5
1373,245,20, 5
1374,245,20, 5
1375,245,20, 5
1376,245,20, 5
1377,245,20, 5
1378,245,20, 5
1379,245,20, 5
1380,245,20, 5
1381,245,20, 5
1382,245,20, 5
1383,245,20, 5
1384,245,20, 5
1385,245,20, 5
1386,245,20, 5
1387,245,20, 5
1388,245,20, 5
1389,245,20, 5
1390,245,20, 5
1391,245,20, 5
1392,245,20, 5
1393,245,20, 5
1394,245,20, 5
1395,245,20, 5
1396,245,20, 5
1397,245,20, 5
1398,245,20, 5
1399,245,20, 5
1400,245,20, 5
1401,245,20, 5
1402,245,20, 5
1403,245,20, 5
1404,245,20, 5
1405,245,20, 5
1406,245,20, 5
1407,245,20, 5
1408,245,20, 5
1409,245,20, 5
1410,245,20, 5
1411,245,20, 5
1412,245,20, 5
1413,245,20, 5
1414,245,20, 5
1415,245,20, 5
1416,245,20, 5
1417,245,20, 5
1418,245,20, 5
1419,245,20, 5
1420,245,20, 5
1421,245,20, 5
1422,245,20, 5
1423,245,20, 5
1424,245,20, 5
1425,245,20, 5
1426,245,20, 5
1427,245,20, 5
1428,245,20, 5
1429,245,20, 5
1430,245,20, 5
1431,245,20, 5
1432,245,20, 5
1433,245,20, 5
1434,245,20, 5
1435,245,20, 5
1436,245,20, 5
1437,245,20, 5
1438,245,20, 5
1439,245,20, 5
1440,245,20, 5
1441,245,20, 5
1442,245,20, 5
1443,245,20, 5
1444,245,20, 5
1445,245,20, 5
1446,245,20, 5
1447,245,20, 5
1448,245,20, 5
1449,245,20, 5
1450,244,19, 6
1451,244,19, 6
1452,244,19, 6
1453,244,19, 6
1454,244,19, 6
1455,244,19, 6
1456,244,19, 6
1457,244,19, 6
1458,244,19, 6
1459,244,19, 6
1460,244,19, 6
1461,244,19, 6
1462,244,19, 6
1463,244,19, 6
1464,244,19, 6
1465,244,19, 6
1466,244,19, 6
1467,244,19, 6
1468,244,19, 6
1469,244,19, 6
1470,244,19, 6
1471,244,19, 6
1472,244,19, 6
1473,244,19, 6
1474,244,19, 6
1475,244,19, 6
1476,244,19, 6
1477,244,19, 6
1478,244,19, 6
1479,244,19, 6
1480,244,19, 6
1481,244,19, 6
1482,244,19, 6
1483,244,19, 6
1484,244,19, 6
1485,244,19, 6
1486,244,19, 6
1487,244,19, 6
1488,244,19, 6
1489,244,19, 6
1490,244,19, 6
1491,244,19, 6
1492,244,19, 6
1493,244,19, 6
1494,244,19, 6
1495,244,19, 6
1496,244,19, 6
1497,244,19, 6
1498,244,19, 6
1499,244,19, 6
