0,250,25, 0
1,250,25, 0
2,250,25, 0
3,250,25, 0
4,250,25, 0
5,250,25, 0
6,250,25, 0
7,250,25, 0
8,250,25, 0
9,250,25, 0
10,250,25, 0
11,250,25, 0
12,250,25, 0
13,250,25, 0
14,250,25, 0
15,250,25, 0
16,250,25, 0
17,250,25, 0
18,250,25, 0
19,250,25, 0
20,250,25, 0
21,250,25, 0
22,250,25, 0
23,250,25, 0
24,250,25, 0
25,250,25, 0
26,250,25, 0
27,250,25, 0
28,250,25, 0
29,250,25, 0
30,250,25, 0
31,250,25, 0
32,250,25, 0
33,250,25, 0
34,250,25, 0
35,250,25, 0
36,250,25, 0
37,250,25, 0
38,250,25, 0
39,250,25, 0
40,249,24, 1
41,249,24, 1
42,249,24, 1
43,249,24, 1
44,249,24, 1
45,249,24, 1
46,249,24, 1
47,249,24, 1
48,249,24, 1
49,249,24, 1
50,249,24, 1
51,249,24, 1
52,249,24, 1
53,249,24, 1
54,249,24, 1
55,249,24, 1
56,249,24, 1
57,249,24, 1
58,249,24, 1
59,249,24, 1
60,249,24, 1
61,249,24, 1
62,249,24, 1
63,249,24, 1
64,249,24, 1
65,249,24, 1
66,249,24, 1
67,249,24, 1
68,249,24, 1
69,249,24, 1
70,249,24, 1
71,249,24, 1
72,249,24, 1
73,249,24, 1
74,249,24, 1
75,249,24, 1
76,249,24, 1
77,249,24, 1
78,249,24, 1
79,249,24, 1
80,249,24, 1
81,249,24, 1
82,249,24, 1
83,249,24, 1
84,249,24, 1
85,249,24, 1
86,249,24, 1
87,249,24, 1
88,249,24, 1
89,249,24, 1
90,249,24, 1
91,249,24, 1
92,249,24, 1
93,249,24, 1
94,249,24, 1
95,249,24, 1
96,249,24, 1
97,249,24, 1
98,249,24, 1
99,249,24, 1
100,249,24, 1
101,249,24, 1
102,249,24, 1
103,249,24, 1
104,249,24, 1
105,249,24, 1
106,249,24, 1
107,249,24, 1
108,249,24, 1
109,249,24, 1
110,249,24, 1
111,249,24, 1
112,249,24, 1
113,249,24, 1
114,249,24, 1
115,249,24, 1
116,249,24, 1
117,249,24, 1
118,249,24, 1
119,249,24, 1
120,249,24, 1
121,249,24, 1
122,249,24, 1
123,249,24, 1
124,249,24, 1
125,249,24, 1
126,249,24, 1
127,249,24, 1
128,249,24, 1
129,249,24, 1
130,249,24, 1
131,249,24, 1
132,249,24, 1
133,249,24, 1
134,249,24, 1
135,249,24, 1
136,249,24, 1
137,249,24, 1
138,249,24, 1
139,249,24, 1
140,249,24, 1
141,249,24, 1
142,249,24, 1
143,249,24, 1
144,249,24, 1
145,249,24, 1
146,249,24, 1
147,249,24, 1
148,249,24, 1
149,249,24, 1
150,249,24, 1
151,249,24, 1
152,249,24, 1
153,249,24, 1
154,249,24, 1
155,249,24, 1
156,249,24, 1
157,249,24, 1
158,249,24, 1
159,249,24, 1
160,249,24, 1
161,249,24, 1
162,249,24, 1
163,249,24, 1
164,249,24, 1
165,249,24, 1
166,249,24, 1
167,249,24, 1
168,249,24, 1
169,249,24, 1
170,249,24, 1
171,249,24, 1
172,249,24, 1
173,249,24, 1
174,249,24, 1
175,249,24, 1
176,249,24, 1
177,249,24, 1
178,249,24, 1
179,249,24, 1
180,249,24, 1
181,248,23, 2
182,248,23, 2
183,248,23, 2
184,248,23, 2
185,248,23, 2
186,248,23, 2
187,248,23, 2
188,248,23, 2
189,248,23, 2
190,248,23, 2
191,248,23, 2
192,248,23, 2
193,248,23, 2
194,248,23, 2
195,248,23, 2
196,248,23, 2
197,248,23, 2
198,248,23, 2
199,248,23, 2
200,248,23, 2
201,248,23, 2
202,248,23, 2
203,248,23, 2
204,248,23, 2
205,248,23, 2
206,248,23, 2
207,248,23, 2
208,248,23, 2
209,248,23, 2
210,248,23, 2
211,248,23, 2
212,248,23, 2
213,248,23, 2
214,248,23, 2
215,248,23, 2
216,248,23, 2
217,248,23, 2
218,248,23, 2
219,248,23, 2
220,248,23, 2
221,248,23, 2
222,248,23, 2
223,248,23, 2
224,248,23, 2
225,248,23, 2
226,248,23, 2
227,248,23, 2
228,248,23, 2
229,248,23, 2
230,248,23, 2
231,248,23, 2
232,248,23, 2
233,248,23, 2
234,248,23, 2
235,248,23, 2
236,248,23, 2
237,248,23, 2
238,248,23, 2
239,248,23, 2
240,248,23, 2
241,248,23, 2
242,248,23, 2
243,248,23, 2
244,248,23, 2
245,248,23, 2
246,248,23, 2
247,248,23, 2
248,248,23, 2
249,248,23, 2
250,248,23, 2
251,248,23, 2
252,248,23, 2
253,248,23, 2
254,248,23, 2
255,248,23, 2
256,248,23, 2
257,248,23, 2
258,248,23, 2
259,248,23, 2
260,248,23, 2
261,248,23, 2
262,248,23, 2
263,248,23, 2
264,248,23, 2
265,248,23, 2
266,248,23, 2
267,248,23, 2
268,248,23, 2
269,248,23, 2
270,248,23, 2
271,248,23, 2
272,248,23, 2
273,248,23, 2
274,248,23, 2
275,248,23, 2
276,248,23, 2
277,248,23, 2
278,248,23, 2
279,248,23, 2
280,248,23, 2
281,248,23, 2
282,248,23, 2
283,248,23, 2
284,248,23, 2
285,248,23, 2
286,248,23, 2
287,248,23, 2
288,248,23, 2
289,248,23, 2
290,248,23, 2
291,248,23, 2
292,248,23, 2
293,248,23, 2
294,248,23, 2
295,248,23, 2
296,248,23, 2
297,248,23, 2
298,248,23, 2
299,248,23, 2
300,248,23, 2
301,248,23, 2
302,248,23, 2
303,248,23, 2
304,248,23, 2
305,248,23, 2
306,248,23, 2
307,247,22, 3
308,247,22, 3
309,247,22, 3
310,247,22, 3
311,247,22, 3
312,247,22, 3
313,247,22, 3
314,247,22, 3
315,247,22, 3
316,247,22, 3
317,247,22, 3
318,247,22, 3
319,247,22, 3
320,247,22, 3
321,247,22, 3
322,247,22, 3
323,247,22, 3
324,247,22, 3
325,247,22, 3
326,247,22, 3
327,247,22, 3
328,247,22, 3
329,247,22, 3
330,247,22, 3
331,247,22, 3
332,247,22, 3
333,247,22, 3
334,247,22, 3
335,247,22, 3
336,247,22, 3
337,247,22, 3
338,247,22, 3
339,247,22, 3
340,247,22, 3
341,247,22, 3
342,247,22, 3
343,247,22, 3
344,247,22, 3
345,247,22, 3
346,247,22, 3
347,247,22, 3
348,247,22, 3
349,247,22, 3
350,247,22, 3
351,247,22, 3
352,247,22, 3
353,247,22, 3
354,247,22, 3
355,247,22, 3
356,247,22, 3
357,247,22, 3
358,247,22, 3
359,247,22, 3
360,247,22, 3
361,247,22, 3
362,247,22, 3
363,247,22, 3
364,247,22, 3
365,247,22, 3
366,247,22, 3
367,247,22, 3
368,247,22, 3
369,247,22, 3
370,247,22, 3
371,247,22, 3
372,247,22, 3
373,247,22, 3
374,247,22, 3
375,247,22, 3
376,247,22, 3
377,247,22, 3
378,247,22, 3
379,247,22, 3
380,247,22, 3
381,247,22, 3
382,247,22, 3
383,247,22, 3
384,247,22, 3
385,247,22, 3
386,247,22, 3
387,247,22, 3
388,247,22, 3
389,247,22, 3
390,247,22, 3
391,247,22, 3
392,247,22, 3
393,247,22, 3
394,247,22, 3
395,247,22, 3
396,247,22, 3
397,247,22, 3
398,247,22, 3
399,247,22, 3
400,247,22, 3
401,247,22, 3
402,247,22, 3
403,246,21, 4
404,246,21, 4
405,246,21, 4
406,246,21, 4
407,246,21, 4
408,246,21, 4
409,246,21, 4
410,246,21, 4
411,246,21, 4
412,246,21, 4
413,246,21, 4
414,246,21, 4
415,246,21, 4
416,246,21, 4
417,246,21, 4
418,246,21, 4
419,246,21, 4
420,246,21, 4
421,246,21, 4
422,246,21, 4
423,246,21, 4
424,246,21, 4
425,246,21, 4
426,246,21, 4
427,246,21, 4
428,246,21, 4
429,246,21, 4
430,246,21, 4
431,246,21, 4
432,246,21, 4
433,246,21, 4
434,246,21, 4
435,246,21, 4
436,246,21, 4
437,246,21, 4
438,246,21, 4
439,246,21, 4
440,246,21, 4
441,246,21, 4
442,246,21, 4
443,246,21, 4
444,246,21, 4
445,246,21, 4
446,246,21, 4
447,246,21, 4
448,246,21, 4
449,246,21, 4
450,246,21, 4
451,246,21, 4
452,246,21, 4
453,246,21, 4
454,246,21, 4
455,246,21, 4
456,246,21, 4
457,246,21, 4
458,246,21, 4
459,246,21, 4
460,246,21, 4
461,246,21, 4
462,246,21, 4
463,246,21, 4
464,246,21, 4
465,246,21, 4
466,246,21, 4
467,246,21, 4
468,246,21, 4
469,246,21, 4
470,246,21, 4
471,246,21, 4
472,246,21, 4
473,246,21, 4
474,246,21, 4
475,246,21, 4
476,246,21, 4
477,246,21, 4
478,246,21, 4
479,246,21, 4
480,246,21, 4
481,246,21, 4
482,246,21, 4
483,246,21, 4
484,246,21, 4
485,246,21, 4
486,246,21, 4
487,246,21, 4
488,246,21, 4
489,246,21, 4
490,246,21, 4
491,245,20, 5
492,245,20, 5
493,245,20, 5
494,245,20, 5
495,245,20, 5
496,245,20, 5
497,245,20, 5
498,245,20, 5
499,245,20, 5
500,245,20, 5
501,245,20, 5
502,245,20, 5
503,245,20, 5
504,245,20, 5
505,245,20, 5
506,244,19, 6
507,244,19, 6
508,244,19, 6
509,244,19, 6
510,244,19, 6
511,244,19, 6
512,244,19, 6
513,244,19, 6
514,244,19, 6
515,244,19, 6
516,244,19, 6
517,244,19, 6
518,244,19, 6
519,244,19, 6
520,244,19, 6
521,244,19, 6
522,244,19, 6
523,244,19, 6
524,244,19, 6
525,244,19, 6
526,244,19, 6
527,244,19, 6
528,244,19, 6
529,244,19, 6
530,244,19, 6
531,244,19, 6
532,244,19, 6
533,244,19, 6
534,244,19, 6
535,244,19, 6
536,244,19, 6
537,244,19, 6
538,244,19, 6
539,244,19, 6
540,244,19, 6
541,244,19, 6
542,244,19, 6
543,244,19, 6
544,244,19, 6
545,244,19, 6
546,244,19, 6
547,244,19, 6
548,244,19, 6
549,244,19, 6
550,244,19, 6
551,244,19, 6
552,244,19, 6
553,244,19, 6
554,244,19, 6
555,244,19, 6
556,244,19, 6
557,244,19, 6
558,244,19, 6
559,244,19, 6
560,244,19, 6
561,244,19, 6
562,244,19, 6
563,244,19, 6
564,244,19, 6
565,244,19, 6
566,244,19, 6
567,244,19, 6
568,244,19, 6
569,244,19, 6
570,244,19, 6
571,244,19, 6
572,244,19, 6
573,244,19, 6
574,244,19, 6
575,244,19, 6
576,244,19, 6
577,244,19, 6
578,244,19, 6
579,244,19, 6
580,244,19, 6
581,244,19, 6
582,244,19, 6
583,244,19, 6
584,244,19, 6
585,244,19, 6
586,243,18, 7
587,242,17, 8
588,242,17, 8
589,242,17, 8
590,242,17, 8
591,242,17, 8
592,242,17, 8
593,242,17, 8
594,242,17, 8
595,242,17, 8
596,242,17, 8
597,242,17, 8
598,242,17, 8
599,242,17, 8
600,242,17, 8
601,242,17, 8
602,242,17, 8
603,242,17, 8
604,242,17, 8
605,242,17, 8
606,242,17, 8
607,242,17, 8
608,242,17, 8
609,242,17, 8
610,242,17, 8
611,242,17, 8
612,242,17, 8
613,242,17, 8
614,242,17, 8
615,242,17, 8
616,242,17, 8
617,242,17, 8
618,242,17, 8
619,242,17, 8
620,242,17, 8
621,242,17, 8
622,242,17, 8
623,242,17, 8
624,242,17, 8
625,242,17, 8
626,242,17, 8
627,242,17, 8
628,242,17, 8
629,242,17, 8
630,242,17, 8
631,242,17, 8
632,242,17, 8
633,242,17, 8
634,242,17, 8
635,242,17, 8
636,242,17, 8
637,242,17, 8
638,242,17, 8
639,242,17, 8
640,242,17, 8
641,242,17, 8
642,242,17, 8
643,242,17, 8
644,242,17, 8
645,242,17, 8
646,242,17, 8
647,242,17, 8
648,242,17, 8
649,242,17, 8
650,242,17, 8
651,242,17, 8
652,242,17, 8
653,242,17, 8
654,242,17, 8
655,242,17, 8
656,242,17, 8
657,242,17, 8
658,242,17, 8
659,242,17, 8
660,242,17, 8
661,242,17, 8
662,242,17, 8
663,242,17, 8
664,242,17, 8
665,242,17, 8
666,242,17, 8
667,242,17, 8
668,242,17, 8
669,242,17, 8
670,242,17, 8
671,242,17, 8
672,242,17, 8
673,242,17, 8
674,242,17, 8
675,242,17, 8
676,242,17, 8
677,242,17, 8
678,242,17, 8
679,242,17, 8
680,242,17, 8
681,242,17, 8
682,242,17, 8
683,242,17, 8
684,242,17, 8
685,242,17, 8
686,242,17, 8
687,242,17, 8
688,242,17, 8
689,242,17, 8
690,242,17, 8
691,242,17, 8
692,242,17, 8
693,242,17, 8
694,242,17, 8
695,242,17, 8
696,242,17, 8
697,242,17, 8
698,242,17, 8
699,242,17, 8
700,242,17, 8
701,242,17, 8
702,242,17, 8
703,242,17, 8
704,242,17, 8
705,242,17, 8
706,242,17, 8
707,242,17, 8
708,242,17, 8
709,242,17, 8
710,242,17, 8
711,242,17, 8
712,242,17, 8
713,242,17, 8
714,242,17, 8
715,242,17, 8
716,242,17, 8
717,242,17, 8
718,242,17, 8
719,242,17, 8
720,242,17, 8
721,242,17, 8
722,242,17, 8
723,242,17, 8
724,242,17, 8
725,242,17, 8
726,242,17, 8
727,242,17, 8
728,242,17, 8
729,242,17, 8
730,242,17, 8
731,242,17, 8
732,242,17, 8
733,242,17, 8
734,242,17, 8
735,242,17, 8
736,242,17, 8
737,242,17, 8
738,242,17, 8
739,242,17, 8
740,242,17, 8
741,242,17, 8
742,242,17, 8
743,242,17, 8
744,242,17, 8
745,242,17, 8
746,242,17, 8
747,242,17, 8
748,242,17, 8
749,242,17, 8
750,242,17, 8
751,242,17, 8
752,242,17, 8
753,242,17, 8
754,242,17, 8
755,242,17, 8
756,242,17, 8
757,242,17, 8
758,242,17, 8
759,242,17, 8
760,242,17, 8
761,242,17, 8
762,242,17, 8
763,242,17, 8
764,242,17, 8
765,242,17, 8
766,242,17, 8
767,242,17, 8
768,242,17, 8
769,242,17, 8
770,242,17, 8
771,242,17, 8
772,242,17, 8
773,242,17, 8
774,242,17, 8
775,242,17, 8
776,242,17, 8
777,242,17, 8
778,242,17, 8
779,242,17, 8
780,242,17, 8
781,242,17, 8
782,242,17, 8
783,242,17, 8
784,242,17, 8
785,242,17, 8
786,242,17, 8
787,242,17, 8
788,242,17, 8
789,242,17, 8
790,242,17, 8
791,242,17, 8
792,242,17, 8
793,242,17, 8
794,241,16, 9
795,241,16, 9
796,241,16, 9
797,241,16, 9
798,241,16, 9
799,241,16, 9
800,241,16, 9
801,241,16, 9
802,241,16, 9
803,241,16, 9
804,241,16, 9
805,241,16, 9
806,241,16, 9
807,241,16, 9
808,241,16, 9
809,241,16, 9
810,241,16, 9
811,241,16, 9
812,241,16, 9
813,241,16, 9
814,241,16, 9
815,241,16, 9
816,241,16, 9
817,241,16, 9
818,241,16, 9
819,241,16, 9
820,241,16, 9
821,241,16, 9
822,241,16, 9
823,241,16, 9
824,241,16, 9
825,241,16, 9
826,241,16, 9
827,241,16, 9
828,241,16, 9
829,241,16, 9
830,241,16, 9
831,241,16, 9
832,241,16, 9
833,241,16, 9
834,240,15, 10
835,240,15, 10
836,240,15, 10
837,240,15, 10
838,240,15, 10
839,240,15, 10
840,240,15, 10
841,240,15, 10
842,240,15, 10
843,240,15, 10
844,240,15, 10
845,240,15, 10
846,240,15, 10
847,240,15, 10
848,240,15, 10
849,240,15, 10
850,240,15, 10
851,240,15, 10
852,240,15, 10
853,240,15, 10
854,240,15, 10
855,240,15, 10
856,240,15, 10
857,240,15, 10
858,240,15, 10
859,240,15, 10
860,240,15, 10
861,240,15, 10
862,240,15, 10
863,240,15, 10
864,240,15, 10
865,240,15, 10
866,240,15, 10
867,240,15, 10
868,240,15, 10
869,240,15, 10
870,240,15, 10
871,240,15, 10
872,240,15, 10
873,240,15, 10
874,240,15, 10
875,240,15, 10
876,240,15, 10
877,240,15, 10
878,240,15, 10
879,240,15, 10
880,240,15, 10
881,240,15, 10
882,240,15, 10
883,240,15, 10
884,240,15, 10
885,240,15, 10
886,240,15, 10
887,240,15, 10
888,240,15, 10
889,240,15, 10
890,240,15, 10
891,240,15, 10
892,240,15, 10
893,240,15, 10
894,240,15, 10
895,240,15, 10
896,240,15, 10
897,240,15, 10
898,240,15, 10
899,240,15, 10
900,240,15, 10
901,240,15, 10
902,240,15, 10
903,240,15, 10
904,240,15, 10
905,240,15, 10
906,240,15, 10
907,240,15, 10
908,240,15, 10
909,240,15, 10
910,240,15, 10
911,240,15, 10
912,240,15, 10
913,240,15, 10
914,240,15, 10
915,240,15, 10
916,240,15, 10
917,240,15, 10
918,240,15, 10
919,240,15, 10
920,240,15, 10
921,240,15, 10
922,240,15, 10
923,240,15, 10
924,240,15, 10
925,240,15, 10
926,240,15, 10
927,240,15, 10
928,240,15, 10
929,240,15, 10
930,240,15, 10
931,240,15, 10
932,240,15, 10
933,240,15, 10
934,240,15, 10
935,240,15, 10
936,240,15, 10
937,240,15, 10
938,240,15, 10
939,240,15, 10
940,240,15, 10
941,240,15, 10
942,240,15, 10
943,240,15, 10
944,240,15, 10
945,240,15, 10
946,240,15, 10
947,240,15, 10
948,240,15, 10
949,240,15, 10
950,240,15, 10
951,240,15, 10
952,240,15, 10
953,240,15, 10
954,240,15, 10
955,240,15, 10
956,240,15, 10
957,240,15, 10
958,240,15, 10
959,240,15, 10
960,240,15, 10
961,240,15, 10
962,240,15, 10
963,240,15, 10
964,240,15, 10
965,240,15, 10
966,240,15, 10
967,240,15, 10
968,240,15, 10
969,240,15, 10
970,240,15, 10
971,240,15, 10
972,240,15, 10
973,240,15, 10
974,240,15, 10
975,240,15, 10
976,240,15, 10
977,240,15, 10
978,240,15, 10
979,240,15, 10
980,240,15, 10
981,240,15, 10
982,240,15, 10
983,240,15, 10
984,240,15, 10
985,240,15, 10
986,240,15, 10
987,240,15, 10
988,240,15, 10
989,240,15, 10
990,240,15, 10
991,240,15, 10
992,240,15, 10
993,240,15, 10
994,240,15, 10
995,240,15, 10
996,240,15, 10
997,240,15, 10
998,240,15, 10
999,240,15, 10
1000,240,15, 10
1001,240,15, 10
1002,240,15, 10
1003,240,15, 10
1004,240,15, 10
1005,240,15, 10
1006,240,15, 10
1007,240,15, 10
1008,240,15, 10
1009,240,15, 10
1010,240,15, 10
1011,240,15, 10
1012,240,15, 10
1013,240,15, 10
1014,240,15, 10
1015,240,15, 10
1016,240,15, 10
1017,240,15, 10
1018,240,15, 10
1019,240,15, 10
1020,240,15, 10
1021,240,15, 10
1022,240,15, 10
1023,240,15, 10
1024,240,15, 10
1025,240,15, 10
1026,240,15, 10
1027,240,15, 10
1028,240,15, 10
1029,240,15, 10
1030,240,15, 10
1031,240,15, 10
1032,240,15, 10
1033,240,15, 10
1034,240,15, 10
1035,240,15, 10
1036,240,15, 10
1037,240,15, 10
1038,240,15, 10
1039,240,15, 10
1040,240,15, 10
1041,240,15, 10
1042,240,15, 10
1043,240,15, 10
1044,240,15, 10
1045,240,15, 10
1046,240,15, 10
1047,240,15, 10
1048,240,15, 10
1049,240,15, 10
1050,240,15, 10
1051,240,15, 10
1052,240,15, 10
1053,240,15, 10
1054,240,15, 10
1055,240,15, 10
1056,240,15, 10
1057,240,15, 10
1058,240,15, 10
1059,240,15, 10
1060,240,15, 10
1061,240,15, 10
1062,240,15, 10
1063,240,15, 10
1064,240,15, 10
1065,240,15, 10
1066,240,15, 10
1067,240,15, 10
1068,240,15, 10
1069,240,15, 10
1070,240,15, 10
1071,240,15, 10
1072,240,15, 10
1073,240,15, 10
1074,240,15, 10
1075,240,15, 10
1076,240,15, 10
1077,240,15, 10
1078,240,15, 10
1079,240,15, 10
1080,240,15, 10
1081,240,15, 10
1082,240,15, 10
1083,240,15, 10
1084,240,15, 10
1085,240,15, 10
1086,240,15, 10
1087,240,15, 10
1088,240,15, 10
1089,240,15, 10
1090,240,15, 10
1091,240,15, 10
1092,240,15, 10
1093,240,15, 10
1094,240,15, 10
1095,240,15, 10
1096,240,15, 10
1097,240,15, 10
1098,240,15, 10
1099,240,15, 10
1100,240,15, 10
1101,240,15, 10
1102,240,15, 10
1103,240,15, 10
1104,240,15, 10
1105,240,15, 10
1106,240,15, 10
1107,240,15, 10
1108,240,15, 10
1109,240,15, 10
1110,240,15, 10
1111,240,15, 10
1112,240,15, 10
1113,240,15, 10
1114,240,15, 10
1115,240,15, 10
1116,240,15, 10
1117,240,15, 10
1118,240,15, 10
1119,240,15, 10
1120,240,15, 10
1121,240,15, 10
1122,240,15, 10
1123,240,15, 10
1124,240,15, 10
1125,240,15, 10
1126,240,15, 10
1127,240,15, 10
1128,240,15, 10
1129,240,15, 10
1130,240,15, 10
1131,240,15, 10
1132,240,15, 10
1133,240,15, 10
1134,240,15, 10
1135,240,15, 10
1136,240,15, 10
1137,240,15, 10
1138,240,15, 10
1139,240,15, 10
1140,240,15, 10
1141,240,15, 10
1142,240,15, 10
1143,240,15, 10
1144,240,15, 10
1145,240,15, 10
1146,240,15, 10
1147,240,15, 10
1148,240,15, 10
1149,240,15, 10
1150,240,15, 10
1151,240,15, 10
1152,240,15, 10
1153,240,15, 10
1154,240,15, 10
1155,240,15, 10
1156,240,15, 10
1157,240,15, 10
1158,240,15, 10
1159,240,15, 10
1160,240,15, 10
1161,240,15, 10
1162,240,15, 10
1163,240,15, 10
1164,240,15, 10
1165,240,15, 10
1166,240,15, 10
1167,240,15, 10
1168,240,15, 10
1169,240,15, 10
1170,240,15, 10
1171,240,15, 10
1172,240,15, 10
1173,240,15, 10
1174,240,15, 10
1175,240,15, 10
1176,240,15, 10
1177,240,15, 10
1178,240,15, 10
1179,240,15, 10
1180,240,15, 10
1181,240,15, 10
1182,240,15, 10
1183,240,15, 10
1184,240,15, 10
1185,240,15, 10
1186,240,15, 10
1187,240,15, 10
1188,240,15, 10
1189,240,15, 10
1190,240,15, 10
1191,240,15, 10
1192,240,15, 10
1193,240,15, 10
1194,240,15, 10
1195,240,15, 10
1196,240,15, 10
1197,240,15, 10
1198,240,15, 10
1199,240,15, 10
1200,240,15, 10
1201,240,15, 10
1202,240,15, 10
1203,240,15, 10
1204,240,15, 10
1205,240,15, 10
1206,240,15, 10
1207,240,15, 10
1208,240,15, 10
1209,240,15, 10
1210,240,15, 10
1211,240,15, 10
1212,240,15, 10
1213,240,15, 10
1214,240,15, 10
1215,240,15, 10
1216,240,15, 10
1217,240,15, 10
1218,240,15, 10
1219,240,15, 10
1220,240,15, 10
1221,240,15, 10
1222,240,15, 10
1223,240,15, 10
1224,240,15, 10
1225,240,15, 10
1226,240,15, 10
1227,240,15, 10
1228,240,15, 10
1229,240,15, 10
1230,240,15, 10
1231,240,15, 10
1232,240,15, 10
1233,240,15, 10
1234,240,15, 10
1235,240,15, 10
1236,240,15, 10
1237,240,15, 10
1238,240,15, 10
1239,240,15, 10
1240,240,15, 10
1241,240,15, 10
1242,240,15, 10
1243,240,15, 10
1244,240,15, 10
1245,240,15, 10
1246,240,15, 10
1247,240,15, 10
1248,240,15, 10
1249,240,15, 10
1250,240,15, 10
1251,240,15, 10
1252,240,15, 10
1253,240,15, 10
1254,240,15, 10
1255,240,15, 10
1256,240,15, 10
1257,240,15, 10
1258,240,15, 10
1259,240,15, 10
1260,240,15, 10
1261,240,15, 10
1262,240,15, 10
1263,240,15, 10
1264,240,15, 10
1265,240,15, 10
1266,240,15, 10
1267,240,15, 10
1268,240,15, 10
1269,240,15, 10
1270,240,15, 10
1271,240,15, 10
1272,240,15, 10
1273,240,15, 10
1274,240,15, 10
1275,240,15, 10
1276,240,15, 10
1277,240,15, 10
1278,240,15, 10
1279,240,15, 10
1280,240,15, 10
1281,240,15, 10
1282,240,15, 10
1283,240,15, 10
1284,240,15, 10
1285,240,15, 10
1286,240,15, 10
1287,240,15, 10
1288,240,15, 10
1289,240,15, 10
1290,240,15, 10
1291,240,15, 10
1292,240,15, 10
1293,240,15, 10
1294,240,15, 10
1295,240,15, 10
1296,240,15, 10
1297,240,15, 10
1298,240,15, 10
1299,240,15, 10
1300,240,15, 10
1301,240,15, 10
1302,240,15, 10
1303,240,15, 10
1304,240,15, 10
1305,240,15, 10
1306,240,15, 10
1307,240,15, 10
1308,240,15, 10
1309,240,15, 10
1310,240,15, 10
1311,240,15, 10
1312,240,15, 10
1313,240,15, 10
1314,240,15, 10
1315,240,15, 10
1316,240,15, 10
1317,240,15, 10
1318,240,15, 10
1319,240,15, 10
1320,240,15, 10
1321,240,15, 10
1322,240,15, 10
1323,240,15, 10
1324,240,15, 10
1325,240,15, 10
1326,240,15, 10
1327,240,15, 10
1328,240,15, 10
1329,240,15, 10
1330,240,15, 10
1331,240,15, 10
1332,240,15, 10
1333,240,15, 10
1334,240,15, 10
1335,240,15, 10
1336,240,15, 10
1337,240,15, 10
1338,240,15, 10
1339,240,15, 10
1340,240,15, 10
1341,240,15, 10
1342,240,15, 10
1343,240,15, 10
1344,240,15, 10
1345,240,15, 10
1346,240,15, 10
1347,240,15, 10
1348,240,15, 10
1349,240,15, 10
1350,240,15, 10
1351,240,15, 10
1352,240,15, 10
1353,240,15, 10
1354,240,15, 10
1355,240,15, 10
1356,240,15, 10
1357,240,15, 10
1358,240,15, 10
1359,240,15, 10
1360,240,15, 10
1361,240,15, 10
1362,240,15, 10
1363,240,15, 10
1364,240,15, 10
1365,240,15, 10
1366,240,15, 10
1367,240,15, 10
1368,240,15, 10
1369,240,15, 10
1370,240,15, 10
1371,240,15, 10
1372,240,15, 10
1373,240,15, 10
1374,240,15, 10
1375,240,15, 10
1376,240,15, 10
1377,240,15, 10
1378,240,15, 10
1379,240,15, 10
1380,240,15, 10
1381,240,15, 10
1382,240,15, 10
1383,240,15, 10
1384,240,15, 10
1385,240,15, 10
1386,240,15, 10
1387,240,15, 10
1388,240,15, 10
1389,240,15, 10
1390,240,15, 10
1391,240,15, 10
1392,240,15, 10
1393,240,15, 10
1394,240,15, 10
1395,240,15, 10
1396,240,15, 10
1397,240,15, 10
1398,240,15, 10
1399,240,15, 10
1400,240,15, 10
1401,240,15, 10
1402,240,15, 10
1403,240,15, 10
1404,240,15, 10
1405,240,15, 10
1406,240,15, 10
1407,240,15, 10
1408,240,15, 10
1409,240,15, 10
1410,240,15, 10
1411,240,15, 10
1412,240,15, 10
1413,240,15, 10
1414,240,15, 10
1415,240,15, 10
1416,240,15, 10
1417,240,15, 10
1418,240,15, 10
1419,240,15, 10
1420,240,15, 10
1421,240,15, 10
1422,240,15, 10
1423,240,15, 10
1424,240,15, 10
1425,240,15, 10
1426,240,15, 10
1427,240,15, 10
1428,240,15, 10
1429,240,15, 10
1430,240,15, 10
1431,240,15, 10
1432,240,15, 10
1433,240,15, 10
1434,240,15, 10
1435,240,15, 10
1436,240,15, 10
1437,240,15, 10
1438,240,15, 10
1439,240,15, 10
1440,240,15, 10
1441,240,15, 10
1442,240,15, 10
1443,240,15, 10
1444,240,15, 10
1445,240,15, 10
1446,240,15, 10
1447,240,15, 10
1448,240,15, 10
1449,240,15, 10
1450,240,15, 10
1451,240,15, 10
1452,240,15, 10
1453,240,15, 10
1454,240,15, 10
1455,240,15, 10
1456,240,15, 10
1457,240,15, 10
1458,240,15, 10
1459,240,15, 10
1460,240,15, 10
1461,240,15, 10
1462,240,15, 10
1463,240,15, 10
1464,240,15, 10
1465,240,15, 10
1466,240,15, 10
1467,240,15, 10
1468,240,15, 10
1469,240,15, 10
1470,240,15, 10
1471,240,15, 10
1472,240,15, 10
1473,240,15, 10
1474,240,15, 10
1475,240,15, 10
1476,240,15, 10
1477,240,15, 10
1478,240,15, 10
1479,240,15, 10
1480,240,15, 10
1481,240,15, 10
1482,240,15, 10
1483,240,15, 10
1484,240,15, 10
1485,240,15, 10
1486,240,15, 10
1487,240,15, 10
1488,240,15, 10
1489,240,15, 10
1490,240,15, 10
1491,240,15, 10
1492,240,15, 10
1493,240,15, 10
1494,240,15, 10
1495,240,15, 10
1496,240,15, 10
1497,240,15, 10
1498,240,15, 10
1499,240,15, 10
