0,250,25, 0
1,250,25, 0
2,250,25, 0
3,250,25, 0
4,250,25, 0
5,250,25, 0
6,250,25, 0
7,250,25, 0
8,250,25, 0
9,250,25, 0
10,250,25, 0
11,250,25, 0
12,250,25, 0
13,250,25, 0
14,250,25, 0
15,250,25, 0
16,250,25, 0
17,250,25, 0
18,250,25, 0
19,250,25, 0
20,250,25, 0
21,250,25, 0
22,250,25, 0
23,250,25, 0
24,250,25, 0
25,250,25, 0
26,250,25, 0
27,250,25, 0
28,250,25, 0
29,250,25, 0
30,250,25, 0
31,250,25, 0
32,250,25, 0
33,250,25, 0
34,250,25, 0
35,250,25, 0
36,250,25, 0
37,250,25, 0
38,250,25, 0
39,250,25, 0
40,250,25, 0
41,250,25, 0
42,250,25, 0
43,250,25, 0
44,250,25, 0
45,250,25, 0
46,250,25, 0
47,250,25, 0
48,250,25, 0
49,250,25, 0
50,250,25, 0
51,250,25, 0
52,250,25, 0
53,250,25, 0
54,250,25, 0
55,250,25, 0
56,250,25, 0
57,250,25, 0
58,250,25, 0
59,250,25, 0
60,250,25, 0
61,250,25, 0
62,250,25, 0
63,250,25, 0
64,250,25, 0
65,250,25, 0
66,250,25, 0
67,250,25, 0
68,250,25, 0
69,250,25, 0
70,250,25, 0
71,250,25, 0
72,250,25, 0
73,250,25, 0
74,250,25, 0
75,250,25, 0
76,250,25, 0
77,250,25, 0
78,250,25, 0
79,250,25, 0
80,250,25, 0
81,250,25, 0
82,250,25, 0
83,250,25, 0
84,250,25, 0
85,250,25, 0
86,250,25, 0
87,250,25, 0
88,250,25, 0
89,250,25, 0
90,250,25, 0
91,250,25, 0
92,250,25, 0
93,250,25, 0
94,250,25, 0
95,250,25, 0
96,250,25, 0
97,250,25, 0
98,250,25, 0
99,250,25, 0
100,250,25, 0
101,250,25, 0
102,250,25, 0
103,250,25, 0
104,250,25, 0
105,250,25, 0
106,250,25, 0
107,250,25, 0
108,250,25, 0
109,250,25, 0
110,250,25, 0
111,250,25, 0
112,250,25, 0
113,250,25, 0
114,250,25, 0
115,250,25, 0
116,250,25, 0
117,250,25, 0
118,250,25, 0
119,250,25, 0
120,250,25, 0
121,250,25, 0
122,250,25, 0
123,250,25, 0
124,250,25, 0
125,250,25, 0
126,250,25, 0
127,250,25, 0
128,250,25, 0
129,250,25, 0
130,250,25, 0
131,250,25, 0
132,250,25, 0
133,250,25, 0
134,250,25, 0
135,250,25, 0
136,250,25, 0
137,250,25, 0
138,250,25, 0
139,250,25, 0
140,250,25, 0
141,250,25, 0
142,250,25, 0
143,250,25, 0
144,250,25, 0
145,250,25, 0
146,250,25, 0
147,250,25, 0
148,250,25, 0
149,250,25, 0
150,250,25, 0
151,250,25, 0
152,250,25, 0
153,250,25, 0
154,250,25, 0
155,250,25, 0
156,250,25, 0
157,250,25, 0
158,250,25, 0
159,250,25, 0
160,250,25, 0
161,250,25, 0
162,250,25, 0
163,250,25, 0
164,250,25, 0
165,250,25, 0
166,250,25, 0
167,250,25, 0
168,250,25, 0
169,250,25, 0
170,250,25, 0
171,250,25, 0
172,250,25, 0
173,250,25, 0
174,250,25, 0
175,250,25, 0
176,249,24, 1
177,249,24, 1
178,249,24, 1
179,249,24, 1
180,249,24, 1
181,249,24, 1
182,249,24, 1
183,249,24, 1
184,249,24, 1
185,249,24, 1
186,249,24, 1
187,249,24, 1
188,249,24, 1
189,249,24, 1
190,249,24, 1
191,249,24, 1
192,249,24, 1
193,249,24, 1
194,249,24, 1
195,249,24, 1
196,249,24, 1
197,249,24, 1
198,249,24, 1
199,249,24, 1
200,249,24, 1
201,249,24, 1
202,249,24, 1
203,249,24, 1
204,249,24, 1
205,249,24, 1
206,249,24, 1
207,249,24, 1
208,249,24, 1
209,249,24, 1
210,249,24, 1
211,249,24, 1
212,249,24, 1
213,249,24, 1
214,249,24, 1
215,249,24, 1
216,249,24, 1
217,249,24, 1
218,249,24, 1
219,249,24, 1
220,249,24, 1
221,249,24, 1
222,249,24, 1
223,249,24, 1
224,249,24, 1
225,249,24, 1
226,249,24, 1
227,249,24, 1
228,249,24, 1
229,249,24, 1
230,249,24, 1
231,249,24, 1
232,249,24, 1
233,249,24, 1
234,249,24, 1
235,249,24, 1
236,249,24, 1
237,249,24, 1
238,249,24, 1
239,249,24, 1
240,249,24, 1
241,249,24, 1
242,249,24, 1
243,249,24, 1
244,249,24, 1
245,249,24, 1
246,249,24, 1
247,249,24, 1
248,249,24, 1
249,249,24, 1
250,249,24, 1
251,249,24, 1
252,249,24, 1
253,249,24, 1
254,249,24, 1
255,249,24, 1
256,249,24, 1
257,249,24, 1
258,249,24, 1
259,249,24, 1
260,249,24, 1
261,249,24, 1
262,249,24, 1
263,249,24, 1
264,249,24, 1
265,249,24, 1
266,249,24, 1
267,249,24, 1
268,249,24, 1
269,249,24, 1
270,249,24, 1
271,249,24, 1
272,249,24, 1
273,249,24, 1
274,249,24, 1
275,249,24, 1
276,249,24, 1
277,249,24, 1
278,249,24, 1
279,249,24, 1
280,249,24, 1
281,249,24, 1
282,249,24, 1
283,249,24, 1
284,249,24, 1
285,249,24, 1
286,249,24, 1
287,249,24, 1
288,249,24, 1
289,249,24, 1
290,249,24, 1
291,249,24, 1
292,249,24, 1
293,249,24, 1
294,249,24, 1
295,249,24, 1
296,249,24, 1
297,249,24, 1
298,249,24, 1
299,249,24, 1
300,249,24, 1
301,249,24, 1
302,249,24, 1
303,249,24, 1
304,249,24, 1
305,249,24, 1
306,249,24, 1
307,249,24, 1
308,249,24, 1
309,249,24, 1
310,249,24, 1
311,249,24, 1
312,249,24, 1
313,249,24, 1
314,249,24, 1
315,249,24, 1
316,249,24, 1
317,249,24, 1
318,249,24, 1
319,249,24, 1
320,249,24, 1
321,249,24, 1
322,249,24, 1
323,249,24, 1
324,249,24, 1
325,249,24, 1
326,249,24, 1
327,249,24, 1
328,249,24, 1
329,249,24, 1
330,249,24, 1
331,249,24, 1
332,249,24, 1
333,249,24, 1
334,249,24, 1
335,249,24, 1
336,249,24, 1
337,249,24, 1
338,249,24, 1
339,249,24, 1
340,249,24, 1
341,249,24, 1
342,249,24, 1
343,249,24, 1
344,249,24, 1
345,249,24, 1
346,249,24, 1
347,249,24, 1
348,249,24, 1
349,249,24, 1
350,249,24, 1
351,249,24, 1
352,249,24, 1
353,249,24, 1
354,249,24, 1
355,249,24, 1
356,249,24, 1
357,249,24, 1
358,249,24, 1
359,249,24, 1
360,249,24, 1
361,249,24, 1
362,249,24, 1
363,249,24, 1
364,249,24, 1
365,249,24, 1
366,249,24, 1
367,249,24, 1
368,249,24, 1
369,249,24, 1
370,249,24, 1
371,249,24, 1
372,249,24, 1
373,249,24, 1
374,249,24, 1
375,249,24, 1
376,249,24, 1
377,249,24, 1
378,249,24, 1
379,249,24, 1
380,249,24, 1
381,249,24, 1
382,249,24, 1
383,249,24, 1
384,249,24, 1
385,249,24, 1
386,249,24, 1
387,249,24, 1
388,249,24, 1
389,249,24, 1
390,249,24, 1
391,249,24, 1
392,249,24, 1
393,249,24, 1
394,249,24, 1
395,249,24, 1
396,249,24, 1
397,249,24, 1
398,249,24, 1
399,249,24, 1
400,249,24, 1
401,249,24, 1
402,249,24, 1
403,249,24, 1
404,249,24, 1
405,249,24, 1
406,249,24, 1
407,249,24, 1
408,249,24, 1
409,249,24, 1
410,249,24, 1
411,249,24, 1
412,249,24, 1
413,249,24, 1
414,249,24, 1
415,249,24, 1
416,249,24, 1
417,249,24, 1
418,249,24, 1
419,249,24, 1
420,249,24, 1
421,249,24, 1
422,249,24, 1
423,249,24, 1
424,249,24, 1
425,249,24, 1
426,249,24, 1
427,249,24, 1
428,249,24, 1
429,249,24, 1
430,249,24, 1
431,249,24, 1
432,249,24, 1
433,249,24, 1
434,249,24, 1
435,249,24, 1
436,249,24, 1
437,249,24, 1
438,249,24, 1
439,249,24, 1
440,249,24, 1
441,249,24, 1
442,249,24, 1
443,249,24, 1
444,249,24, 1
445,249,24, 1
446,249,24, 1
447,249,24, 1
448,249,24, 1
449,249,24, 1
450,249,24, 1
451,249,24, 1
452,249,24, 1
453,249,24, 1
454,249,24, 1
455,249,24, 1
456,249,24, 1
457,249,24, 1
458,249,24, 1
459,249,24, 1
460,249,24, 1
461,249,24, 1
462,249,24, 1
463,249,24, 1
464,249,24, 1
465,249,24, 1
466,249,24, 1
467,249,24, 1
468,249,24, 1
469,249,24, 1
470,249,24, 1
471,249,24, 1
472,249,24, 1
473,249,24, 1
474,249,24, 1
475,249,24, 1
476,249,24, 1
477,249,24, 1
478,249,24, 1
479,249,24, 1
480,249,24, 1
481,249,24, 1
482,249,24, 1
483,249,24, 1
484,249,24, 1
485,249,24, 1
486,249,24, 1
487,249,24, 1
488,249,24, 1
489,249,24, 1
490,249,24, 1
491,249,24, 1
492,249,24, 1
493,249,24, 1
494,249,24, 1
495,249,24, 1
496,249,24, 1
497,249,24, 1
498,249,24, 1
499,249,24, 1
500,249,24, 1
501,249,24, 1
502,249,24, 1
503,249,24, 1
504,249,24, 1
505,249,24, 1
506,249,24, 1
507,249,24, 1
508,249,24, 1
509,249,24, 1
510,249,24, 1
511,249,24, 1
512,249,24, 1
513,249,24, 1
514,249,24, 1
515,249,24, 1
516,249,24, 1
517,249,24, 1
518,249,24, 1
519,249,24, 1
520,249,24, 1
521,249,24, 1
522,249,24, 1
523,249,24, 1
524,249,24, 1
525,249,24, 1
526,249,24, 1
527,249,24, 1
528,249,24, 1
529,249,24, 1
530,249,24, 1
531,249,24, 1
532,249,24, 1
533,249,24, 1
534,249,24, 1
535,249,24, 1
536,249,24, 1
537,249,24, 1
538,249,24, 1
539,249,24, 1
540,249,24, 1
541,249,24, 1
542,249,24, 1
543,249,24, 1
544,249,24, 1
545,249,24, 1
546,249,24, 1
547,249,24, 1
548,249,24, 1
549,249,24, 1
550,249,24, 1
551,249,24, 1
552,249,24, 1
553,249,24, 1
554,249,24, 1
555,249,24, 1
556,249,24, 1
557,249,24, 1
558,249,24, 1
559,249,24, 1
560,249,24, 1
561,249,24, 1
562,249,24, 1
563,249,24, 1
564,249,24, 1
565,249,24, 1
566,249,24, 1
567,249,24, 1
568,249,24, 1
569,249,24, 1
570,249,24, 1
571,249,24, 1
572,249,24, 1
573,249,24, 1
574,249,24, 1
575,249,24, 1
576,249,24, 1
577,249,24, 1
578,249,24, 1
579,249,24, 1
580,249,24, 1
581,249,24, 1
582,249,24, 1
583,249,24, 1
584,249,24, 1
585,249,24, 1
586,249,24, 1
587,249,24, 1
588,249,24, 1
589,249,24, 1
590,249,24, 1
591,249,24, 1
592,249,24, 1
593,249,24, 1
594,249,24, 1
595,249,24, 1
596,249,24, 1
597,249,24, 1
598,249,24, 1
599,249,24, 1
600,249,24, 1
601,249,24, 1
602,249,24, 1
603,249,24, 1
604,249,24, 1
605,249,24, 1
606,249,24, 1
607,249,24, 1
608,249,24, 1
609,249,24, 1
610,249,24, 1
611,249,24, 1
612,249,24, 1
613,249,24, 1
614,249,24, 1
615,249,24, 1
616,249,24, 1
617,249,24, 1
618,249,24, 1
619,249,24, 1
620,249,24, 1
621,249,24, 1
622,249,24, 1
623,249,24, 1
624,249,24, 1
625,249,24, 1
626,249,24, 1
627,249,24, 1
628,249,24, 1
629,249,24, 1
630,249,24, 1
631,249,24, 1
632,249,24, 1
633,249,24, 1
634,249,24, 1
635,249,24, 1
636,249,24, 1
637,249,24, 1
638,249,24, 1
639,249,24, 1
640,249,24, 1
641,249,24, 1
642,249,24, 1
643,249,24, 1
644,249,24, 1
645,249,24, 1
646,249,24, 1
647,249,24, 1
648,249,24, 1
649,249,24, 1
650,249,24, 1
651,249,24, 1
652,249,24, 1
653,249,24, 1
654,249,24, 1
655,249,24, 1
656,249,24, 1
657,249,24, 1
658,249,24, 1
659,249,24, 1
660,249,24, 1
661,249,24, 1
662,249,24, 1
663,249,24, 1
664,249,24, 1
665,249,24, 1
666,249,24, 1
667,249,24, 1
668,249,24, 1
669,249,24, 1
670,249,24, 1
671,249,24, 1
672,249,24, 1
673,249,24, 1
674,249,24, 1
675,249,24, 1
676,249,24, 1
677,249,24, 1
678,249,24, 1
679,249,24, 1
680,249,24, 1
681,249,24, 1
682,249,24, 1
683,249,24, 1
684,249,24, 1
685,248,23, 2
686,248,23, 2
687,248,23, 2
688,248,23, 2
689,248,23, 2
690,248,23, 2
691,248,23, 2
692,248,23, 2
693,248,23, 2
694,248,23, 2
695,248,23, 2
696,248,23, 2
697,248,23, 2
698,248,23, 2
699,248,23, 2
700,248,23, 2
701,248,23, 2
702,248,23, 2
703,248,23, 2
704,248,23, 2
705,248,23, 2
706,248,23, 2
707,248,23, 2
708,248,23, 2
709,248,23, 2
710,248,23, 2
711,248,23, 2
712,248,23, 2
713,248,23, 2
714,248,23, 2
715,248,23, 2
716,248,23, 2
717,248,23, 2
718,248,23, 2
719,248,23, 2
720,248,23, 2
721,248,23, 2
722,248,23, 2
723,248,23, 2
724,248,23, 2
725,248,23, 2
726,248,23, 2
727,248,23, 2
728,248,23, 2
729,248,23, 2
730,248,23, 2
731,248,23, 2
732,248,23, 2
733,248,23, 2
734,248,23, 2
735,248,23, 2
736,248,23, 2
737,248,23, 2
738,248,23, 2
739,248,23, 2
740,248,23, 2
741,248,23, 2
742,248,23, 2
743,248,23, 2
744,248,23, 2
745,248,23, 2
746,248,23, 2
747,248,23, 2
748,248,23, 2
749,248,23, 2
750,248,23, 2
751,248,23, 2
752,248,23, 2
753,248,23, 2
754,248,23, 2
755,248,23, 2
756,248,23, 2
757,248,23, 2
758,248,23, 2
759,248,23, 2
760,248,23, 2
761,248,23, 2
762,248,23, 2
763,248,23, 2
764,248,23, 2
765,248,23, 2
766,248,23, 2
767,248,23, 2
768,248,23, 2
769,248,23, 2
770,248,23, 2
771,248,23, 2
772,248,23, 2
773,248,23, 2
774,248,23, 2
775,248,23, 2
776,248,23, 2
777,248,23, 2
778,248,23, 2
779,248,23, 2
780,248,23, 2
781,248,23, 2
782,248,23, 2
783,248,23, 2
784,248,23, 2
785,248,23, 2
786,248,23, 2
787,248,23, 2
788,248,23, 2
789,248,23, 2
790,248,23, 2
791,248,23, 2
792,248,23, 2
793,248,23, 2
794,248,23, 2
795,248,23, 2
796,248,23, 2
797,248,23, 2
798,248,23, 2
799,248,23, 2
800,248,23, 2
801,248,23, 2
802,248,23, 2
803,248,23, 2
804,248,23, 2
805,248,23, 2
806,248,23, 2
807,248,23, 2
808,248,23, 2
809,248,23, 2
810,248,23, 2
811,248,23, 2
812,248,23, 2
813,248,23, 2
814,248,23, 2
815,248,23, 2
816,248,23, 2
817,248,23, 2
818,248,23, 2
819,248,23, 2
820,248,23, 2
821,248,23, 2
822,248,23, 2
823,248,23, 2
824,248,23, 2
825,248,23, 2
826,248,23, 2
827,248,23, 2
828,248,23, 2
829,248,23, 2
830,248,23, 2
831,248,23, 2
832,248,23, 2
833,248,23, 2
834,248,23, 2
835,248,23, 2
836,248,23, 2
837,248,23, 2
838,248,23, 2
839,248,23, 2
840,248,23, 2
841,248,23, 2
842,248,23, 2
843,248,23, 2
844,248,23, 2
845,248,23, 2
846,248,23, 2
847,248,23, 2
848,248,23, 2
849,248,23, 2
850,248,23, 2
851,248,23, 2
852,248,23, 2
853,248,23, 2
854,248,23, 2
855,248,23, 2
856,248,23, 2
857,248,23, 2
858,248,23, 2
859,248,23, 2
860,248,23, 2
861,248,23, 2
862,248,23, 2
863,248,23, 2
864,248,23, 2
865,248,23, 2
866,248,23, 2
867,248,23, 2
868,248,23, 2
869,248,23, 2
870,248,23, 2
871,248,23, 2
872,248,23, 2
873,248,23, 2
874,248,23, 2
875,248,23, 2
876,248,23, 2
877,248,23, 2
878,248,23, 2
879,248,23, 2
880,248,23, 2
881,248,23, 2
882,248,23, 2
883,248,23, 2
884,248,23, 2
885,248,23, 2
886,248,23, 2
887,248,23, 2
888,248,23, 2
889,248,23, 2
890,248,23, 2
891,248,23, 2
892,248,23, 2
893,248,23, 2
894,248,23, 2
895,248,23, 2
896,248,23, 2
897,248,23, 2
898,248,23, 2
899,248,23, 2
900,248,23, 2
901,248,23, 2
902,248,23, 2
903,248,23, 2
904,248,23, 2
905,248,23, 2
906,248,23, 2
907,248,23, 2
908,248,23, 2
909,248,23, 2
910,248,23, 2
911,248,23, 2
912,248,23, 2
913,248,23, 2
914,248,23, 2
915,248,23, 2
916,248,23, 2
917,248,23, 2
918,248,23, 2
919,248,23, 2
920,248,23, 2
921,248,23, 2
922,248,23, 2
923,248,23, 2
924,248,23, 2
925,248,23, 2
926,248,23, 2
927,248,23, 2
928,248,23, 2
929,248,23, 2
930,248,23, 2
931,248,23, 2
932,248,23, 2
933,248,23, 2
934,248,23, 2
935,248,23, 2
936,248,23, 2
937,248,23, 2
938,248,23, 2
939,248,23, 2
940,248,23, 2
941,248,23, 2
942,248,23, 2
943,248,23, 2
944,248,23, 2
945,248,23, 2
946,248,23, 2
947,248,23, 2
948,248,23, 2
949,248,23, 2
950,248,23, 2
951,248,23, 2
952,248,23, 2
953,248,23, 2
954,248,23, 2
955,248,23, 2
956,248,23, 2
957,248,23, 2
958,248,23, 2
959,248,23, 2
960,248,23, 2
961,248,23, 2
962,248,23, 2
963,248,23, 2
964,248,23, 2
965,248,23, 2
966,248,23, 2
967,248,23, 2
968,248,23, 2
969,248,23, 2
970,248,23, 2
971,248,23, 2
972,248,23, 2
973,248,23, 2
974,248,23, 2
975,248,23, 2
976,248,23, 2
977,248,23, 2
978,248,23, 2
979,248,23, 2
980,248,23, 2
981,248,23, 2
982,248,23, 2
983,248,23, 2
984,248,23, 2
985,248,23, 2
986,248,23, 2
987,248,23, 2
988,248,23, 2
989,248,23, 2
990,248,23, 2
991,248,23, 2
992,248,23, 2
993,248,23, 2
994,248,23, 2
995,248,23, 2
996,248,23, 2
997,248,23, 2
998,248,23, 2
999,248,23, 2
1000,248,23, 2
1001,248,23, 2
1002,248,23, 2
1003,248,23, 2
1004,248,23, 2
1005,248,23, 2
1006,248,23, 2
1007,248,23, 2
1008,248,23, 2
1009,248,23, 2
1010,248,23, 2
1011,248,23, 2
1012,248,23, 2
1013,248,23, 2
1014,248,23, 2
1015,248,23, 2
1016,248,23, 2
1017,248,23, 2
1018,248,23, 2
1019,248,23, 2
1020,248,23, 2
1021,248,23, 2
1022,248,23, 2
1023,248,23, 2
1024,248,23, 2
1025,248,23, 2
1026,248,23, 2
1027,248,23, 2
1028,248,23, 2
1029,248,23, 2
1030,248,23, 2
1031,248,23, 2
1032,248,23, 2
1033,248,23, 2
1034,248,23, 2
1035,248,23, 2
1036,248,23, 2
1037,248,23, 2
1038,248,23, 2
1039,248,23, 2
1040,248,23, 2
1041,248,23, 2
1042,248,23, 2
1043,248,23, 2
1044,248,23, 2
1045,248,23, 2
1046,248,23, 2
1047,248,23, 2
1048,248,23, 2
1049,248,23, 2
1050,248,23, 2
1051,248,23, 2
1052,248,23, 2
1053,248,23, 2
1054,248,23, 2
1055,248,23, 2
1056,248,23, 2
1057,248,23, 2
1058,248,23, 2
1059,248,23, 2
1060,248,23, 2
1061,248,23, 2
1062,248,23, 2
1063,248,23, 2
1064,248,23, 2
1065,248,23, 2
1066,248,23, 2
1067,248,23, 2
1068,248,23, 2
1069,248,23, 2
1070,248,23, 2
1071,248,23, 2
1072,248,23, 2
1073,248,23, 2
1074,248,23, 2
1075,248,23, 2
1076,248,23, 2
1077,248,23, 2
1078,248,23, 2
1079,248,23, 2
1080,248,23, 2
1081,248,23, 2
1082,248,23, 2
1083,248,23, 2
1084,248,23, 2
1085,248,23, 2
1086,248,23, 2
1087,248,23, 2
1088,248,23, 2
1089,248,23, 2
1090,248,23, 2
1091,248,23, 2
1092,248,23, 2
1093,248,23, 2
1094,248,23, 2
1095,248,23, 2
1096,248,23, 2
1097,248,23, 2
1098,248,23, 2
1099,248,23, 2
1100,248,23, 2
1101,248,23, 2
1102,248,23, 2
1103,248,23, 2
1104,248,23, 2
1105,248,23, 2
1106,248,23, 2
1107,248,23, 2
1108,248,23, 2
1109,248,23, 2
1110,248,23, 2
1111,248,23, 2
1112,248,23, 2
1113,248,23, 2
1114,248,23, 2
1115,248,23, 2
1116,248,23, 2
1117,248,23, 2
1118,248,23, 2
1119,248,23, 2
1120,248,23, 2
1121,248,23, 2
1122,248,23, 2
1123,248,23, 2
1124,248,23, 2
1125,248,23, 2
1126,248,23, 2
1127,248,23, 2
1128,248,23, 2
1129,248,23, 2
1130,248,23, 2
1131,248,23, 2
1132,248,23, 2
1133,248,23, 2
1134,248,23, 2
1135,248,23, 2
1136,248,23, 2
1137,248,23, 2
1138,248,23, 2
1139,248,23, 2
1140,248,23, 2
1141,248,23, 2
1142,248,23, 2
1143,248,23, 2
1144,248,23, 2
1145,248,23, 2
1146,248,23, 2
1147,248,23, 2
1148,248,23, 2
1149,248,23, 2
1150,248,23, 2
1151,248,23, 2
1152,248,23, 2
1153,248,23, 2
1154,248,23, 2
1155,248,23, 2
1156,248,23, 2
1157,248,23, 2
1158,248,23, 2
1159,248,23, 2
1160,248,23, 2
1161,248,23, 2
1162,248,23, 2
1163,248,23, 2
1164,248,23, 2
1165,248,23, 2
1166,248,23, 2
1167,248,23, 2
1168,248,23, 2
1169,248,23, 2
1170,248,23, 2
1171,248,23, 2
1172,248,23, 2
1173,248,23, 2
1174,248,23, 2
1175,248,23, 2
1176,248,23, 2
1177,248,23, 2
1178,248,23, 2
1179,248,23, 2
1180,248,23, 2
1181,248,23, 2
1182,248,23, 2
1183,248,23, 2
1184,248,23, 2
1185,248,23, 2
1186,248,23, 2
1187,248,23, 2
1188,248,23, 2
1189,248,23, 2
1190,248,23, 2
1191,248,23, 2
1192,248,23, 2
1193,248,23, 2
1194,248,23, 2
1195,248,23, 2
1196,248,23, 2
1197,248,23, 2
1198,248,23, 2
1199,248,23, 2
1200,248,23, 2
1201,248,23, 2
1202,248,23, 2
1203,248,23, 2
1204,248,23, 2
1205,248,23, 2
1206,248,23, 2
1207,248,23, 2
1208,248,23, 2
1209,248,23, 2
1210,248,23, 2
1211,248,23, 2
1212,248,23, 2
1213,248,23, 2
1214,248,23, 2
1215,248,23, 2
1216,248,23, 2
1217,248,23, 2
1218,248,23, 2
1219,248,23, 2
1220,248,23, 2
1221,248,23, 2
1222,248,23, 2
1223,248,23, 2
1224,248,23, 2
1225,248,23, 2
1226,248,23, 2
1227,248,23, 2
1228,248,23, 2
1229,248,23, 2
1230,248,23, 2
1231,248,23, 2
1232,248,23, 2
1233,248,23, 2
1234,248,23, 2
1235,248,23, 2
1236,248,23, 2
1237,248,23, 2
1238,248,23, 2
1239,248,23, 2
1240,248,23, 2
1241,248,23, 2
1242,248,23, 2
1243,248,23, 2
1244,248,23, 2
1245,248,23, 2
1246,248,23, 2
1247,248,23, 2
1248,248,23, 2
1249,248,23, 2
1250,248,23, 2
1251,248,23, 2
1252,248,23, 2
1253,248,23, 2
1254,248,23, 2
1255,248,23, 2
1256,248,23, 2
1257,248,23, 2
1258,248,23, 2
1259,248,23, 2
1260,248,23, 2
1261,248,23, 2
1262,248,23, 2
1263,248,23, 2
1264,248,23, 2
1265,248,23, 2
1266,248,23, 2
1267,248,23, 2
1268,248,23, 2
1269,248,23, 2
1270,248,23, 2
1271,248,23, 2
1272,248,23, 2
1273,248,23, 2
1274,248,23, 2
1275,248,23, 2
1276,248,23, 2
1277,248,23, 2
1278,248,23, 2
1279,248,23, 2
1280,248,23, 2
1281,248,23, 2
1282,248,23, 2
1283,248,23, 2
1284,248,23, 2
1285,248,23, 2
1286,248,23, 2
1287,248,23, 2
1288,248,23, 2
1289,248,23, 2
1290,248,23, 2
1291,248,23, 2
1292,248,23, 2
1293,248,23, 2
1294,248,23, 2
1295,248,23, 2
1296,248,23, 2
1297,248,23, 2
1298,248,23, 2
1299,248,23, 2
1300,248,23, 2
1301,248,23, 2
1302,248,23, 2
1303,248,23, 2
1304,248,23, 2
1305,248,23, 2
1306,248,23, 2
1307,248,23, 2
1308,248,23, 2
1309,248,23, 2
1310,248,23, 2
1311,248,23, 2
1312,248,23, 2
1313,248,23, 2
1314,248,23, 2
1315,248,23, 2
1316,248,23, 2
1317,248,23, 2
1318,248,23, 2
1319,248,23, 2
1320,248,23, 2
1321,248,23, 2
1322,248,23, 2
1323,248,23, 2
1324,248,23, 2
1325,248,23, 2
1326,248,23, 2
1327,248,23, 2
1328,248,23, 2
1329,248,23, 2
1330,248,23, 2
1331,248,23, 2
1332,248,23, 2
1333,248,23, 2
1334,248,23, 2
1335,248,23, 2
1336,248,23, 2
1337,248,23, 2
1338,248,23, 2
1339,248,23, 2
1340,248,23, 2
1341,248,23, 2
1342,248,23, 2
1343,248,23, 2
1344,248,23, 2
1345,248,23, 2
1346,248,23, 2
1347,248,23, 2
1348,248,23, 2
1349,248,23, 2
1350,248,23, 2
1351,248,23, 2
1352,248,23, 2
1353,248,23, 2
1354,248,23, 2
1355,248,23, 2
1356,248,23, 2
1357,248,23, 2
1358,248,23, 2
1359,248,23, 2
1360,248,23, 2
1361,248,23, 2
1362,248,23, 2
1363,248,23, 2
1364,248,23, 2
1365,248,23, 2
1366,248,23, 2
1367,248,23, 2
1368,248,23, 2
1369,248,23, 2
1370,248,23, 2
1371,248,23, 2
1372,248,23, 2
1373,248,23, 2
1374,248,23, 2
1375,248,23, 2
1376,248,23, 2
1377,248,23, 2
1378,248,23, 2
1379,248,23, 2
1380,248,23, 2
1381,248,23, 2
1382,248,23, 2
1383,248,23, 2
1384,248,23, 2
1385,248,23, 2
1386,248,23, 2
1387,248,23, 2
1388,248,23, 2
1389,248,23, 2
1390,248,23, 2
1391,248,23, 2
1392,248,23, 2
1393,248,23, 2
1394,248,23, 2
1395,248,23, 2
1396,248,23, 2
1397,248,23, 2
1398,248,23, 2
1399,248,23, 2
1400,248,23, 2
1401,248,23, 2
1402,248,23, 2
1403,248,23, 2
1404,248,23, 2
1405,248,23, 2
1406,248,23, 2
1407,248,23, 2
1408,248,23, 2
1409,248,23, 2
1410,248,23, 2
1411,248,23, 2
1412,248,23, 2
1413,248,23, 2
1414,248,23, 2
1415,248,23, 2
1416,248,23, 2
1417,248,23, 2
1418,248,23, 2
1419,248,23, 2
1420,248,23, 2
1421,248,23, 2
1422,248,23, 2
1423,248,23, 2
1424,248,23, 2
1425,248,23, 2
1426,248,23, 2
1427,248,23, 2
1428,248,23, 2
1429,248,23, 2
1430,248,23, 2
1431,248,23, 2
1432,248,23, 2
1433,248,23, 2
1434,248,23, 2
1435,248,23, 2
1436,248,23, 2
1437,248,23, 2
1438,248,23, 2
1439,248,23, 2
1440,248,23, 2
1441,248,23, 2
1442,248,23, 2
1443,248,23, 2
1444,248,23, 2
1445,248,23, 2
1446,248,23, 2
1447,248,23, 2
1448,248,23, 2
1449,248,23, 2
1450,248,23, 2
1451,248,23, 2
1452,248,23, 2
1453,248,23, 2
1454,248,23, 2
1455,248,23, 2
1456,248,23, 2
1457,248,23, 2
1458,248,23, 2
1459,248,23, 2
1460,248,23, 2
1461,248,23, 2
1462,248,23, 2
1463,248,23, 2
1464,248,23, 2
1465,248,23, 2
1466,248,23, 2
1467,248,23, 2
1468,248,23, 2
1469,248,23, 2
1470,248,23, 2
1471,248,23, 2
1472,248,23, 2
1473,248,23, 2
1474,248,23, 2
1475,248,23, 2
1476,248,23, 2
1477,248,23, 2
1478,248,23, 2
1479,248,23, 2
1480,248,23, 2
1481,248,23, 2
1482,248,23, 2
1483,248,23, 2
1484,248,23, 2
1485,248,23, 2
1486,248,23, 2
1487,248,23, 2
1488,248,23, 2
1489,248,23, 2
1490,248,23, 2
1491,248,23, 2
1492,248,23, 2
1493,248,23, 2
1494,248,23, 2
1495,248,23, 2
1496,248,23, 2
1497,248,23, 2
1498,248,23, 2
1499,248,23, 2
