0,250,25, 0
1,250,25, 0
2,250,25, 0
3,250,25, 0
4,250,25, 0
5,250,25, 0
6,250,25, 0
7,250,25, 0
8,250,25, 0
9,250,25, 0
10,250,25, 0
11,250,25, 0
12,250,25, 0
13,250,25, 0
14,250,25, 0
15,250,25, 0
16,250,25, 0
17,250,25, 0
18,250,25, 0
19,250,25, 0
20,250,25, 0
21,250,25, 0
22,250,25, 0
23,250,25, 0
24,250,25, 0
25,250,25, 0
26,250,25, 0
27,250,25, 0
28,250,25, 0
29,250,25, 0
30,250,25, 0
31,250,25, 0
32,250,25, 0
33,250,25, 0
34,250,25, 0
35,250,25, 0
36,250,25, 0
37,250,25, 0
38,250,25, 0
39,250,25, 0
40,250,25, 0
41,250,25, 0
42,250,25, 0
43,250,25, 0
44,250,25, 0
45,250,25, 0
46,250,25, 0
47,250,25, 0
48,250,25, 0
49,250,25, 0
50,250,25, 0
51,250,25, 0
52,250,25, 0
53,250,25, 0
54,250,25, 0
55,250,25, 0
56,250,25, 0
57,250,25, 0
58,250,25, 0
59,250,25, 0
60,250,25, 0
61,250,25, 0
62,250,25, 0
63,250,25, 0
64,250,25, 0
65,250,25, 0
66,250,25, 0
67,250,25, 0
68,250,25, 0
69,250,25, 0
70,250,25, 0
71,250,25, 0
72,250,25, 0
73,250,25, 0
74,250,25, 0
75,250,25, 0
76,250,25, 0
77,250,25, 0
78,250,25, 0
79,250,25, 0
80,250,25, 0
81,250,25, 0
82,250,25, 0
83,250,25, 0
84,250,25, 0
85,250,25, 0
86,250,25, 0
87,250,25, 0
88,250,25, 0
89,250,25, 0
90,250,25, 0
91,250,25, 0
92,250,25, 0
93,250,25, 0
94,250,25, 0
95,250,25, 0
96,250,25, 0
97,250,25, 0
98,250,25, 0
99,250,25, 0
100,250,25, 0
101,250,25, 0
102,250,25, 0
103,250,25, 0
104,250,25, 0
105,250,25, 0
106,250,25, 0
107,250,25, 0
108,250,25, 0
109,250,25, 0
110,250,25, 0
111,250,25, 0
112,250,25, 0
113,250,25, 0
114,250,25, 0
115,250,25, 0
116,250,25, 0
117,250,25, 0
118,250,25, 0
119,250,25, 0
120,250,25, 0
121,250,25, 0
122,250,25, 0
123,250,25, 0
124,250,25, 0
125,250,25, 0
126,250,25, 0
127,250,25, 0
128,250,25, 0
129,250,25, 0
130,250,25, 0
131,250,25, 0
132,250,25, 0
133,250,25, 0
134,250,25, 0
135,250,25, 0
136,250,25, 0
137,250,25, 0
138,250,25, 0
139,250,25, 0
140,250,25, 0
141,250,25, 0
142,250,25, 0
143,250,25, 0
144,249,24, 1
145,249,24, 1
146,249,24, 1
147,249,24, 1
148,249,24, 1
149,249,24, 1
150,249,24, 1
151,249,24, 1
152,249,24, 1
153,249,24, 1
154,249,24, 1
155,249,24, 1
156,249,24, 1
157,249,24, 1
158,249,24, 1
159,249,24, 1
160,249,24, 1
161,249,24, 1
162,249,24, 1
163,249,24, 1
164,249,24, 1
165,249,24, 1
166,248,23, 2
167,248,23, 2
168,248,23, 2
169,248,23, 2
170,248,23, 2
171,248,23, 2
172,248,23, 2
173,248,23, 2
174,248,23, 2
175,248,23, 2
176,248,23, 2
177,248,23, 2
178,248,23, 2
179,248,23, 2
180,248,23, 2
181,248,23, 2
182,248,23, 2
183,248,23, 2
184,248,23, 2
185,248,23, 2
186,248,23, 2
187,248,23, 2
188,248,23, 2
189,248,23, 2
190,248,23, 2
191,248,23, 2
192,248,23, 2
193,248,23, 2
194,248,23, 2
195,248,23, 2
196,248,23, 2
197,248,23, 2
198,248,23, 2
199,248,23, 2
200,248,23, 2
201,248,23, 2
202,248,23, 2
203,248,23, 2
204,248,23, 2
205,248,23, 2
206,248,23, 2
207,248,23, 2
208,248,23, 2
209,248,23, 2
210,248,23, 2
211,248,23, 2
212,248,23, 2
213,248,23, 2
214,248,23, 2
215,248,23, 2
216,248,23, 2
217,248,23, 2
218,248,23, 2
219,248,23, 2
220,248,23, 2
221,248,23, 2
222,248,23, 2
223,248,23, 2
224,248,23, 2
225,248,23, 2
226,248,23, 2
227,248,23, 2
228,248,23, 2
229,248,23, 2
230,248,23, 2
231,248,23, 2
232,248,23, 2
233,248,23, 2
234,248,23, 2
235,248,23, 2
236,248,23, 2
237,248,23, 2
238,248,23, 2
239,248,23, 2
240,248,23, 2
241,248,23, 2
242,248,23, 2
243,248,23, 2
244,248,23, 2
245,248,23, 2
246,248,23, 2
247,248,23, 2
248,248,23, 2
249,248,23, 2
250,248,23, 2
251,248,23, 2
252,248,23, 2
253,248,23, 2
254,248,23, 2
255,248,23, 2
256,248,23, 2
257,248,23, 2
258,248,23, 2
259,248,23, 2
260,248,23, 2
261,248,23, 2
262,248,23, 2
263,248,23, 2
264,248,23, 2
265,248,23, 2
266,248,23, 2
267,248,23, 2
268,248,23, 2
269,248,23, 2
270,248,23, 2
271,248,23, 2
272,248,23, 2
273,248,23, 2
274,248,23, 2
275,248,23, 2
276,248,23, 2
277,248,23, 2
278,248,23, 2
279,247,22, 3
280,247,22, 3
281,247,22, 3
282,247,22, 3
283,247,22, 3
284,247,22, 3
285,247,22, 3
286,247,22, 3
287,247,22, 3
288,247,22, 3
289,247,22, 3
290,247,22, 3
291,247,22, 3
292,247,22, 3
293,247,22, 3
294,247,22, 3
295,247,22, 3
296,247,22, 3
297,247,22, 3
298,247,22, 3
299,247,22, 3
300,247,22, 3
301,247,22, 3
302,247,22, 3
303,247,22, 3
304,247,22, 3
305,247,22, 3
306,247,22, 3
307,247,22, 3
308,247,22, 3
309,247,22, 3
310,247,22, 3
311,247,22, 3
312,247,22, 3
313,247,22, 3
314,247,22, 3
315,247,22, 3
316,247,22, 3
317,247,22, 3
318,247,22, 3
319,247,22, 3
320,247,22, 3
321,247,22, 3
322,247,22, 3
323,247,22, 3
324,247,22, 3
325,247,22, 3
326,247,22, 3
327,247,22, 3
328,247,22, 3
329,247,22, 3
330,247,22, 3
331,247,22, 3
332,247,22, 3
333,247,22, 3
334,247,22, 3
335,247,22, 3
336,247,22, 3
337,247,22, 3
338,247,22, 3
339,247,22, 3
340,247,22, 3
341,247,22, 3
342,247,22, 3
343,247,22, 3
344,247,22, 3
345,247,22, 3
346,247,22, 3
347,247,22, 3
348,247,22, 3
349,247,22, 3
350,247,22, 3
351,247,22, 3
352,247,22, 3
353,247,22, 3
354,247,22, 3
355,247,22, 3
356,247,22, 3
357,247,22, 3
358,247,22, 3
359,247,22, 3
360,247,22, 3
361,247,22, 3
362,247,22, 3
363,247,22, 3
364,247,22, 3
365,247,22, 3
366,247,22, 3
367,247,22, 3
368,247,22, 3
369,247,22, 3
370,247,22, 3
371,247,22, 3
372,247,22, 3
373,247,22, 3
374,247,22, 3
375,247,22, 3
376,247,22, 3
377,247,22, 3
378,247,22, 3
379,247,22, 3
380,247,22, 3
381,247,22, 3
382,247,22, 3
383,247,22, 3
384,247,22, 3
385,247,22, 3
386,247,22, 3
387,247,22, 3
388,247,22, 3
389,247,22, 3
390,246,21, 4
391,246,21, 4
392,246,21, 4
393,246,21, 4
394,246,21, 4
395,246,21, 4
396,246,21, 4
397,246,21, 4
398,246,21, 4
399,246,21, 4
400,246,21, 4
401,246,21, 4
402,246,21, 4
403,246,21, 4
404,246,21, 4
405,246,21, 4
406,246,21, 4
407,246,21, 4
408,246,21, 4
409,246,21, 4
410,246,21, 4
411,246,21, 4
412,246,21, 4
413,246,21, 4
414,246,21, 4
415,246,21, 4
416,246,21, 4
417,246,21, 4
418,246,21, 4
419,246,21, 4
420,246,21, 4
421,246,21, 4
422,246,21, 4
423,246,21, 4
424,246,21, 4
425,246,21, 4
426,246,21, 4
427,246,21, 4
428,246,21, 4
429,246,21, 4
430,246,21, 4
431,246,21, 4
432,246,21, 4
433,246,21, 4
434,246,21, 4
435,246,21, 4
436,246,21, 4
437,246,21, 4
438,246,21, 4
439,246,21, 4
440,246,21, 4
441,246,21, 4
442,246,21, 4
443,246,21, 4
444,246,21, 4
445,246,21, 4
446,246,21, 4
447,246,21, 4
448,246,21, 4
449,246,21, 4
450,246,21, 4
451,246,21, 4
452,246,21, 4
453,246,21, 4
454,246,21, 4
455,246,21, 4
456,246,21, 4
457,246,21, 4
458,246,21, 4
459,246,21, 4
460,246,21, 4
461,246,21, 4
462,246,21, 4
463,246,21, 4
464,246,21, 4
465,246,21, 4
466,246,21, 4
467,245,20, 5
468,245,20, 5
469,245,20, 5
470,245,20, 5
471,245,20, 5
472,245,20, 5
473,245,20, 5
474,245,20, 5
475,245,20, 5
476,245,20, 5
477,245,20, 5
478,245,20, 5
479,245,20, 5
480,245,20, 5
481,245,20, 5
482,245,20, 5
483,245,20, 5
484,245,20, 5
485,245,20, 5
486,245,20, 5
487,245,20, 5
488,245,20, 5
489,245,20, 5
490,245,20, 5
491,245,20, 5
492,245,20, 5
493,245,20, 5
494,245,20, 5
495,245,20, 5
496,245,20, 5
497,245,20, 5
498,245,20, 5
499,245,20, 5
500,245,20, 5
501,245,20, 5
502,245,20, 5
503,245,20, 5
504,245,20, 5
505,245,20, 5
506,245,20, 5
507,245,20, 5
508,245,20, 5
509,245,20, 5
510,245,20, 5
511,245,20, 5
512,245,20, 5
513,245,20, 5
514,245,20, 5
515,245,20, 5
516,245,20, 5
517,245,20, 5
518,245,20, 5
519,245,20, 5
520,245,20, 5
521,245,20, 5
522,245,20, 5
523,245,20, 5
524,245,20, 5
525,245,20, 5
526,245,20, 5
527,245,20, 5
528,245,20, 5
529,245,20, 5
530,245,20, 5
531,245,20, 5
532,245,20, 5
533,245,20, 5
534,245,20, 5
535,245,20, 5
536,245,20, 5
537,245,20, 5
538,245,20, 5
539,245,20, 5
540,245,20, 5
541,245,20, 5
542,245,20, 5
543,245,20, 5
544,245,20, 5
545,245,20, 5
546,245,20, 5
547,245,20, 5
548,245,20, 5
549,245,20, 5
550,245,20, 5
551,245,20, 5
552,245,20, 5
553,245,20, 5
554,245,20, 5
555,245,20, 5
556,245,20, 5
557,245,20, 5
558,245,20, 5
559,245,20, 5
560,245,20, 5
561,245,20, 5
562,245,20, 5
563,245,20, 5
564,245,20, 5
565,245,20, 5
566,245,20, 5
567,245,20, 5
568,245,20, 5
569,245,20, 5
570,245,20, 5
571,245,20, 5
572,245,20, 5
573,245,20, 5
574,245,20, 5
575,245,20, 5
576,245,20, 5
577,245,20, 5
578,245,20, 5
579,245,20, 5
580,245,20, 5
581,245,20, 5
582,245,20, 5
583,245,20, 5
584,245,20, 5
585,245,20, 5
586,245,20, 5
587,245,20, 5
588,245,20, 5
589,245,20, 5
590,245,20, 5
591,245,20, 5
592,245,20, 5
593,245,20, 5
594,245,20, 5
595,245,20, 5
596,245,20, 5
597,245,20, 5
598,245,20, 5
599,245,20, 5
600,245,20, 5
601,245,20, 5
602,245,20, 5
603,245,20, 5
604,245,20, 5
605,245,20, 5
606,245,20, 5
607,245,20, 5
608,245,20, 5
609,245,20, 5
610,245,20, 5
611,245,20, 5
612,245,20, 5
613,245,20, 5
614,245,20, 5
615,245,20, 5
616,245,20, 5
617,245,20, 5
618,245,20, 5
619,245,20, 5
620,245,20, 5
621,245,20, 5
622,245,20, 5
623,245,20, 5
624,245,20, 5
625,245,20, 5
626,245,20, 5
627,245,20, 5
628,245,20, 5
629,245,20, 5
630,245,20, 5
631,245,20, 5
632,245,20, 5
633,245,20, 5
634,244,19, 6
635,244,19, 6
636,244,19, 6
637,244,19, 6
638,244,19, 6
639,244,19, 6
640,244,19, 6
641,244,19, 6
642,244,19, 6
643,244,19, 6
644,244,19, 6
645,244,19, 6
646,244,19, 6
647,244,19, 6
648,244,19, 6
649,244,19, 6
650,244,19, 6
651,244,19, 6
652,244,19, 6
653,244,19, 6
654,244,19, 6
655,244,19, 6
656,244,19, 6
657,244,19, 6
658,244,19, 6
659,244,19, 6
660,244,19, 6
661,244,19, 6
662,244,19, 6
663,244,19, 6
664,244,19, 6
665,244,19, 6
666,244,19, 6
667,244,19, 6
668,244,19, 6
669,244,19, 6
670,244,19, 6
671,244,19, 6
672,244,19, 6
673,244,19, 6
674,244,19, 6
675,244,19, 6
676,244,19, 6
677,244,19, 6
678,244,19, 6
679,244,19, 6
680,244,19, 6
681,244,19, 6
682,244,19, 6
683,244,19, 6
684,244,19, 6
685,244,19, 6
686,244,19, 6
687,244,19, 6
688,244,19, 6
689,244,19, 6
690,244,19, 6
691,244,19, 6
692,244,19, 6
693,244,19, 6
694,244,19, 6
695,244,19, 6
696,244,19, 6
697,244,19, 6
698,244,19, 6
699,244,19, 6
700,244,19, 6
701,244,19, 6
702,244,19, 6
703,244,19, 6
704,244,19, 6
705,244,19, 6
706,244,19, 6
707,244,19, 6
708,244,19, 6
709,244,19, 6
710,244,19, 6
711,244,19, 6
712,244,19, 6
713,244,19, 6
714,244,19, 6
715,244,19, 6
716,244,19, 6
717,244,19, 6
718,244,19, 6
719,244,19, 6
720,244,19, 6
721,244,19, 6
722,244,19, 6
723,244,19, 6
724,244,19, 6
725,244,19, 6
726,244,19, 6
727,244,19, 6
728,244,19, 6
729,244,19, 6
730,244,19, 6
731,244,19, 6
732,244,19, 6
733,244,19, 6
734,244,19, 6
735,244,19, 6
736,244,19, 6
737,244,19, 6
738,244,19, 6
739,244,19, 6
740,244,19, 6
741,244,19, 6
742,244,19, 6
743,244,19, 6
744,244,19, 6
745,244,19, 6
746,244,19, 6
747,244,19, 6
748,244,19, 6
749,244,19, 6
750,244,19, 6
751,244,19, 6
752,244,19, 6
753,244,19, 6
754,244,19, 6
755,244,19, 6
756,244,19, 6
757,244,19, 6
758,244,19, 6
759,244,19, 6
760,244,19, 6
761,244,19, 6
762,244,19, 6
763,244,19, 6
764,244,19, 6
765,244,19, 6
766,244,19, 6
767,244,19, 6
768,244,19, 6
769,244,19, 6
770,244,19, 6
771,244,19, 6
772,244,19, 6
773,244,19, 6
774,244,19, 6
775,244,19, 6
776,244,19, 6
777,244,19, 6
778,244,19, 6
779,244,19, 6
780,244,19, 6
781,244,19, 6
782,244,19, 6
783,244,19, 6
784,244,19, 6
785,244,19, 6
786,244,19, 6
787,244,19, 6
788,244,19, 6
789,244,19, 6
790,244,19, 6
791,244,19, 6
792,244,19, 6
793,244,19, 6
794,244,19, 6
795,244,19, 6
796,244,19, 6
797,244,19, 6
798,244,19, 6
799,244,19, 6
800,244,19, 6
801,244,19, 6
802,244,19, 6
803,244,19, 6
804,244,19, 6
805,244,19, 6
806,244,19, 6
807,244,19, 6
808,244,19, 6
809,244,19, 6
810,244,19, 6
811,244,19, 6
812,244,19, 6
813,244,19, 6
814,244,19, 6
815,244,19, 6
816,244,19, 6
817,244,19, 6
818,244,19, 6
819,244,19, 6
820,244,19, 6
821,244,19, 6
822,244,19, 6
823,244,19, 6
824,244,19, 6
825,244,19, 6
826,244,19, 6
827,244,19, 6
828,244,19, 6
829,244,19, 6
830,244,19, 6
831,244,19, 6
832,244,19, 6
833,244,19, 6
834,244,19, 6
835,244,19, 6
836,244,19, 6
837,244,19, 6
838,244,19, 6
839,244,19, 6
840,244,19, 6
841,244,19, 6
842,244,19, 6
843,244,19, 6
844,244,19, 6
845,244,19, 6
846,244,19, 6
847,244,19, 6
848,244,19, 6
849,244,19, 6
850,244,19, 6
851,244,19, 6
852,244,19, 6
853,244,19, 6
854,244,19, 6
855,244,19, 6
856,244,19, 6
857,244,19, 6
858,244,19, 6
859,244,19, 6
860,244,19, 6
861,244,19, 6
862,244,19, 6
863,244,19, 6
864,244,19, 6
865,244,19, 6
866,244,19, 6
867,244,19, 6
868,244,19, 6
869,244,19, 6
870,244,19, 6
871,244,19, 6
872,244,19, 6
873,244,19, 6
874,244,19, 6
875,244,19, 6
876,244,19, 6
877,244,19, 6
878,244,19, 6
879,244,19, 6
880,244,19, 6
881,244,19, 6
882,244,19, 6
883,244,19, 6
884,244,19, 6
885,244,19, 6
886,244,19, 6
887,244,19, 6
888,244,19, 6
889,244,19, 6
890,244,19, 6
891,244,19, 6
892,244,19, 6
893,244,19, 6
894,244,19, 6
895,244,19, 6
896,244,19, 6
897,244,19, 6
898,244,19, 6
899,244,19, 6
900,244,19, 6
901,244,19, 6
902,244,19, 6
903,244,19, 6
904,244,19, 6
905,244,19, 6
906,244,19, 6
907,244,19, 6
908,244,19, 6
909,244,19, 6
910,244,19, 6
911,244,19, 6
912,244,19, 6
913,244,19, 6
914,244,19, 6
915,244,19, 6
916,244,19, 6
917,244,19, 6
918,244,19, 6
919,244,19, 6
920,244,19, 6
921,244,19, 6
922,244,19, 6
923,244,19, 6
924,244,19, 6
925,244,19, 6
926,244,19, 6
927,244,19, 6
928,244,19, 6
929,244,19, 6
930,244,19, 6
931,244,19, 6
932,244,19, 6
933,244,19, 6
934,244,19, 6
935,244,19, 6
936,244,19, 6
937,244,19, 6
938,244,19, 6
939,244,19, 6
940,244,19, 6
941,244,19, 6
942,244,19, 6
943,244,19, 6
944,244,19, 6
945,244,19, 6
946,244,19, 6
947,244,19, 6
948,244,19, 6
949,244,19, 6
950,244,19, 6
951,244,19, 6
952,244,19, 6
953,244,19, 6
954,244,19, 6
955,244,19, 6
956,244,19, 6
957,244,19, 6
958,244,19, 6
959,244,19, 6
960,244,19, 6
961,244,19, 6
962,244,19, 6
963,244,19, 6
964,244,19, 6
965,244,19, 6
966,244,19, 6
967,244,19, 6
968,244,19, 6
969,244,19, 6
970,244,19, 6
971,244,19, 6
972,244,19, 6
973,244,19, 6
974,244,19, 6
975,244,19, 6
976,244,19, 6
977,244,19, 6
978,244,19, 6
979,244,19, 6
980,244,19, 6
981,244,19, 6
982,244,19, 6
983,244,19, 6
984,244,19, 6
985,243,18, 7
986,243,18, 7
987,243,18, 7
988,243,18, 7
989,243,18, 7
990,243,18, 7
991,243,18, 7
992,243,18, 7
993,243,18, 7
994,243,18, 7
995,243,18, 7
996,243,18, 7
997,243,18, 7
998,243,18, 7
999,243,18, 7
1000,243,18, 7
1001,243,18, 7
1002,243,18, 7
1003,243,18, 7
1004,243,18, 7
1005,243,18, 7
1006,243,18, 7
1007,243,18, 7
1008,243,18, 7
1009,243,18, 7
1010,243,18, 7
1011,243,18, 7
1012,243,18, 7
1013,243,18, 7
1014,243,18, 7
1015,243,18, 7
1016,243,18, 7
1017,243,18, 7
1018,243,18, 7
1019,243,18, 7
1020,243,18, 7
1021,243,18, 7
1022,243,18, 7
1023,243,18, 7
1024,243,18, 7
1025,243,18, 7
1026,243,18, 7
1027,243,18, 7
1028,243,18, 7
1029,243,18, 7
1030,243,18, 7
1031,243,18, 7
1032,243,18, 7
1033,243,18, 7
1034,243,18, 7
1035,243,18, 7
1036,243,18, 7
1037,243,18, 7
1038,243,18, 7
1039,243,18, 7
1040,243,18, 7
1041,243,18, 7
1042,243,18, 7
1043,243,18, 7
1044,243,18, 7
1045,243,18, 7
1046,243,18, 7
1047,243,18, 7
1048,243,18, 7
1049,243,18, 7
1050,243,18, 7
1051,243,18, 7
1052,243,18, 7
1053,243,18, 7
1054,243,18, 7
1055,243,18, 7
1056,243,18, 7
1057,243,18, 7
1058,243,18, 7
1059,243,18, 7
1060,243,18, 7
1061,243,18, 7
1062,243,18, 7
1063,243,18, 7
1064,243,18, 7
1065,243,18, 7
1066,243,18, 7
1067,243,18, 7
1068,243,18, 7
1069,243,18, 7
1070,243,18, 7
1071,243,18, 7
1072,243,18, 7
1073,243,18, 7
1074,243,18, 7
1075,243,18, 7
1076,243,18, 7
1077,243,18, 7
1078,243,18, 7
1079,243,18, 7
1080,243,18, 7
1081,243,18, 7
1082,243,18, 7
1083,243,18, 7
1084,243,18, 7
1085,243,18, 7
1086,243,18, 7
1087,243,18, 7
1088,243,18, 7
1089,243,18, 7
1090,243,18, 7
1091,243,18, 7
1092,243,18, 7
1093,243,18, 7
1094,243,18, 7
1095,243,18, 7
1096,243,18, 7
1097,243,18, 7
1098,243,18, 7
1099,243,18, 7
1100,243,18, 7
1101,243,18, 7
1102,243,18, 7
1103,243,18, 7
1104,243,18, 7
1105,243,18, 7
1106,243,18, 7
1107,243,18, 7
1108,243,18, 7
1109,243,18, 7
1110,243,18, 7
1111,243,18, 7
1112,243,18, 7
1113,243,18, 7
1114,243,18, 7
1115,243,18, 7
1116,243,18, 7
1117,243,18, 7
1118,243,18, 7
1119,243,18, 7
1120,243,18, 7
1121,243,18, 7
1122,243,18, 7
1123,243,18, 7
1124,243,18, 7
1125,243,18, 7
1126,243,18, 7
1127,243,18, 7
1128,243,18, 7
1129,243,18, 7
1130,243,18, 7
1131,243,18, 7
1132,243,18, 7
1133,243,18, 7
1134,243,18, 7
1135,243,18, 7
1136,243,18, 7
1137,243,18, 7
1138,243,18, 7
1139,243,18, 7
1140,243,18, 7
1141,243,18, 7
1142,243,18, 7
1143,243,18, 7
1144,243,18, 7
1145,243,18, 7
1146,243,18, 7
1147,243,18, 7
1148,243,18, 7
1149,243,18, 7
1150,243,18, 7
1151,243,18, 7
1152,243,18, 7
1153,243,18, 7
1154,243,18, 7
1155,243,18, 7
1156,243,18, 7
1157,243,18, 7
1158,243,18, 7
1159,243,18, 7
1160,243,18, 7
1161,243,18, 7
1162,243,18, 7
1163,243,18, 7
1164,243,18, 7
1165,243,18, 7
1166,243,18, 7
1167,243,18, 7
1168,243,18, 7
1169,243,18, 7
1170,243,18, 7
1171,243,18, 7
1172,243,18, 7
1173,243,18, 7
1174,243,18, 7
1175,243,18, 7
1176,243,18, 7
1177,243,18, 7
1178,243,18, 7
1179,243,18, 7
1180,243,18, 7
1181,243,18, 7
1182,243,18, 7
1183,243,18, 7
1184,243,18, 7
1185,243,18, 7
1186,243,18, 7
1187,243,18, 7
1188,243,18, 7
1189,243,18, 7
1190,243,18, 7
1191,243,18, 7
1192,243,18, 7
1193,243,18, 7
1194,243,18, 7
1195,243,18, 7
1196,243,18, 7
1197,243,18, 7
1198,243,18, 7
1199,243,18, 7
1200,243,18, 7
1201,243,18, 7
1202,243,18, 7
1203,243,18, 7
1204,243,18, 7
1205,243,18, 7
1206,243,18, 7
1207,243,18, 7
1208,243,18, 7
1209,243,18, 7
1210,243,18, 7
1211,243,18, 7
1212,243,18, 7
1213,243,18, 7
1214,243,18, 7
1215,243,18, 7
1216,243,18, 7
1217,243,18, 7
1218,243,18, 7
1219,243,18, 7
1220,243,18, 7
1221,243,18, 7
1222,243,18, 7
1223,243,18, 7
1224,243,18, 7
1225,243,18, 7
1226,243,18, 7
1227,243,18, 7
1228,243,18, 7
1229,243,18, 7
1230,243,18, 7
1231,243,18, 7
1232,243,18, 7
1233,243,18, 7
1234,243,18, 7
1235,243,18, 7
1236,243,18, 7
1237,243,18, 7
1238,243,18, 7
1239,243,18, 7
1240,243,18, 7
1241,243,18, 7
1242,243,18, 7
1243,243,18, 7
1244,243,18, 7
1245,243,18, 7
1246,243,18, 7
1247,243,18, 7
1248,243,18, 7
1249,243,18, 7
1250,243,18, 7
1251,243,18, 7
1252,243,18, 7
1253,243,18, 7
1254,243,18, 7
1255,243,18, 7
1256,243,18, 7
1257,243,18, 7
1258,243,18, 7
1259,243,18, 7
1260,243,18, 7
1261,243,18, 7
1262,243,18, 7
1263,243,18, 7
1264,243,18, 7
1265,243,18, 7
1266,243,18, 7
1267,243,18, 7
1268,243,18, 7
1269,243,18, 7
1270,243,18, 7
1271,243,18, 7
1272,243,18, 7
1273,243,18, 7
1274,243,18, 7
1275,243,18, 7
1276,243,18, 7
1277,243,18, 7
1278,243,18, 7
1279,243,18, 7
1280,243,18, 7
1281,243,18, 7
1282,243,18, 7
1283,243,18, 7
1284,243,18, 7
1285,243,18, 7
1286,243,18, 7
1287,243,18, 7
1288,243,18, 7
1289,243,18, 7
1290,243,18, 7
1291,243,18, 7
1292,243,18, 7
1293,243,18, 7
1294,243,18, 7
1295,243,18, 7
1296,243,18, 7
1297,243,18, 7
1298,243,18, 7
1299,243,18, 7
1300,243,18, 7
1301,243,18, 7
1302,243,18, 7
1303,243,18, 7
1304,243,18, 7
1305,243,18, 7
1306,243,18, 7
1307,243,18, 7
1308,243,18, 7
1309,243,18, 7
1310,243,18, 7
1311,243,18, 7
1312,243,18, 7
1313,243,18, 7
1314,243,18, 7
1315,243,18, 7
1316,243,18, 7
1317,243,18, 7
1318,243,18, 7
1319,243,18, 7
1320,243,18, 7
1321,243,18, 7
1322,243,18, 7
1323,243,18, 7
1324,243,18, 7
1325,243,18, 7
1326,243,18, 7
1327,243,18, 7
1328,243,18, 7
1329,243,18, 7
1330,243,18, 7
1331,243,18, 7
1332,243,18, 7
1333,243,18, 7
1334,243,18, 7
1335,243,18, 7
1336,243,18, 7
1337,243,18, 7
1338,243,18, 7
1339,243,18, 7
1340,243,18, 7
1341,243,18, 7
1342,243,18, 7
1343,243,18, 7
1344,243,18, 7
1345,243,18, 7
1346,243,18, 7
1347,243,18, 7
1348,243,18, 7
1349,243,18, 7
1350,243,18, 7
1351,243,18, 7
1352,243,18, 7
1353,243,18, 7
1354,243,18, 7
1355,243,18, 7
1356,243,18, 7
1357,243,18, 7
1358,243,18, 7
1359,243,18, 7
1360,243,18, 7
1361,243,18, 7
1362,243,18, 7
1363,243,18, 7
1364,243,18, 7
1365,243,18, 7
1366,243,18, 7
1367,243,18, 7
1368,243,18, 7
1369,243,18, 7
1370,243,18, 7
1371,243,18, 7
1372,243,18, 7
1373,243,18, 7
1374,243,18, 7
1375,243,18, 7
1376,243,18, 7
1377,243,18, 7
1378,243,18, 7
1379,243,18, 7
1380,243,18, 7
1381,243,18, 7
1382,243,18, 7
1383,243,18, 7
1384,243,18, 7
1385,243,18, 7
1386,243,18, 7
1387,243,18, 7
1388,243,18, 7
1389,243,18, 7
1390,243,18, 7
1391,243,18, 7
1392,243,18, 7
1393,243,18, 7
1394,243,18, 7
1395,243,18, 7
1396,243,18, 7
1397,243,18, 7
1398,243,18, 7
1399,243,18, 7
1400,243,18, 7
1401,243,18, 7
1402,243,18, 7
1403,243,18, 7
1404,243,18, 7
1405,243,18, 7
1406,243,18, 7
1407,243,18, 7
1408,243,18, 7
1409,243,18, 7
1410,243,18, 7
1411,243,18, 7
1412,243,18, 7
1413,243,18, 7
1414,243,18, 7
1415,243,18, 7
1416,243,18, 7
1417,243,18, 7
1418,243,18, 7
1419,243,18, 7
1420,243,18, 7
1421,243,18, 7
1422,243,18, 7
1423,243,18, 7
1424,243,18, 7
1425,243,18, 7
1426,243,18, 7
1427,243,18, 7
1428,243,18, 7
1429,243,18, 7
1430,243,18, 7
1431,243,18, 7
1432,243,18, 7
1433,243,18, 7
1434,243,18, 7
1435,243,18, 7
1436,243,18, 7
1437,243,18, 7
1438,243,18, 7
1439,243,18, 7
1440,243,18, 7
1441,243,18, 7
1442,243,18, 7
1443,243,18, 7
1444,243,18, 7
1445,243,18, 7
1446,243,18, 7
1447,243,18, 7
1448,243,18, 7
1449,243,18, 7
1450,243,18, 7
1451,243,18, 7
1452,243,18, 7
1453,243,18, 7
1454,243,18, 7
1455,243,18, 7
1456,243,18, 7
1457,243,18, 7
1458,243,18, 7
1459,243,18, 7
1460,243,18, 7
1461,243,18, 7
1462,243,18, 7
1463,243,18, 7
1464,243,18, 7
1465,243,18, 7
1466,243,18, 7
1467,243,18, 7
1468,243,18, 7
1469,243,18, 7
1470,243,18, 7
1471,243,18, 7
1472,243,18, 7
1473,243,18, 7
1474,243,18, 7
1475,243,18, 7
1476,243,18, 7
1477,243,18, 7
1478,243,18, 7
1479,243,18, 7
1480,243,18, 7
1481,243,18, 7
1482,243,18, 7
1483,243,18, 7
1484,243,18, 7
1485,243,18, 7
1486,243,18, 7
1487,243,18, 7
1488,243,18, 7
1489,243,18, 7
1490,243,18, 7
1491,243,18, 7
1492,243,18, 7
1493,243,18, 7
1494,243,18, 7
1495,243,18, 7
1496,243,18, 7
1497,243,18, 7
1498,243,18, 7
1499,243,18, 7
