0,250,25, 0
1,250,25, 0
2,250,25, 0
3,250,25, 0
4,250,25, 0
5,250,25, 0
6,250,25, 0
7,250,25, 0
8,250,25, 0
9,250,25, 0
10,250,25, 0
11,250,25, 0
12,250,25, 0
13,250,25, 0
14,250,25, 0
15,250,25, 0
16,250,25, 0
17,250,25, 0
18,250,25, 0
19,250,25, 0
20,250,25, 0
21,250,25, 0
22,250,25, 0
23,250,25, 0
24,250,25, 0
25,250,25, 0
26,250,25, 0
27,250,25, 0
28,249,24, 1
29,249,24, 1
30,249,24, 1
31,249,24, 1
32,249,24, 1
33,249,24, 1
34,249,24, 1
35,249,24, 1
36,249,24, 1
37,249,24, 1
38,249,24, 1
39,249,24, 1
40,249,24, 1
41,249,24, 1
42,249,24, 1
43,249,24, 1
44,249,24, 1
45,249,24, 1
46,249,24, 1
47,249,24, 1
48,249,24, 1
49,249,24, 1
50,249,24, 1
51,249,24, 1
52,249,24, 1
53,249,24, 1
54,249,24, 1
55,249,24, 1
56,249,24, 1
57,249,24, 1
58,249,24, 1
59,249,24, 1
60,249,24, 1
61,249,24, 1
62,249,24, 1
63,249,24, 1
64,249,24, 1
65,249,24, 1
66,249,24, 1
67,249,24, 1
68,249,24, 1
69,249,24, 1
70,249,24, 1
71,249,24, 1
72,249,24, 1
73,249,24, 1
74,249,24, 1
75,249,24, 1
76,249,24, 1
77,249,24, 1
78,249,24, 1
79,249,24, 1
80,249,24, 1
81,249,24, 1
82,249,24, 1
83,249,24, 1
84,249,24, 1
85,249,24, 1
86,249,24, 1
87,249,24, 1
88,249,24, 1
89,249,24, 1
90,249,24, 1
91,249,24, 1
92,249,24, 1
93,249,24, 1
94,249,24, 1
95,249,24, 1
96,249,24, 1
97,249,24, 1
98,249,24, 1
99,249,24, 1
100,249,24, 1
101,249,24, 1
102,249,24, 1
103,249,24, 1
104,249,24, 1
105,249,24, 1
106,249,24, 1
107,249,24, 1
108,249,24, 1
109,249,24, 1
110,249,24, 1
111,249,24, 1
112,249,24, 1
113,249,24, 1
114,249,24, 1
115,249,24, 1
116,249,24, 1
117,249,24, 1
118,249,24, 1
119,249,24, 1
120,249,24, 1
121,249,24, 1
122,249,24, 1
123,249,24, 1
124,249,24, 1
125,249,24, 1
126,249,24, 1
127,249,24, 1
128,249,24, 1
129,249,24, 1
130,249,24, 1
131,249,24, 1
132,249,24, 1
133,249,24, 1
134,249,24, 1
135,249,24, 1
136,249,24, 1
137,249,24, 1
138,249,24, 1
139,249,24, 1
140,249,24, 1
141,249,24, 1
142,249,24, 1
143,249,24, 1
144,249,24, 1
145,249,24, 1
146,249,24, 1
147,249,24, 1
148,249,24, 1
149,249,24, 1
150,249,24, 1
151,249,24, 1
152,249,24, 1
153,249,24, 1
154,249,24, 1
155,249,24, 1
156,249,24, 1
157,249,24, 1
158,249,24, 1
159,249,24, 1
160,249,24, 1
161,249,24, 1
162,249,24, 1
163,249,24, 1
164,249,24, 1
165,249,24, 1
166,249,24, 1
167,249,24, 1
168,249,24, 1
169,249,24, 1
170,249,24, 1
171,249,24, 1
172,249,24, 1
173,249,24, 1
174,249,24, 1
175,249,24, 1
176,249,24, 1
177,249,24, 1
178,249,24, 1
179,249,24, 1
180,249,24, 1
181,249,24, 1
182,249,24, 1
183,249,24, 1
184,249,24, 1
185,249,24, 1
186,249,24, 1
187,249,24, 1
188,249,24, 1
189,249,24, 1
190,249,24, 1
191,249,24, 1
192,249,24, 1
193,249,24, 1
194,249,24, 1
195,249,24, 1
196,249,24, 1
197,249,24, 1
198,249,24, 1
199,249,24, 1
200,249,24, 1
201,249,24, 1
202,249,24, 1
203,249,24, 1
204,249,24, 1
205,249,24, 1
206,249,24, 1
207,249,24, 1
208,249,24, 1
209,249,24, 1
210,249,24, 1
211,249,24, 1
212,249,24, 1
213,249,24, 1
214,249,24, 1
215,249,24, 1
216,249,24, 1
217,249,24, 1
218,249,24, 1
219,249,24, 1
220,249,24, 1
221,249,24, 1
222,249,24, 1
223,249,24, 1
224,249,24, 1
225,249,24, 1
226,249,24, 1
227,249,24, 1
228,249,24, 1
229,249,24, 1
230,249,24, 1
231,249,24, 1
232,249,24, 1
233,249,24, 1
234,249,24, 1
235,249,24, 1
236,249,24, 1
237,249,24, 1
238,249,24, 1
239,249,24, 1
240,249,24, 1
241,249,24, 1
242,249,24, 1
243,249,24, 1
244,249,24, 1
245,249,24, 1
246,249,24, 1
247,249,24, 1
248,249,24, 1
249,249,24, 1
250,249,24, 1
251,249,24, 1
252,249,24, 1
253,249,24, 1
254,249,24, 1
255,249,24, 1
256,249,24, 1
257,249,24, 1
258,249,24, 1
259,249,24, 1
260,249,24, 1
261,249,24, 1
262,249,24, 1
263,249,24, 1
264,249,24, 1
265,249,24, 1
266,249,24, 1
267,249,24, 1
268,249,24, 1
269,249,24, 1
270,249,24, 1
271,249,24, 1
272,249,24, 1
273,249,24, 1
274,249,24, 1
275,249,24, 1
276,249,24, 1
277,249,24, 1
278,249,24, 1
279,249,24, 1
280,249,24, 1
281,249,24, 1
282,249,24, 1
283,249,24, 1
284,249,24, 1
285,249,24, 1
286,249,24, 1
287,249,24, 1
288,249,24, 1
289,249,24, 1
290,249,24, 1
291,249,24, 1
292,249,24, 1
293,249,24, 1
294,249,24, 1
295,249,24, 1
296,249,24, 1
297,249,24, 1
298,249,24, 1
299,249,24, 1
300,249,24, 1
301,249,24, 1
302,249,24, 1
303,249,24, 1
304,249,24, 1
305,249,24, 1
306,249,24, 1
307,249,24, 1
308,249,24, 1
309,249,24, 1
310,249,24, 1
311,249,24, 1
312,249,24, 1
313,249,24, 1
314,249,24, 1
315,249,24, 1
316,249,24, 1
317,249,24, 1
318,249,24, 1
319,249,24, 1
320,249,24, 1
321,249,24, 1
322,249,24, 1
323,249,24, 1
324,249,24, 1
325,249,24, 1
326,249,24, 1
327,249,24, 1
328,249,24, 1
329,249,24, 1
330,249,24, 1
331,249,24, 1
332,249,24, 1
333,249,24, 1
334,249,24, 1
335,249,24, 1
336,249,24, 1
337,249,24, 1
338,249,24, 1
339,249,24, 1
340,249,24, 1
341,249,24, 1
342,249,24, 1
343,249,24, 1
344,249,24, 1
345,249,24, 1
346,248,23, 2
347,248,23, 2
348,248,23, 2
349,248,23, 2
350,248,23, 2
351,248,23, 2
352,248,23, 2
353,248,23, 2
354,248,23, 2
355,248,23, 2
356,248,23, 2
357,248,23, 2
358,248,23, 2
359,248,23, 2
360,248,23, 2
361,248,23, 2
362,248,23, 2
363,248,23, 2
364,248,23, 2
365,248,23, 2
366,248,23, 2
367,248,23, 2
368,248,23, 2
369,248,23, 2
370,248,23, 2
371,248,23, 2
372,248,23, 2
373,248,23, 2
374,248,23, 2
375,248,23, 2
376,248,23, 2
377,248,23, 2
378,248,23, 2
379,248,23, 2
380,248,23, 2
381,248,23, 2
382,248,23, 2
383,248,23, 2
384,248,23, 2
385,248,23, 2
386,248,23, 2
387,248,23, 2
388,248,23, 2
389,248,23, 2
390,248,23, 2
391,248,23, 2
392,248,23, 2
393,248,23, 2
394,248,23, 2
395,248,23, 2
396,248,23, 2
397,248,23, 2
398,248,23, 2
399,248,23, 2
400,248,23, 2
401,248,23, 2
402,248,23, 2
403,248,23, 2
404,248,23, 2
405,248,23, 2
406,248,23, 2
407,248,23, 2
408,248,23, 2
409,248,23, 2
410,248,23, 2
411,248,23, 2
412,248,23, 2
413,248,23, 2
414,248,23, 2
415,248,23, 2
416,248,23, 2
417,248,23, 2
418,248,23, 2
419,248,23, 2
420,248,23, 2
421,248,23, 2
422,248,23, 2
423,248,23, 2
424,248,23, 2
425,248,23, 2
426,248,23, 2
427,248,23, 2
428,248,23, 2
429,248,23, 2
430,248,23, 2
431,248,23, 2
432,248,23, 2
433,248,23, 2
434,248,23, 2
435,248,23, 2
436,248,23, 2
437,248,23, 2
438,248,23, 2
439,248,23, 2
440,248,23, 2
441,248,23, 2
442,248,23, 2
443,248,23, 2
444,248,23, 2
445,248,23, 2
446,248,23, 2
447,248,23, 2
448,248,23, 2
449,248,23, 2
450,248,23, 2
451,248,23, 2
452,248,23, 2
453,247,22, 3
454,247,22, 3
455,247,22, 3
456,247,22, 3
457,247,22, 3
458,247,22, 3
459,247,22, 3
460,247,22, 3
461,247,22, 3
462,247,22, 3
463,247,22, 3
464,247,22, 3
465,247,22, 3
466,247,22, 3
467,247,22, 3
468,247,22, 3
469,247,22, 3
470,247,22, 3
471,247,22, 3
472,247,22, 3
473,247,22, 3
474,247,22, 3
475,247,22, 3
476,247,22, 3
477,247,22, 3
478,247,22, 3
479,247,22, 3
480,247,22, 3
481,247,22, 3
482,247,22, 3
483,247,22, 3
484,247,22, 3
485,247,22, 3
486,247,22, 3
487,247,22, 3
488,247,22, 3
489,247,22, 3
490,247,22, 3
491,247,22, 3
492,247,22, 3
493,247,22, 3
494,247,22, 3
495,247,22, 3
496,247,22, 3
497,247,22, 3
498,247,22, 3
499,247,22, 3
500,247,22, 3
501,247,22, 3
502,247,22, 3
503,247,22, 3
504,247,22, 3
505,247,22, 3
506,247,22, 3
507,247,22, 3
508,247,22, 3
509,247,22, 3
510,247,22, 3
511,247,22, 3
512,247,22, 3
513,247,22, 3
514,247,22, 3
515,247,22, 3
516,247,22, 3
517,247,22, 3
518,247,22, 3
519,247,22, 3
520,247,22, 3
521,247,22, 3
522,247,22, 3
523,247,22, 3
524,247,22, 3
525,247,22, 3
526,247,22, 3
527,247,22, 3
528,247,22, 3
529,247,22, 3
530,247,22, 3
531,247,22, 3
532,247,22, 3
533,247,22, 3
534,247,22, 3
535,247,22, 3
536,247,22, 3
537,247,22, 3
538,247,22, 3
539,247,22, 3
540,247,22, 3
541,247,22, 3
542,247,22, 3
543,247,22, 3
544,247,22, 3
545,247,22, 3
546,247,22, 3
547,247,22, 3
548,247,22, 3
549,247,22, 3
550,247,22, 3
551,247,22, 3
552,247,22, 3
553,247,22, 3
554,247,22, 3
555,247,22, 3
556,247,22, 3
557,247,22, 3
558,247,22, 3
559,247,22, 3
560,247,22, 3
561,247,22, 3
562,247,22, 3
563,247,22, 3
564,247,22, 3
565,247,22, 3
566,247,22, 3
567,247,22, 3
568,247,22, 3
569,247,22, 3
570,247,22, 3
571,247,22, 3
572,247,22, 3
573,247,22, 3
574,247,22, 3
575,247,22, 3
576,247,22, 3
577,247,22, 3
578,247,22, 3
579,247,22, 3
580,247,22, 3
581,247,22, 3
582,247,22, 3
583,247,22, 3
584,247,22, 3
585,247,22, 3
586,247,22, 3
587,247,22, 3
588,247,22, 3
589,247,22, 3
590,247,22, 3
591,247,22, 3
592,247,22, 3
593,247,22, 3
594,247,22, 3
595,247,22, 3
596,247,22, 3
597,247,22, 3
598,247,22, 3
599,247,22, 3
600,247,22, 3
601,247,22, 3
602,247,22, 3
603,247,22, 3
604,247,22, 3
605,247,22, 3
606,247,22, 3
607,247,22, 3
608,247,22, 3
609,247,22, 3
610,247,22, 3
611,247,22, 3
612,247,22, 3
613,247,22, 3
614,247,22, 3
615,247,22, 3
616,247,22, 3
617,247,22, 3
618,247,22, 3
619,247,22, 3
620,247,22, 3
621,247,22, 3
622,247,22, 3
623,247,22, 3
624,247,22, 3
625,247,22, 3
626,247,22, 3
627,247,22, 3
628,247,22, 3
629,247,22, 3
630,247,22, 3
631,247,22, 3
632,247,22, 3
633,247,22, 3
634,247,22, 3
635,247,22, 3
636,247,22, 3
637,247,22, 3
638,247,22, 3
639,247,22, 3
640,247,22, 3
641,247,22, 3
642,247,22, 3
643,247,22, 3
644,247,22, 3
645,247,22, 3
646,247,22, 3
647,247,22, 3
648,247,22, 3
649,247,22, 3
650,247,22, 3
651,247,22, 3
652,247,22, 3
653,247,22, 3
654,247,22, 3
655,247,22, 3
656,247,22, 3
657,247,22, 3
658,247,22, 3
659,247,22, 3
660,247,22, 3
661,247,22, 3
662,247,22, 3
663,247,22, 3
664,247,22, 3
665,247,22, 3
666,247,22, 3
667,247,22, 3
668,247,22, 3
669,247,22, 3
670,247,22, 3
671,247,22, 3
672,247,22, 3
673,247,22, 3
674,247,22, 3
675,247,22, 3
676,247,22, 3
677,247,22, 3
678,247,22, 3
679,247,22, 3
680,247,22, 3
681,247,22, 3
682,247,22, 3
683,247,22, 3
684,247,22, 3
685,247,22, 3
686,247,22, 3
687,247,22, 3
688,247,22, 3
689,247,22, 3
690,246,21, 4
691,246,21, 4
692,246,21, 4
693,246,21, 4
694,246,21, 4
695,246,21, 4
696,246,21, 4
697,246,21, 4
698,246,21, 4
699,246,21, 4
700,246,21, 4
701,246,21, 4
702,246,21, 4
703,246,21, 4
704,246,21, 4
705,246,21, 4
706,246,21, 4
707,246,21, 4
708,246,21, 4
709,246,21, 4
710,246,21, 4
711,246,21, 4
712,246,21, 4
713,246,21, 4
714,246,21, 4
715,246,21, 4
716,246,21, 4
717,246,21, 4
718,246,21, 4
719,246,21, 4
720,246,21, 4
721,246,21, 4
722,246,21, 4
723,246,21, 4
724,246,21, 4
725,246,21, 4
726,246,21, 4
727,246,21, 4
728,246,21, 4
729,246,21, 4
730,246,21, 4
731,246,21, 4
732,246,21, 4
733,246,21, 4
734,246,21, 4
735,246,21, 4
736,246,21, 4
737,246,21, 4
738,246,21, 4
739,246,21, 4
740,246,21, 4
741,246,21, 4
742,246,21, 4
743,246,21, 4
744,246,21, 4
745,246,21, 4
746,246,21, 4
747,246,21, 4
748,246,21, 4
749,246,21, 4
750,246,21, 4
751,246,21, 4
752,246,21, 4
753,246,21, 4
754,246,21, 4
755,246,21, 4
756,246,21, 4
757,246,21, 4
758,246,21, 4
759,246,21, 4
760,246,21, 4
761,246,21, 4
762,246,21, 4
763,246,21, 4
764,246,21, 4
765,246,21, 4
766,246,21, 4
767,246,21, 4
768,246,21, 4
769,246,21, 4
770,246,21, 4
771,246,21, 4
772,246,21, 4
773,246,21, 4
774,246,21, 4
775,246,21, 4
776,246,21, 4
777,246,21, 4
778,246,21, 4
779,246,21, 4
780,246,21, 4
781,246,21, 4
782,246,21, 4
783,246,21, 4
784,246,21, 4
785,246,21, 4
786,246,21, 4
787,246,21, 4
788,246,21, 4
789,246,21, 4
790,246,21, 4
791,246,21, 4
792,246,21, 4
793,246,21, 4
794,246,21, 4
795,246,21, 4
796,246,21, 4
797,246,21, 4
798,246,21, 4
799,246,21, 4
800,246,21, 4
801,246,21, 4
802,246,21, 4
803,246,21, 4
804,246,21, 4
805,246,21, 4
806,246,21, 4
807,246,21, 4
808,246,21, 4
809,246,21, 4
810,246,21, 4
811,246,21, 4
812,246,21, 4
813,246,21, 4
814,246,21, 4
815,246,21, 4
816,246,21, 4
817,246,21, 4
818,246,21, 4
819,246,21, 4
820,246,21, 4
821,246,21, 4
822,246,21, 4
823,246,21, 4
824,246,21, 4
825,246,21, 4
826,246,21, 4
827,246,21, 4
828,246,21, 4
829,246,21, 4
830,246,21, 4
831,246,21, 4
832,246,21, 4
833,246,21, 4
834,246,21, 4
835,246,21, 4
836,246,21, 4
837,246,21, 4
838,246,21, 4
839,246,21, 4
840,246,21, 4
841,246,21, 4
842,246,21, 4
843,246,21, 4
844,246,21, 4
845,246,21, 4
846,246,21, 4
847,246,21, 4
848,246,21, 4
849,246,21, 4
850,246,21, 4
851,246,21, 4
852,246,21, 4
853,246,21, 4
854,246,21, 4
855,246,21, 4
856,246,21, 4
857,246,21, 4
858,246,21, 4
859,246,21, 4
860,246,21, 4
861,246,21, 4
862,246,21, 4
863,246,21, 4
864,246,21, 4
865,246,21, 4
866,246,21, 4
867,246,21, 4
868,246,21, 4
869,246,21, 4
870,246,21, 4
871,246,21, 4
872,246,21, 4
873,246,21, 4
874,246,21, 4
875,246,21, 4
876,246,21, 4
877,246,21, 4
878,246,21, 4
879,246,21, 4
880,246,21, 4
881,246,21, 4
882,246,21, 4
883,246,21, 4
884,246,21, 4
885,246,21, 4
886,246,21, 4
887,246,21, 4
888,246,21, 4
889,246,21, 4
890,246,21, 4
891,246,21, 4
892,246,21, 4
893,246,21, 4
894,246,21, 4
895,246,21, 4
896,246,21, 4
897,246,21, 4
898,246,21, 4
899,246,21, 4
900,246,21, 4
901,246,21, 4
902,246,21, 4
903,246,21, 4
904,246,21, 4
905,246,21, 4
906,246,21, 4
907,246,21, 4
908,246,21, 4
909,246,21, 4
910,246,21, 4
911,246,21, 4
912,246,21, 4
913,246,21, 4
914,246,21, 4
915,246,21, 4
916,246,21, 4
917,246,21, 4
918,246,21, 4
919,246,21, 4
920,246,21, 4
921,246,21, 4
922,246,21, 4
923,246,21, 4
924,246,21, 4
925,246,21, 4
926,246,21, 4
927,246,21, 4
928,246,21, 4
929,246,21, 4
930,246,21, 4
931,246,21, 4
932,246,21, 4
933,246,21, 4
934,246,21, 4
935,246,21, 4
936,246,21, 4
937,246,21, 4
938,246,21, 4
939,246,21, 4
940,246,21, 4
941,246,21, 4
942,246,21, 4
943,246,21, 4
944,246,21, 4
945,246,21, 4
946,246,21, 4
947,246,21, 4
948,246,21, 4
949,246,21, 4
950,246,21, 4
951,246,21, 4
952,246,21, 4
953,246,21, 4
954,246,21, 4
955,246,21, 4
956,246,21, 4
957,246,21, 4
958,246,21, 4
959,246,21, 4
960,246,21, 4
961,246,21, 4
962,246,21, 4
963,246,21, 4
964,246,21, 4
965,246,21, 4
966,246,21, 4
967,246,21, 4
968,246,21, 4
969,246,21, 4
970,246,21, 4
971,246,21, 4
972,246,21, 4
973,246,21, 4
974,246,21, 4
975,246,21, 4
976,246,21, 4
977,246,21, 4
978,246,21, 4
979,246,21, 4
980,246,21, 4
981,246,21, 4
982,246,21, 4
983,246,21, 4
984,246,21, 4
985,246,21, 4
986,246,21, 4
987,246,21, 4
988,246,21, 4
989,246,21, 4
990,246,21, 4
991,246,21, 4
992,246,21, 4
993,246,21, 4
994,246,21, 4
995,246,21, 4
996,246,21, 4
997,246,21, 4
998,246,21, 4
999,246,21, 4
1000,246,21, 4
1001,246,21, 4
1002,246,21, 4
1003,246,21, 4
1004,246,21, 4
1005,246,21, 4
1006,246,21, 4
1007,246,21, 4
1008,246,21, 4
1009,246,21, 4
1010,246,21, 4
1011,246,21, 4
1012,246,21, 4
1013,246,21, 4
1014,246,21, 4
1015,246,21, 4
1016,246,21, 4
1017,246,21, 4
1018,246,21, 4
1019,246,21, 4
1020,246,21, 4
1021,246,21, 4
1022,246,21, 4
1023,246,21, 4
1024,246,21, 4
1025,246,21, 4
1026,246,21, 4
1027,246,21, 4
1028,246,21, 4
1029,246,21, 4
1030,246,21, 4
1031,246,21, 4
1032,246,21, 4
1033,246,21, 4
1034,246,21, 4
1035,246,21, 4
1036,246,21, 4
1037,246,21, 4
1038,246,21, 4
1039,246,21, 4
1040,246,21, 4
1041,246,21, 4
1042,246,21, 4
1043,246,21, 4
1044,246,21, 4
1045,246,21, 4
1046,246,21, 4
1047,246,21, 4
1048,246,21, 4
1049,246,21, 4
1050,246,21, 4
1051,246,21, 4
1052,246,21, 4
1053,246,21, 4
1054,246,21, 4
1055,246,21, 4
1056,246,21, 4
1057,246,21, 4
1058,246,21, 4
1059,246,21, 4
1060,246,21, 4
1061,246,21, 4
1062,246,21, 4
1063,246,21, 4
1064,246,21, 4
1065,246,21, 4
1066,246,21, 4
1067,246,21, 4
1068,246,21, 4
1069,246,21, 4
1070,246,21, 4
1071,246,21, 4
1072,246,21, 4
1073,246,21, 4
1074,246,21, 4
1075,246,21, 4
1076,246,21, 4
1077,246,21, 4
1078,246,21, 4
1079,246,21, 4
1080,246,21, 4
1081,246,21, 4
1082,246,21, 4
1083,246,21, 4
1084,246,21, 4
1085,246,21, 4
1086,246,21, 4
1087,246,21, 4
1088,246,21, 4
1089,246,21, 4
1090,246,21, 4
1091,246,21, 4
1092,246,21, 4
1093,246,21, 4
1094,246,21, 4
1095,246,21, 4
1096,246,21, 4
1097,246,21, 4
1098,246,21, 4
1099,246,21, 4
1100,246,21, 4
1101,246,21, 4
1102,246,21, 4
1103,246,21, 4
1104,246,21, 4
1105,246,21, 4
1106,246,21, 4
1107,246,21, 4
1108,246,21, 4
1109,246,21, 4
1110,246,21, 4
1111,246,21, 4
1112,246,21, 4
1113,246,21, 4
1114,246,21, 4
1115,246,21, 4
1116,246,21, 4
1117,246,21, 4
1118,246,21, 4
1119,246,21, 4
1120,246,21, 4
1121,246,21, 4
1122,246,21, 4
1123,246,21, 4
1124,246,21, 4
1125,246,21, 4
1126,246,21, 4
1127,246,21, 4
1128,246,21, 4
1129,246,21, 4
1130,246,21, 4
1131,246,21, 4
1132,246,21, 4
1133,246,21, 4
1134,246,21, 4
1135,246,21, 4
1136,246,21, 4
1137,246,21, 4
1138,246,21, 4
1139,246,21, 4
1140,246,21, 4
1141,246,21, 4
1142,246,21, 4
1143,246,21, 4
1144,246,21, 4
1145,246,21, 4
1146,246,21, 4
1147,246,21, 4
1148,246,21, 4
1149,246,21, 4
1150,246,21, 4
1151,246,21, 4
1152,246,21, 4
1153,246,21, 4
1154,246,21, 4
1155,246,21, 4
1156,246,21, 4
1157,246,21, 4
1158,246,21, 4
1159,246,21, 4
1160,246,21, 4
1161,246,21, 4
1162,246,21, 4
1163,246,21, 4
1164,246,21, 4
1165,246,21, 4
1166,246,21, 4
1167,246,21, 4
1168,246,21, 4
1169,246,21, 4
1170,246,21, 4
1171,246,21, 4
1172,246,21, 4
1173,246,21, 4
1174,246,21, 4
1175,246,21, 4
1176,246,21, 4
1177,246,21, 4
1178,246,21, 4
1179,246,21, 4
1180,246,21, 4
1181,245,20, 5
1182,245,20, 5
1183,245,20, 5
1184,245,20, 5
1185,245,20, 5
1186,245,20, 5
1187,245,20, 5
1188,245,20, 5
1189,245,20, 5
1190,245,20, 5
1191,245,20, 5
1192,245,20, 5
1193,245,20, 5
1194,245,20, 5
1195,245,20, 5
1196,245,20, 5
1197,245,20, 5
1198,245,20, 5
1199,245,20, 5
1200,245,20, 5
1201,245,20, 5
1202,245,20, 5
1203,245,20, 5
1204,245,20, 5
1205,245,20, 5
1206,245,20, 5
1207,245,20, 5
1208,245,20, 5
1209,245,20, 5
1210,245,20, 5
1211,245,20, 5
1212,245,20, 5
1213,245,20, 5
1214,245,20, 5
1215,245,20, 5
1216,245,20, 5
1217,245,20, 5
1218,245,20, 5
1219,245,20, 5
1220,245,20, 5
1221,245,20, 5
1222,245,20, 5
1223,245,20, 5
1224,245,20, 5
1225,245,20, 5
1226,245,20, 5
1227,245,20, 5
1228,245,20, 5
1229,245,20, 5
1230,245,20, 5
1231,245,20, 5
1232,245,20, 5
1233,245,20, 5
1234,245,20, 5
1235,245,20, 5
1236,245,20, 5
1237,245,20, 5
1238,245,20, 5
1239,245,20, 5
1240,245,20, 5
1241,245,20, 5
1242,245,20, 5
1243,245,20, 5
1244,245,20, 5
1245,245,20, 5
1246,245,20, 5
1247,245,20, 5
1248,245,20, 5
1249,245,20, 5
1250,245,20, 5
1251,245,20, 5
1252,245,20, 5
1253,245,20, 5
1254,245,20, 5
1255,245,20, 5
1256,245,20, 5
1257,245,20, 5
1258,245,20, 5
1259,245,20, 5
1260,245,20, 5
1261,245,20, 5
1262,245,20, 5
1263,245,20, 5
1264,245,20, 5
1265,245,20, 5
1266,245,20, 5
1267,245,20, 5
1268,245,20, 5
1269,245,20, 5
1270,245,20, 5
1271,245,20, 5
1272,245,20, 5
1273,245,20, 5
1274,245,20, 5
1275,245,20, 5
1276,245,20, 5
1277,245,20, 5
1278,245,20, 5
1279,245,20, 5
1280,245,20, 5
1281,245,20, 5
1282,245,20, 5
1283,245,20, 5
1284,245,20, 5
1285,245,20, 5
1286,245,20, 5
1287,245,20, 5
1288,245,20, 5
1289,245,20, 5
1290,245,20, 5
1291,245,20, 5
1292,245,20, 5
1293,245,20, 5
1294,245,20, 5
1295,245,20, 5
1296,245,20, 5
1297,245,20, 5
1298,245,20, 5
1299,245,20, 5
1300,245,20, 5
1301,245,20, 5
1302,245,20, 5
1303,245,20, 5
1304,245,20, 5
1305,245,20, 5
1306,245,20, 5
1307,245,20, 5
1308,245,20, 5
1309,245,20, 5
1310,245,20, 5
1311,245,20, 5
1312,245,20, 5
1313,245,20, 5
1314,245,20, 5
1315,245,20, 5
1316,245,20, 5
1317,245,20, 5
1318,245,20, 5
1319,245,20, 5
1320,245,20, 5
1321,245,20, 5
1322,245,20, 5
1323,245,20, 5
1324,245,20, 5
1325,245,20, 5
1326,245,20, 5
1327,245,20, 5
1328,245,20, 5
1329,245,20, 5
1330,245,20, 5
1331,245,20, 5
1332,245,20, 5
1333,245,20, 5
1334,245,20, 5
1335,245,20, 5
1336,245,20, 5
1337,245,20, 5
1338,245,20, 5
1339,245,20, 5
1340,245,20, 5
1341,245,20, 5
1342,245,20, 5
1343,245,20, 5
1344,245,20, 5
1345,245,20, 5
1346,245,20, 5
1347,245,20, 5
1348,245,20, 5
1349,245,20, 5
1350,245,20, 5
1351,245,20, 5
1352,245,20, 5
1353,245,20, 5
1354,245,20, 5
1355,245,20, 5
1356,245,20, 5
1357,245,20, 5
1358,245,20, 5
1359,245,20, 5
1360,245,20, 5
1361,245,20, 5
1362,245,20, 5
1363,245,20, 5
1364,245,20, 5
1365,245,20, 5
1366,245,20, 5
1367,245,20, 5
1368,245,20, 5
1369,245,20, 5
1370,245,20, 5
1371,245,20, 5
1372,245,20, 5
1373,245,20, 5
1374,245,20, 5
1375,245,20, 5
1376,245,20, 5
1377,245,20, 5
1378,245,20, 5
1379,245,20, 5
1380,245,20, 5
1381,245,20, 5
1382,245,20, 5
1383,245,20, 5
1384,245,20, 5
1385,245,20, 5
1386,245,20, 5
1387,245,20, 5
1388,245,20, 5
1389,245,20, 5
1390,245,20, 5
1391,245,20, 5
1392,245,20, 5
1393,245,20, 5
1394,245,20, 5
1395,245,20, 5
1396,245,20, 5
1397,245,20, 5
1398,245,20, 5
1399,245,20, 5
1400,245,20, 5
1401,245,20, 5
1402,245,20, 5
1403,245,20, 5
1404,245,20, 5
1405,245,20, 5
1406,245,20, 5
1407,245,20, 5
1408,245,20, 5
1409,245,20, 5
1410,245,20, 5
1411,245,20, 5
1412,245,20, 5
1413,245,20, 5
1414,245,20, 5
1415,245,20, 5
1416,245,20, 5
1417,245,20, 5
1418,245,20, 5
1419,245,20, 5
1420,245,20, 5
1421,245,20, 5
1422,245,20, 5
1423,245,20, 5
1424,245,20, 5
1425,245,20, 5
1426,245,20, 5
1427,245,20, 5
1428,245,20, 5
1429,245,20, 5
1430,245,20, 5
1431,245,20, 5
1432,245,20, 5
1433,245,20, 5
1434,245,20, 5
1435,245,20, 5
1436,245,20, 5
1437,245,20, 5
1438,245,20, 5
1439,245,20, 5
1440,245,20, 5
1441,245,20, 5
1442,245,20, 5
1443,245,20, 5
1444,245,20, 5
1445,245,20, 5
1446,245,20, 5
1447,245,20, 5
1448,245,20, 5
1449,245,20, 5
1450,245,20, 5
1451,245,20, 5
1452,245,20, 5
1453,245,20, 5
1454,245,20, 5
1455,245,20, 5
1456,245,20, 5
1457,245,20, 5
1458,245,20, 5
1459,245,20, 5
1460,245,20, 5
1461,245,20, 5
1462,245,20, 5
1463,245,20, 5
1464,245,20, 5
1465,245,20, 5
1466,245,20, 5
1467,245,20, 5
1468,245,20, 5
1469,245,20, 5
1470,245,20, 5
1471,245,20, 5
1472,245,20, 5
1473,245,20, 5
1474,245,20, 5
1475,245,20, 5
1476,245,20, 5
1477,245,20, 5
1478,245,20, 5
1479,245,20, 5
1480,245,20, 5
1481,245,20, 5
1482,245,20, 5
1483,245,20, 5
1484,245,20, 5
1485,245,20, 5
1486,245,20, 5
1487,245,20, 5
1488,245,20, 5
1489,245,20, 5
1490,245,20, 5
1491,245,20, 5
1492,245,20, 5
1493,245,20, 5
1494,245,20, 5
1495,245,20, 5
1496,245,20, 5
1497,245,20, 5
1498,245,20, 5
1499,245,20, 5
