0,249,24, 1
1,249,24, 1
2,249,24, 1
3,249,24, 1
4,249,24, 1
5,249,24, 1
6,249,24, 1
7,249,24, 1
8,249,24, 1
9,249,24, 1
10,249,24, 1
11,249,24, 1
12,249,24, 1
13,249,24, 1
14,249,24, 1
15,249,24, 1
16,249,24, 1
17,249,24, 1
18,249,24, 1
19,249,24, 1
20,249,24, 1
21,249,24, 1
22,249,24, 1
23,249,24, 1
24,249,24, 1
25,249,24, 1
26,249,24, 1
27,249,24, 1
28,249,24, 1
29,249,24, 1
30,249,24, 1
31,249,24, 1
32,249,24, 1
33,249,24, 1
34,249,24, 1
35,249,24, 1
36,249,24, 1
37,249,24, 1
38,249,24, 1
39,249,24, 1
40,249,24, 1
41,249,24, 1
42,249,24, 1
43,249,24, 1
44,249,24, 1
45,249,24, 1
46,249,24, 1
47,249,24, 1
48,249,24, 1
49,249,24, 1
50,249,24, 1
51,249,24, 1
52,249,24, 1
53,249,24, 1
54,249,24, 1
55,249,24, 1
56,249,24, 1
57,249,24, 1
58,249,24, 1
59,249,24, 1
60,249,24, 1
61,249,24, 1
62,249,24, 1
63,249,24, 1
64,249,24, 1
65,249,24, 1
66,249,24, 1
67,249,24, 1
68,249,24, 1
69,249,24, 1
70,249,24, 1
71,249,24, 1
72,249,24, 1
73,249,24, 1
74,249,24, 1
75,249,24, 1
76,249,24, 1
77,249,24, 1
78,249,24, 1
79,249,24, 1
80,249,24, 1
81,249,24, 1
82,249,24, 1
83,249,24, 1
84,249,24, 1
85,249,24, 1
86,249,24, 1
87,249,24, 1
88,249,24, 1
89,249,24, 1
90,249,24, 1
91,249,24, 1
92,249,24, 1
93,249,24, 1
94,249,24, 1
95,249,24, 1
96,249,24, 1
97,249,24, 1
98,249,24, 1
99,249,24, 1
100,249,24, 1
101,249,24, 1
102,249,24, 1
103,249,24, 1
104,249,24, 1
105,249,24, 1
106,249,24, 1
107,249,24, 1
108,249,24, 1
109,249,24, 1
110,249,24, 1
111,249,24, 1
112,249,24, 1
113,249,24, 1
114,249,24, 1
115,249,24, 1
116,249,24, 1
117,249,24, 1
118,249,24, 1
119,249,24, 1
120,248,23, 2
121,248,23, 2
122,248,23, 2
123,248,23, 2
124,248,23, 2
125,248,23, 2
126,248,23, 2
127,248,23, 2
128,248,23, 2
129,248,23, 2
130,248,23, 2
131,248,23, 2
132,248,23, 2
133,248,23, 2
134,248,23, 2
135,248,23, 2
136,248,23, 2
137,248,23, 2
138,248,23, 2
139,248,23, 2
140,248,23, 2
141,248,23, 2
142,248,23, 2
143,248,23, 2
144,248,23, 2
145,248,23, 2
146,248,23, 2
147,248,23, 2
148,248,23, 2
149,248,23, 2
150,248,23, 2
151,248,23, 2
152,248,23, 2
153,248,23, 2
154,248,23, 2
155,248,23, 2
156,248,23, 2
157,248,23, 2
158,248,23, 2
159,248,23, 2
160,248,23, 2
161,248,23, 2
162,248,23, 2
163,248,23, 2
164,248,23, 2
165,248,23, 2
166,248,23, 2
167,248,23, 2
168,248,23, 2
169,248,23, 2
170,248,23, 2
171,248,23, 2
172,248,23, 2
173,248,23, 2
174,248,23, 2
175,248,23, 2
176,248,23, 2
177,248,23, 2
178,248,23, 2
179,248,23, 2
180,248,23, 2
181,248,23, 2
182,248,23, 2
183,248,23, 2
184,248,23, 2
185,248,23, 2
186,248,23, 2
187,248,23, 2
188,248,23, 2
189,248,23, 2
190,248,23, 2
191,248,23, 2
192,248,23, 2
193,248,23, 2
194,248,23, 2
195,248,23, 2
196,248,23, 2
197,248,23, 2
198,248,23, 2
199,248,23, 2
200,248,23, 2
201,248,23, 2
202,248,23, 2
203,248,23, 2
204,248,23, 2
205,248,23, 2
206,248,23, 2
207,248,23, 2
208,248,23, 2
209,248,23, 2
210,248,23, 2
211,248,23, 2
212,248,23, 2
213,248,23, 2
214,248,23, 2
215,248,23, 2
216,248,23, 2
217,248,23, 2
218,248,23, 2
219,248,23, 2
220,248,23, 2
221,248,23, 2
222,246,21, 4
223,246,21, 4
224,246,21, 4
225,246,21, 4
226,246,21, 4
227,246,21, 4
228,246,21, 4
229,246,21, 4
230,246,21, 4
231,246,21, 4
232,246,21, 4
233,246,21, 4
234,246,21, 4
235,246,21, 4
236,246,21, 4
237,246,21, 4
238,246,21, 4
239,245,20, 5
240,245,20, 5
241,245,20, 5
242,245,20, 5
243,245,20, 5
244,245,20, 5
245,245,20, 5
246,245,20, 5
247,245,20, 5
248,245,20, 5
249,245,20, 5
250,245,20, 5
251,245,20, 5
252,245,20, 5
253,245,20, 5
254,245,20, 5
255,245,20, 5
256,245,20, 5
257,245,20, 5
258,244,19, 6
259,244,19, 6
260,244,19, 6
261,244,19, 6
262,244,19, 6
263,244,19, 6
264,244,19, 6
265,244,19, 6
266,244,19, 6
267,244,19, 6
268,244,19, 6
269,244,19, 6
270,244,19, 6
271,244,19, 6
272,244,19, 6
273,244,19, 6
274,244,19, 6
275,244,19, 6
276,244,19, 6
277,244,19, 6
278,244,19, 6
279,244,19, 6
280,244,19, 6
281,244,19, 6
282,244,19, 6
283,244,19, 6
284,244,19, 6
285,244,19, 6
286,244,19, 6
287,244,19, 6
288,244,19, 6
289,244,19, 6
290,244,19, 6
291,244,19, 6
292,244,19, 6
293,244,19, 6
294,244,19, 6
295,244,19, 6
296,244,19, 6
297,244,19, 6
298,244,19, 6
299,244,19, 6
300,244,19, 6
301,244,19, 6
302,244,19, 6
303,244,19, 6
304,244,19, 6
305,244,19, 6
306,244,19, 6
307,244,19, 6
308,244,19, 6
309,244,19, 6
310,244,19, 6
311,244,19, 6
312,244,19, 6
313,244,19, 6
314,244,19, 6
315,244,19, 6
316,244,19, 6
317,244,19, 6
318,244,19, 6
319,244,19, 6
320,244,19, 6
321,244,19, 6
322,244,19, 6
323,244,19, 6
324,244,19, 6
325,244,19, 6
326,244,19, 6
327,244,19, 6
328,244,19, 6
329,244,19, 6
330,244,19, 6
331,244,19, 6
332,244,19, 6
333,244,19, 6
334,244,19, 6
335,244,19, 6
336,244,19, 6
337,244,19, 6
338,244,19, 6
339,244,19, 6
340,244,19, 6
341,244,19, 6
342,244,19, 6
343,244,19, 6
344,244,19, 6
345,244,19, 6
346,244,19, 6
347,244,19, 6
348,244,19, 6
349,244,19, 6
350,244,19, 6
351,244,19, 6
352,244,19, 6
353,244,19, 6
354,244,19, 6
355,244,19, 6
356,244,19, 6
357,244,19, 6
358,244,19, 6
359,244,19, 6
360,244,19, 6
361,244,19, 6
362,244,19, 6
363,244,19, 6
364,244,19, 6
365,244,19, 6
366,244,19, 6
367,244,19, 6
368,244,19, 6
369,244,19, 6
370,244,19, 6
371,244,19, 6
372,244,19, 6
373,244,19, 6
374,244,19, 6
375,244,19, 6
376,244,19, 6
377,244,19, 6
378,244,19, 6
379,244,19, 6
380,244,19, 6
381,244,19, 6
382,244,19, 6
383,244,19, 6
384,244,19, 6
385,244,19, 6
386,244,19, 6
387,244,19, 6
388,244,19, 6
389,244,19, 6
390,244,19, 6
391,244,19, 6
392,244,19, 6
393,244,19, 6
394,244,19, 6
395,244,19, 6
396,244,19, 6
397,244,19, 6
398,244,19, 6
399,244,19, 6
400,244,19, 6
401,244,19, 6
402,244,19, 6
403,244,19, 6
404,244,19, 6
405,244,19, 6
406,244,19, 6
407,244,19, 6
408,244,19, 6
409,244,19, 6
410,244,19, 6
411,244,19, 6
412,244,19, 6
413,244,19, 6
414,244,19, 6
415,244,19, 6
416,244,19, 6
417,244,19, 6
418,244,19, 6
419,244,19, 6
420,244,19, 6
421,244,19, 6
422,244,19, 6
423,244,19, 6
424,244,19, 6
425,244,19, 6
426,244,19, 6
427,244,19, 6
428,244,19, 6
429,244,19, 6
430,244,19, 6
431,244,19, 6
432,244,19, 6
433,244,19, 6
434,244,19, 6
435,244,19, 6
436,244,19, 6
437,244,19, 6
438,244,19, 6
439,244,19, 6
440,244,19, 6
441,244,19, 6
442,244,19, 6
443,244,19, 6
444,244,19, 6
445,244,19, 6
446,244,19, 6
447,244,19, 6
448,244,19, 6
449,244,19, 6
450,244,19, 6
451,244,19, 6
452,244,19, 6
453,244,19, 6
454,244,19, 6
455,244,19, 6
456,244,19, 6
457,244,19, 6
458,244,19, 6
459,244,19, 6
460,244,19, 6
461,244,19, 6
462,244,19, 6
463,244,19, 6
464,244,19, 6
465,244,19, 6
466,244,19, 6
467,244,19, 6
468,244,19, 6
469,244,19, 6
470,244,19, 6
471,244,19, 6
472,244,19, 6
473,244,19, 6
474,244,19, 6
475,244,19, 6
476,244,19, 6
477,244,19, 6
478,244,19, 6
479,244,19, 6
480,244,19, 6
481,244,19, 6
482,244,19, 6
483,244,19, 6
484,244,19, 6
485,244,19, 6
486,244,19, 6
487,244,19, 6
488,243,18, 7
489,243,18, 7
490,243,18, 7
491,243,18, 7
492,243,18, 7
493,243,18, 7
494,243,18, 7
495,243,18, 7
496,243,18, 7
497,243,18, 7
498,243,18, 7
499,243,18, 7
500,243,18, 7
501,243,18, 7
502,243,18, 7
503,243,18, 7
504,243,18, 7
505,243,18, 7
506,243,18, 7
507,243,18, 7
508,243,18, 7
509,243,18, 7
510,243,18, 7
511,243,18, 7
512,243,18, 7
513,243,18, 7
514,243,18, 7
515,243,18, 7
516,243,18, 7
517,243,18, 7
518,243,18, 7
519,243,18, 7
520,243,18, 7
521,243,18, 7
522,243,18, 7
523,243,18, 7
524,243,18, 7
525,243,18, 7
526,243,18, 7
527,243,18, 7
528,243,18, 7
529,243,18, 7
530,243,18, 7
531,243,18, 7
532,243,18, 7
533,243,18, 7
534,243,18, 7
535,243,18, 7
536,243,18, 7
537,243,18, 7
538,243,18, 7
539,243,18, 7
540,243,18, 7
541,243,18, 7
542,243,18, 7
543,243,18, 7
544,243,18, 7
545,243,18, 7
546,243,18, 7
547,243,18, 7
548,243,18, 7
549,243,18, 7
550,243,18, 7
551,243,18, 7
552,243,18, 7
553,243,18, 7
554,243,18, 7
555,243,18, 7
556,243,18, 7
557,243,18, 7
558,243,18, 7
559,243,18, 7
560,243,18, 7
561,243,18, 7
562,243,18, 7
563,243,18, 7
564,243,18, 7
565,243,18, 7
566,243,18, 7
567,243,18, 7
568,243,18, 7
569,243,18, 7
570,243,18, 7
571,243,18, 7
572,243,18, 7
573,243,18, 7
574,243,18, 7
575,243,18, 7
576,243,18, 7
577,243,18, 7
578,243,18, 7
579,243,18, 7
580,243,18, 7
581,243,18, 7
582,243,18, 7
583,243,18, 7
584,243,18, 7
585,243,18, 7
586,243,18, 7
587,243,18, 7
588,243,18, 7
589,243,18, 7
590,243,18, 7
591,243,18, 7
592,243,18, 7
593,243,18, 7
594,243,18, 7
595,243,18, 7
596,243,18, 7
597,243,18, 7
598,243,18, 7
599,243,18, 7
600,242,17, 8
601,242,17, 8
602,242,17, 8
603,242,17, 8
604,242,17, 8
605,242,17, 8
606,242,17, 8
607,242,17, 8
608,242,17, 8
609,242,17, 8
610,242,17, 8
611,242,17, 8
612,242,17, 8
613,242,17, 8
614,242,17, 8
615,242,17, 8
616,242,17, 8
617,242,17, 8
618,242,17, 8
619,242,17, 8
620,242,17, 8
621,242,17, 8
622,242,17, 8
623,242,17, 8
624,242,17, 8
625,242,17, 8
626,242,17, 8
627,242,17, 8
628,242,17, 8
629,242,17, 8
630,242,17, 8
631,242,17, 8
632,242,17, 8
633,242,17, 8
634,242,17, 8
635,242,17, 8
636,242,17, 8
637,242,17, 8
638,242,17, 8
639,242,17, 8
640,242,17, 8
641,242,17, 8
642,242,17, 8
643,242,17, 8
644,242,17, 8
645,242,17, 8
646,242,17, 8
647,242,17, 8
648,242,17, 8
649,242,17, 8
650,242,17, 8
651,242,17, 8
652,242,17, 8
653,242,17, 8
654,242,17, 8
655,242,17, 8
656,242,17, 8
657,242,17, 8
658,242,17, 8
659,242,17, 8
660,242,17, 8
661,242,17, 8
662,242,17, 8
663,242,17, 8
664,242,17, 8
665,242,17, 8
666,242,17, 8
667,242,17, 8
668,242,17, 8
669,242,17, 8
670,242,17, 8
671,242,17, 8
672,242,17, 8
673,242,17, 8
674,242,17, 8
675,242,17, 8
676,242,17, 8
677,242,17, 8
678,242,17, 8
679,242,17, 8
680,242,17, 8
681,242,17, 8
682,242,17, 8
683,242,17, 8
684,242,17, 8
685,242,17, 8
686,242,17, 8
687,242,17, 8
688,242,17, 8
689,242,17, 8
690,242,17, 8
691,242,17, 8
692,242,17, 8
693,242,17, 8
694,242,17, 8
695,242,17, 8
696,242,17, 8
697,242,17, 8
698,242,17, 8
699,242,17, 8
700,242,17, 8
701,242,17, 8
702,242,17, 8
703,242,17, 8
704,242,17, 8
705,242,17, 8
706,242,17, 8
707,242,17, 8
708,242,17, 8
709,242,17, 8
710,242,17, 8
711,242,17, 8
712,242,17, 8
713,242,17, 8
714,242,17, 8
715,242,17, 8
716,242,17, 8
717,242,17, 8
718,242,17, 8
719,242,17, 8
720,242,17, 8
721,242,17, 8
722,242,17, 8
723,242,17, 8
724,242,17, 8
725,242,17, 8
726,242,17, 8
727,242,17, 8
728,242,17, 8
729,242,17, 8
730,242,17, 8
731,242,17, 8
732,242,17, 8
733,242,17, 8
734,242,17, 8
735,242,17, 8
736,242,17, 8
737,242,17, 8
738,242,17, 8
739,242,17, 8
740,242,17, 8
741,242,17, 8
742,242,17, 8
743,242,17, 8
744,242,17, 8
745,242,17, 8
746,242,17, 8
747,242,17, 8
748,242,17, 8
749,242,17, 8
750,242,17, 8
751,242,17, 8
752,242,17, 8
753,242,17, 8
754,242,17, 8
755,242,17, 8
756,242,17, 8
757,242,17, 8
758,242,17, 8
759,242,17, 8
760,242,17, 8
761,242,17, 8
762,242,17, 8
763,242,17, 8
764,242,17, 8
765,242,17, 8
766,242,17, 8
767,242,17, 8
768,242,17, 8
769,242,17, 8
770,242,17, 8
771,242,17, 8
772,242,17, 8
773,242,17, 8
774,242,17, 8
775,242,17, 8
776,242,17, 8
777,242,17, 8
778,242,17, 8
779,242,17, 8
780,242,17, 8
781,242,17, 8
782,242,17, 8
783,242,17, 8
784,242,17, 8
785,242,17, 8
786,242,17, 8
787,242,17, 8
788,242,17, 8
789,242,17, 8
790,242,17, 8
791,242,17, 8
792,242,17, 8
793,242,17, 8
794,242,17, 8
795,242,17, 8
796,242,17, 8
797,242,17, 8
798,242,17, 8
799,242,17, 8
800,242,17, 8
801,242,17, 8
802,242,17, 8
803,242,17, 8
804,242,17, 8
805,242,17, 8
806,242,17, 8
807,242,17, 8
808,242,17, 8
809,242,17, 8
810,242,17, 8
811,242,17, 8
812,242,17, 8
813,242,17, 8
814,242,17, 8
815,242,17, 8
816,242,17, 8
817,242,17, 8
818,242,17, 8
819,242,17, 8
820,242,17, 8
821,242,17, 8
822,242,17, 8
823,242,17, 8
824,242,17, 8
825,242,17, 8
826,242,17, 8
827,242,17, 8
828,242,17, 8
829,242,17, 8
830,242,17, 8
831,242,17, 8
832,242,17, 8
833,242,17, 8
834,242,17, 8
835,242,17, 8
836,242,17, 8
837,242,17, 8
838,242,17, 8
839,242,17, 8
840,242,17, 8
841,242,17, 8
842,242,17, 8
843,242,17, 8
844,242,17, 8
845,242,17, 8
846,242,17, 8
847,242,17, 8
848,242,17, 8
849,242,17, 8
850,242,17, 8
851,242,17, 8
852,242,17, 8
853,242,17, 8
854,242,17, 8
855,242,17, 8
856,242,17, 8
857,242,17, 8
858,242,17, 8
859,242,17, 8
860,242,17, 8
861,242,17, 8
862,242,17, 8
863,242,17, 8
864,242,17, 8
865,242,17, 8
866,242,17, 8
867,242,17, 8
868,242,17, 8
869,242,17, 8
870,242,17, 8
871,242,17, 8
872,242,17, 8
873,242,17, 8
874,242,17, 8
875,242,17, 8
876,242,17, 8
877,242,17, 8
878,242,17, 8
879,242,17, 8
880,242,17, 8
881,242,17, 8
882,242,17, 8
883,242,17, 8
884,242,17, 8
885,242,17, 8
886,242,17, 8
887,242,17, 8
888,242,17, 8
889,242,17, 8
890,242,17, 8
891,242,17, 8
892,242,17, 8
893,242,17, 8
894,242,17, 8
895,242,17, 8
896,242,17, 8
897,242,17, 8
898,242,17, 8
899,242,17, 8
900,242,17, 8
901,242,17, 8
902,242,17, 8
903,242,17, 8
904,242,17, 8
905,241,16, 9
906,241,16, 9
907,241,16, 9
908,241,16, 9
909,241,16, 9
910,241,16, 9
911,241,16, 9
912,241,16, 9
913,241,16, 9
914,241,16, 9
915,241,16, 9
916,241,16, 9
917,241,16, 9
918,241,16, 9
919,241,16, 9
920,241,16, 9
921,241,16, 9
922,241,16, 9
923,241,16, 9
924,241,16, 9
925,241,16, 9
926,241,16, 9
927,241,16, 9
928,241,16, 9
929,241,16, 9
930,241,16, 9
931,241,16, 9
932,241,16, 9
933,241,16, 9
934,241,16, 9
935,241,16, 9
936,241,16, 9
937,241,16, 9
938,241,16, 9
939,241,16, 9
940,241,16, 9
941,241,16, 9
942,241,16, 9
943,241,16, 9
944,241,16, 9
945,241,16, 9
946,241,16, 9
947,241,16, 9
948,241,16, 9
949,241,16, 9
950,241,16, 9
951,241,16, 9
952,241,16, 9
953,241,16, 9
954,241,16, 9
955,241,16, 9
956,241,16, 9
957,241,16, 9
958,241,16, 9
959,241,16, 9
960,241,16, 9
961,241,16, 9
962,241,16, 9
963,241,16, 9
964,241,16, 9
965,241,16, 9
966,241,16, 9
967,241,16, 9
968,241,16, 9
969,241,16, 9
970,241,16, 9
971,241,16, 9
972,241,16, 9
973,241,16, 9
974,241,16, 9
975,241,16, 9
976,241,16, 9
977,241,16, 9
978,241,16, 9
979,241,16, 9
980,241,16, 9
981,241,16, 9
982,241,16, 9
983,241,16, 9
984,241,16, 9
985,241,16, 9
986,241,16, 9
987,241,16, 9
988,241,16, 9
989,241,16, 9
990,241,16, 9
991,241,16, 9
992,241,16, 9
993,241,16, 9
994,241,16, 9
995,241,16, 9
996,241,16, 9
997,241,16, 9
998,241,16, 9
999,241,16, 9
1000,241,16, 9
1001,241,16, 9
1002,241,16, 9
1003,241,16, 9
1004,241,16, 9
1005,241,16, 9
1006,241,16, 9
1007,241,16, 9
1008,241,16, 9
1009,241,16, 9
1010,241,16, 9
1011,241,16, 9
1012,241,16, 9
1013,241,16, 9
1014,241,16, 9
1015,241,16, 9
1016,241,16, 9
1017,241,16, 9
1018,241,16, 9
1019,241,16, 9
1020,241,16, 9
1021,241,16, 9
1022,241,16, 9
1023,241,16, 9
1024,241,16, 9
1025,241,16, 9
1026,241,16, 9
1027,241,16, 9
1028,241,16, 9
1029,241,16, 9
1030,241,16, 9
1031,241,16, 9
1032,241,16, 9
1033,241,16, 9
1034,241,16, 9
1035,241,16, 9
1036,241,16, 9
1037,241,16, 9
1038,241,16, 9
1039,241,16, 9
1040,241,16, 9
1041,241,16, 9
1042,241,16, 9
1043,241,16, 9
1044,241,16, 9
1045,241,16, 9
1046,241,16, 9
1047,241,16, 9
1048,241,16, 9
1049,241,16, 9
1050,241,16, 9
1051,241,16, 9
1052,241,16, 9
1053,241,16, 9
1054,241,16, 9
1055,241,16, 9
1056,241,16, 9
1057,241,16, 9
1058,241,16, 9
1059,241,16, 9
1060,241,16, 9
1061,241,16, 9
1062,241,16, 9
1063,241,16, 9
1064,241,16, 9
1065,241,16, 9
1066,241,16, 9
1067,241,16, 9
1068,241,16, 9
1069,241,16, 9
1070,241,16, 9
1071,241,16, 9
1072,241,16, 9
1073,241,16, 9
1074,241,16, 9
1075,241,16, 9
1076,241,16, 9
1077,241,16, 9
1078,241,16, 9
1079,241,16, 9
1080,241,16, 9
1081,241,16, 9
1082,241,16, 9
1083,241,16, 9
1084,241,16, 9
1085,241,16, 9
1086,241,16, 9
1087,241,16, 9
1088,241,16, 9
1089,241,16, 9
1090,241,16, 9
1091,241,16, 9
1092,241,16, 9
1093,241,16, 9
1094,241,16, 9
1095,241,16, 9
1096,241,16, 9
1097,241,16, 9
1098,241,16, 9
1099,241,16, 9
1100,241,16, 9
1101,241,16, 9
1102,241,16, 9
1103,241,16, 9
1104,241,16, 9
1105,241,16, 9
1106,241,16, 9
1107,241,16, 9
1108,241,16, 9
1109,241,16, 9
1110,241,16, 9
1111,241,16, 9
1112,241,16, 9
1113,241,16, 9
1114,241,16, 9
1115,241,16, 9
1116,241,16, 9
1117,241,16, 9
1118,241,16, 9
1119,241,16, 9
1120,241,16, 9
1121,241,16, 9
1122,241,16, 9
1123,241,16, 9
1124,241,16, 9
1125,241,16, 9
1126,241,16, 9
1127,241,16, 9
1128,241,16, 9
1129,241,16, 9
1130,241,16, 9
1131,241,16, 9
1132,241,16, 9
1133,241,16, 9
1134,241,16, 9
1135,241,16, 9
1136,241,16, 9
1137,241,16, 9
1138,241,16, 9
1139,241,16, 9
1140,241,16, 9
1141,241,16, 9
1142,241,16, 9
1143,241,16, 9
1144,241,16, 9
1145,241,16, 9
1146,241,16, 9
1147,241,16, 9
1148,241,16, 9
1149,241,16, 9
1150,241,16, 9
1151,241,16, 9
1152,241,16, 9
1153,241,16, 9
1154,241,16, 9
1155,241,16, 9
1156,241,16, 9
1157,241,16, 9
1158,241,16, 9
1159,241,16, 9
1160,241,16, 9
1161,241,16, 9
1162,241,16, 9
1163,241,16, 9
1164,241,16, 9
1165,241,16, 9
1166,241,16, 9
1167,241,16, 9
1168,241,16, 9
1169,241,16, 9
1170,241,16, 9
1171,241,16, 9
1172,241,16, 9
1173,241,16, 9
1174,241,16, 9
1175,241,16, 9
1176,241,16, 9
1177,241,16, 9
1178,241,16, 9
1179,241,16, 9
1180,241,16, 9
1181,241,16, 9
1182,241,16, 9
1183,241,16, 9
1184,241,16, 9
1185,241,16, 9
1186,241,16, 9
1187,240,15, 10
1188,240,15, 10
1189,240,15, 10
1190,240,15, 10
1191,240,15, 10
1192,240,15, 10
1193,240,15, 10
1194,240,15, 10
1195,240,15, 10
1196,240,15, 10
1197,240,15, 10
1198,240,15, 10
1199,240,15, 10
1200,240,15, 10
1201,240,15, 10
1202,240,15, 10
1203,240,15, 10
1204,240,15, 10
1205,240,15, 10
1206,240,15, 10
1207,240,15, 10
1208,240,15, 10
1209,240,15, 10
1210,240,15, 10
1211,240,15, 10
1212,240,15, 10
1213,240,15, 10
1214,240,15, 10
1215,240,15, 10
1216,240,15, 10
1217,240,15, 10
1218,240,15, 10
1219,240,15, 10
1220,240,15, 10
1221,240,15, 10
1222,240,15, 10
1223,240,15, 10
1224,240,15, 10
1225,240,15, 10
1226,240,15, 10
1227,240,15, 10
1228,240,15, 10
1229,240,15, 10
1230,240,15, 10
1231,240,15, 10
1232,240,15, 10
1233,240,15, 10
1234,240,15, 10
1235,240,15, 10
1236,240,15, 10
1237,240,15, 10
1238,240,15, 10
1239,240,15, 10
1240,240,15, 10
1241,240,15, 10
1242,240,15, 10
1243,240,15, 10
1244,240,15, 10
1245,240,15, 10
1246,240,15, 10
1247,240,15, 10
1248,240,15, 10
1249,240,15, 10
1250,240,15, 10
1251,240,15, 10
1252,240,15, 10
1253,240,15, 10
1254,240,15, 10
1255,240,15, 10
1256,240,15, 10
1257,240,15, 10
1258,240,15, 10
1259,240,15, 10
1260,240,15, 10
1261,240,15, 10
1262,240,15, 10
1263,240,15, 10
1264,240,15, 10
1265,240,15, 10
1266,240,15, 10
1267,240,15, 10
1268,240,15, 10
1269,240,15, 10
1270,240,15, 10
1271,240,15, 10
1272,240,15, 10
1273,240,15, 10
1274,240,15, 10
1275,240,15, 10
1276,240,15, 10
1277,240,15, 10
1278,240,15, 10
1279,240,15, 10
1280,240,15, 10
1281,240,15, 10
1282,240,15, 10
1283,240,15, 10
1284,240,15, 10
1285,240,15, 10
1286,240,15, 10
1287,240,15, 10
1288,240,15, 10
1289,240,15, 10
1290,240,15, 10
1291,240,15, 10
1292,240,15, 10
1293,240,15, 10
1294,240,15, 10
1295,240,15, 10
1296,240,15, 10
1297,240,15, 10
1298,240,15, 10
1299,240,15, 10
1300,240,15, 10
1301,240,15, 10
1302,240,15, 10
1303,240,15, 10
1304,240,15, 10
1305,240,15, 10
1306,240,15, 10
1307,240,15, 10
1308,240,15, 10
1309,240,15, 10
1310,240,15, 10
1311,240,15, 10
1312,240,15, 10
1313,240,15, 10
1314,240,15, 10
1315,240,15, 10
1316,240,15, 10
1317,240,15, 10
1318,240,15, 10
1319,240,15, 10
1320,240,15, 10
1321,240,15, 10
1322,240,15, 10
1323,240,15, 10
1324,240,15, 10
1325,240,15, 10
1326,240,15, 10
1327,240,15, 10
1328,240,15, 10
1329,240,15, 10
1330,240,15, 10
1331,240,15, 10
1332,240,15, 10
1333,240,15, 10
1334,240,15, 10
1335,240,15, 10
1336,240,15, 10
1337,240,15, 10
1338,240,15, 10
1339,240,15, 10
1340,240,15, 10
1341,240,15, 10
1342,240,15, 10
1343,240,15, 10
1344,240,15, 10
1345,240,15, 10
1346,240,15, 10
1347,240,15, 10
1348,240,15, 10
1349,240,15, 10
1350,240,15, 10
1351,240,15, 10
1352,240,15, 10
1353,240,15, 10
1354,240,15, 10
1355,240,15, 10
1356,240,15, 10
1357,240,15, 10
1358,240,15, 10
1359,240,15, 10
1360,240,15, 10
1361,240,15, 10
1362,240,15, 10
1363,240,15, 10
1364,240,15, 10
1365,240,15, 10
1366,240,15, 10
1367,240,15, 10
1368,240,15, 10
1369,240,15, 10
1370,240,15, 10
1371,240,15, 10
1372,240,15, 10
1373,240,15, 10
1374,240,15, 10
1375,240,15, 10
1376,240,15, 10
1377,240,15, 10
1378,240,15, 10
1379,240,15, 10
1380,240,15, 10
1381,240,15, 10
1382,240,15, 10
1383,240,15, 10
1384,240,15, 10
1385,240,15, 10
1386,240,15, 10
1387,240,15, 10
1388,240,15, 10
1389,240,15, 10
1390,240,15, 10
1391,240,15, 10
1392,240,15, 10
1393,240,15, 10
1394,240,15, 10
1395,240,15, 10
1396,240,15, 10
1397,240,15, 10
1398,240,15, 10
1399,240,15, 10
1400,240,15, 10
1401,240,15, 10
1402,240,15, 10
1403,240,15, 10
1404,240,15, 10
1405,240,15, 10
1406,240,15, 10
1407,240,15, 10
1408,240,15, 10
1409,240,15, 10
1410,240,15, 10
1411,240,15, 10
1412,240,15, 10
1413,239,14, 11
1414,239,14, 11
1415,239,14, 11
1416,239,14, 11
1417,239,14, 11
1418,239,14, 11
1419,239,14, 11
1420,239,14, 11
1421,239,14, 11
1422,239,14, 11
1423,239,14, 11
1424,239,14, 11
1425,239,14, 11
1426,239,14, 11
1427,239,14, 11
1428,239,14, 11
1429,239,14, 11
1430,239,14, 11
1431,239,14, 11
1432,239,14, 11
1433,239,14, 11
1434,239,14, 11
1435,239,14, 11
1436,239,14, 11
1437,239,14, 11
1438,239,14, 11
1439,239,14, 11
1440,239,14, 11
1441,239,14, 11
1442,239,14, 11
1443,239,14, 11
1444,239,14, 11
1445,239,14, 11
1446,239,14, 11
1447,239,14, 11
1448,239,14, 11
1449,239,14, 11
1450,239,14, 11
1451,239,14, 11
1452,239,14, 11
1453,239,14, 11
1454,239,14, 11
1455,239,14, 11
1456,239,14, 11
1457,239,14, 11
1458,239,14, 11
1459,239,14, 11
1460,239,14, 11
1461,239,14, 11
1462,239,14, 11
1463,239,14, 11
1464,239,14, 11
1465,239,14, 11
1466,239,14, 11
1467,239,14, 11
1468,239,14, 11
1469,239,14, 11
1470,239,14, 11
1471,239,14, 11
1472,239,14, 11
1473,239,14, 11
1474,239,14, 11
1475,239,14, 11
1476,239,14, 11
1477,239,14, 11
1478,239,14, 11
1479,239,14, 11
1480,239,14, 11
1481,239,14, 11
1482,239,14, 11
1483,239,14, 11
1484,239,14, 11
1485,239,14, 11
1486,239,14, 11
1487,239,14, 11
1488,239,14, 11
1489,239,14, 11
1490,239,14, 11
1491,239,14, 11
1492,239,14, 11
1493,239,14, 11
1494,239,14, 11
1495,239,14, 11
1496,239,14, 11
1497,239,14, 11
1498,239,14, 11
1499,239,14, 11
