0,250,25, 0
1,250,25, 0
2,250,25, 0
3,250,25, 0
4,250,25, 0
5,250,25, 0
6,250,25, 0
7,250,25, 0
8,250,25, 0
9,250,25, 0
10,249,24, 1
11,249,24, 1
12,249,24, 1
13,249,24, 1
14,249,24, 1
15,249,24, 1
16,249,24, 1
17,249,24, 1
18,249,24, 1
19,249,24, 1
20,249,24, 1
21,249,24, 1
22,249,24, 1
23,249,24, 1
24,249,24, 1
25,249,24, 1
26,249,24, 1
27,249,24, 1
28,249,24, 1
29,249,24, 1
30,249,24, 1
31,249,24, 1
32,249,24, 1
33,249,24, 1
34,249,24, 1
35,249,24, 1
36,249,24, 1
37,249,24, 1
38,249,24, 1
39,249,24, 1
40,249,24, 1
41,249,24, 1
42,249,24, 1
43,249,24, 1
44,249,24, 1
45,249,24, 1
46,249,24, 1
47,249,24, 1
48,249,24, 1
49,249,24, 1
50,249,24, 1
51,249,24, 1
52,249,24, 1
53,249,24, 1
54,249,24, 1
55,249,24, 1
56,249,24, 1
57,249,24, 1
58,249,24, 1
59,249,24, 1
60,249,24, 1
61,249,24, 1
62,249,24, 1
63,249,24, 1
64,249,24, 1
65,249,24, 1
66,249,24, 1
67,249,24, 1
68,249,24, 1
69,249,24, 1
70,249,24, 1
71,249,24, 1
72,249,24, 1
73,249,24, 1
74,249,24, 1
75,249,24, 1
76,249,24, 1
77,249,24, 1
78,249,24, 1
79,249,24, 1
80,249,24, 1
81,249,24, 1
82,249,24, 1
83,249,24, 1
84,249,24, 1
85,249,24, 1
86,249,24, 1
87,249,24, 1
88,249,24, 1
89,249,24, 1
90,249,24, 1
91,249,24, 1
92,249,24, 1
93,249,24, 1
94,249,24, 1
95,249,24, 1
96,249,24, 1
97,249,24, 1
98,249,24, 1
99,249,24, 1
100,249,24, 1
101,249,24, 1
102,249,24, 1
103,249,24, 1
104,249,24, 1
105,249,24, 1
106,249,24, 1
107,249,24, 1
108,249,24, 1
109,249,24, 1
110,249,24, 1
111,249,24, 1
112,249,24, 1
113,249,24, 1
114,249,24, 1
115,249,24, 1
116,249,24, 1
117,249,24, 1
118,249,24, 1
119,249,24, 1
120,249,24, 1
121,249,24, 1
122,249,24, 1
123,249,24, 1
124,249,24, 1
125,249,24, 1
126,249,24, 1
127,249,24, 1
128,249,24, 1
129,249,24, 1
130,249,24, 1
131,249,24, 1
132,249,24, 1
133,249,24, 1
134,249,24, 1
135,249,24, 1
136,249,24, 1
137,249,24, 1
138,249,24, 1
139,249,24, 1
140,249,24, 1
141,249,24, 1
142,249,24, 1
143,249,24, 1
144,249,24, 1
145,249,24, 1
146,249,24, 1
147,249,24, 1
148,249,24, 1
149,249,24, 1
150,249,24, 1
151,249,24, 1
152,249,24, 1
153,249,24, 1
154,249,24, 1
155,249,24, 1
156,249,24, 1
157,249,24, 1
158,249,24, 1
159,249,24, 1
160,249,24, 1
161,249,24, 1
162,249,24, 1
163,249,24, 1
164,249,24, 1
165,249,24, 1
166,249,24, 1
167,249,24, 1
168,249,24, 1
169,249,24, 1
170,249,24, 1
171,249,24, 1
172,249,24, 1
173,249,24, 1
174,249,24, 1
175,249,24, 1
176,249,24, 1
177,249,24, 1
178,249,24, 1
179,249,24, 1
180,249,24, 1
181,249,24, 1
182,249,24, 1
183,249,24, 1
184,249,24, 1
185,249,24, 1
186,249,24, 1
187,249,24, 1
188,249,24, 1
189,249,24, 1
190,249,24, 1
191,249,24, 1
192,249,24, 1
193,249,24, 1
194,249,24, 1
195,249,24, 1
196,249,24, 1
197,249,24, 1
198,249,24, 1
199,249,24, 1
200,249,24, 1
201,249,24, 1
202,249,24, 1
203,249,24, 1
204,249,24, 1
205,249,24, 1
206,249,24, 1
207,249,24, 1
208,249,24, 1
209,249,24, 1
210,249,24, 1
211,249,24, 1
212,249,24, 1
213,249,24, 1
214,249,24, 1
215,249,24, 1
216,249,24, 1
217,249,24, 1
218,249,24, 1
219,249,24, 1
220,249,24, 1
221,249,24, 1
222,249,24, 1
223,249,24, 1
224,249,24, 1
225,249,24, 1
226,249,24, 1
227,249,24, 1
228,249,24, 1
229,249,24, 1
230,249,24, 1
231,249,24, 1
232,249,24, 1
233,249,24, 1
234,249,24, 1
235,249,24, 1
236,249,24, 1
237,249,24, 1
238,249,24, 1
239,249,24, 1
240,249,24, 1
241,249,24, 1
242,249,24, 1
243,249,24, 1
244,249,24, 1
245,249,24, 1
246,249,24, 1
247,249,24, 1
248,249,24, 1
249,249,24, 1
250,249,24, 1
251,249,24, 1
252,249,24, 1
253,249,24, 1
254,249,24, 1
255,248,23, 2
256,248,23, 2
257,247,22, 3
258,247,22, 3
259,247,22, 3
260,247,22, 3
261,247,22, 3
262,247,22, 3
263,247,22, 3
264,247,22, 3
265,247,22, 3
266,247,22, 3
267,247,22, 3
268,247,22, 3
269,247,22, 3
270,247,22, 3
271,247,22, 3
272,247,22, 3
273,247,22, 3
274,247,22, 3
275,247,22, 3
276,247,22, 3
277,247,22, 3
278,247,22, 3
279,247,22, 3
280,247,22, 3
281,247,22, 3
282,247,22, 3
283,247,22, 3
284,247,22, 3
285,247,22, 3
286,247,22, 3
287,247,22, 3
288,247,22, 3
289,247,22, 3
290,247,22, 3
291,247,22, 3
292,247,22, 3
293,247,22, 3
294,247,22, 3
295,247,22, 3
296,247,22, 3
297,247,22, 3
298,247,22, 3
299,247,22, 3
300,247,22, 3
301,247,22, 3
302,247,22, 3
303,247,22, 3
304,247,22, 3
305,247,22, 3
306,247,22, 3
307,247,22, 3
308,247,22, 3
309,247,22, 3
310,247,22, 3
311,247,22, 3
312,247,22, 3
313,247,22, 3
314,247,22, 3
315,247,22, 3
316,247,22, 3
317,247,22, 3
318,247,22, 3
319,247,22, 3
320,247,22, 3
321,247,22, 3
322,247,22, 3
323,247,22, 3
324,247,22, 3
325,247,22, 3
326,247,22, 3
327,247,22, 3
328,247,22, 3
329,247,22, 3
330,247,22, 3
331,247,22, 3
332,247,22, 3
333,247,22, 3
334,247,22, 3
335,247,22, 3
336,247,22, 3
337,247,22, 3
338,247,22, 3
339,247,22, 3
340,247,22, 3
341,247,22, 3
342,247,22, 3
343,247,22, 3
344,247,22, 3
345,247,22, 3
346,247,22, 3
347,247,22, 3
348,247,22, 3
349,247,22, 3
350,247,22, 3
351,247,22, 3
352,247,22, 3
353,247,22, 3
354,247,22, 3
355,247,22, 3
356,247,22, 3
357,247,22, 3
358,247,22, 3
359,247,22, 3
360,247,22, 3
361,247,22, 3
362,247,22, 3
363,247,22, 3
364,247,22, 3
365,247,22, 3
366,247,22, 3
367,247,22, 3
368,247,22, 3
369,247,22, 3
370,247,22, 3
371,247,22, 3
372,247,22, 3
373,247,22, 3
374,247,22, 3
375,247,22, 3
376,247,22, 3
377,247,22, 3
378,247,22, 3
379,247,22, 3
380,247,22, 3
381,247,22, 3
382,247,22, 3
383,247,22, 3
384,247,22, 3
385,247,22, 3
386,247,22, 3
387,247,22, 3
388,247,22, 3
389,247,22, 3
390,247,22, 3
391,247,22, 3
392,247,22, 3
393,247,22, 3
394,247,22, 3
395,247,22, 3
396,247,22, 3
397,247,22, 3
398,247,22, 3
399,247,22, 3
400,247,22, 3
401,247,22, 3
402,247,22, 3
403,247,22, 3
404,247,22, 3
405,247,22, 3
406,247,22, 3
407,247,22, 3
408,247,22, 3
409,247,22, 3
410,247,22, 3
411,247,22, 3
412,247,22, 3
413,247,22, 3
414,247,22, 3
415,247,22, 3
416,247,22, 3
417,246,21, 4
418,246,21, 4
419,246,21, 4
420,246,21, 4
421,246,21, 4
422,246,21, 4
423,246,21, 4
424,246,21, 4
425,246,21, 4
426,246,21, 4
427,246,21, 4
428,246,21, 4
429,246,21, 4
430,246,21, 4
431,246,21, 4
432,246,21, 4
433,246,21, 4
434,246,21, 4
435,246,21, 4
436,246,21, 4
437,246,21, 4
438,246,21, 4
439,246,21, 4
440,246,21, 4
441,246,21, 4
442,246,21, 4
443,246,21, 4
444,246,21, 4
445,246,21, 4
446,246,21, 4
447,246,21, 4
448,246,21, 4
449,246,21, 4
450,246,21, 4
451,246,21, 4
452,246,21, 4
453,246,21, 4
454,246,21, 4
455,246,21, 4
456,246,21, 4
457,246,21, 4
458,246,21, 4
459,246,21, 4
460,246,21, 4
461,246,21, 4
462,246,21, 4
463,246,21, 4
464,246,21, 4
465,246,21, 4
466,246,21, 4
467,246,21, 4
468,246,21, 4
469,246,21, 4
470,246,21, 4
471,246,21, 4
472,246,21, 4
473,246,21, 4
474,246,21, 4
475,246,21, 4
476,246,21, 4
477,246,21, 4
478,246,21, 4
479,246,21, 4
480,246,21, 4
481,246,21, 4
482,246,21, 4
483,246,21, 4
484,246,21, 4
485,246,21, 4
486,246,21, 4
487,246,21, 4
488,246,21, 4
489,246,21, 4
490,246,21, 4
491,246,21, 4
492,246,21, 4
493,246,21, 4
494,246,21, 4
495,246,21, 4
496,246,21, 4
497,246,21, 4
498,246,21, 4
499,246,21, 4
500,246,21, 4
501,246,21, 4
502,246,21, 4
503,246,21, 4
504,246,21, 4
505,246,21, 4
506,246,21, 4
507,246,21, 4
508,246,21, 4
509,246,21, 4
510,246,21, 4
511,246,21, 4
512,246,21, 4
513,246,21, 4
514,246,21, 4
515,246,21, 4
516,246,21, 4
517,246,21, 4
518,246,21, 4
519,246,21, 4
520,246,21, 4
521,246,21, 4
522,246,21, 4
523,246,21, 4
524,246,21, 4
525,246,21, 4
526,246,21, 4
527,246,21, 4
528,246,21, 4
529,246,21, 4
530,246,21, 4
531,246,21, 4
532,246,21, 4
533,246,21, 4
534,246,21, 4
535,246,21, 4
536,246,21, 4
537,246,21, 4
538,246,21, 4
539,246,21, 4
540,246,21, 4
541,246,21, 4
542,246,21, 4
543,246,21, 4
544,246,21, 4
545,246,21, 4
546,246,21, 4
547,246,21, 4
548,246,21, 4
549,246,21, 4
550,246,21, 4
551,246,21, 4
552,246,21, 4
553,246,21, 4
554,246,21, 4
555,246,21, 4
556,246,21, 4
557,246,21, 4
558,246,21, 4
559,246,21, 4
560,246,21, 4
561,246,21, 4
562,246,21, 4
563,246,21, 4
564,246,21, 4
565,246,21, 4
566,246,21, 4
567,246,21, 4
568,246,21, 4
569,246,21, 4
570,246,21, 4
571,246,21, 4
572,246,21, 4
573,246,21, 4
574,246,21, 4
575,246,21, 4
576,246,21, 4
577,246,21, 4
578,246,21, 4
579,246,21, 4
580,246,21, 4
581,246,21, 4
582,246,21, 4
583,246,21, 4
584,246,21, 4
585,246,21, 4
586,246,21, 4
587,246,21, 4
588,246,21, 4
589,246,21, 4
590,246,21, 4
591,246,21, 4
592,246,21, 4
593,246,21, 4
594,246,21, 4
595,246,21, 4
596,246,21, 4
597,246,21, 4
598,246,21, 4
599,246,21, 4
600,246,21, 4
601,246,21, 4
602,246,21, 4
603,246,21, 4
604,246,21, 4
605,246,21, 4
606,246,21, 4
607,246,21, 4
608,246,21, 4
609,246,21, 4
610,246,21, 4
611,246,21, 4
612,246,21, 4
613,246,21, 4
614,246,21, 4
615,246,21, 4
616,246,21, 4
617,246,21, 4
618,246,21, 4
619,246,21, 4
620,246,21, 4
621,246,21, 4
622,246,21, 4
623,246,21, 4
624,246,21, 4
625,246,21, 4
626,246,21, 4
627,246,21, 4
628,246,21, 4
629,246,21, 4
630,246,21, 4
631,246,21, 4
632,246,21, 4
633,246,21, 4
634,246,21, 4
635,246,21, 4
636,246,21, 4
637,246,21, 4
638,246,21, 4
639,246,21, 4
640,246,21, 4
641,246,21, 4
642,246,21, 4
643,246,21, 4
644,246,21, 4
645,246,21, 4
646,246,21, 4
647,246,21, 4
648,246,21, 4
649,246,21, 4
650,246,21, 4
651,246,21, 4
652,246,21, 4
653,246,21, 4
654,246,21, 4
655,246,21, 4
656,246,21, 4
657,246,21, 4
658,246,21, 4
659,246,21, 4
660,246,21, 4
661,246,21, 4
662,246,21, 4
663,246,21, 4
664,246,21, 4
665,246,21, 4
666,246,21, 4
667,246,21, 4
668,246,21, 4
669,246,21, 4
670,246,21, 4
671,246,21, 4
672,246,21, 4
673,246,21, 4
674,246,21, 4
675,246,21, 4
676,246,21, 4
677,246,21, 4
678,246,21, 4
679,246,21, 4
680,246,21, 4
681,246,21, 4
682,246,21, 4
683,246,21, 4
684,246,21, 4
685,246,21, 4
686,246,21, 4
687,246,21, 4
688,246,21, 4
689,246,21, 4
690,246,21, 4
691,246,21, 4
692,246,21, 4
693,246,21, 4
694,246,21, 4
695,246,21, 4
696,246,21, 4
697,246,21, 4
698,246,21, 4
699,246,21, 4
700,246,21, 4
701,246,21, 4
702,246,21, 4
703,246,21, 4
704,246,21, 4
705,246,21, 4
706,246,21, 4
707,246,21, 4
708,246,21, 4
709,246,21, 4
710,246,21, 4
711,246,21, 4
712,246,21, 4
713,246,21, 4
714,246,21, 4
715,246,21, 4
716,246,21, 4
717,246,21, 4
718,246,21, 4
719,246,21, 4
720,246,21, 4
721,246,21, 4
722,246,21, 4
723,246,21, 4
724,246,21, 4
725,246,21, 4
726,246,21, 4
727,246,21, 4
728,246,21, 4
729,246,21, 4
730,246,21, 4
731,246,21, 4
732,246,21, 4
733,246,21, 4
734,246,21, 4
735,246,21, 4
736,246,21, 4
737,246,21, 4
738,246,21, 4
739,246,21, 4
740,246,21, 4
741,246,21, 4
742,246,21, 4
743,246,21, 4
744,246,21, 4
745,246,21, 4
746,246,21, 4
747,246,21, 4
748,246,21, 4
749,246,21, 4
750,246,21, 4
751,246,21, 4
752,246,21, 4
753,246,21, 4
754,246,21, 4
755,246,21, 4
756,246,21, 4
757,246,21, 4
758,246,21, 4
759,246,21, 4
760,246,21, 4
761,246,21, 4
762,246,21, 4
763,246,21, 4
764,246,21, 4
765,246,21, 4
766,246,21, 4
767,246,21, 4
768,246,21, 4
769,246,21, 4
770,246,21, 4
771,246,21, 4
772,246,21, 4
773,246,21, 4
774,246,21, 4
775,246,21, 4
776,246,21, 4
777,246,21, 4
778,246,21, 4
779,246,21, 4
780,246,21, 4
781,246,21, 4
782,246,21, 4
783,246,21, 4
784,246,21, 4
785,246,21, 4
786,246,21, 4
787,246,21, 4
788,246,21, 4
789,246,21, 4
790,246,21, 4
791,246,21, 4
792,246,21, 4
793,246,21, 4
794,246,21, 4
795,246,21, 4
796,246,21, 4
797,246,21, 4
798,246,21, 4
799,246,21, 4
800,246,21, 4
801,246,21, 4
802,246,21, 4
803,246,21, 4
804,246,21, 4
805,246,21, 4
806,246,21, 4
807,246,21, 4
808,246,21, 4
809,246,21, 4
810,246,21, 4
811,246,21, 4
812,246,21, 4
813,246,21, 4
814,246,21, 4
815,246,21, 4
816,246,21, 4
817,246,21, 4
818,246,21, 4
819,246,21, 4
820,246,21, 4
821,246,21, 4
822,246,21, 4
823,246,21, 4
824,246,21, 4
825,246,21, 4
826,246,21, 4
827,246,21, 4
828,246,21, 4
829,246,21, 4
830,246,21, 4
831,246,21, 4
832,246,21, 4
833,246,21, 4
834,246,21, 4
835,246,21, 4
836,246,21, 4
837,246,21, 4
838,246,21, 4
839,246,21, 4
840,246,21, 4
841,246,21, 4
842,246,21, 4
843,246,21, 4
844,246,21, 4
845,246,21, 4
846,246,21, 4
847,246,21, 4
848,246,21, 4
849,246,21, 4
850,246,21, 4
851,246,21, 4
852,246,21, 4
853,246,21, 4
854,246,21, 4
855,246,21, 4
856,246,21, 4
857,246,21, 4
858,246,21, 4
859,246,21, 4
860,246,21, 4
861,246,21, 4
862,246,21, 4
863,246,21, 4
864,246,21, 4
865,246,21, 4
866,246,21, 4
867,246,21, 4
868,246,21, 4
869,246,21, 4
870,246,21, 4
871,246,21, 4
872,246,21, 4
873,246,21, 4
874,246,21, 4
875,246,21, 4
876,246,21, 4
877,246,21, 4
878,246,21, 4
879,246,21, 4
880,246,21, 4
881,246,21, 4
882,246,21, 4
883,246,21, 4
884,246,21, 4
885,246,21, 4
886,246,21, 4
887,246,21, 4
888,246,21, 4
889,246,21, 4
890,246,21, 4
891,246,21, 4
892,246,21, 4
893,246,21, 4
894,246,21, 4
895,246,21, 4
896,246,21, 4
897,246,21, 4
898,246,21, 4
899,246,21, 4
900,246,21, 4
901,246,21, 4
902,246,21, 4
903,246,21, 4
904,246,21, 4
905,246,21, 4
906,246,21, 4
907,246,21, 4
908,246,21, 4
909,246,21, 4
910,246,21, 4
911,246,21, 4
912,246,21, 4
913,246,21, 4
914,246,21, 4
915,246,21, 4
916,246,21, 4
917,246,21, 4
918,246,21, 4
919,246,21, 4
920,246,21, 4
921,246,21, 4
922,246,21, 4
923,246,21, 4
924,246,21, 4
925,246,21, 4
926,246,21, 4
927,246,21, 4
928,246,21, 4
929,246,21, 4
930,246,21, 4
931,246,21, 4
932,246,21, 4
933,246,21, 4
934,246,21, 4
935,246,21, 4
936,246,21, 4
937,246,21, 4
938,246,21, 4
939,246,21, 4
940,246,21, 4
941,246,21, 4
942,246,21, 4
943,246,21, 4
944,246,21, 4
945,246,21, 4
946,246,21, 4
947,246,21, 4
948,246,21, 4
949,246,21, 4
950,246,21, 4
951,246,21, 4
952,246,21, 4
953,246,21, 4
954,246,21, 4
955,246,21, 4
956,246,21, 4
957,246,21, 4
958,246,21, 4
959,246,21, 4
960,246,21, 4
961,246,21, 4
962,246,21, 4
963,246,21, 4
964,246,21, 4
965,246,21, 4
966,246,21, 4
967,246,21, 4
968,246,21, 4
969,246,21, 4
970,246,21, 4
971,246,21, 4
972,246,21, 4
973,246,21, 4
974,246,21, 4
975,246,21, 4
976,246,21, 4
977,246,21, 4
978,246,21, 4
979,246,21, 4
980,246,21, 4
981,246,21, 4
982,246,21, 4
983,246,21, 4
984,246,21, 4
985,246,21, 4
986,246,21, 4
987,246,21, 4
988,246,21, 4
989,246,21, 4
990,246,21, 4
991,246,21, 4
992,246,21, 4
993,246,21, 4
994,246,21, 4
995,246,21, 4
996,246,21, 4
997,246,21, 4
998,246,21, 4
999,246,21, 4
1000,246,21, 4
1001,246,21, 4
1002,246,21, 4
1003,246,21, 4
1004,246,21, 4
1005,246,21, 4
1006,246,21, 4
1007,246,21, 4
1008,246,21, 4
1009,246,21, 4
1010,246,21, 4
1011,246,21, 4
1012,246,21, 4
1013,246,21, 4
1014,246,21, 4
1015,246,21, 4
1016,246,21, 4
1017,246,21, 4
1018,246,21, 4
1019,246,21, 4
1020,246,21, 4
1021,246,21, 4
1022,246,21, 4
1023,246,21, 4
1024,246,21, 4
1025,246,21, 4
1026,246,21, 4
1027,246,21, 4
1028,246,21, 4
1029,246,21, 4
1030,246,21, 4
1031,246,21, 4
1032,246,21, 4
1033,246,21, 4
1034,246,21, 4
1035,246,21, 4
1036,246,21, 4
1037,246,21, 4
1038,246,21, 4
1039,246,21, 4
1040,246,21, 4
1041,244,19, 6
1042,244,19, 6
1043,244,19, 6
1044,244,19, 6
1045,244,19, 6
1046,244,19, 6
1047,244,19, 6
1048,244,19, 6
1049,244,19, 6
1050,244,19, 6
1051,244,19, 6
1052,244,19, 6
1053,244,19, 6
1054,243,18, 7
1055,243,18, 7
1056,243,18, 7
1057,243,18, 7
1058,243,18, 7
1059,243,18, 7
1060,243,18, 7
1061,243,18, 7
1062,243,18, 7
1063,243,18, 7
1064,243,18, 7
1065,243,18, 7
1066,243,18, 7
1067,243,18, 7
1068,243,18, 7
1069,243,18, 7
1070,243,18, 7
1071,243,18, 7
1072,243,18, 7
1073,243,18, 7
1074,243,18, 7
1075,243,18, 7
1076,243,18, 7
1077,243,18, 7
1078,243,18, 7
1079,243,18, 7
1080,243,18, 7
1081,243,18, 7
1082,243,18, 7
1083,243,18, 7
1084,243,18, 7
1085,243,18, 7
1086,243,18, 7
1087,243,18, 7
1088,243,18, 7
1089,243,18, 7
1090,243,18, 7
1091,243,18, 7
1092,243,18, 7
1093,243,18, 7
1094,243,18, 7
1095,243,18, 7
1096,243,18, 7
1097,243,18, 7
1098,243,18, 7
1099,243,18, 7
1100,243,18, 7
1101,243,18, 7
1102,243,18, 7
1103,243,18, 7
1104,243,18, 7
1105,243,18, 7
1106,243,18, 7
1107,243,18, 7
1108,243,18, 7
1109,243,18, 7
1110,243,18, 7
1111,243,18, 7
1112,243,18, 7
1113,243,18, 7
1114,243,18, 7
1115,243,18, 7
1116,243,18, 7
1117,243,18, 7
1118,243,18, 7
1119,243,18, 7
1120,243,18, 7
1121,243,18, 7
1122,243,18, 7
1123,243,18, 7
1124,243,18, 7
1125,243,18, 7
1126,243,18, 7
1127,243,18, 7
1128,243,18, 7
1129,243,18, 7
1130,243,18, 7
1131,243,18, 7
1132,243,18, 7
1133,243,18, 7
1134,243,18, 7
1135,243,18, 7
1136,243,18, 7
1137,243,18, 7
1138,243,18, 7
1139,243,18, 7
1140,243,18, 7
1141,243,18, 7
1142,243,18, 7
1143,243,18, 7
1144,243,18, 7
1145,243,18, 7
1146,243,18, 7
1147,243,18, 7
1148,243,18, 7
1149,243,18, 7
1150,243,18, 7
1151,243,18, 7
1152,243,18, 7
1153,243,18, 7
1154,243,18, 7
1155,243,18, 7
1156,243,18, 7
1157,243,18, 7
1158,243,18, 7
1159,243,18, 7
1160,243,18, 7
1161,243,18, 7
1162,243,18, 7
1163,243,18, 7
1164,243,18, 7
1165,243,18, 7
1166,243,18, 7
1167,243,18, 7
1168,243,18, 7
1169,243,18, 7
1170,243,18, 7
1171,243,18, 7
1172,243,18, 7
1173,243,18, 7
1174,243,18, 7
1175,243,18, 7
1176,243,18, 7
1177,242,17, 8
1178,242,17, 8
1179,242,17, 8
1180,242,17, 8
1181,242,17, 8
1182,242,17, 8
1183,242,17, 8
1184,242,17, 8
1185,242,17, 8
1186,242,17, 8
1187,242,17, 8
1188,242,17, 8
1189,242,17, 8
1190,242,17, 8
1191,242,17, 8
1192,242,17, 8
1193,242,17, 8
1194,242,17, 8
1195,242,17, 8
1196,242,17, 8
1197,242,17, 8
1198,242,17, 8
1199,242,17, 8
1200,242,17, 8
1201,242,17, 8
1202,242,17, 8
1203,242,17, 8
1204,242,17, 8
1205,242,17, 8
1206,242,17, 8
1207,242,17, 8
1208,242,17, 8
1209,242,17, 8
1210,242,17, 8
1211,242,17, 8
1212,242,17, 8
1213,242,17, 8
1214,242,17, 8
1215,242,17, 8
1216,242,17, 8
1217,242,17, 8
1218,242,17, 8
1219,242,17, 8
1220,242,17, 8
1221,242,17, 8
1222,242,17, 8
1223,242,17, 8
1224,242,17, 8
1225,242,17, 8
1226,242,17, 8
1227,242,17, 8
1228,242,17, 8
1229,242,17, 8
1230,242,17, 8
1231,242,17, 8
1232,242,17, 8
1233,242,17, 8
1234,242,17, 8
1235,242,17, 8
1236,242,17, 8
1237,242,17, 8
1238,242,17, 8
1239,242,17, 8
1240,242,17, 8
1241,242,17, 8
1242,242,17, 8
1243,242,17, 8
1244,242,17, 8
1245,242,17, 8
1246,242,17, 8
1247,242,17, 8
1248,242,17, 8
1249,242,17, 8
1250,242,17, 8
1251,242,17, 8
1252,242,17, 8
1253,242,17, 8
1254,242,17, 8
1255,242,17, 8
1256,242,17, 8
1257,242,17, 8
1258,242,17, 8
1259,242,17, 8
1260,242,17, 8
1261,242,17, 8
1262,242,17, 8
1263,242,17, 8
1264,242,17, 8
1265,242,17, 8
1266,242,17, 8
1267,242,17, 8
1268,242,17, 8
1269,242,17, 8
1270,242,17, 8
1271,242,17, 8
1272,242,17, 8
1273,242,17, 8
1274,242,17, 8
1275,242,17, 8
1276,242,17, 8
1277,242,17, 8
1278,242,17, 8
1279,242,17, 8
1280,242,17, 8
1281,242,17, 8
1282,242,17, 8
1283,242,17, 8
1284,242,17, 8
1285,242,17, 8
1286,242,17, 8
1287,242,17, 8
1288,242,17, 8
1289,242,17, 8
1290,242,17, 8
1291,242,17, 8
1292,242,17, 8
1293,242,17, 8
1294,242,17, 8
1295,242,17, 8
1296,242,17, 8
1297,242,17, 8
1298,242,17, 8
1299,242,17, 8
1300,242,17, 8
1301,242,17, 8
1302,242,17, 8
1303,242,17, 8
1304,242,17, 8
1305,242,17, 8
1306,242,17, 8
1307,242,17, 8
1308,242,17, 8
1309,242,17, 8
1310,242,17, 8
1311,242,17, 8
1312,242,17, 8
1313,242,17, 8
1314,242,17, 8
1315,242,17, 8
1316,242,17, 8
1317,242,17, 8
1318,242,17, 8
1319,242,17, 8
1320,242,17, 8
1321,242,17, 8
1322,242,17, 8
1323,242,17, 8
1324,242,17, 8
1325,242,17, 8
1326,242,17, 8
1327,242,17, 8
1328,242,17, 8
1329,242,17, 8
1330,242,17, 8
1331,242,17, 8
1332,242,17, 8
1333,242,17, 8
1334,242,17, 8
1335,242,17, 8
1336,242,17, 8
1337,242,17, 8
1338,242,17, 8
1339,242,17, 8
1340,242,17, 8
1341,242,17, 8
1342,242,17, 8
1343,242,17, 8
1344,242,17, 8
1345,242,17, 8
1346,242,17, 8
1347,242,17, 8
1348,242,17, 8
1349,242,17, 8
1350,242,17, 8
1351,242,17, 8
1352,242,17, 8
1353,242,17, 8
1354,242,17, 8
1355,242,17, 8
1356,242,17, 8
1357,242,17, 8
1358,242,17, 8
1359,242,17, 8
1360,242,17, 8
1361,242,17, 8
1362,242,17, 8
1363,242,17, 8
1364,242,17, 8
1365,242,17, 8
1366,242,17, 8
1367,242,17, 8
1368,242,17, 8
1369,242,17, 8
1370,242,17, 8
1371,242,17, 8
1372,242,17, 8
1373,242,17, 8
1374,242,17, 8
1375,242,17, 8
1376,242,17, 8
1377,242,17, 8
1378,242,17, 8
1379,242,17, 8
1380,242,17, 8
1381,242,17, 8
1382,242,17, 8
1383,242,17, 8
1384,242,17, 8
1385,242,17, 8
1386,242,17, 8
1387,242,17, 8
1388,242,17, 8
1389,242,17, 8
1390,242,17, 8
1391,242,17, 8
1392,242,17, 8
1393,242,17, 8
1394,242,17, 8
1395,242,17, 8
1396,242,17, 8
1397,242,17, 8
1398,242,17, 8
1399,242,17, 8
1400,242,17, 8
1401,242,17, 8
1402,242,17, 8
1403,242,17, 8
1404,242,17, 8
1405,242,17, 8
1406,242,17, 8
1407,242,17, 8
1408,242,17, 8
1409,242,17, 8
1410,242,17, 8
1411,242,17, 8
1412,242,17, 8
1413,242,17, 8
1414,242,17, 8
1415,242,17, 8
1416,242,17, 8
1417,242,17, 8
1418,242,17, 8
1419,242,17, 8
1420,242,17, 8
1421,242,17, 8
1422,242,17, 8
1423,242,17, 8
1424,242,17, 8
1425,242,17, 8
1426,242,17, 8
1427,242,17, 8
1428,242,17, 8
1429,242,17, 8
1430,242,17, 8
1431,242,17, 8
1432,242,17, 8
1433,242,17, 8
1434,242,17, 8
1435,242,17, 8
1436,242,17, 8
1437,242,17, 8
1438,242,17, 8
1439,242,17, 8
1440,242,17, 8
1441,242,17, 8
1442,242,17, 8
1443,242,17, 8
1444,242,17, 8
1445,242,17, 8
1446,242,17, 8
1447,242,17, 8
1448,242,17, 8
1449,242,17, 8
1450,242,17, 8
1451,242,17, 8
1452,242,17, 8
1453,242,17, 8
1454,242,17, 8
1455,242,17, 8
1456,242,17, 8
1457,242,17, 8
1458,242,17, 8
1459,242,17, 8
1460,242,17, 8
1461,242,17, 8
1462,242,17, 8
1463,242,17, 8
1464,242,17, 8
1465,242,17, 8
1466,242,17, 8
1467,242,17, 8
1468,242,17, 8
1469,242,17, 8
1470,242,17, 8
1471,242,17, 8
1472,242,17, 8
1473,242,17, 8
1474,242,17, 8
1475,242,17, 8
1476,242,17, 8
1477,242,17, 8
1478,242,17, 8
1479,242,17, 8
1480,242,17, 8
1481,242,17, 8
1482,242,17, 8
1483,242,17, 8
1484,242,17, 8
1485,242,17, 8
1486,242,17, 8
1487,242,17, 8
1488,242,17, 8
1489,242,17, 8
1490,242,17, 8
1491,242,17, 8
1492,242,17, 8
1493,242,17, 8
1494,242,17, 8
1495,242,17, 8
1496,242,17, 8
1497,242,17, 8
1498,242,17, 8
1499,242,17, 8
