0,250,25, 0
1,250,25, 0
2,250,25, 0
3,250,25, 0
4,250,25, 0
5,250,25, 0
6,250,25, 0
7,250,25, 0
8,250,25, 0
9,250,25, 0
10,249,24, 1
11,249,24, 1
12,249,24, 1
13,249,24, 1
14,249,24, 1
15,249,24, 1
16,249,24, 1
17,249,24, 1
18,249,24, 1
19,249,24, 1
20,249,24, 1
21,249,24, 1
22,249,24, 1
23,249,24, 1
24,249,24, 1
25,249,24, 1
26,249,24, 1
27,249,24, 1
28,249,24, 1
29,249,24, 1
30,249,24, 1
31,249,24, 1
32,249,24, 1
33,249,24, 1
34,249,24, 1
35,249,24, 1
36,249,24, 1
37,249,24, 1
38,249,24, 1
39,249,24, 1
40,249,24, 1
41,249,24, 1
42,249,24, 1
43,249,24, 1
44,249,24, 1
45,249,24, 1
46,249,24, 1
47,249,24, 1
48,249,24, 1
49,249,24, 1
50,249,24, 1
51,249,24, 1
52,249,24, 1
53,249,24, 1
54,249,24, 1
55,249,24, 1
56,249,24, 1
57,249,24, 1
58,249,24, 1
59,249,24, 1
60,249,24, 1
61,249,24, 1
62,249,24, 1
63,249,24, 1
64,249,24, 1
65,249,24, 1
66,249,24, 1
67,249,24, 1
68,249,24, 1
69,249,24, 1
70,249,24, 1
71,249,24, 1
72,249,24, 1
73,249,24, 1
74,249,24, 1
75,249,24, 1
76,249,24, 1
77,249,24, 1
78,249,24, 1
79,249,24, 1
80,249,24, 1
81,249,24, 1
82,249,24, 1
83,249,24, 1
84,249,24, 1
85,249,24, 1
86,249,24, 1
87,249,24, 1
88,249,24, 1
89,249,24, 1
90,249,24, 1
91,249,24, 1
92,248,23, 2
93,248,23, 2
94,248,23, 2
95,248,23, 2
96,248,23, 2
97,248,23, 2
98,248,23, 2
99,248,23, 2
100,248,23, 2
101,248,23, 2
102,248,23, 2
103,248,23, 2
104,248,23, 2
105,248,23, 2
106,248,23, 2
107,248,23, 2
108,248,23, 2
109,248,23, 2
110,248,23, 2
111,248,23, 2
112,248,23, 2
113,248,23, 2
114,248,23, 2
115,248,23, 2
116,248,23, 2
117,248,23, 2
118,248,23, 2
119,248,23, 2
120,248,23, 2
121,248,23, 2
122,248,23, 2
123,248,23, 2
124,248,23, 2
125,248,23, 2
126,248,23, 2
127,248,23, 2
128,248,23, 2
129,248,23, 2
130,248,23, 2
131,248,23, 2
132,248,23, 2
133,248,23, 2
134,248,23, 2
135,248,23, 2
136,248,23, 2
137,248,23, 2
138,248,23, 2
139,248,23, 2
140,247,22, 3
141,247,22, 3
142,247,22, 3
143,247,22, 3
144,247,22, 3
145,247,22, 3
146,247,22, 3
147,247,22, 3
148,247,22, 3
149,247,22, 3
150,247,22, 3
151,247,22, 3
152,247,22, 3
153,247,22, 3
154,247,22, 3
155,247,22, 3
156,247,22, 3
157,247,22, 3
158,247,22, 3
159,247,22, 3
160,247,22, 3
161,247,22, 3
162,247,22, 3
163,247,22, 3
164,247,22, 3
165,247,22, 3
166,247,22, 3
167,247,22, 3
168,247,22, 3
169,247,22, 3
170,246,21, 4
171,246,21, 4
172,246,21, 4
173,246,21, 4
174,246,21, 4
175,246,21, 4
176,246,21, 4
177,246,21, 4
178,246,21, 4
179,246,21, 4
180,246,21, 4
181,246,21, 4
182,246,21, 4
183,246,21, 4
184,246,21, 4
185,246,21, 4
186,246,21, 4
187,246,21, 4
188,246,21, 4
189,246,21, 4
190,246,21, 4
191,246,21, 4
192,246,21, 4
193,246,21, 4
194,246,21, 4
195,246,21, 4
196,246,21, 4
197,246,21, 4
198,246,21, 4
199,246,21, 4
200,246,21, 4
201,246,21, 4
202,246,21, 4
203,246,21, 4
204,246,21, 4
205,246,21, 4
206,246,21, 4
207,245,20, 5
208,245,20, 5
209,245,20, 5
210,245,20, 5
211,245,20, 5
212,245,20, 5
213,245,20, 5
214,245,20, 5
215,245,20, 5
216,245,20, 5
217,245,20, 5
218,245,20, 5
219,245,20, 5
220,245,20, 5
221,245,20, 5
222,245,20, 5
223,245,20, 5
224,245,20, 5
225,245,20, 5
226,245,20, 5
227,245,20, 5
228,245,20, 5
229,245,20, 5
230,245,20, 5
231,245,20, 5
232,245,20, 5
233,245,20, 5
234,245,20, 5
235,245,20, 5
236,244,19, 6
237,244,19, 6
238,244,19, 6
239,243,18, 7
240,243,18, 7
241,243,18, 7
242,243,18, 7
243,243,18, 7
244,243,18, 7
245,243,18, 7
246,243,18, 7
247,243,18, 7
248,243,18, 7
249,243,18, 7
250,243,18, 7
251,243,18, 7
252,243,18, 7
253,243,18, 7
254,243,18, 7
255,243,18, 7
256,243,18, 7
257,243,18, 7
258,243,18, 7
259,243,18, 7
260,243,18, 7
261,243,18, 7
262,243,18, 7
263,243,18, 7
264,243,18, 7
265,243,18, 7
266,243,18, 7
267,243,18, 7
268,243,18, 7
269,243,18, 7
270,243,18, 7
271,243,18, 7
272,243,18, 7
273,243,18, 7
274,243,18, 7
275,243,18, 7
276,243,18, 7
277,243,18, 7
278,243,18, 7
279,243,18, 7
280,243,18, 7
281,243,18, 7
282,243,18, 7
283,243,18, 7
284,243,18, 7
285,243,18, 7
286,243,18, 7
287,243,18, 7
288,243,18, 7
289,243,18, 7
290,243,18, 7
291,243,18, 7
292,243,18, 7
293,243,18, 7
294,243,18, 7
295,243,18, 7
296,243,18, 7
297,243,18, 7
298,243,18, 7
299,243,18, 7
300,243,18, 7
301,243,18, 7
302,243,18, 7
303,243,18, 7
304,243,18, 7
305,243,18, 7
306,243,18, 7
307,243,18, 7
308,243,18, 7
309,243,18, 7
310,243,18, 7
311,243,18, 7
312,243,18, 7
313,243,18, 7
314,243,18, 7
315,243,18, 7
316,243,18, 7
317,243,18, 7
318,243,18, 7
319,243,18, 7
320,243,18, 7
321,243,18, 7
322,243,18, 7
323,243,18, 7
324,243,18, 7
325,243,18, 7
326,243,18, 7
327,243,18, 7
328,243,18, 7
329,243,18, 7
330,242,17, 8
331,242,17, 8
332,242,17, 8
333,242,17, 8
334,242,17, 8
335,242,17, 8
336,242,17, 8
337,242,17, 8
338,242,17, 8
339,242,17, 8
340,242,17, 8
341,242,17, 8
342,242,17, 8
343,242,17, 8
344,242,17, 8
345,242,17, 8
346,242,17, 8
347,242,17, 8
348,242,17, 8
349,242,17, 8
350,242,17, 8
351,242,17, 8
352,242,17, 8
353,242,17, 8
354,242,17, 8
355,242,17, 8
356,242,17, 8
357,242,17, 8
358,242,17, 8
359,242,17, 8
360,242,17, 8
361,242,17, 8
362,242,17, 8
363,241,16, 9
364,241,16, 9
365,241,16, 9
366,241,16, 9
367,241,16, 9
368,241,16, 9
369,241,16, 9
370,241,16, 9
371,241,16, 9
372,241,16, 9
373,241,16, 9
374,241,16, 9
375,241,16, 9
376,241,16, 9
377,241,16, 9
378,241,16, 9
379,241,16, 9
380,241,16, 9
381,241,16, 9
382,241,16, 9
383,241,16, 9
384,241,16, 9
385,241,16, 9
386,241,16, 9
387,241,16, 9
388,241,16, 9
389,241,16, 9
390,241,16, 9
391,241,16, 9
392,241,16, 9
393,241,16, 9
394,241,16, 9
395,241,16, 9
396,241,16, 9
397,241,16, 9
398,241,16, 9
399,241,16, 9
400,241,16, 9
401,241,16, 9
402,241,16, 9
403,241,16, 9
404,241,16, 9
405,241,16, 9
406,241,16, 9
407,241,16, 9
408,241,16, 9
409,241,16, 9
410,241,16, 9
411,241,16, 9
412,241,16, 9
413,241,16, 9
414,241,16, 9
415,241,16, 9
416,241,16, 9
417,241,16, 9
418,241,16, 9
419,241,16, 9
420,241,16, 9
421,241,16, 9
422,241,16, 9
423,241,16, 9
424,241,16, 9
425,241,16, 9
426,241,16, 9
427,241,16, 9
428,241,16, 9
429,241,16, 9
430,241,16, 9
431,241,16, 9
432,241,16, 9
433,241,16, 9
434,241,16, 9
435,241,16, 9
436,241,16, 9
437,241,16, 9
438,241,16, 9
439,241,16, 9
440,241,16, 9
441,241,16, 9
442,241,16, 9
443,241,16, 9
444,241,16, 9
445,241,16, 9
446,241,16, 9
447,241,16, 9
448,241,16, 9
449,241,16, 9
450,241,16, 9
451,241,16, 9
452,241,16, 9
453,241,16, 9
454,241,16, 9
455,241,16, 9
456,241,16, 9
457,241,16, 9
458,241,16, 9
459,241,16, 9
460,241,16, 9
461,241,16, 9
462,241,16, 9
463,241,16, 9
464,241,16, 9
465,241,16, 9
466,240,15, 10
467,240,15, 10
468,240,15, 10
469,240,15, 10
470,240,15, 10
471,240,15, 10
472,240,15, 10
473,240,15, 10
474,240,15, 10
475,240,15, 10
476,240,15, 10
477,240,15, 10
478,240,15, 10
479,240,15, 10
480,240,15, 10
481,240,15, 10
482,240,15, 10
483,240,15, 10
484,240,15, 10
485,240,15, 10
486,240,15, 10
487,240,15, 10
488,240,15, 10
489,240,15, 10
490,240,15, 10
491,240,15, 10
492,240,15, 10
493,240,15, 10
494,240,15, 10
495,240,15, 10
496,240,15, 10
497,240,15, 10
498,240,15, 10
499,240,15, 10
500,240,15, 10
501,240,15, 10
502,240,15, 10
503,240,15, 10
504,240,15, 10
505,240,15, 10
506,240,15, 10
507,240,15, 10
508,240,15, 10
509,240,15, 10
510,240,15, 10
511,240,15, 10
512,240,15, 10
513,240,15, 10
514,240,15, 10
515,240,15, 10
516,240,15, 10
517,240,15, 10
518,240,15, 10
519,240,15, 10
520,240,15, 10
521,240,15, 10
522,240,15, 10
523,240,15, 10
524,240,15, 10
525,240,15, 10
526,240,15, 10
527,240,15, 10
528,240,15, 10
529,240,15, 10
530,240,15, 10
531,240,15, 10
532,240,15, 10
533,240,15, 10
534,240,15, 10
535,240,15, 10
536,240,15, 10
537,240,15, 10
538,240,15, 10
539,240,15, 10
540,240,15, 10
541,240,15, 10
542,240,15, 10
543,240,15, 10
544,240,15, 10
545,240,15, 10
546,240,15, 10
547,240,15, 10
548,240,15, 10
549,240,15, 10
550,240,15, 10
551,240,15, 10
552,240,15, 10
553,240,15, 10
554,240,15, 10
555,240,15, 10
556,240,15, 10
557,240,15, 10
558,240,15, 10
559,240,15, 10
560,240,15, 10
561,240,15, 10
562,240,15, 10
563,240,15, 10
564,240,15, 10
565,240,15, 10
566,240,15, 10
567,240,15, 10
568,240,15, 10
569,240,15, 10
570,240,15, 10
571,240,15, 10
572,240,15, 10
573,240,15, 10
574,240,15, 10
575,240,15, 10
576,240,15, 10
577,240,15, 10
578,240,15, 10
579,240,15, 10
580,240,15, 10
581,240,15, 10
582,240,15, 10
583,240,15, 10
584,240,15, 10
585,240,15, 10
586,240,15, 10
587,240,15, 10
588,240,15, 10
589,240,15, 10
590,240,15, 10
591,240,15, 10
592,240,15, 10
593,240,15, 10
594,240,15, 10
595,240,15, 10
596,240,15, 10
597,240,15, 10
598,240,15, 10
599,240,15, 10
600,240,15, 10
601,240,15, 10
602,240,15, 10
603,240,15, 10
604,240,15, 10
605,240,15, 10
606,240,15, 10
607,240,15, 10
608,240,15, 10
609,240,15, 10
610,240,15, 10
611,240,15, 10
612,240,15, 10
613,240,15, 10
614,240,15, 10
615,240,15, 10
616,240,15, 10
617,240,15, 10
618,240,15, 10
619,240,15, 10
620,240,15, 10
621,240,15, 10
622,240,15, 10
623,240,15, 10
624,240,15, 10
625,240,15, 10
626,240,15, 10
627,240,15, 10
628,240,15, 10
629,240,15, 10
630,240,15, 10
631,240,15, 10
632,240,15, 10
633,240,15, 10
634,240,15, 10
635,240,15, 10
636,240,15, 10
637,240,15, 10
638,240,15, 10
639,240,15, 10
640,240,15, 10
641,240,15, 10
642,240,15, 10
643,240,15, 10
644,240,15, 10
645,240,15, 10
646,240,15, 10
647,240,15, 10
648,240,15, 10
649,240,15, 10
650,240,15, 10
651,240,15, 10
652,240,15, 10
653,240,15, 10
654,240,15, 10
655,240,15, 10
656,240,15, 10
657,240,15, 10
658,240,15, 10
659,240,15, 10
660,240,15, 10
661,240,15, 10
662,240,15, 10
663,240,15, 10
664,240,15, 10
665,240,15, 10
666,240,15, 10
667,240,15, 10
668,240,15, 10
669,240,15, 10
670,240,15, 10
671,240,15, 10
672,240,15, 10
673,240,15, 10
674,240,15, 10
675,240,15, 10
676,240,15, 10
677,240,15, 10
678,240,15, 10
679,240,15, 10
680,240,15, 10
681,239,14, 11
682,239,14, 11
683,239,14, 11
684,239,14, 11
685,239,14, 11
686,239,14, 11
687,239,14, 11
688,239,14, 11
689,239,14, 11
690,239,14, 11
691,239,14, 11
692,239,14, 11
693,239,14, 11
694,239,14, 11
695,239,14, 11
696,239,14, 11
697,239,14, 11
698,239,14, 11
699,239,14, 11
700,239,14, 11
701,239,14, 11
702,239,14, 11
703,239,14, 11
704,239,14, 11
705,239,14, 11
706,239,14, 11
707,239,14, 11
708,239,14, 11
709,239,14, 11
710,239,14, 11
711,239,14, 11
712,239,14, 11
713,239,14, 11
714,239,14, 11
715,239,14, 11
716,239,14, 11
717,239,14, 11
718,239,14, 11
719,239,14, 11
720,239,14, 11
721,239,14, 11
722,239,14, 11
723,239,14, 11
724,239,14, 11
725,239,14, 11
726,239,14, 11
727,239,14, 11
728,239,14, 11
729,239,14, 11
730,239,14, 11
731,239,14, 11
732,239,14, 11
733,239,14, 11
734,239,14, 11
735,239,14, 11
736,239,14, 11
737,239,14, 11
738,239,14, 11
739,239,14, 11
740,239,14, 11
741,239,14, 11
742,239,14, 11
743,239,14, 11
744,239,14, 11
745,239,14, 11
746,239,14, 11
747,239,14, 11
748,239,14, 11
749,239,14, 11
750,239,14, 11
751,239,14, 11
752,239,14, 11
753,239,14, 11
754,239,14, 11
755,239,14, 11
756,239,14, 11
757,239,14, 11
758,239,14, 11
759,239,14, 11
760,239,14, 11
761,239,14, 11
762,239,14, 11
763,239,14, 11
764,239,14, 11
765,239,14, 11
766,239,14, 11
767,239,14, 11
768,239,14, 11
769,239,14, 11
770,239,14, 11
771,239,14, 11
772,239,14, 11
773,239,14, 11
774,239,14, 11
775,239,14, 11
776,239,14, 11
777,239,14, 11
778,239,14, 11
779,239,14, 11
780,239,14, 11
781,239,14, 11
782,239,14, 11
783,239,14, 11
784,239,14, 11
785,239,14, 11
786,239,14, 11
787,239,14, 11
788,239,14, 11
789,239,14, 11
790,239,14, 11
791,239,14, 11
792,239,14, 11
793,239,14, 11
794,239,14, 11
795,239,14, 11
796,239,14, 11
797,239,14, 11
798,239,14, 11
799,239,14, 11
800,239,14, 11
801,239,14, 11
802,239,14, 11
803,239,14, 11
804,239,14, 11
805,239,14, 11
806,239,14, 11
807,239,14, 11
808,239,14, 11
809,239,14, 11
810,239,14, 11
811,239,14, 11
812,239,14, 11
813,239,14, 11
814,239,14, 11
815,239,14, 11
816,239,14, 11
817,239,14, 11
818,239,14, 11
819,239,14, 11
820,239,14, 11
821,239,14, 11
822,239,14, 11
823,239,14, 11
824,239,14, 11
825,239,14, 11
826,239,14, 11
827,239,14, 11
828,239,14, 11
829,239,14, 11
830,239,14, 11
831,239,14, 11
832,239,14, 11
833,239,14, 11
834,239,14, 11
835,239,14, 11
836,239,14, 11
837,239,14, 11
838,239,14, 11
839,239,14, 11
840,239,14, 11
841,239,14, 11
842,239,14, 11
843,239,14, 11
844,239,14, 11
845,239,14, 11
846,239,14, 11
847,239,14, 11
848,239,14, 11
849,239,14, 11
850,239,14, 11
851,239,14, 11
852,239,14, 11
853,239,14, 11
854,239,14, 11
855,239,14, 11
856,239,14, 11
857,239,14, 11
858,239,14, 11
859,239,14, 11
860,239,14, 11
861,239,14, 11
862,239,14, 11
863,239,14, 11
864,239,14, 11
865,239,14, 11
866,239,14, 11
867,239,14, 11
868,239,14, 11
869,239,14, 11
870,239,14, 11
871,239,14, 11
872,239,14, 11
873,239,14, 11
874,239,14, 11
875,239,14, 11
876,239,14, 11
877,239,14, 11
878,239,14, 11
879,239,14, 11
880,239,14, 11
881,239,14, 11
882,239,14, 11
883,239,14, 11
884,239,14, 11
885,239,14, 11
886,239,14, 11
887,239,14, 11
888,239,14, 11
889,239,14, 11
890,239,14, 11
891,239,14, 11
892,239,14, 11
893,239,14, 11
894,239,14, 11
895,239,14, 11
896,239,14, 11
897,239,14, 11
898,239,14, 11
899,239,14, 11
900,239,14, 11
901,239,14, 11
902,239,14, 11
903,239,14, 11
904,239,14, 11
905,239,14, 11
906,239,14, 11
907,239,14, 11
908,239,14, 11
909,239,14, 11
910,239,14, 11
911,239,14, 11
912,239,14, 11
913,239,14, 11
914,239,14, 11
915,239,14, 11
916,239,14, 11
917,239,14, 11
918,239,14, 11
919,239,14, 11
920,239,14, 11
921,239,14, 11
922,239,14, 11
923,239,14, 11
924,239,14, 11
925,239,14, 11
926,239,14, 11
927,239,14, 11
928,239,14, 11
929,239,14, 11
930,239,14, 11
931,239,14, 11
932,239,14, 11
933,239,14, 11
934,238,13, 12
935,238,13, 12
936,238,13, 12
937,238,13, 12
938,238,13, 12
939,238,13, 12
940,238,13, 12
941,238,13, 12
942,238,13, 12
943,238,13, 12
944,238,13, 12
945,238,13, 12
946,238,13, 12
947,238,13, 12
948,238,13, 12
949,238,13, 12
950,238,13, 12
951,238,13, 12
952,238,13, 12
953,238,13, 12
954,238,13, 12
955,238,13, 12
956,238,13, 12
957,238,13, 12
958,238,13, 12
959,238,13, 12
960,238,13, 12
961,238,13, 12
962,238,13, 12
963,238,13, 12
964,238,13, 12
965,238,13, 12
966,238,13, 12
967,238,13, 12
968,238,13, 12
969,238,13, 12
970,238,13, 12
971,238,13, 12
972,238,13, 12
973,238,13, 12
974,238,13, 12
975,238,13, 12
976,238,13, 12
977,238,13, 12
978,238,13, 12
979,238,13, 12
980,238,13, 12
981,238,13, 12
982,238,13, 12
983,238,13, 12
984,238,13, 12
985,238,13, 12
986,238,13, 12
987,238,13, 12
988,238,13, 12
989,238,13, 12
990,238,13, 12
991,238,13, 12
992,238,13, 12
993,238,13, 12
994,238,13, 12
995,238,13, 12
996,238,13, 12
997,237,12, 13
998,237,12, 13
999,237,12, 13
1000,237,12, 13
1001,237,12, 13
1002,237,12, 13
1003,237,12, 13
1004,237,12, 13
1005,237,12, 13
1006,237,12, 13
1007,237,12, 13
1008,237,12, 13
1009,237,12, 13
1010,237,12, 13
1011,237,12, 13
1012,237,12, 13
1013,237,12, 13
1014,237,12, 13
1015,237,12, 13
1016,237,12, 13
1017,237,12, 13
1018,237,12, 13
1019,237,12, 13
1020,237,12, 13
1021,237,12, 13
1022,237,12, 13
1023,237,12, 13
1024,237,12, 13
1025,237,12, 13
1026,237,12, 13
1027,237,12, 13
1028,237,12, 13
1029,237,12, 13
1030,237,12, 13
1031,237,12, 13
1032,237,12, 13
1033,237,12, 13
1034,237,12, 13
1035,237,12, 13
1036,237,12, 13
1037,237,12, 13
1038,237,12, 13
1039,237,12, 13
1040,237,12, 13
1041,237,12, 13
1042,237,12, 13
1043,237,12, 13
1044,237,12, 13
1045,237,12, 13
1046,237,12, 13
1047,237,12, 13
1048,237,12, 13
1049,237,12, 13
1050,237,12, 13
1051,237,12, 13
1052,237,12, 13
1053,237,12, 13
1054,237,12, 13
1055,237,12, 13
1056,237,12, 13
1057,237,12, 13
1058,237,12, 13
1059,237,12, 13
1060,237,12, 13
1061,237,12, 13
1062,237,12, 13
1063,237,12, 13
1064,237,12, 13
1065,237,12, 13
1066,237,12, 13
1067,237,12, 13
1068,237,12, 13
1069,237,12, 13
1070,237,12, 13
1071,237,12, 13
1072,237,12, 13
1073,237,12, 13
1074,237,12, 13
1075,237,12, 13
1076,237,12, 13
1077,237,12, 13
1078,237,12, 13
1079,237,12, 13
1080,237,12, 13
1081,237,12, 13
1082,237,12, 13
1083,237,12, 13
1084,237,12, 13
1085,237,12, 13
1086,237,12, 13
1087,237,12, 13
1088,237,12, 13
1089,237,12, 13
1090,237,12, 13
1091,237,12, 13
1092,237,12, 13
1093,237,12, 13
1094,237,12, 13
1095,237,12, 13
1096,237,12, 13
1097,237,12, 13
1098,237,12, 13
1099,237,12, 13
1100,237,12, 13
1101,237,12, 13
1102,237,12, 13
1103,237,12, 13
1104,237,12, 13
1105,237,12, 13
1106,237,12, 13
1107,237,12, 13
1108,237,12, 13
1109,237,12, 13
1110,237,12, 13
1111,237,12, 13
1112,237,12, 13
1113,237,12, 13
1114,237,12, 13
1115,237,12, 13
1116,237,12, 13
1117,237,12, 13
1118,237,12, 13
1119,237,12, 13
1120,237,12, 13
1121,237,12, 13
1122,237,12, 13
1123,237,12, 13
1124,237,12, 13
1125,237,12, 13
1126,237,12, 13
1127,237,12, 13
1128,237,12, 13
1129,237,12, 13
1130,237,12, 13
1131,237,12, 13
1132,237,12, 13
1133,237,12, 13
1134,237,12, 13
1135,237,12, 13
1136,237,12, 13
1137,237,12, 13
1138,237,12, 13
1139,237,12, 13
1140,237,12, 13
1141,237,12, 13
1142,237,12, 13
1143,237,12, 13
1144,237,12, 13
1145,237,12, 13
1146,237,12, 13
1147,237,12, 13
1148,237,12, 13
1149,237,12, 13
1150,237,12, 13
1151,237,12, 13
1152,237,12, 13
1153,237,12, 13
1154,237,12, 13
1155,237,12, 13
1156,237,12, 13
1157,237,12, 13
1158,237,12, 13
1159,237,12, 13
1160,237,12, 13
1161,237,12, 13
1162,237,12, 13
1163,236,11, 14
1164,236,11, 14
1165,236,11, 14
1166,236,11, 14
1167,236,11, 14
1168,236,11, 14
1169,236,11, 14
1170,236,11, 14
1171,236,11, 14
1172,236,11, 14
1173,236,11, 14
1174,236,11, 14
1175,236,11, 14
1176,236,11, 14
1177,236,11, 14
1178,236,11, 14
1179,236,11, 14
1180,236,11, 14
1181,236,11, 14
1182,236,11, 14
1183,236,11, 14
1184,236,11, 14
1185,236,11, 14
1186,236,11, 14
1187,236,11, 14
1188,236,11, 14
1189,236,11, 14
1190,236,11, 14
1191,236,11, 14
1192,236,11, 14
1193,236,11, 14
1194,236,11, 14
1195,236,11, 14
1196,236,11, 14
1197,236,11, 14
1198,236,11, 14
1199,236,11, 14
1200,236,11, 14
1201,236,11, 14
1202,236,11, 14
1203,236,11, 14
1204,236,11, 14
1205,236,11, 14
1206,236,11, 14
1207,236,11, 14
1208,236,11, 14
1209,236,11, 14
1210,236,11, 14
1211,236,11, 14
1212,236,11, 14
1213,236,11, 14
1214,236,11, 14
1215,236,11, 14
1216,236,11, 14
1217,236,11, 14
1218,236,11, 14
1219,236,11, 14
1220,236,11, 14
1221,236,11, 14
1222,236,11, 14
1223,236,11, 14
1224,236,11, 14
1225,236,11, 14
1226,236,11, 14
1227,236,11, 14
1228,236,11, 14
1229,236,11, 14
1230,236,11, 14
1231,236,11, 14
1232,236,11, 14
1233,236,11, 14
1234,236,11, 14
1235,236,11, 14
1236,236,11, 14
1237,236,11, 14
1238,236,11, 14
1239,236,11, 14
1240,236,11, 14
1241,236,11, 14
1242,236,11, 14
1243,236,11, 14
1244,236,11, 14
1245,236,11, 14
1246,236,11, 14
1247,236,11, 14
1248,236,11, 14
1249,236,11, 14
1250,236,11, 14
1251,236,11, 14
1252,236,11, 14
1253,236,11, 14
1254,236,11, 14
1255,236,11, 14
1256,236,11, 14
1257,236,11, 14
1258,236,11, 14
1259,236,11, 14
1260,236,11, 14
1261,236,11, 14
1262,236,11, 14
1263,236,11, 14
1264,236,11, 14
1265,236,11, 14
1266,236,11, 14
1267,236,11, 14
1268,236,11, 14
1269,236,11, 14
1270,236,11, 14
1271,236,11, 14
1272,236,11, 14
1273,236,11, 14
1274,236,11, 14
1275,236,11, 14
1276,236,11, 14
1277,236,11, 14
1278,236,11, 14
1279,236,11, 14
1280,236,11, 14
1281,236,11, 14
1282,236,11, 14
1283,236,11, 14
1284,236,11, 14
1285,236,11, 14
1286,236,11, 14
1287,236,11, 14
1288,236,11, 14
1289,236,11, 14
1290,236,11, 14
1291,236,11, 14
1292,236,11, 14
1293,236,11, 14
1294,236,11, 14
1295,236,11, 14
1296,236,11, 14
1297,236,11, 14
1298,236,11, 14
1299,236,11, 14
1300,236,11, 14
1301,236,11, 14
1302,236,11, 14
1303,236,11, 14
1304,236,11, 14
1305,236,11, 14
1306,236,11, 14
1307,236,11, 14
1308,236,11, 14
1309,236,11, 14
1310,236,11, 14
1311,236,11, 14
1312,236,11, 14
1313,236,11, 14
1314,236,11, 14
1315,236,11, 14
1316,236,11, 14
1317,236,11, 14
1318,236,11, 14
1319,236,11, 14
1320,236,11, 14
1321,236,11, 14
1322,236,11, 14
1323,236,11, 14
1324,236,11, 14
1325,236,11, 14
1326,236,11, 14
1327,236,11, 14
1328,236,11, 14
1329,235,10, 15
1330,235,10, 15
1331,235,10, 15
1332,235,10, 15
1333,235,10, 15
1334,235,10, 15
1335,235,10, 15
1336,235,10, 15
1337,235,10, 15
1338,235,10, 15
1339,235,10, 15
1340,235,10, 15
1341,235,10, 15
1342,235,10, 15
1343,235,10, 15
1344,235,10, 15
1345,235,10, 15
1346,235,10, 15
1347,235,10, 15
1348,235,10, 15
1349,235,10, 15
1350,235,10, 15
1351,235,10, 15
1352,235,10, 15
1353,235,10, 15
1354,235,10, 15
1355,235,10, 15
1356,235,10, 15
1357,235,10, 15
1358,235,10, 15
1359,235,10, 15
1360,235,10, 15
1361,235,10, 15
1362,235,10, 15
1363,235,10, 15
1364,235,10, 15
1365,235,10, 15
1366,235,10, 15
1367,235,10, 15
1368,235,10, 15
1369,235,10, 15
1370,235,10, 15
1371,235,10, 15
1372,235,10, 15
1373,235,10, 15
1374,235,10, 15
1375,235,10, 15
1376,235,10, 15
1377,235,10, 15
1378,235,10, 15
1379,235,10, 15
1380,235,10, 15
1381,235,10, 15
1382,235,10, 15
1383,235,10, 15
1384,235,10, 15
1385,235,10, 15
1386,235,10, 15
1387,235,10, 15
1388,235,10, 15
1389,235,10, 15
1390,235,10, 15
1391,235,10, 15
1392,235,10, 15
1393,235,10, 15
1394,235,10, 15
1395,235,10, 15
1396,235,10, 15
1397,235,10, 15
1398,235,10, 15
1399,235,10, 15
1400,235,10, 15
1401,235,10, 15
1402,235,10, 15
1403,235,10, 15
1404,235,10, 15
1405,235,10, 15
1406,235,10, 15
1407,235,10, 15
1408,235,10, 15
1409,235,10, 15
1410,235,10, 15
1411,235,10, 15
1412,235,10, 15
1413,235,10, 15
1414,235,10, 15
1415,235,10, 15
1416,235,10, 15
1417,235,10, 15
1418,235,10, 15
1419,235,10, 15
1420,235,10, 15
1421,235,10, 15
1422,235,10, 15
1423,235,10, 15
1424,235,10, 15
1425,235,10, 15
1426,235,10, 15
1427,235,10, 15
1428,235,10, 15
1429,235,10, 15
1430,235,10, 15
1431,235,10, 15
1432,235,10, 15
1433,235,10, 15
1434,235,10, 15
1435,235,10, 15
1436,235,10, 15
1437,235,10, 15
1438,235,10, 15
1439,235,10, 15
1440,235,10, 15
1441,235,10, 15
1442,235,10, 15
1443,235,10, 15
1444,235,10, 15
1445,235,10, 15
1446,235,10, 15
1447,235,10, 15
1448,235,10, 15
1449,235,10, 15
1450,235,10, 15
1451,235,10, 15
1452,235,10, 15
1453,235,10, 15
1454,235,10, 15
1455,235,10, 15
1456,235,10, 15
1457,235,10, 15
1458,235,10, 15
1459,235,10, 15
1460,235,10, 15
1461,235,10, 15
1462,235,10, 15
1463,235,10, 15
1464,235,10, 15
1465,235,10, 15
1466,235,10, 15
1467,235,10, 15
1468,235,10, 15
1469,235,10, 15
1470,235,10, 15
1471,235,10, 15
1472,235,10, 15
1473,235,10, 15
1474,235,10, 15
1475,235,10, 15
1476,235,10, 15
1477,235,10, 15
1478,235,10, 15
1479,235,10, 15
1480,235,10, 15
1481,235,10, 15
1482,235,10, 15
1483,235,10, 15
1484,235,10, 15
1485,235,10, 15
1486,235,10, 15
1487,235,10, 15
1488,235,10, 15
1489,235,10, 15
1490,235,10, 15
1491,235,10, 15
1492,235,10, 15
1493,235,10, 15
1494,235,10, 15
1495,235,10, 15
1496,235,10, 15
1497,235,10, 15
1498,235,10, 15
1499,235,10, 15
