0,250,25, 0
1,250,25, 0
2,250,25, 0
3,250,25, 0
4,250,25, 0
5,250,25, 0
6,250,25, 0
7,250,25, 0
8,250,25, 0
9,250,25, 0
10,250,25, 0
11,250,25, 0
12,250,25, 0
13,250,25, 0
14,250,25, 0
15,250,25, 0
16,250,25, 0
17,250,25, 0
18,250,25, 0
19,250,25, 0
20,250,25, 0
21,250,25, 0
22,250,25, 0
23,250,25, 0
24,250,25, 0
25,250,25, 0
26,250,25, 0
27,250,25, 0
28,250,25, 0
29,250,25, 0
30,250,25, 0
31,250,25, 0
32,250,25, 0
33,250,25, 0
34,250,25, 0
35,250,25, 0
36,250,25, 0
37,250,25, 0
38,250,25, 0
39,250,25, 0
40,250,25, 0
41,250,25, 0
42,250,25, 0
43,250,25, 0
44,250,25, 0
45,250,25, 0
46,250,25, 0
47,250,25, 0
48,250,25, 0
49,250,25, 0
50,250,25, 0
51,250,25, 0
52,250,25, 0
53,250,25, 0
54,250,25, 0
55,250,25, 0
56,250,25, 0
57,250,25, 0
58,250,25, 0
59,250,25, 0
60,250,25, 0
61,250,25, 0
62,250,25, 0
63,250,25, 0
64,250,25, 0
65,250,25, 0
66,250,25, 0
67,250,25, 0
68,250,25, 0
69,250,25, 0
70,250,25, 0
71,250,25, 0
72,250,25, 0
73,250,25, 0
74,250,25, 0
75,250,25, 0
76,250,25, 0
77,250,25, 0
78,250,25, 0
79,250,25, 0
80,250,25, 0
81,250,25, 0
82,250,25, 0
83,250,25, 0
84,250,25, 0
85,250,25, 0
86,250,25, 0
87,250,25, 0
88,250,25, 0
89,250,25, 0
90,250,25, 0
91,250,25, 0
92,250,25, 0
93,250,25, 0
94,250,25, 0
95,250,25, 0
96,250,25, 0
97,250,25, 0
98,250,25, 0
99,250,25, 0
100,250,25, 0
101,250,25, 0
102,250,25, 0
103,250,25, 0
104,250,25, 0
105,250,25, 0
106,250,25, 0
107,250,25, 0
108,250,25, 0
109,250,25, 0
110,250,25, 0
111,250,25, 0
112,250,25, 0
113,250,25, 0
114,250,25, 0
115,250,25, 0
116,250,25, 0
117,250,25, 0
118,250,25, 0
119,250,25, 0
120,250,25, 0
121,250,25, 0
122,250,25, 0
123,250,25, 0
124,250,25, 0
125,250,25, 0
126,250,25, 0
127,250,25, 0
128,250,25, 0
129,250,25, 0
130,250,25, 0
131,250,25, 0
132,250,25, 0
133,250,25, 0
134,250,25, 0
135,250,25, 0
136,250,25, 0
137,250,25, 0
138,250,25, 0
139,250,25, 0
140,250,25, 0
141,250,25, 0
142,250,25, 0
143,250,25, 0
144,250,25, 0
145,250,25, 0
146,250,25, 0
147,250,25, 0
148,250,25, 0
149,250,25, 0
150,250,25, 0
151,250,25, 0
152,250,25, 0
153,250,25, 0
154,250,25, 0
155,250,25, 0
156,250,25, 0
157,250,25, 0
158,250,25, 0
159,250,25, 0
160,250,25, 0
161,250,25, 0
162,250,25, 0
163,250,25, 0
164,250,25, 0
165,250,25, 0
166,250,25, 0
167,250,25, 0
168,250,25, 0
169,250,25, 0
170,250,25, 0
171,250,25, 0
172,250,25, 0
173,250,25, 0
174,250,25, 0
175,250,25, 0
176,250,25, 0
177,250,25, 0
178,250,25, 0
179,250,25, 0
180,250,25, 0
181,250,25, 0
182,250,25, 0
183,250,25, 0
184,250,25, 0
185,250,25, 0
186,250,25, 0
187,250,25, 0
188,250,25, 0
189,250,25, 0
190,250,25, 0
191,250,25, 0
192,250,25, 0
193,250,25, 0
194,250,25, 0
195,250,25, 0
196,250,25, 0
197,250,25, 0
198,250,25, 0
199,250,25, 0
200,250,25, 0
201,250,25, 0
202,250,25, 0
203,250,25, 0
204,250,25, 0
205,250,25, 0
206,250,25, 0
207,250,25, 0
208,250,25, 0
209,250,25, 0
210,250,25, 0
211,250,25, 0
212,250,25, 0
213,250,25, 0
214,250,25, 0
215,250,25, 0
216,250,25, 0
217,250,25, 0
218,250,25, 0
219,250,25, 0
220,250,25, 0
221,250,25, 0
222,250,25, 0
223,250,25, 0
224,250,25, 0
225,250,25, 0
226,250,25, 0
227,250,25, 0
228,250,25, 0
229,250,25, 0
230,250,25, 0
231,250,25, 0
232,250,25, 0
233,250,25, 0
234,250,25, 0
235,250,25, 0
236,250,25, 0
237,250,25, 0
238,250,25, 0
239,250,25, 0
240,250,25, 0
241,250,25, 0
242,250,25, 0
243,250,25, 0
244,250,25, 0
245,250,25, 0
246,250,25, 0
247,250,25, 0
248,250,25, 0
249,250,25, 0
250,250,25, 0
251,250,25, 0
252,250,25, 0
253,250,25, 0
254,250,25, 0
255,250,25, 0
256,250,25, 0
257,250,25, 0
258,250,25, 0
259,250,25, 0
260,250,25, 0
261,250,25, 0
262,250,25, 0
263,250,25, 0
264,250,25, 0
265,250,25, 0
266,250,25, 0
267,250,25, 0
268,250,25, 0
269,250,25, 0
270,250,25, 0
271,250,25, 0
272,250,25, 0
273,250,25, 0
274,250,25, 0
275,250,25, 0
276,250,25, 0
277,250,25, 0
278,250,25, 0
279,250,25, 0
280,250,25, 0
281,250,25, 0
282,250,25, 0
283,250,25, 0
284,250,25, 0
285,250,25, 0
286,250,25, 0
287,250,25, 0
288,250,25, 0
289,250,25, 0
290,250,25, 0
291,250,25, 0
292,250,25, 0
293,250,25, 0
294,250,25, 0
295,250,25, 0
296,250,25, 0
297,250,25, 0
298,250,25, 0
299,250,25, 0
300,250,25, 0
301,250,25, 0
302,250,25, 0
303,250,25, 0
304,250,25, 0
305,250,25, 0
306,250,25, 0
307,250,25, 0
308,250,25, 0
309,250,25, 0
310,250,25, 0
311,250,25, 0
312,250,25, 0
313,250,25, 0
314,250,25, 0
315,250,25, 0
316,250,25, 0
317,250,25, 0
318,250,25, 0
319,250,25, 0
320,250,25, 0
321,250,25, 0
322,250,25, 0
323,250,25, 0
324,250,25, 0
325,250,25, 0
326,250,25, 0
327,250,25, 0
328,250,25, 0
329,250,25, 0
330,250,25, 0
331,250,25, 0
332,250,25, 0
333,250,25, 0
334,250,25, 0
335,250,25, 0
336,250,25, 0
337,250,25, 0
338,250,25, 0
339,250,25, 0
340,250,25, 0
341,250,25, 0
342,250,25, 0
343,250,25, 0
344,250,25, 0
345,250,25, 0
346,250,25, 0
347,250,25, 0
348,250,25, 0
349,250,25, 0
350,250,25, 0
351,250,25, 0
352,250,25, 0
353,250,25, 0
354,250,25, 0
355,250,25, 0
356,250,25, 0
357,250,25, 0
358,250,25, 0
359,250,25, 0
360,250,25, 0
361,250,25, 0
362,250,25, 0
363,250,25, 0
364,250,25, 0
365,250,25, 0
366,250,25, 0
367,250,25, 0
368,250,25, 0
369,250,25, 0
370,250,25, 0
371,250,25, 0
372,250,25, 0
373,250,25, 0
374,250,25, 0
375,250,25, 0
376,250,25, 0
377,250,25, 0
378,250,25, 0
379,250,25, 0
380,250,25, 0
381,250,25, 0
382,250,25, 0
383,250,25, 0
384,250,25, 0
385,250,25, 0
386,250,25, 0
387,250,25, 0
388,250,25, 0
389,250,25, 0
390,250,25, 0
391,250,25, 0
392,250,25, 0
393,250,25, 0
394,250,25, 0
395,250,25, 0
396,250,25, 0
397,250,25, 0
398,250,25, 0
399,250,25, 0
400,250,25, 0
401,250,25, 0
402,250,25, 0
403,250,25, 0
404,250,25, 0
405,250,25, 0
406,250,25, 0
407,250,25, 0
408,250,25, 0
409,250,25, 0
410,250,25, 0
411,250,25, 0
412,250,25, 0
413,250,25, 0
414,250,25, 0
415,250,25, 0
416,250,25, 0
417,250,25, 0
418,250,25, 0
419,250,25, 0
420,250,25, 0
421,250,25, 0
422,250,25, 0
423,250,25, 0
424,250,25, 0
425,250,25, 0
426,250,25, 0
427,250,25, 0
428,250,25, 0
429,250,25, 0
430,250,25, 0
431,250,25, 0
432,250,25, 0
433,250,25, 0
434,250,25, 0
435,250,25, 0
436,250,25, 0
437,250,25, 0
438,250,25, 0
439,250,25, 0
440,250,25, 0
441,250,25, 0
442,250,25, 0
443,250,25, 0
444,250,25, 0
445,250,25, 0
446,250,25, 0
447,250,25, 0
448,250,25, 0
449,250,25, 0
450,250,25, 0
451,250,25, 0
452,250,25, 0
453,250,25, 0
454,250,25, 0
455,250,25, 0
456,250,25, 0
457,250,25, 0
458,250,25, 0
459,250,25, 0
460,250,25, 0
461,250,25, 0
462,250,25, 0
463,250,25, 0
464,250,25, 0
465,250,25, 0
466,250,25, 0
467,250,25, 0
468,250,25, 0
469,250,25, 0
470,250,25, 0
471,250,25, 0
472,250,25, 0
473,250,25, 0
474,250,25, 0
475,250,25, 0
476,250,25, 0
477,250,25, 0
478,250,25, 0
479,250,25, 0
480,250,25, 0
481,250,25, 0
482,250,25, 0
483,250,25, 0
484,250,25, 0
485,250,25, 0
486,250,25, 0
487,250,25, 0
488,250,25, 0
489,250,25, 0
490,250,25, 0
491,250,25, 0
492,250,25, 0
493,250,25, 0
494,250,25, 0
495,250,25, 0
496,250,25, 0
497,250,25, 0
498,250,25, 0
499,250,25, 0
500,250,25, 0
501,250,25, 0
502,250,25, 0
503,250,25, 0
504,250,25, 0
505,250,25, 0
506,250,25, 0
507,250,25, 0
508,250,25, 0
509,250,25, 0
510,250,25, 0
511,250,25, 0
512,250,25, 0
513,250,25, 0
514,250,25, 0
515,250,25, 0
516,250,25, 0
517,250,25, 0
518,250,25, 0
519,250,25, 0
520,250,25, 0
521,250,25, 0
522,250,25, 0
523,250,25, 0
524,250,25, 0
525,250,25, 0
526,250,25, 0
527,250,25, 0
528,250,25, 0
529,250,25, 0
530,250,25, 0
531,250,25, 0
532,250,25, 0
533,250,25, 0
534,250,25, 0
535,250,25, 0
536,250,25, 0
537,250,25, 0
538,250,25, 0
539,250,25, 0
540,250,25, 0
541,250,25, 0
542,250,25, 0
543,250,25, 0
544,250,25, 0
545,250,25, 0
546,250,25, 0
547,250,25, 0
548,250,25, 0
549,250,25, 0
550,250,25, 0
551,250,25, 0
552,250,25, 0
553,250,25, 0
554,250,25, 0
555,250,25, 0
556,250,25, 0
557,250,25, 0
558,250,25, 0
559,250,25, 0
560,250,25, 0
561,250,25, 0
562,250,25, 0
563,250,25, 0
564,250,25, 0
565,250,25, 0
566,250,25, 0
567,250,25, 0
568,250,25, 0
569,250,25, 0
570,250,25, 0
571,250,25, 0
572,250,25, 0
573,250,25, 0
574,250,25, 0
575,250,25, 0
576,250,25, 0
577,250,25, 0
578,250,25, 0
579,250,25, 0
580,250,25, 0
581,250,25, 0
582,250,25, 0
583,250,25, 0
584,250,25, 0
585,250,25, 0
586,250,25, 0
587,250,25, 0
588,250,25, 0
589,250,25, 0
590,250,25, 0
591,250,25, 0
592,250,25, 0
593,250,25, 0
594,250,25, 0
595,250,25, 0
596,250,25, 0
597,250,25, 0
598,250,25, 0
599,250,25, 0
600,250,25, 0
601,250,25, 0
602,250,25, 0
603,250,25, 0
604,250,25, 0
605,250,25, 0
606,250,25, 0
607,250,25, 0
608,250,25, 0
609,250,25, 0
610,250,25, 0
611,250,25, 0
612,250,25, 0
613,250,25, 0
614,250,25, 0
615,250,25, 0
616,250,25, 0
617,250,25, 0
618,250,25, 0
619,250,25, 0
620,250,25, 0
621,250,25, 0
622,250,25, 0
623,250,25, 0
624,250,25, 0
625,250,25, 0
626,250,25, 0
627,250,25, 0
628,250,25, 0
629,250,25, 0
630,250,25, 0
631,250,25, 0
632,250,25, 0
633,250,25, 0
634,250,25, 0
635,250,25, 0
636,250,25, 0
637,250,25, 0
638,250,25, 0
639,250,25, 0
640,250,25, 0
641,250,25, 0
642,250,25, 0
643,250,25, 0
644,250,25, 0
645,250,25, 0
646,250,25, 0
647,250,25, 0
648,250,25, 0
649,250,25, 0
650,250,25, 0
651,250,25, 0
652,250,25, 0
653,250,25, 0
654,250,25, 0
655,250,25, 0
656,250,25, 0
657,250,25, 0
658,250,25, 0
659,250,25, 0
660,250,25, 0
661,250,25, 0
662,250,25, 0
663,250,25, 0
664,250,25, 0
665,250,25, 0
666,250,25, 0
667,250,25, 0
668,250,25, 0
669,250,25, 0
670,250,25, 0
671,250,25, 0
672,250,25, 0
673,250,25, 0
674,250,25, 0
675,250,25, 0
676,250,25, 0
677,250,25, 0
678,250,25, 0
679,250,25, 0
680,250,25, 0
681,250,25, 0
682,250,25, 0
683,250,25, 0
684,250,25, 0
685,250,25, 0
686,250,25, 0
687,250,25, 0
688,250,25, 0
689,250,25, 0
690,250,25, 0
691,250,25, 0
692,250,25, 0
693,250,25, 0
694,250,25, 0
695,250,25, 0
696,250,25, 0
697,250,25, 0
698,250,25, 0
699,250,25, 0
700,250,25, 0
701,250,25, 0
702,250,25, 0
703,250,25, 0
704,250,25, 0
705,250,25, 0
706,250,25, 0
707,250,25, 0
708,250,25, 0
709,250,25, 0
710,250,25, 0
711,250,25, 0
712,250,25, 0
713,250,25, 0
714,250,25, 0
715,250,25, 0
716,250,25, 0
717,250,25, 0
718,250,25, 0
719,250,25, 0
720,250,25, 0
721,250,25, 0
722,250,25, 0
723,250,25, 0
724,250,25, 0
725,250,25, 0
726,250,25, 0
727,250,25, 0
728,250,25, 0
729,250,25, 0
730,250,25, 0
731,250,25, 0
732,250,25, 0
733,250,25, 0
734,250,25, 0
735,250,25, 0
736,250,25, 0
737,250,25, 0
738,250,25, 0
739,250,25, 0
740,250,25, 0
741,250,25, 0
742,250,25, 0
743,250,25, 0
744,250,25, 0
745,250,25, 0
746,250,25, 0
747,250,25, 0
748,250,25, 0
749,250,25, 0
750,250,25, 0
751,250,25, 0
752,250,25, 0
753,250,25, 0
754,250,25, 0
755,250,25, 0
756,250,25, 0
757,250,25, 0
758,250,25, 0
759,250,25, 0
760,250,25, 0
761,250,25, 0
762,250,25, 0
763,250,25, 0
764,250,25, 0
765,250,25, 0
766,250,25, 0
767,250,25, 0
768,250,25, 0
769,250,25, 0
770,250,25, 0
771,250,25, 0
772,250,25, 0
773,250,25, 0
774,250,25, 0
775,250,25, 0
776,250,25, 0
777,250,25, 0
778,250,25, 0
779,250,25, 0
780,250,25, 0
781,250,25, 0
782,250,25, 0
783,250,25, 0
784,250,25, 0
785,250,25, 0
786,250,25, 0
787,250,25, 0
788,250,25, 0
789,250,25, 0
790,250,25, 0
791,250,25, 0
792,250,25, 0
793,250,25, 0
794,250,25, 0
795,250,25, 0
796,250,25, 0
797,250,25, 0
798,250,25, 0
799,250,25, 0
800,250,25, 0
801,250,25, 0
802,250,25, 0
803,250,25, 0
804,250,25, 0
805,250,25, 0
806,250,25, 0
807,250,25, 0
808,250,25, 0
809,250,25, 0
810,250,25, 0
811,250,25, 0
812,250,25, 0
813,250,25, 0
814,250,25, 0
815,250,25, 0
816,250,25, 0
817,250,25, 0
818,250,25, 0
819,250,25, 0
820,250,25, 0
821,250,25, 0
822,250,25, 0
823,250,25, 0
824,250,25, 0
825,250,25, 0
826,250,25, 0
827,250,25, 0
828,250,25, 0
829,250,25, 0
830,250,25, 0
831,250,25, 0
832,250,25, 0
833,250,25, 0
834,250,25, 0
835,250,25, 0
836,250,25, 0
837,250,25, 0
838,250,25, 0
839,250,25, 0
840,250,25, 0
841,250,25, 0
842,250,25, 0
843,250,25, 0
844,250,25, 0
845,250,25, 0
846,250,25, 0
847,250,25, 0
848,250,25, 0
849,250,25, 0
850,250,25, 0
851,250,25, 0
852,250,25, 0
853,250,25, 0
854,250,25, 0
855,250,25, 0
856,250,25, 0
857,250,25, 0
858,250,25, 0
859,250,25, 0
860,250,25, 0
861,250,25, 0
862,250,25, 0
863,250,25, 0
864,250,25, 0
865,250,25, 0
866,250,25, 0
867,250,25, 0
868,250,25, 0
869,250,25, 0
870,250,25, 0
871,250,25, 0
872,250,25, 0
873,250,25, 0
874,250,25, 0
875,250,25, 0
876,250,25, 0
877,250,25, 0
878,250,25, 0
879,250,25, 0
880,250,25, 0
881,250,25, 0
882,250,25, 0
883,250,25, 0
884,250,25, 0
885,250,25, 0
886,250,25, 0
887,250,25, 0
888,250,25, 0
889,250,25, 0
890,250,25, 0
891,250,25, 0
892,250,25, 0
893,250,25, 0
894,250,25, 0
895,250,25, 0
896,250,25, 0
897,250,25, 0
898,250,25, 0
899,250,25, 0
900,250,25, 0
901,250,25, 0
902,250,25, 0
903,250,25, 0
904,250,25, 0
905,250,25, 0
906,250,25, 0
907,250,25, 0
908,250,25, 0
909,250,25, 0
910,250,25, 0
911,250,25, 0
912,250,25, 0
913,250,25, 0
914,250,25, 0
915,250,25, 0
916,250,25, 0
917,250,25, 0
918,250,25, 0
919,250,25, 0
920,250,25, 0
921,250,25, 0
922,250,25, 0
923,250,25, 0
924,250,25, 0
925,250,25, 0
926,250,25, 0
927,250,25, 0
928,250,25, 0
929,250,25, 0
930,250,25, 0
931,250,25, 0
932,250,25, 0
933,250,25, 0
934,250,25, 0
935,250,25, 0
936,250,25, 0
937,250,25, 0
938,250,25, 0
939,250,25, 0
940,250,25, 0
941,250,25, 0
942,250,25, 0
943,250,25, 0
944,250,25, 0
945,250,25, 0
946,250,25, 0
947,250,25, 0
948,250,25, 0
949,250,25, 0
950,250,25, 0
951,250,25, 0
952,250,25, 0
953,250,25, 0
954,250,25, 0
955,250,25, 0
956,250,25, 0
957,250,25, 0
958,250,25, 0
959,250,25, 0
960,250,25, 0
961,250,25, 0
962,250,25, 0
963,250,25, 0
964,250,25, 0
965,250,25, 0
966,250,25, 0
967,250,25, 0
968,250,25, 0
969,250,25, 0
970,250,25, 0
971,250,25, 0
972,250,25, 0
973,250,25, 0
974,250,25, 0
975,250,25, 0
976,250,25, 0
977,250,25, 0
978,250,25, 0
979,250,25, 0
980,250,25, 0
981,250,25, 0
982,250,25, 0
983,250,25, 0
984,250,25, 0
985,250,25, 0
986,250,25, 0
987,250,25, 0
988,250,25, 0
989,250,25, 0
990,250,25, 0
991,250,25, 0
992,250,25, 0
993,250,25, 0
994,250,25, 0
995,250,25, 0
996,250,25, 0
997,250,25, 0
998,250,25, 0
999,250,25, 0
1000,250,25, 0
1001,250,25, 0
1002,250,25, 0
1003,250,25, 0
1004,250,25, 0
1005,250,25, 0
1006,250,25, 0
1007,250,25, 0
1008,250,25, 0
1009,250,25, 0
1010,250,25, 0
1011,250,25, 0
1012,250,25, 0
1013,250,25, 0
1014,250,25, 0
1015,250,25, 0
1016,250,25, 0
1017,250,25, 0
1018,250,25, 0
1019,250,25, 0
1020,250,25, 0
1021,250,25, 0
1022,250,25, 0
1023,250,25, 0
1024,250,25, 0
1025,250,25, 0
1026,250,25, 0
1027,250,25, 0
1028,250,25, 0
1029,250,25, 0
1030,250,25, 0
1031,250,25, 0
1032,250,25, 0
1033,250,25, 0
1034,250,25, 0
1035,250,25, 0
1036,250,25, 0
1037,250,25, 0
1038,250,25, 0
1039,250,25, 0
1040,250,25, 0
1041,250,25, 0
1042,250,25, 0
1043,250,25, 0
1044,250,25, 0
1045,250,25, 0
1046,250,25, 0
1047,250,25, 0
1048,250,25, 0
1049,250,25, 0
1050,250,25, 0
1051,250,25, 0
1052,250,25, 0
1053,250,25, 0
1054,250,25, 0
1055,250,25, 0
1056,250,25, 0
1057,250,25, 0
1058,250,25, 0
1059,250,25, 0
1060,250,25, 0
1061,250,25, 0
1062,250,25, 0
1063,250,25, 0
1064,250,25, 0
1065,250,25, 0
1066,250,25, 0
1067,250,25, 0
1068,250,25, 0
1069,250,25, 0
1070,250,25, 0
1071,250,25, 0
1072,250,25, 0
1073,250,25, 0
1074,250,25, 0
1075,250,25, 0
1076,250,25, 0
1077,250,25, 0
1078,250,25, 0
1079,250,25, 0
1080,250,25, 0
1081,250,25, 0
1082,250,25, 0
1083,250,25, 0
1084,250,25, 0
1085,250,25, 0
1086,250,25, 0
1087,250,25, 0
1088,250,25, 0
1089,250,25, 0
1090,250,25, 0
1091,250,25, 0
1092,250,25, 0
1093,250,25, 0
1094,250,25, 0
1095,250,25, 0
1096,250,25, 0
1097,250,25, 0
1098,250,25, 0
1099,250,25, 0
1100,250,25, 0
1101,250,25, 0
1102,250,25, 0
1103,250,25, 0
1104,250,25, 0
1105,250,25, 0
1106,250,25, 0
1107,250,25, 0
1108,250,25, 0
1109,250,25, 0
1110,250,25, 0
1111,250,25, 0
1112,250,25, 0
1113,250,25, 0
1114,250,25, 0
1115,250,25, 0
1116,250,25, 0
1117,250,25, 0
1118,250,25, 0
1119,250,25, 0
1120,250,25, 0
1121,250,25, 0
1122,250,25, 0
1123,250,25, 0
1124,250,25, 0
1125,250,25, 0
1126,250,25, 0
1127,250,25, 0
1128,250,25, 0
1129,250,25, 0
1130,250,25, 0
1131,250,25, 0
1132,250,25, 0
1133,250,25, 0
1134,250,25, 0
1135,250,25, 0
1136,250,25, 0
1137,250,25, 0
1138,250,25, 0
1139,250,25, 0
1140,250,25, 0
1141,250,25, 0
1142,250,25, 0
1143,250,25, 0
1144,250,25, 0
1145,250,25, 0
1146,250,25, 0
1147,250,25, 0
1148,250,25, 0
1149,250,25, 0
1150,250,25, 0
1151,250,25, 0
1152,250,25, 0
1153,250,25, 0
1154,250,25, 0
1155,250,25, 0
1156,250,25, 0
1157,250,25, 0
1158,250,25, 0
1159,250,25, 0
1160,250,25, 0
1161,250,25, 0
1162,250,25, 0
1163,250,25, 0
1164,250,25, 0
1165,250,25, 0
1166,250,25, 0
1167,250,25, 0
1168,250,25, 0
1169,250,25, 0
1170,250,25, 0
1171,250,25, 0
1172,250,25, 0
1173,250,25, 0
1174,250,25, 0
1175,250,25, 0
1176,250,25, 0
1177,250,25, 0
1178,250,25, 0
1179,250,25, 0
1180,250,25, 0
1181,250,25, 0
1182,250,25, 0
1183,250,25, 0
1184,250,25, 0
1185,250,25, 0
1186,250,25, 0
1187,250,25, 0
1188,250,25, 0
1189,250,25, 0
1190,250,25, 0
1191,250,25, 0
1192,250,25, 0
1193,250,25, 0
1194,250,25, 0
1195,250,25, 0
1196,250,25, 0
1197,250,25, 0
1198,250,25, 0
1199,250,25, 0
1200,250,25, 0
1201,250,25, 0
1202,250,25, 0
1203,250,25, 0
1204,250,25, 0
1205,250,25, 0
1206,250,25, 0
1207,250,25, 0
1208,250,25, 0
1209,250,25, 0
1210,250,25, 0
1211,250,25, 0
1212,250,25, 0
1213,250,25, 0
1214,250,25, 0
1215,250,25, 0
1216,250,25, 0
1217,250,25, 0
1218,250,25, 0
1219,250,25, 0
1220,250,25, 0
1221,250,25, 0
1222,250,25, 0
1223,250,25, 0
1224,250,25, 0
1225,250,25, 0
1226,250,25, 0
1227,250,25, 0
1228,250,25, 0
1229,250,25, 0
1230,250,25, 0
1231,250,25, 0
1232,250,25, 0
1233,250,25, 0
1234,250,25, 0
1235,250,25, 0
1236,250,25, 0
1237,250,25, 0
1238,250,25, 0
1239,250,25, 0
1240,250,25, 0
1241,250,25, 0
1242,250,25, 0
1243,250,25, 0
1244,250,25, 0
1245,250,25, 0
1246,250,25, 0
1247,249,24, 1
1248,249,24, 1
1249,249,24, 1
1250,249,24, 1
1251,249,24, 1
1252,249,24, 1
1253,249,24, 1
1254,249,24, 1
1255,249,24, 1
1256,249,24, 1
1257,249,24, 1
1258,249,24, 1
1259,249,24, 1
1260,249,24, 1
1261,249,24, 1
1262,249,24, 1
1263,249,24, 1
1264,249,24, 1
1265,249,24, 1
1266,249,24, 1
1267,249,24, 1
1268,249,24, 1
1269,249,24, 1
1270,249,24, 1
1271,249,24, 1
1272,249,24, 1
1273,249,24, 1
1274,249,24, 1
1275,249,24, 1
1276,249,24, 1
1277,249,24, 1
1278,249,24, 1
1279,249,24, 1
1280,249,24, 1
1281,249,24, 1
1282,249,24, 1
1283,249,24, 1
1284,249,24, 1
1285,249,24, 1
1286,249,24, 1
1287,249,24, 1
1288,249,24, 1
1289,249,24, 1
1290,249,24, 1
1291,249,24, 1
1292,249,24, 1
1293,249,24, 1
1294,249,24, 1
1295,249,24, 1
1296,249,24, 1
1297,249,24, 1
1298,249,24, 1
1299,249,24, 1
1300,249,24, 1
1301,249,24, 1
1302,249,24, 1
1303,249,24, 1
1304,249,24, 1
1305,249,24, 1
1306,249,24, 1
1307,249,24, 1
1308,249,24, 1
1309,249,24, 1
1310,249,24, 1
1311,249,24, 1
1312,249,24, 1
1313,249,24, 1
1314,249,24, 1
1315,249,24, 1
1316,249,24, 1
1317,249,24, 1
1318,249,24, 1
1319,249,24, 1
1320,249,24, 1
1321,249,24, 1
1322,249,24, 1
1323,249,24, 1
1324,249,24, 1
1325,249,24, 1
1326,249,24, 1
1327,249,24, 1
1328,249,24, 1
1329,249,24, 1
1330,249,24, 1
1331,249,24, 1
1332,249,24, 1
1333,249,24, 1
1334,249,24, 1
1335,249,24, 1
1336,249,24, 1
1337,249,24, 1
1338,249,24, 1
1339,249,24, 1
1340,249,24, 1
1341,249,24, 1
1342,249,24, 1
1343,249,24, 1
1344,249,24, 1
1345,249,24, 1
1346,249,24, 1
1347,249,24, 1
1348,249,24, 1
1349,249,24, 1
1350,249,24, 1
1351,249,24, 1
1352,249,24, 1
1353,249,24, 1
1354,249,24, 1
1355,249,24, 1
1356,249,24, 1
1357,249,24, 1
1358,249,24, 1
1359,249,24, 1
1360,249,24, 1
1361,249,24, 1
1362,249,24, 1
1363,249,24, 1
1364,249,24, 1
1365,249,24, 1
1366,249,24, 1
1367,249,24, 1
1368,249,24, 1
1369,249,24, 1
1370,249,24, 1
1371,249,24, 1
1372,249,24, 1
1373,249,24, 1
1374,249,24, 1
1375,249,24, 1
1376,249,24, 1
1377,249,24, 1
1378,249,24, 1
1379,249,24, 1
1380,249,24, 1
1381,249,24, 1
1382,249,24, 1
1383,249,24, 1
1384,249,24, 1
1385,249,24, 1
1386,249,24, 1
1387,249,24, 1
1388,249,24, 1
1389,249,24, 1
1390,249,24, 1
1391,249,24, 1
1392,249,24, 1
1393,249,24, 1
1394,249,24, 1
1395,249,24, 1
1396,249,24, 1
1397,249,24, 1
1398,249,24, 1
1399,249,24, 1
1400,249,24, 1
1401,249,24, 1
1402,249,24, 1
1403,249,24, 1
1404,249,24, 1
1405,249,24, 1
1406,249,24, 1
1407,249,24, 1
1408,249,24, 1
1409,249,24, 1
1410,249,24, 1
1411,249,24, 1
1412,249,24, 1
1413,249,24, 1
1414,249,24, 1
1415,249,24, 1
1416,249,24, 1
1417,249,24, 1
1418,249,24, 1
1419,249,24, 1
1420,249,24, 1
1421,249,24, 1
1422,249,24, 1
1423,249,24, 1
1424,249,24, 1
1425,249,24, 1
1426,249,24, 1
1427,249,24, 1
1428,249,24, 1
1429,249,24, 1
1430,249,24, 1
1431,249,24, 1
1432,249,24, 1
1433,249,24, 1
1434,249,24, 1
1435,249,24, 1
1436,249,24, 1
1437,249,24, 1
1438,249,24, 1
1439,249,24, 1
1440,249,24, 1
1441,249,24, 1
1442,249,24, 1
1443,249,24, 1
1444,249,24, 1
1445,249,24, 1
1446,249,24, 1
1447,249,24, 1
1448,249,24, 1
1449,249,24, 1
1450,249,24, 1
1451,249,24, 1
1452,249,24, 1
1453,249,24, 1
1454,249,24, 1
1455,249,24, 1
1456,249,24, 1
1457,249,24, 1
1458,249,24, 1
1459,249,24, 1
1460,249,24, 1
1461,249,24, 1
1462,249,24, 1
1463,249,24, 1
1464,249,24, 1
1465,249,24, 1
1466,249,24, 1
1467,249,24, 1
1468,249,24, 1
1469,249,24, 1
1470,249,24, 1
1471,249,24, 1
1472,249,24, 1
1473,249,24, 1
1474,249,24, 1
1475,249,24, 1
1476,249,24, 1
1477,249,24, 1
1478,249,24, 1
1479,249,24, 1
1480,249,24, 1
1481,249,24, 1
1482,249,24, 1
1483,249,24, 1
1484,249,24, 1
1485,249,24, 1
1486,249,24, 1
1487,249,24, 1
1488,249,24, 1
1489,249,24, 1
1490,249,24, 1
1491,249,24, 1
1492,249,24, 1
1493,249,24, 1
1494,249,24, 1
1495,249,24, 1
1496,249,24, 1
1497,249,24, 1
1498,249,24, 1
1499,249,24, 1
