0,250,25, 0
1,250,25, 0
2,250,25, 0
3,250,25, 0
4,250,25, 0
5,250,25, 0
6,250,25, 0
7,250,25, 0
8,250,25, 0
9,250,25, 0
10,250,25, 0
11,250,25, 0
12,250,25, 0
13,250,25, 0
14,250,25, 0
15,250,25, 0
16,250,25, 0
17,250,25, 0
18,250,25, 0
19,250,25, 0
20,250,25, 0
21,250,25, 0
22,250,25, 0
23,250,25, 0
24,250,25, 0
25,250,25, 0
26,250,25, 0
27,250,25, 0
28,250,25, 0
29,250,25, 0
30,250,25, 0
31,250,25, 0
32,250,25, 0
33,250,25, 0
34,250,25, 0
35,250,25, 0
36,250,25, 0
37,250,25, 0
38,250,25, 0
39,250,25, 0
40,250,25, 0
41,250,25, 0
42,250,25, 0
43,250,25, 0
44,250,25, 0
45,250,25, 0
46,250,25, 0
47,250,25, 0
48,250,25, 0
49,250,25, 0
50,250,25, 0
51,250,25, 0
52,250,25, 0
53,250,25, 0
54,250,25, 0
55,250,25, 0
56,250,25, 0
57,250,25, 0
58,250,25, 0
59,250,25, 0
60,250,25, 0
61,250,25, 0
62,250,25, 0
63,250,25, 0
64,250,25, 0
65,250,25, 0
66,250,25, 0
67,250,25, 0
68,250,25, 0
69,250,25, 0
70,250,25, 0
71,250,25, 0
72,250,25, 0
73,250,25, 0
74,250,25, 0
75,250,25, 0
76,250,25, 0
77,250,25, 0
78,250,25, 0
79,250,25, 0
80,250,25, 0
81,250,25, 0
82,250,25, 0
83,250,25, 0
84,250,25, 0
85,250,25, 0
86,250,25, 0
87,250,25, 0
88,250,25, 0
89,250,25, 0
90,250,25, 0
91,250,25, 0
92,250,25, 0
93,250,25, 0
94,250,25, 0
95,250,25, 0
96,250,25, 0
97,250,25, 0
98,250,25, 0
99,250,25, 0
100,250,25, 0
101,250,25, 0
102,250,25, 0
103,250,25, 0
104,250,25, 0
105,250,25, 0
106,250,25, 0
107,250,25, 0
108,250,25, 0
109,250,25, 0
110,250,25, 0
111,250,25, 0
112,250,25, 0
113,250,25, 0
114,250,25, 0
115,250,25, 0
116,250,25, 0
117,250,25, 0
118,250,25, 0
119,250,25, 0
120,250,25, 0
121,250,25, 0
122,250,25, 0
123,250,25, 0
124,250,25, 0
125,250,25, 0
126,250,25, 0
127,250,25, 0
128,250,25, 0
129,250,25, 0
130,250,25, 0
131,250,25, 0
132,250,25, 0
133,250,25, 0
134,250,25, 0
135,250,25, 0
136,250,25, 0
137,250,25, 0
138,250,25, 0
139,250,25, 0
140,250,25, 0
141,250,25, 0
142,250,25, 0
143,250,25, 0
144,250,25, 0
145,250,25, 0
146,250,25, 0
147,250,25, 0
148,250,25, 0
149,250,25, 0
150,250,25, 0
151,250,25, 0
152,250,25, 0
153,250,25, 0
154,250,25, 0
155,250,25, 0
156,250,25, 0
157,249,24, 1
158,249,24, 1
159,249,24, 1
160,249,24, 1
161,249,24, 1
162,249,24, 1
163,249,24, 1
164,249,24, 1
165,249,24, 1
166,249,24, 1
167,249,24, 1
168,249,24, 1
169,249,24, 1
170,249,24, 1
171,249,24, 1
172,249,24, 1
173,249,24, 1
174,249,24, 1
175,249,24, 1
176,249,24, 1
177,249,24, 1
178,249,24, 1
179,249,24, 1
180,249,24, 1
181,249,24, 1
182,249,24, 1
183,249,24, 1
184,249,24, 1
185,249,24, 1
186,249,24, 1
187,249,24, 1
188,249,24, 1
189,249,24, 1
190,249,24, 1
191,249,24, 1
192,249,24, 1
193,249,24, 1
194,249,24, 1
195,249,24, 1
196,249,24, 1
197,249,24, 1
198,249,24, 1
199,249,24, 1
200,249,24, 1
201,249,24, 1
202,249,24, 1
203,249,24, 1
204,249,24, 1
205,249,24, 1
206,249,24, 1
207,249,24, 1
208,249,24, 1
209,249,24, 1
210,249,24, 1
211,249,24, 1
212,249,24, 1
213,249,24, 1
214,249,24, 1
215,249,24, 1
216,249,24, 1
217,249,24, 1
218,249,24, 1
219,249,24, 1
220,249,24, 1
221,249,24, 1
222,249,24, 1
223,249,24, 1
224,249,24, 1
225,249,24, 1
226,249,24, 1
227,249,24, 1
228,249,24, 1
229,249,24, 1
230,249,24, 1
231,249,24, 1
232,249,24, 1
233,249,24, 1
234,249,24, 1
235,249,24, 1
236,249,24, 1
237,249,24, 1
238,249,24, 1
239,249,24, 1
240,249,24, 1
241,249,24, 1
242,249,24, 1
243,249,24, 1
244,249,24, 1
245,249,24, 1
246,249,24, 1
247,249,24, 1
248,249,24, 1
249,249,24, 1
250,249,24, 1
251,249,24, 1
252,249,24, 1
253,249,24, 1
254,249,24, 1
255,249,24, 1
256,249,24, 1
257,249,24, 1
258,249,24, 1
259,249,24, 1
260,249,24, 1
261,249,24, 1
262,247,22, 3
263,247,22, 3
264,247,22, 3
265,247,22, 3
266,247,22, 3
267,247,22, 3
268,247,22, 3
269,247,22, 3
270,247,22, 3
271,247,22, 3
272,247,22, 3
273,247,22, 3
274,247,22, 3
275,247,22, 3
276,247,22, 3
277,247,22, 3
278,247,22, 3
279,247,22, 3
280,247,22, 3
281,247,22, 3
282,247,22, 3
283,247,22, 3
284,247,22, 3
285,247,22, 3
286,247,22, 3
287,247,22, 3
288,247,22, 3
289,247,22, 3
290,247,22, 3
291,247,22, 3
292,247,22, 3
293,247,22, 3
294,247,22, 3
295,247,22, 3
296,247,22, 3
297,247,22, 3
298,247,22, 3
299,247,22, 3
300,247,22, 3
301,247,22, 3
302,247,22, 3
303,247,22, 3
304,247,22, 3
305,247,22, 3
306,247,22, 3
307,247,22, 3
308,247,22, 3
309,247,22, 3
310,247,22, 3
311,247,22, 3
312,247,22, 3
313,247,22, 3
314,247,22, 3
315,247,22, 3
316,247,22, 3
317,247,22, 3
318,247,22, 3
319,247,22, 3
320,247,22, 3
321,247,22, 3
322,247,22, 3
323,247,22, 3
324,247,22, 3
325,247,22, 3
326,247,22, 3
327,247,22, 3
328,247,22, 3
329,247,22, 3
330,247,22, 3
331,247,22, 3
332,247,22, 3
333,247,22, 3
334,247,22, 3
335,247,22, 3
336,247,22, 3
337,247,22, 3
338,247,22, 3
339,247,22, 3
340,247,22, 3
341,247,22, 3
342,247,22, 3
343,247,22, 3
344,247,22, 3
345,247,22, 3
346,247,22, 3
347,247,22, 3
348,247,22, 3
349,247,22, 3
350,247,22, 3
351,247,22, 3
352,247,22, 3
353,247,22, 3
354,246,21, 4
355,246,21, 4
356,246,21, 4
357,246,21, 4
358,246,21, 4
359,246,21, 4
360,246,21, 4
361,246,21, 4
362,246,21, 4
363,246,21, 4
364,246,21, 4
365,246,21, 4
366,246,21, 4
367,246,21, 4
368,246,21, 4
369,246,21, 4
370,246,21, 4
371,246,21, 4
372,246,21, 4
373,246,21, 4
374,246,21, 4
375,246,21, 4
376,246,21, 4
377,246,21, 4
378,246,21, 4
379,246,21, 4
380,246,21, 4
381,246,21, 4
382,246,21, 4
383,246,21, 4
384,246,21, 4
385,246,21, 4
386,246,21, 4
387,246,21, 4
388,246,21, 4
389,246,21, 4
390,246,21, 4
391,246,21, 4
392,246,21, 4
393,246,21, 4
394,246,21, 4
395,246,21, 4
396,246,21, 4
397,246,21, 4
398,246,21, 4
399,246,21, 4
400,246,21, 4
401,246,21, 4
402,246,21, 4
403,246,21, 4
404,246,21, 4
405,246,21, 4
406,246,21, 4
407,246,21, 4
408,246,21, 4
409,246,21, 4
410,246,21, 4
411,246,21, 4
412,246,21, 4
413,246,21, 4
414,246,21, 4
415,246,21, 4
416,246,21, 4
417,246,21, 4
418,246,21, 4
419,246,21, 4
420,246,21, 4
421,246,21, 4
422,246,21, 4
423,246,21, 4
424,246,21, 4
425,246,21, 4
426,246,21, 4
427,246,21, 4
428,246,21, 4
429,246,21, 4
430,246,21, 4
431,246,21, 4
432,246,21, 4
433,246,21, 4
434,246,21, 4
435,246,21, 4
436,246,21, 4
437,246,21, 4
438,246,21, 4
439,246,21, 4
440,246,21, 4
441,246,21, 4
442,246,21, 4
443,246,21, 4
444,246,21, 4
445,246,21, 4
446,246,21, 4
447,246,21, 4
448,246,21, 4
449,246,21, 4
450,246,21, 4
451,246,21, 4
452,246,21, 4
453,246,21, 4
454,246,21, 4
455,246,21, 4
456,246,21, 4
457,246,21, 4
458,246,21, 4
459,246,21, 4
460,246,21, 4
461,246,21, 4
462,246,21, 4
463,246,21, 4
464,246,21, 4
465,246,21, 4
466,246,21, 4
467,246,21, 4
468,246,21, 4
469,246,21, 4
470,246,21, 4
471,246,21, 4
472,246,21, 4
473,246,21, 4
474,246,21, 4
475,246,21, 4
476,246,21, 4
477,246,21, 4
478,246,21, 4
479,246,21, 4
480,246,21, 4
481,246,21, 4
482,246,21, 4
483,246,21, 4
484,246,21, 4
485,246,21, 4
486,246,21, 4
487,246,21, 4
488,246,21, 4
489,246,21, 4
490,246,21, 4
491,246,21, 4
492,246,21, 4
493,246,21, 4
494,246,21, 4
495,246,21, 4
496,246,21, 4
497,246,21, 4
498,246,21, 4
499,246,21, 4
500,246,21, 4
501,246,21, 4
502,246,21, 4
503,246,21, 4
504,246,21, 4
505,246,21, 4
506,246,21, 4
507,246,21, 4
508,246,21, 4
509,246,21, 4
510,246,21, 4
511,246,21, 4
512,246,21, 4
513,246,21, 4
514,246,21, 4
515,246,21, 4
516,246,21, 4
517,246,21, 4
518,246,21, 4
519,246,21, 4
520,246,21, 4
521,246,21, 4
522,246,21, 4
523,246,21, 4
524,246,21, 4
525,246,21, 4
526,246,21, 4
527,246,21, 4
528,246,21, 4
529,246,21, 4
530,246,21, 4
531,246,21, 4
532,245,20, 5
533,245,20, 5
534,245,20, 5
535,245,20, 5
536,245,20, 5
537,245,20, 5
538,245,20, 5
539,245,20, 5
540,245,20, 5
541,245,20, 5
542,245,20, 5
543,245,20, 5
544,245,20, 5
545,245,20, 5
546,245,20, 5
547,245,20, 5
548,245,20, 5
549,245,20, 5
550,245,20, 5
551,245,20, 5
552,245,20, 5
553,245,20, 5
554,245,20, 5
555,245,20, 5
556,245,20, 5
557,245,20, 5
558,245,20, 5
559,245,20, 5
560,245,20, 5
561,245,20, 5
562,245,20, 5
563,245,20, 5
564,245,20, 5
565,245,20, 5
566,245,20, 5
567,245,20, 5
568,245,20, 5
569,245,20, 5
570,245,20, 5
571,245,20, 5
572,245,20, 5
573,245,20, 5
574,245,20, 5
575,245,20, 5
576,245,20, 5
577,245,20, 5
578,245,20, 5
579,245,20, 5
580,245,20, 5
581,245,20, 5
582,245,20, 5
583,245,20, 5
584,245,20, 5
585,245,20, 5
586,245,20, 5
587,245,20, 5
588,245,20, 5
589,245,20, 5
590,245,20, 5
591,245,20, 5
592,245,20, 5
593,245,20, 5
594,245,20, 5
595,245,20, 5
596,245,20, 5
597,245,20, 5
598,245,20, 5
599,245,20, 5
600,245,20, 5
601,245,20, 5
602,245,20, 5
603,245,20, 5
604,245,20, 5
605,245,20, 5
606,245,20, 5
607,245,20, 5
608,245,20, 5
609,245,20, 5
610,245,20, 5
611,245,20, 5
612,245,20, 5
613,245,20, 5
614,245,20, 5
615,245,20, 5
616,245,20, 5
617,245,20, 5
618,245,20, 5
619,245,20, 5
620,245,20, 5
621,245,20, 5
622,245,20, 5
623,245,20, 5
624,245,20, 5
625,245,20, 5
626,245,20, 5
627,245,20, 5
628,245,20, 5
629,245,20, 5
630,245,20, 5
631,245,20, 5
632,245,20, 5
633,245,20, 5
634,245,20, 5
635,245,20, 5
636,245,20, 5
637,245,20, 5
638,245,20, 5
639,245,20, 5
640,245,20, 5
641,245,20, 5
642,245,20, 5
643,245,20, 5
644,245,20, 5
645,245,20, 5
646,245,20, 5
647,245,20, 5
648,245,20, 5
649,245,20, 5
650,245,20, 5
651,245,20, 5
652,245,20, 5
653,245,20, 5
654,245,20, 5
655,245,20, 5
656,245,20, 5
657,245,20, 5
658,245,20, 5
659,245,20, 5
660,245,20, 5
661,245,20, 5
662,245,20, 5
663,245,20, 5
664,245,20, 5
665,245,20, 5
666,245,20, 5
667,245,20, 5
668,245,20, 5
669,245,20, 5
670,245,20, 5
671,245,20, 5
672,245,20, 5
673,245,20, 5
674,245,20, 5
675,245,20, 5
676,245,20, 5
677,245,20, 5
678,245,20, 5
679,245,20, 5
680,245,20, 5
681,245,20, 5
682,245,20, 5
683,245,20, 5
684,245,20, 5
685,245,20, 5
686,245,20, 5
687,245,20, 5
688,245,20, 5
689,245,20, 5
690,245,20, 5
691,245,20, 5
692,245,20, 5
693,245,20, 5
694,245,20, 5
695,245,20, 5
696,245,20, 5
697,245,20, 5
698,245,20, 5
699,245,20, 5
700,245,20, 5
701,245,20, 5
702,245,20, 5
703,245,20, 5
704,245,20, 5
705,245,20, 5
706,245,20, 5
707,245,20, 5
708,245,20, 5
709,245,20, 5
710,245,20, 5
711,245,20, 5
712,245,20, 5
713,245,20, 5
714,245,20, 5
715,245,20, 5
716,245,20, 5
717,245,20, 5
718,245,20, 5
719,245,20, 5
720,245,20, 5
721,245,20, 5
722,245,20, 5
723,245,20, 5
724,245,20, 5
725,245,20, 5
726,245,20, 5
727,245,20, 5
728,245,20, 5
729,245,20, 5
730,245,20, 5
731,245,20, 5
732,245,20, 5
733,245,20, 5
734,245,20, 5
735,245,20, 5
736,245,20, 5
737,245,20, 5
738,245,20, 5
739,245,20, 5
740,245,20, 5
741,245,20, 5
742,245,20, 5
743,245,20, 5
744,245,20, 5
745,245,20, 5
746,245,20, 5
747,245,20, 5
748,245,20, 5
749,245,20, 5
750,245,20, 5
751,245,20, 5
752,245,20, 5
753,245,20, 5
754,245,20, 5
755,245,20, 5
756,245,20, 5
757,245,20, 5
758,245,20, 5
759,245,20, 5
760,245,20, 5
761,245,20, 5
762,245,20, 5
763,245,20, 5
764,245,20, 5
765,245,20, 5
766,245,20, 5
767,245,20, 5
768,245,20, 5
769,245,20, 5
770,245,20, 5
771,245,20, 5
772,245,20, 5
773,245,20, 5
774,245,20, 5
775,245,20, 5
776,245,20, 5
777,245,20, 5
778,245,20, 5
779,245,20, 5
780,245,20, 5
781,245,20, 5
782,245,20, 5
783,245,20, 5
784,245,20, 5
785,245,20, 5
786,245,20, 5
787,245,20, 5
788,245,20, 5
789,245,20, 5
790,245,20, 5
791,245,20, 5
792,245,20, 5
793,245,20, 5
794,245,20, 5
795,245,20, 5
796,245,20, 5
797,245,20, 5
798,245,20, 5
799,245,20, 5
800,245,20, 5
801,245,20, 5
802,245,20, 5
803,245,20, 5
804,245,20, 5
805,245,20, 5
806,245,20, 5
807,245,20, 5
808,245,20, 5
809,245,20, 5
810,245,20, 5
811,245,20, 5
812,245,20, 5
813,245,20, 5
814,245,20, 5
815,245,20, 5
816,245,20, 5
817,245,20, 5
818,245,20, 5
819,245,20, 5
820,245,20, 5
821,245,20, 5
822,245,20, 5
823,245,20, 5
824,245,20, 5
825,245,20, 5
826,245,20, 5
827,245,20, 5
828,245,20, 5
829,245,20, 5
830,245,20, 5
831,245,20, 5
832,245,20, 5
833,245,20, 5
834,245,20, 5
835,245,20, 5
836,245,20, 5
837,245,20, 5
838,245,20, 5
839,245,20, 5
840,245,20, 5
841,245,20, 5
842,245,20, 5
843,245,20, 5
844,245,20, 5
845,245,20, 5
846,245,20, 5
847,245,20, 5
848,245,20, 5
849,245,20, 5
850,245,20, 5
851,245,20, 5
852,245,20, 5
853,245,20, 5
854,245,20, 5
855,245,20, 5
856,245,20, 5
857,245,20, 5
858,245,20, 5
859,245,20, 5
860,245,20, 5
861,245,20, 5
862,245,20, 5
863,245,20, 5
864,245,20, 5
865,245,20, 5
866,245,20, 5
867,245,20, 5
868,245,20, 5
869,245,20, 5
870,245,20, 5
871,245,20, 5
872,245,20, 5
873,245,20, 5
874,245,20, 5
875,245,20, 5
876,245,20, 5
877,245,20, 5
878,245,20, 5
879,245,20, 5
880,245,20, 5
881,245,20, 5
882,245,20, 5
883,245,20, 5
884,245,20, 5
885,245,20, 5
886,245,20, 5
887,245,20, 5
888,245,20, 5
889,245,20, 5
890,245,20, 5
891,245,20, 5
892,245,20, 5
893,245,20, 5
894,245,20, 5
895,245,20, 5
896,245,20, 5
897,245,20, 5
898,245,20, 5
899,245,20, 5
900,245,20, 5
901,245,20, 5
902,245,20, 5
903,245,20, 5
904,245,20, 5
905,245,20, 5
906,245,20, 5
907,245,20, 5
908,245,20, 5
909,245,20, 5
910,245,20, 5
911,245,20, 5
912,245,20, 5
913,245,20, 5
914,245,20, 5
915,245,20, 5
916,245,20, 5
917,245,20, 5
918,245,20, 5
919,245,20, 5
920,245,20, 5
921,245,20, 5
922,245,20, 5
923,245,20, 5
924,245,20, 5
925,245,20, 5
926,245,20, 5
927,245,20, 5
928,245,20, 5
929,245,20, 5
930,245,20, 5
931,245,20, 5
932,245,20, 5
933,245,20, 5
934,245,20, 5
935,245,20, 5
936,245,20, 5
937,245,20, 5
938,245,20, 5
939,245,20, 5
940,245,20, 5
941,245,20, 5
942,245,20, 5
943,245,20, 5
944,245,20, 5
945,245,20, 5
946,245,20, 5
947,245,20, 5
948,245,20, 5
949,245,20, 5
950,245,20, 5
951,245,20, 5
952,245,20, 5
953,245,20, 5
954,245,20, 5
955,245,20, 5
956,245,20, 5
957,245,20, 5
958,245,20, 5
959,245,20, 5
960,245,20, 5
961,245,20, 5
962,245,20, 5
963,245,20, 5
964,245,20, 5
965,245,20, 5
966,245,20, 5
967,245,20, 5
968,245,20, 5
969,245,20, 5
970,245,20, 5
971,245,20, 5
972,245,20, 5
973,245,20, 5
974,245,20, 5
975,245,20, 5
976,245,20, 5
977,245,20, 5
978,245,20, 5
979,245,20, 5
980,245,20, 5
981,245,20, 5
982,245,20, 5
983,245,20, 5
984,245,20, 5
985,245,20, 5
986,245,20, 5
987,245,20, 5
988,245,20, 5
989,245,20, 5
990,245,20, 5
991,245,20, 5
992,245,20, 5
993,245,20, 5
994,245,20, 5
995,245,20, 5
996,245,20, 5
997,245,20, 5
998,245,20, 5
999,245,20, 5
1000,245,20, 5
1001,245,20, 5
1002,245,20, 5
1003,245,20, 5
1004,245,20, 5
1005,245,20, 5
1006,245,20, 5
1007,245,20, 5
1008,245,20, 5
1009,245,20, 5
1010,245,20, 5
1011,245,20, 5
1012,245,20, 5
1013,245,20, 5
1014,245,20, 5
1015,245,20, 5
1016,245,20, 5
1017,245,20, 5
1018,245,20, 5
1019,245,20, 5
1020,245,20, 5
1021,245,20, 5
1022,245,20, 5
1023,245,20, 5
1024,245,20, 5
1025,245,20, 5
1026,245,20, 5
1027,245,20, 5
1028,245,20, 5
1029,245,20, 5
1030,245,20, 5
1031,245,20, 5
1032,245,20, 5
1033,245,20, 5
1034,245,20, 5
1035,245,20, 5
1036,245,20, 5
1037,245,20, 5
1038,245,20, 5
1039,245,20, 5
1040,245,20, 5
1041,245,20, 5
1042,245,20, 5
1043,245,20, 5
1044,245,20, 5
1045,245,20, 5
1046,245,20, 5
1047,245,20, 5
1048,245,20, 5
1049,245,20, 5
1050,245,20, 5
1051,245,20, 5
1052,245,20, 5
1053,245,20, 5
1054,245,20, 5
1055,245,20, 5
1056,245,20, 5
1057,245,20, 5
1058,245,20, 5
1059,245,20, 5
1060,245,20, 5
1061,245,20, 5
1062,245,20, 5
1063,245,20, 5
1064,245,20, 5
1065,245,20, 5
1066,245,20, 5
1067,245,20, 5
1068,245,20, 5
1069,245,20, 5
1070,245,20, 5
1071,245,20, 5
1072,245,20, 5
1073,245,20, 5
1074,245,20, 5
1075,245,20, 5
1076,245,20, 5
1077,245,20, 5
1078,245,20, 5
1079,245,20, 5
1080,245,20, 5
1081,245,20, 5
1082,245,20, 5
1083,245,20, 5
1084,245,20, 5
1085,245,20, 5
1086,245,20, 5
1087,245,20, 5
1088,245,20, 5
1089,245,20, 5
1090,245,20, 5
1091,245,20, 5
1092,245,20, 5
1093,245,20, 5
1094,245,20, 5
1095,245,20, 5
1096,245,20, 5
1097,245,20, 5
1098,245,20, 5
1099,245,20, 5
1100,245,20, 5
1101,245,20, 5
1102,245,20, 5
1103,245,20, 5
1104,245,20, 5
1105,245,20, 5
1106,245,20, 5
1107,245,20, 5
1108,245,20, 5
1109,245,20, 5
1110,245,20, 5
1111,245,20, 5
1112,245,20, 5
1113,245,20, 5
1114,245,20, 5
1115,245,20, 5
1116,245,20, 5
1117,245,20, 5
1118,245,20, 5
1119,245,20, 5
1120,245,20, 5
1121,245,20, 5
1122,245,20, 5
1123,245,20, 5
1124,245,20, 5
1125,245,20, 5
1126,245,20, 5
1127,245,20, 5
1128,245,20, 5
1129,245,20, 5
1130,245,20, 5
1131,245,20, 5
1132,244,19, 6
1133,244,19, 6
1134,244,19, 6
1135,244,19, 6
1136,244,19, 6
1137,244,19, 6
1138,244,19, 6
1139,244,19, 6
1140,244,19, 6
1141,244,19, 6
1142,244,19, 6
1143,244,19, 6
1144,244,19, 6
1145,244,19, 6
1146,244,19, 6
1147,244,19, 6
1148,244,19, 6
1149,244,19, 6
1150,244,19, 6
1151,244,19, 6
1152,244,19, 6
1153,244,19, 6
1154,244,19, 6
1155,244,19, 6
1156,244,19, 6
1157,244,19, 6
1158,244,19, 6
1159,244,19, 6
1160,244,19, 6
1161,244,19, 6
1162,244,19, 6
1163,244,19, 6
1164,244,19, 6
1165,244,19, 6
1166,244,19, 6
1167,244,19, 6
1168,244,19, 6
1169,244,19, 6
1170,244,19, 6
1171,244,19, 6
1172,244,19, 6
1173,244,19, 6
1174,244,19, 6
1175,244,19, 6
1176,244,19, 6
1177,244,19, 6
1178,244,19, 6
1179,244,19, 6
1180,244,19, 6
1181,244,19, 6
1182,244,19, 6
1183,244,19, 6
1184,244,19, 6
1185,244,19, 6
1186,244,19, 6
1187,244,19, 6
1188,244,19, 6
1189,244,19, 6
1190,244,19, 6
1191,244,19, 6
1192,244,19, 6
1193,244,19, 6
1194,244,19, 6
1195,244,19, 6
1196,244,19, 6
1197,244,19, 6
1198,244,19, 6
1199,244,19, 6
1200,244,19, 6
1201,244,19, 6
1202,244,19, 6
1203,244,19, 6
1204,244,19, 6
1205,244,19, 6
1206,244,19, 6
1207,244,19, 6
1208,244,19, 6
1209,244,19, 6
1210,244,19, 6
1211,244,19, 6
1212,244,19, 6
1213,244,19, 6
1214,244,19, 6
1215,244,19, 6
1216,244,19, 6
1217,244,19, 6
1218,244,19, 6
1219,244,19, 6
1220,244,19, 6
1221,244,19, 6
1222,244,19, 6
1223,244,19, 6
1224,244,19, 6
1225,244,19, 6
1226,244,19, 6
1227,244,19, 6
1228,244,19, 6
1229,244,19, 6
1230,244,19, 6
1231,244,19, 6
1232,244,19, 6
1233,244,19, 6
1234,244,19, 6
1235,244,19, 6
1236,243,18, 7
1237,243,18, 7
1238,243,18, 7
1239,243,18, 7
1240,242,17, 8
1241,242,17, 8
1242,242,17, 8
1243,242,17, 8
1244,242,17, 8
1245,242,17, 8
1246,242,17, 8
1247,242,17, 8
1248,242,17, 8
1249,242,17, 8
1250,242,17, 8
1251,242,17, 8
1252,242,17, 8
1253,242,17, 8
1254,242,17, 8
1255,242,17, 8
1256,242,17, 8
1257,242,17, 8
1258,242,17, 8
1259,242,17, 8
1260,242,17, 8
1261,242,17, 8
1262,242,17, 8
1263,242,17, 8
1264,242,17, 8
1265,242,17, 8
1266,242,17, 8
1267,242,17, 8
1268,242,17, 8
1269,242,17, 8
1270,242,17, 8
1271,242,17, 8
1272,242,17, 8
1273,242,17, 8
1274,242,17, 8
1275,242,17, 8
1276,242,17, 8
1277,242,17, 8
1278,242,17, 8
1279,242,17, 8
1280,242,17, 8
1281,242,17, 8
1282,242,17, 8
1283,242,17, 8
1284,242,17, 8
1285,242,17, 8
1286,242,17, 8
1287,242,17, 8
1288,242,17, 8
1289,242,17, 8
1290,242,17, 8
1291,242,17, 8
1292,242,17, 8
1293,242,17, 8
1294,242,17, 8
1295,242,17, 8
1296,242,17, 8
1297,242,17, 8
1298,242,17, 8
1299,242,17, 8
1300,242,17, 8
1301,242,17, 8
1302,242,17, 8
1303,241,16, 9
1304,241,16, 9
1305,241,16, 9
1306,241,16, 9
1307,241,16, 9
1308,241,16, 9
1309,241,16, 9
1310,241,16, 9
1311,241,16, 9
1312,241,16, 9
1313,241,16, 9
1314,241,16, 9
1315,241,16, 9
1316,241,16, 9
1317,241,16, 9
1318,241,16, 9
1319,241,16, 9
1320,241,16, 9
1321,241,16, 9
1322,241,16, 9
1323,241,16, 9
1324,241,16, 9
1325,241,16, 9
1326,241,16, 9
1327,241,16, 9
1328,241,16, 9
1329,241,16, 9
1330,241,16, 9
1331,241,16, 9
1332,241,16, 9
1333,241,16, 9
1334,241,16, 9
1335,241,16, 9
1336,241,16, 9
1337,241,16, 9
1338,241,16, 9
1339,241,16, 9
1340,241,16, 9
1341,241,16, 9
1342,241,16, 9
1343,241,16, 9
1344,241,16, 9
1345,241,16, 9
1346,241,16, 9
1347,241,16, 9
1348,241,16, 9
1349,241,16, 9
1350,241,16, 9
1351,241,16, 9
1352,241,16, 9
1353,241,16, 9
1354,241,16, 9
1355,241,16, 9
1356,241,16, 9
1357,241,16, 9
1358,241,16, 9
1359,241,16, 9
1360,241,16, 9
1361,241,16, 9
1362,241,16, 9
1363,241,16, 9
1364,241,16, 9
1365,241,16, 9
1366,241,16, 9
1367,241,16, 9
1368,241,16, 9
1369,241,16, 9
1370,241,16, 9
1371,241,16, 9
1372,241,16, 9
1373,241,16, 9
1374,241,16, 9
1375,241,16, 9
1376,241,16, 9
1377,241,16, 9
1378,241,16, 9
1379,241,16, 9
1380,241,16, 9
1381,241,16, 9
1382,241,16, 9
1383,241,16, 9
1384,241,16, 9
1385,241,16, 9
1386,241,16, 9
1387,241,16, 9
1388,241,16, 9
1389,241,16, 9
1390,241,16, 9
1391,241,16, 9
1392,241,16, 9
1393,241,16, 9
1394,241,16, 9
1395,241,16, 9
1396,241,16, 9
1397,241,16, 9
1398,241,16, 9
1399,241,16, 9
1400,241,16, 9
1401,241,16, 9
1402,241,16, 9
1403,241,16, 9
1404,241,16, 9
1405,241,16, 9
1406,241,16, 9
1407,241,16, 9
1408,241,16, 9
1409,241,16, 9
1410,241,16, 9
1411,241,16, 9
1412,241,16, 9
1413,241,16, 9
1414,241,16, 9
1415,241,16, 9
1416,241,16, 9
1417,241,16, 9
1418,241,16, 9
1419,241,16, 9
1420,241,16, 9
1421,241,16, 9
1422,241,16, 9
1423,241,16, 9
1424,241,16, 9
1425,241,16, 9
1426,241,16, 9
1427,241,16, 9
1428,241,16, 9
1429,241,16, 9
1430,241,16, 9
1431,241,16, 9
1432,241,16, 9
1433,241,16, 9
1434,241,16, 9
1435,241,16, 9
1436,241,16, 9
1437,241,16, 9
1438,241,16, 9
1439,241,16, 9
1440,241,16, 9
1441,241,16, 9
1442,241,16, 9
1443,241,16, 9
1444,241,16, 9
1445,241,16, 9
1446,241,16, 9
1447,241,16, 9
1448,241,16, 9
1449,241,16, 9
1450,241,16, 9
1451,241,16, 9
1452,241,16, 9
1453,241,16, 9
1454,241,16, 9
1455,241,16, 9
1456,241,16, 9
1457,241,16, 9
1458,241,16, 9
1459,241,16, 9
1460,241,16, 9
1461,241,16, 9
1462,241,16, 9
1463,241,16, 9
1464,241,16, 9
1465,241,16, 9
1466,241,16, 9
1467,241,16, 9
1468,241,16, 9
1469,241,16, 9
1470,241,16, 9
1471,241,16, 9
1472,241,16, 9
1473,241,16, 9
1474,241,16, 9
1475,241,16, 9
1476,241,16, 9
1477,241,16, 9
1478,241,16, 9
1479,241,16, 9
1480,241,16, 9
1481,241,16, 9
1482,241,16, 9
1483,241,16, 9
1484,241,16, 9
1485,241,16, 9
1486,241,16, 9
1487,241,16, 9
1488,241,16, 9
1489,241,16, 9
1490,241,16, 9
1491,241,16, 9
1492,241,16, 9
1493,241,16, 9
1494,241,16, 9
1495,241,16, 9
1496,241,16, 9
1497,241,16, 9
1498,241,16, 9
1499,241,16, 9
