0,250,25, 0
1,250,25, 0
2,250,25, 0
3,250,25, 0
4,250,25, 0
5,250,25, 0
6,250,25, 0
7,250,25, 0
8,250,25, 0
9,250,25, 0
10,250,25, 0
11,250,25, 0
12,250,25, 0
13,250,25, 0
14,250,25, 0
15,250,25, 0
16,250,25, 0
17,250,25, 0
18,250,25, 0
19,250,25, 0
20,250,25, 0
21,250,25, 0
22,250,25, 0
23,250,25, 0
24,250,25, 0
25,250,25, 0
26,250,25, 0
27,250,25, 0
28,250,25, 0
29,250,25, 0
30,250,25, 0
31,250,25, 0
32,250,25, 0
33,250,25, 0
34,250,25, 0
35,250,25, 0
36,249,24, 1
37,249,24, 1
38,249,24, 1
39,249,24, 1
40,249,24, 1
41,249,24, 1
42,249,24, 1
43,249,24, 1
44,249,24, 1
45,249,24, 1
46,249,24, 1
47,249,24, 1
48,249,24, 1
49,249,24, 1
50,249,24, 1
51,249,24, 1
52,249,24, 1
53,249,24, 1
54,249,24, 1
55,249,24, 1
56,249,24, 1
57,249,24, 1
58,249,24, 1
59,249,24, 1
60,249,24, 1
61,249,24, 1
62,249,24, 1
63,249,24, 1
64,249,24, 1
65,249,24, 1
66,249,24, 1
67,249,24, 1
68,249,24, 1
69,249,24, 1
70,249,24, 1
71,249,24, 1
72,249,24, 1
73,249,24, 1
74,249,24, 1
75,249,24, 1
76,249,24, 1
77,249,24, 1
78,249,24, 1
79,249,24, 1
80,249,24, 1
81,249,24, 1
82,249,24, 1
83,249,24, 1
84,249,24, 1
85,249,24, 1
86,248,23, 2
87,248,23, 2
88,248,23, 2
89,248,23, 2
90,248,23, 2
91,248,23, 2
92,248,23, 2
93,248,23, 2
94,247,22, 3
95,247,22, 3
96,247,22, 3
97,247,22, 3
98,247,22, 3
99,247,22, 3
100,247,22, 3
101,247,22, 3
102,247,22, 3
103,247,22, 3
104,247,22, 3
105,247,22, 3
106,247,22, 3
107,247,22, 3
108,247,22, 3
109,247,22, 3
110,247,22, 3
111,247,22, 3
112,247,22, 3
113,247,22, 3
114,247,22, 3
115,247,22, 3
116,247,22, 3
117,247,22, 3
118,247,22, 3
119,247,22, 3
120,247,22, 3
121,247,22, 3
122,247,22, 3
123,247,22, 3
124,247,22, 3
125,247,22, 3
126,247,22, 3
127,247,22, 3
128,247,22, 3
129,247,22, 3
130,247,22, 3
131,247,22, 3
132,247,22, 3
133,247,22, 3
134,247,22, 3
135,247,22, 3
136,247,22, 3
137,247,22, 3
138,247,22, 3
139,247,22, 3
140,247,22, 3
141,247,22, 3
142,247,22, 3
143,247,22, 3
144,247,22, 3
145,247,22, 3
146,247,22, 3
147,247,22, 3
148,247,22, 3
149,247,22, 3
150,247,22, 3
151,247,22, 3
152,247,22, 3
153,247,22, 3
154,247,22, 3
155,247,22, 3
156,247,22, 3
157,247,22, 3
158,247,22, 3
159,247,22, 3
160,247,22, 3
161,247,22, 3
162,247,22, 3
163,247,22, 3
164,247,22, 3
165,247,22, 3
166,247,22, 3
167,247,22, 3
168,247,22, 3
169,247,22, 3
170,247,22, 3
171,247,22, 3
172,247,22, 3
173,247,22, 3
174,247,22, 3
175,247,22, 3
176,247,22, 3
177,247,22, 3
178,247,22, 3
179,247,22, 3
180,247,22, 3
181,247,22, 3
182,247,22, 3
183,247,22, 3
184,247,22, 3
185,247,22, 3
186,247,22, 3
187,247,22, 3
188,247,22, 3
189,247,22, 3
190,247,22, 3
191,247,22, 3
192,247,22, 3
193,247,22, 3
194,247,22, 3
195,247,22, 3
196,247,22, 3
197,247,22, 3
198,247,22, 3
199,247,22, 3
200,247,22, 3
201,247,22, 3
202,247,22, 3
203,247,22, 3
204,247,22, 3
205,247,22, 3
206,247,22, 3
207,247,22, 3
208,247,22, 3
209,247,22, 3
210,247,22, 3
211,247,22, 3
212,247,22, 3
213,247,22, 3
214,247,22, 3
215,247,22, 3
216,247,22, 3
217,247,22, 3
218,247,22, 3
219,247,22, 3
220,247,22, 3
221,247,22, 3
222,247,22, 3
223,247,22, 3
224,247,22, 3
225,247,22, 3
226,247,22, 3
227,247,22, 3
228,247,22, 3
229,247,22, 3
230,247,22, 3
231,247,22, 3
232,247,22, 3
233,247,22, 3
234,247,22, 3
235,247,22, 3
236,247,22, 3
237,247,22, 3
238,247,22, 3
239,247,22, 3
240,247,22, 3
241,247,22, 3
242,247,22, 3
243,247,22, 3
244,247,22, 3
245,247,22, 3
246,247,22, 3
247,247,22, 3
248,247,22, 3
249,247,22, 3
250,247,22, 3
251,247,22, 3
252,247,22, 3
253,247,22, 3
254,247,22, 3
255,247,22, 3
256,247,22, 3
257,247,22, 3
258,247,22, 3
259,247,22, 3
260,247,22, 3
261,247,22, 3
262,247,22, 3
263,247,22, 3
264,247,22, 3
265,247,22, 3
266,247,22, 3
267,247,22, 3
268,247,22, 3
269,247,22, 3
270,247,22, 3
271,247,22, 3
272,247,22, 3
273,247,22, 3
274,247,22, 3
275,247,22, 3
276,247,22, 3
277,247,22, 3
278,247,22, 3
279,247,22, 3
280,247,22, 3
281,247,22, 3
282,247,22, 3
283,247,22, 3
284,247,22, 3
285,247,22, 3
286,247,22, 3
287,247,22, 3
288,247,22, 3
289,247,22, 3
290,247,22, 3
291,247,22, 3
292,247,22, 3
293,247,22, 3
294,247,22, 3
295,247,22, 3
296,247,22, 3
297,247,22, 3
298,247,22, 3
299,247,22, 3
300,247,22, 3
301,247,22, 3
302,247,22, 3
303,247,22, 3
304,247,22, 3
305,247,22, 3
306,247,22, 3
307,247,22, 3
308,247,22, 3
309,247,22, 3
310,247,22, 3
311,247,22, 3
312,247,22, 3
313,247,22, 3
314,247,22, 3
315,247,22, 3
316,247,22, 3
317,247,22, 3
318,247,22, 3
319,247,22, 3
320,247,22, 3
321,247,22, 3
322,247,22, 3
323,247,22, 3
324,247,22, 3
325,247,22, 3
326,247,22, 3
327,247,22, 3
328,247,22, 3
329,247,22, 3
330,247,22, 3
331,247,22, 3
332,247,22, 3
333,247,22, 3
334,247,22, 3
335,247,22, 3
336,247,22, 3
337,247,22, 3
338,247,22, 3
339,247,22, 3
340,247,22, 3
341,247,22, 3
342,247,22, 3
343,247,22, 3
344,247,22, 3
345,247,22, 3
346,247,22, 3
347,247,22, 3
348,247,22, 3
349,247,22, 3
350,247,22, 3
351,247,22, 3
352,247,22, 3
353,247,22, 3
354,247,22, 3
355,247,22, 3
356,247,22, 3
357,247,22, 3
358,247,22, 3
359,247,22, 3
360,247,22, 3
361,247,22, 3
362,247,22, 3
363,247,22, 3
364,247,22, 3
365,247,22, 3
366,247,22, 3
367,247,22, 3
368,247,22, 3
369,247,22, 3
370,247,22, 3
371,247,22, 3
372,247,22, 3
373,247,22, 3
374,247,22, 3
375,247,22, 3
376,247,22, 3
377,247,22, 3
378,247,22, 3
379,247,22, 3
380,247,22, 3
381,247,22, 3
382,247,22, 3
383,247,22, 3
384,247,22, 3
385,247,22, 3
386,247,22, 3
387,247,22, 3
388,247,22, 3
389,247,22, 3
390,247,22, 3
391,247,22, 3
392,247,22, 3
393,247,22, 3
394,247,22, 3
395,247,22, 3
396,247,22, 3
397,247,22, 3
398,247,22, 3
399,247,22, 3
400,247,22, 3
401,247,22, 3
402,247,22, 3
403,247,22, 3
404,247,22, 3
405,247,22, 3
406,247,22, 3
407,247,22, 3
408,247,22, 3
409,247,22, 3
410,247,22, 3
411,247,22, 3
412,247,22, 3
413,247,22, 3
414,247,22, 3
415,247,22, 3
416,247,22, 3
417,247,22, 3
418,247,22, 3
419,247,22, 3
420,247,22, 3
421,247,22, 3
422,247,22, 3
423,247,22, 3
424,247,22, 3
425,247,22, 3
426,247,22, 3
427,247,22, 3
428,247,22, 3
429,247,22, 3
430,247,22, 3
431,247,22, 3
432,247,22, 3
433,247,22, 3
434,247,22, 3
435,247,22, 3
436,247,22, 3
437,247,22, 3
438,247,22, 3
439,247,22, 3
440,247,22, 3
441,247,22, 3
442,247,22, 3
443,247,22, 3
444,247,22, 3
445,247,22, 3
446,247,22, 3
447,247,22, 3
448,247,22, 3
449,247,22, 3
450,247,22, 3
451,247,22, 3
452,247,22, 3
453,247,22, 3
454,247,22, 3
455,247,22, 3
456,247,22, 3
457,247,22, 3
458,247,22, 3
459,247,22, 3
460,247,22, 3
461,247,22, 3
462,247,22, 3
463,247,22, 3
464,247,22, 3
465,247,22, 3
466,247,22, 3
467,247,22, 3
468,247,22, 3
469,247,22, 3
470,247,22, 3
471,247,22, 3
472,247,22, 3
473,247,22, 3
474,247,22, 3
475,247,22, 3
476,247,22, 3
477,247,22, 3
478,247,22, 3
479,247,22, 3
480,247,22, 3
481,247,22, 3
482,247,22, 3
483,247,22, 3
484,247,22, 3
485,247,22, 3
486,247,22, 3
487,247,22, 3
488,247,22, 3
489,247,22, 3
490,247,22, 3
491,247,22, 3
492,247,22, 3
493,247,22, 3
494,247,22, 3
495,247,22, 3
496,247,22, 3
497,247,22, 3
498,247,22, 3
499,247,22, 3
500,247,22, 3
501,247,22, 3
502,247,22, 3
503,247,22, 3
504,247,22, 3
505,247,22, 3
506,247,22, 3
507,247,22, 3
508,247,22, 3
509,247,22, 3
510,247,22, 3
511,247,22, 3
512,247,22, 3
513,247,22, 3
514,247,22, 3
515,247,22, 3
516,247,22, 3
517,247,22, 3
518,247,22, 3
519,247,22, 3
520,247,22, 3
521,247,22, 3
522,247,22, 3
523,247,22, 3
524,247,22, 3
525,247,22, 3
526,247,22, 3
527,247,22, 3
528,247,22, 3
529,247,22, 3
530,247,22, 3
531,247,22, 3
532,247,22, 3
533,247,22, 3
534,247,22, 3
535,247,22, 3
536,247,22, 3
537,247,22, 3
538,247,22, 3
539,247,22, 3
540,247,22, 3
541,247,22, 3
542,247,22, 3
543,247,22, 3
544,247,22, 3
545,247,22, 3
546,247,22, 3
547,247,22, 3
548,247,22, 3
549,247,22, 3
550,247,22, 3
551,247,22, 3
552,247,22, 3
553,247,22, 3
554,247,22, 3
555,247,22, 3
556,247,22, 3
557,247,22, 3
558,247,22, 3
559,247,22, 3
560,247,22, 3
561,247,22, 3
562,247,22, 3
563,247,22, 3
564,247,22, 3
565,247,22, 3
566,247,22, 3
567,247,22, 3
568,247,22, 3
569,247,22, 3
570,247,22, 3
571,247,22, 3
572,247,22, 3
573,247,22, 3
574,247,22, 3
575,247,22, 3
576,247,22, 3
577,247,22, 3
578,247,22, 3
579,247,22, 3
580,247,22, 3
581,247,22, 3
582,247,22, 3
583,247,22, 3
584,247,22, 3
585,247,22, 3
586,247,22, 3
587,247,22, 3
588,247,22, 3
589,247,22, 3
590,247,22, 3
591,247,22, 3
592,247,22, 3
593,247,22, 3
594,247,22, 3
595,247,22, 3
596,247,22, 3
597,247,22, 3
598,247,22, 3
599,247,22, 3
600,247,22, 3
601,247,22, 3
602,247,22, 3
603,247,22, 3
604,247,22, 3
605,247,22, 3
606,247,22, 3
607,247,22, 3
608,247,22, 3
609,247,22, 3
610,247,22, 3
611,247,22, 3
612,247,22, 3
613,247,22, 3
614,247,22, 3
615,247,22, 3
616,247,22, 3
617,247,22, 3
618,247,22, 3
619,247,22, 3
620,247,22, 3
621,247,22, 3
622,247,22, 3
623,247,22, 3
624,247,22, 3
625,247,22, 3
626,247,22, 3
627,247,22, 3
628,247,22, 3
629,247,22, 3
630,247,22, 3
631,247,22, 3
632,247,22, 3
633,247,22, 3
634,247,22, 3
635,247,22, 3
636,247,22, 3
637,247,22, 3
638,247,22, 3
639,247,22, 3
640,247,22, 3
641,247,22, 3
642,247,22, 3
643,247,22, 3
644,247,22, 3
645,247,22, 3
646,247,22, 3
647,247,22, 3
648,247,22, 3
649,247,22, 3
650,247,22, 3
651,247,22, 3
652,247,22, 3
653,247,22, 3
654,247,22, 3
655,247,22, 3
656,247,22, 3
657,247,22, 3
658,247,22, 3
659,247,22, 3
660,247,22, 3
661,247,22, 3
662,247,22, 3
663,247,22, 3
664,247,22, 3
665,247,22, 3
666,247,22, 3
667,247,22, 3
668,247,22, 3
669,247,22, 3
670,247,22, 3
671,247,22, 3
672,247,22, 3
673,247,22, 3
674,247,22, 3
675,247,22, 3
676,247,22, 3
677,247,22, 3
678,247,22, 3
679,247,22, 3
680,247,22, 3
681,247,22, 3
682,247,22, 3
683,247,22, 3
684,247,22, 3
685,247,22, 3
686,247,22, 3
687,247,22, 3
688,247,22, 3
689,247,22, 3
690,247,22, 3
691,247,22, 3
692,247,22, 3
693,247,22, 3
694,247,22, 3
695,247,22, 3
696,247,22, 3
697,247,22, 3
698,247,22, 3
699,247,22, 3
700,247,22, 3
701,247,22, 3
702,247,22, 3
703,247,22, 3
704,247,22, 3
705,247,22, 3
706,247,22, 3
707,247,22, 3
708,247,22, 3
709,247,22, 3
710,247,22, 3
711,247,22, 3
712,247,22, 3
713,247,22, 3
714,247,22, 3
715,247,22, 3
716,247,22, 3
717,247,22, 3
718,247,22, 3
719,247,22, 3
720,247,22, 3
721,247,22, 3
722,247,22, 3
723,247,22, 3
724,247,22, 3
725,247,22, 3
726,247,22, 3
727,247,22, 3
728,247,22, 3
729,247,22, 3
730,247,22, 3
731,247,22, 3
732,247,22, 3
733,247,22, 3
734,247,22, 3
735,247,22, 3
736,247,22, 3
737,247,22, 3
738,247,22, 3
739,247,22, 3
740,247,22, 3
741,247,22, 3
742,247,22, 3
743,247,22, 3
744,247,22, 3
745,247,22, 3
746,247,22, 3
747,247,22, 3
748,247,22, 3
749,247,22, 3
750,247,22, 3
751,247,22, 3
752,247,22, 3
753,247,22, 3
754,247,22, 3
755,247,22, 3
756,247,22, 3
757,247,22, 3
758,247,22, 3
759,247,22, 3
760,247,22, 3
761,247,22, 3
762,247,22, 3
763,247,22, 3
764,247,22, 3
765,247,22, 3
766,247,22, 3
767,247,22, 3
768,247,22, 3
769,247,22, 3
770,247,22, 3
771,247,22, 3
772,247,22, 3
773,247,22, 3
774,247,22, 3
775,247,22, 3
776,247,22, 3
777,247,22, 3
778,247,22, 3
779,247,22, 3
780,247,22, 3
781,247,22, 3
782,247,22, 3
783,247,22, 3
784,247,22, 3
785,247,22, 3
786,247,22, 3
787,247,22, 3
788,247,22, 3
789,247,22, 3
790,247,22, 3
791,247,22, 3
792,247,22, 3
793,247,22, 3
794,247,22, 3
795,247,22, 3
796,247,22, 3
797,247,22, 3
798,247,22, 3
799,247,22, 3
800,247,22, 3
801,247,22, 3
802,247,22, 3
803,247,22, 3
804,247,22, 3
805,247,22, 3
806,247,22, 3
807,247,22, 3
808,247,22, 3
809,247,22, 3
810,247,22, 3
811,247,22, 3
812,247,22, 3
813,247,22, 3
814,247,22, 3
815,247,22, 3
816,247,22, 3
817,247,22, 3
818,247,22, 3
819,247,22, 3
820,247,22, 3
821,247,22, 3
822,247,22, 3
823,247,22, 3
824,247,22, 3
825,247,22, 3
826,247,22, 3
827,247,22, 3
828,247,22, 3
829,247,22, 3
830,247,22, 3
831,247,22, 3
832,247,22, 3
833,247,22, 3
834,247,22, 3
835,247,22, 3
836,247,22, 3
837,247,22, 3
838,247,22, 3
839,247,22, 3
840,247,22, 3
841,247,22, 3
842,247,22, 3
843,247,22, 3
844,247,22, 3
845,247,22, 3
846,247,22, 3
847,247,22, 3
848,247,22, 3
849,247,22, 3
850,247,22, 3
851,247,22, 3
852,247,22, 3
853,247,22, 3
854,247,22, 3
855,247,22, 3
856,247,22, 3
857,247,22, 3
858,247,22, 3
859,247,22, 3
860,247,22, 3
861,247,22, 3
862,247,22, 3
863,247,22, 3
864,247,22, 3
865,247,22, 3
866,247,22, 3
867,247,22, 3
868,247,22, 3
869,247,22, 3
870,247,22, 3
871,247,22, 3
872,247,22, 3
873,247,22, 3
874,247,22, 3
875,247,22, 3
876,247,22, 3
877,247,22, 3
878,247,22, 3
879,247,22, 3
880,247,22, 3
881,247,22, 3
882,247,22, 3
883,247,22, 3
884,247,22, 3
885,247,22, 3
886,247,22, 3
887,247,22, 3
888,247,22, 3
889,247,22, 3
890,247,22, 3
891,247,22, 3
892,247,22, 3
893,247,22, 3
894,247,22, 3
895,247,22, 3
896,247,22, 3
897,247,22, 3
898,247,22, 3
899,247,22, 3
900,247,22, 3
901,247,22, 3
902,247,22, 3
903,247,22, 3
904,247,22, 3
905,247,22, 3
906,247,22, 3
907,247,22, 3
908,247,22, 3
909,247,22, 3
910,247,22, 3
911,247,22, 3
912,247,22, 3
913,247,22, 3
914,247,22, 3
915,247,22, 3
916,247,22, 3
917,247,22, 3
918,247,22, 3
919,247,22, 3
920,247,22, 3
921,247,22, 3
922,247,22, 3
923,247,22, 3
924,247,22, 3
925,247,22, 3
926,247,22, 3
927,247,22, 3
928,247,22, 3
929,247,22, 3
930,247,22, 3
931,247,22, 3
932,247,22, 3
933,247,22, 3
934,247,22, 3
935,247,22, 3
936,247,22, 3
937,247,22, 3
938,247,22, 3
939,247,22, 3
940,247,22, 3
941,247,22, 3
942,247,22, 3
943,247,22, 3
944,247,22, 3
945,247,22, 3
946,247,22, 3
947,247,22, 3
948,247,22, 3
949,247,22, 3
950,247,22, 3
951,247,22, 3
952,247,22, 3
953,247,22, 3
954,247,22, 3
955,247,22, 3
956,247,22, 3
957,247,22, 3
958,247,22, 3
959,247,22, 3
960,247,22, 3
961,247,22, 3
962,247,22, 3
963,247,22, 3
964,247,22, 3
965,247,22, 3
966,247,22, 3
967,247,22, 3
968,247,22, 3
969,247,22, 3
970,247,22, 3
971,247,22, 3
972,247,22, 3
973,247,22, 3
974,247,22, 3
975,247,22, 3
976,247,22, 3
977,247,22, 3
978,247,22, 3
979,247,22, 3
980,247,22, 3
981,247,22, 3
982,247,22, 3
983,247,22, 3
984,247,22, 3
985,247,22, 3
986,247,22, 3
987,247,22, 3
988,247,22, 3
989,247,22, 3
990,247,22, 3
991,247,22, 3
992,247,22, 3
993,247,22, 3
994,247,22, 3
995,247,22, 3
996,247,22, 3
997,247,22, 3
998,247,22, 3
999,247,22, 3
1000,247,22, 3
1001,247,22, 3
1002,247,22, 3
1003,247,22, 3
1004,247,22, 3
1005,247,22, 3
1006,247,22, 3
1007,247,22, 3
1008,247,22, 3
1009,247,22, 3
1010,247,22, 3
1011,247,22, 3
1012,247,22, 3
1013,247,22, 3
1014,247,22, 3
1015,247,22, 3
1016,247,22, 3
1017,247,22, 3
1018,247,22, 3
1019,247,22, 3
1020,247,22, 3
1021,247,22, 3
1022,247,22, 3
1023,247,22, 3
1024,247,22, 3
1025,247,22, 3
1026,247,22, 3
1027,247,22, 3
1028,247,22, 3
1029,247,22, 3
1030,247,22, 3
1031,247,22, 3
1032,247,22, 3
1033,247,22, 3
1034,247,22, 3
1035,247,22, 3
1036,247,22, 3
1037,247,22, 3
1038,247,22, 3
1039,247,22, 3
1040,247,22, 3
1041,247,22, 3
1042,247,22, 3
1043,247,22, 3
1044,247,22, 3
1045,247,22, 3
1046,247,22, 3
1047,247,22, 3
1048,247,22, 3
1049,247,22, 3
1050,247,22, 3
1051,247,22, 3
1052,247,22, 3
1053,247,22, 3
1054,247,22, 3
1055,247,22, 3
1056,247,22, 3
1057,247,22, 3
1058,247,22, 3
1059,247,22, 3
1060,247,22, 3
1061,247,22, 3
1062,247,22, 3
1063,247,22, 3
1064,247,22, 3
1065,247,22, 3
1066,247,22, 3
1067,247,22, 3
1068,247,22, 3
1069,247,22, 3
1070,247,22, 3
1071,247,22, 3
1072,247,22, 3
1073,247,22, 3
1074,247,22, 3
1075,247,22, 3
1076,247,22, 3
1077,247,22, 3
1078,247,22, 3
1079,247,22, 3
1080,247,22, 3
1081,247,22, 3
1082,247,22, 3
1083,247,22, 3
1084,247,22, 3
1085,247,22, 3
1086,247,22, 3
1087,247,22, 3
1088,247,22, 3
1089,247,22, 3
1090,247,22, 3
1091,247,22, 3
1092,247,22, 3
1093,247,22, 3
1094,247,22, 3
1095,247,22, 3
1096,247,22, 3
1097,247,22, 3
1098,247,22, 3
1099,247,22, 3
1100,247,22, 3
1101,247,22, 3
1102,247,22, 3
1103,247,22, 3
1104,247,22, 3
1105,247,22, 3
1106,247,22, 3
1107,247,22, 3
1108,247,22, 3
1109,247,22, 3
1110,247,22, 3
1111,247,22, 3
1112,247,22, 3
1113,247,22, 3
1114,247,22, 3
1115,247,22, 3
1116,247,22, 3
1117,247,22, 3
1118,247,22, 3
1119,247,22, 3
1120,247,22, 3
1121,247,22, 3
1122,247,22, 3
1123,247,22, 3
1124,247,22, 3
1125,247,22, 3
1126,247,22, 3
1127,247,22, 3
1128,247,22, 3
1129,247,22, 3
1130,247,22, 3
1131,247,22, 3
1132,247,22, 3
1133,247,22, 3
1134,247,22, 3
1135,247,22, 3
1136,247,22, 3
1137,247,22, 3
1138,247,22, 3
1139,247,22, 3
1140,247,22, 3
1141,247,22, 3
1142,247,22, 3
1143,247,22, 3
1144,247,22, 3
1145,247,22, 3
1146,247,22, 3
1147,247,22, 3
1148,247,22, 3
1149,247,22, 3
1150,247,22, 3
1151,247,22, 3
1152,247,22, 3
1153,247,22, 3
1154,247,22, 3
1155,247,22, 3
1156,247,22, 3
1157,247,22, 3
1158,247,22, 3
1159,247,22, 3
1160,247,22, 3
1161,247,22, 3
1162,247,22, 3
1163,247,22, 3
1164,247,22, 3
1165,247,22, 3
1166,247,22, 3
1167,247,22, 3
1168,247,22, 3
1169,247,22, 3
1170,247,22, 3
1171,247,22, 3
1172,247,22, 3
1173,247,22, 3
1174,247,22, 3
1175,247,22, 3
1176,247,22, 3
1177,247,22, 3
1178,247,22, 3
1179,247,22, 3
1180,247,22, 3
1181,247,22, 3
1182,247,22, 3
1183,247,22, 3
1184,247,22, 3
1185,247,22, 3
1186,247,22, 3
1187,247,22, 3
1188,247,22, 3
1189,247,22, 3
1190,247,22, 3
1191,247,22, 3
1192,247,22, 3
1193,247,22, 3
1194,247,22, 3
1195,247,22, 3
1196,247,22, 3
1197,247,22, 3
1198,247,22, 3
1199,247,22, 3
1200,247,22, 3
1201,247,22, 3
1202,247,22, 3
1203,247,22, 3
1204,247,22, 3
1205,247,22, 3
1206,247,22, 3
1207,247,22, 3
1208,247,22, 3
1209,247,22, 3
1210,247,22, 3
1211,247,22, 3
1212,247,22, 3
1213,247,22, 3
1214,247,22, 3
1215,247,22, 3
1216,247,22, 3
1217,247,22, 3
1218,247,22, 3
1219,247,22, 3
1220,247,22, 3
1221,247,22, 3
1222,247,22, 3
1223,247,22, 3
1224,247,22, 3
1225,247,22, 3
1226,247,22, 3
1227,247,22, 3
1228,247,22, 3
1229,247,22, 3
1230,247,22, 3
1231,247,22, 3
1232,247,22, 3
1233,247,22, 3
1234,247,22, 3
1235,247,22, 3
1236,247,22, 3
1237,247,22, 3
1238,247,22, 3
1239,247,22, 3
1240,247,22, 3
1241,247,22, 3
1242,247,22, 3
1243,247,22, 3
1244,247,22, 3
1245,247,22, 3
1246,247,22, 3
1247,247,22, 3
1248,247,22, 3
1249,247,22, 3
1250,247,22, 3
1251,247,22, 3
1252,247,22, 3
1253,247,22, 3
1254,247,22, 3
1255,247,22, 3
1256,247,22, 3
1257,247,22, 3
1258,247,22, 3
1259,247,22, 3
1260,247,22, 3
1261,247,22, 3
1262,247,22, 3
1263,247,22, 3
1264,247,22, 3
1265,247,22, 3
1266,247,22, 3
1267,247,22, 3
1268,247,22, 3
1269,247,22, 3
1270,247,22, 3
1271,247,22, 3
1272,247,22, 3
1273,247,22, 3
1274,247,22, 3
1275,247,22, 3
1276,247,22, 3
1277,247,22, 3
1278,247,22, 3
1279,247,22, 3
1280,247,22, 3
1281,247,22, 3
1282,247,22, 3
1283,247,22, 3
1284,247,22, 3
1285,247,22, 3
1286,247,22, 3
1287,247,22, 3
1288,247,22, 3
1289,247,22, 3
1290,247,22, 3
1291,247,22, 3
1292,247,22, 3
1293,247,22, 3
1294,247,22, 3
1295,247,22, 3
1296,247,22, 3
1297,247,22, 3
1298,247,22, 3
1299,247,22, 3
1300,247,22, 3
1301,247,22, 3
1302,247,22, 3
1303,247,22, 3
1304,247,22, 3
1305,247,22, 3
1306,247,22, 3
1307,247,22, 3
1308,247,22, 3
1309,247,22, 3
1310,247,22, 3
1311,247,22, 3
1312,247,22, 3
1313,247,22, 3
1314,247,22, 3
1315,247,22, 3
1316,247,22, 3
1317,247,22, 3
1318,247,22, 3
1319,247,22, 3
1320,247,22, 3
1321,247,22, 3
1322,247,22, 3
1323,247,22, 3
1324,247,22, 3
1325,247,22, 3
1326,247,22, 3
1327,247,22, 3
1328,247,22, 3
1329,247,22, 3
1330,247,22, 3
1331,247,22, 3
1332,247,22, 3
1333,247,22, 3
1334,247,22, 3
1335,247,22, 3
1336,247,22, 3
1337,247,22, 3
1338,247,22, 3
1339,247,22, 3
1340,247,22, 3
1341,247,22, 3
1342,247,22, 3
1343,247,22, 3
1344,247,22, 3
1345,247,22, 3
1346,247,22, 3
1347,247,22, 3
1348,247,22, 3
1349,247,22, 3
1350,247,22, 3
1351,247,22, 3
1352,247,22, 3
1353,247,22, 3
1354,247,22, 3
1355,247,22, 3
1356,247,22, 3
1357,247,22, 3
1358,247,22, 3
1359,247,22, 3
1360,247,22, 3
1361,247,22, 3
1362,247,22, 3
1363,247,22, 3
1364,247,22, 3
1365,247,22, 3
1366,247,22, 3
1367,247,22, 3
1368,247,22, 3
1369,247,22, 3
1370,247,22, 3
1371,247,22, 3
1372,247,22, 3
1373,247,22, 3
1374,247,22, 3
1375,247,22, 3
1376,247,22, 3
1377,247,22, 3
1378,247,22, 3
1379,247,22, 3
1380,247,22, 3
1381,247,22, 3
1382,247,22, 3
1383,247,22, 3
1384,247,22, 3
1385,247,22, 3
1386,247,22, 3
1387,247,22, 3
1388,247,22, 3
1389,247,22, 3
1390,247,22, 3
1391,247,22, 3
1392,247,22, 3
1393,247,22, 3
1394,247,22, 3
1395,247,22, 3
1396,247,22, 3
1397,247,22, 3
1398,247,22, 3
1399,247,22, 3
1400,247,22, 3
1401,247,22, 3
1402,247,22, 3
1403,247,22, 3
1404,247,22, 3
1405,247,22, 3
1406,247,22, 3
1407,247,22, 3
1408,247,22, 3
1409,247,22, 3
1410,247,22, 3
1411,247,22, 3
1412,247,22, 3
1413,247,22, 3
1414,247,22, 3
1415,247,22, 3
1416,247,22, 3
1417,247,22, 3
1418,247,22, 3
1419,247,22, 3
1420,247,22, 3
1421,247,22, 3
1422,247,22, 3
1423,247,22, 3
1424,247,22, 3
1425,247,22, 3
1426,247,22, 3
1427,247,22, 3
1428,247,22, 3
1429,247,22, 3
1430,247,22, 3
1431,247,22, 3
1432,247,22, 3
1433,247,22, 3
1434,247,22, 3
1435,247,22, 3
1436,247,22, 3
1437,247,22, 3
1438,247,22, 3
1439,247,22, 3
1440,247,22, 3
1441,247,22, 3
1442,247,22, 3
1443,247,22, 3
1444,247,22, 3
1445,247,22, 3
1446,247,22, 3
1447,247,22, 3
1448,247,22, 3
1449,247,22, 3
1450,247,22, 3
1451,247,22, 3
1452,247,22, 3
1453,247,22, 3
1454,247,22, 3
1455,247,22, 3
1456,247,22, 3
1457,247,22, 3
1458,247,22, 3
1459,247,22, 3
1460,247,22, 3
1461,247,22, 3
1462,247,22, 3
1463,247,22, 3
1464,247,22, 3
1465,247,22, 3
1466,247,22, 3
1467,247,22, 3
1468,247,22, 3
1469,247,22, 3
1470,247,22, 3
1471,247,22, 3
1472,247,22, 3
1473,247,22, 3
1474,247,22, 3
1475,247,22, 3
1476,247,22, 3
1477,247,22, 3
1478,247,22, 3
1479,247,22, 3
1480,247,22, 3
1481,247,22, 3
1482,247,22, 3
1483,247,22, 3
1484,247,22, 3
1485,247,22, 3
1486,247,22, 3
1487,247,22, 3
1488,247,22, 3
1489,247,22, 3
1490,247,22, 3
1491,247,22, 3
1492,247,22, 3
1493,247,22, 3
1494,247,22, 3
1495,247,22, 3
1496,247,22, 3
1497,247,22, 3
1498,247,22, 3
1499,247,22, 3
