0,250,25, 0
1,250,25, 0
2,250,25, 0
3,250,25, 0
4,250,25, 0
5,250,25, 0
6,250,25, 0
7,250,25, 0
8,250,25, 0
9,250,25, 0
10,250,25, 0
11,250,25, 0
12,250,25, 0
13,250,25, 0
14,250,25, 0
15,250,25, 0
16,250,25, 0
17,250,25, 0
18,250,25, 0
19,250,25, 0
20,250,25, 0
21,250,25, 0
22,250,25, 0
23,250,25, 0
24,250,25, 0
25,250,25, 0
26,250,25, 0
27,250,25, 0
28,250,25, 0
29,250,25, 0
30,250,25, 0
31,250,25, 0
32,250,25, 0
33,250,25, 0
34,250,25, 0
35,250,25, 0
36,250,25, 0
37,250,25, 0
38,250,25, 0
39,250,25, 0
40,250,25, 0
41,250,25, 0
42,250,25, 0
43,250,25, 0
44,250,25, 0
45,250,25, 0
46,250,25, 0
47,250,25, 0
48,250,25, 0
49,250,25, 0
50,250,25, 0
51,250,25, 0
52,250,25, 0
53,250,25, 0
54,250,25, 0
55,250,25, 0
56,250,25, 0
57,250,25, 0
58,250,25, 0
59,250,25, 0
60,250,25, 0
61,250,25, 0
62,250,25, 0
63,250,25, 0
64,250,25, 0
65,250,25, 0
66,250,25, 0
67,250,25, 0
68,250,25, 0
69,250,25, 0
70,250,25, 0
71,250,25, 0
72,250,25, 0
73,250,25, 0
74,250,25, 0
75,250,25, 0
76,250,25, 0
77,250,25, 0
78,250,25, 0
79,250,25, 0
80,250,25, 0
81,250,25, 0
82,250,25, 0
83,250,25, 0
84,250,25, 0
85,250,25, 0
86,250,25, 0
87,250,25, 0
88,250,25, 0
89,250,25, 0
90,250,25, 0
91,250,25, 0
92,250,25, 0
93,250,25, 0
94,250,25, 0
95,250,25, 0
96,250,25, 0
97,250,25, 0
98,250,25, 0
99,250,25, 0
100,250,25, 0
101,250,25, 0
102,250,25, 0
103,250,25, 0
104,250,25, 0
105,250,25, 0
106,250,25, 0
107,250,25, 0
108,250,25, 0
109,250,25, 0
110,250,25, 0
111,250,25, 0
112,250,25, 0
113,250,25, 0
114,250,25, 0
115,250,25, 0
116,250,25, 0
117,250,25, 0
118,250,25, 0
119,250,25, 0
120,250,25, 0
121,250,25, 0
122,250,25, 0
123,250,25, 0
124,250,25, 0
125,250,25, 0
126,250,25, 0
127,250,25, 0
128,250,25, 0
129,250,25, 0
130,250,25, 0
131,250,25, 0
132,250,25, 0
133,250,25, 0
134,250,25, 0
135,250,25, 0
136,250,25, 0
137,250,25, 0
138,250,25, 0
139,250,25, 0
140,250,25, 0
141,250,25, 0
142,250,25, 0
143,250,25, 0
144,250,25, 0
145,250,25, 0
146,250,25, 0
147,250,25, 0
148,250,25, 0
149,250,25, 0
150,250,25, 0
151,250,25, 0
152,250,25, 0
153,250,25, 0
154,250,25, 0
155,250,25, 0
156,250,25, 0
157,250,25, 0
158,250,25, 0
159,250,25, 0
160,250,25, 0
161,250,25, 0
162,250,25, 0
163,250,25, 0
164,250,25, 0
165,250,25, 0
166,250,25, 0
167,250,25, 0
168,250,25, 0
169,250,25, 0
170,250,25, 0
171,250,25, 0
172,250,25, 0
173,250,25, 0
174,250,25, 0
175,250,25, 0
176,250,25, 0
177,250,25, 0
178,250,25, 0
179,250,25, 0
180,250,25, 0
181,250,25, 0
182,250,25, 0
183,250,25, 0
184,250,25, 0
185,250,25, 0
186,250,25, 0
187,250,25, 0
188,250,25, 0
189,250,25, 0
190,250,25, 0
191,250,25, 0
192,250,25, 0
193,250,25, 0
194,250,25, 0
195,250,25, 0
196,250,25, 0
197,250,25, 0
198,250,25, 0
199,250,25, 0
200,250,25, 0
201,250,25, 0
202,250,25, 0
203,250,25, 0
204,250,25, 0
205,250,25, 0
206,250,25, 0
207,250,25, 0
208,250,25, 0
209,250,25, 0
210,250,25, 0
211,250,25, 0
212,250,25, 0
213,250,25, 0
214,250,25, 0
215,250,25, 0
216,250,25, 0
217,250,25, 0
218,250,25, 0
219,250,25, 0
220,250,25, 0
221,250,25, 0
222,250,25, 0
223,250,25, 0
224,250,25, 0
225,250,25, 0
226,250,25, 0
227,250,25, 0
228,250,25, 0
229,250,25, 0
230,250,25, 0
231,250,25, 0
232,250,25, 0
233,250,25, 0
234,250,25, 0
235,250,25, 0
236,250,25, 0
237,250,25, 0
238,250,25, 0
239,250,25, 0
240,250,25, 0
241,250,25, 0
242,250,25, 0
243,250,25, 0
244,250,25, 0
245,250,25, 0
246,250,25, 0
247,250,25, 0
248,250,25, 0
249,250,25, 0
250,250,25, 0
251,250,25, 0
252,250,25, 0
253,250,25, 0
254,250,25, 0
255,250,25, 0
256,250,25, 0
257,250,25, 0
258,250,25, 0
259,250,25, 0
260,250,25, 0
261,250,25, 0
262,250,25, 0
263,250,25, 0
264,250,25, 0
265,250,25, 0
266,250,25, 0
267,250,25, 0
268,250,25, 0
269,250,25, 0
270,250,25, 0
271,250,25, 0
272,250,25, 0
273,250,25, 0
274,250,25, 0
275,250,25, 0
276,250,25, 0
277,250,25, 0
278,250,25, 0
279,250,25, 0
280,250,25, 0
281,250,25, 0
282,250,25, 0
283,250,25, 0
284,250,25, 0
285,250,25, 0
286,250,25, 0
287,250,25, 0
288,250,25, 0
289,250,25, 0
290,250,25, 0
291,250,25, 0
292,250,25, 0
293,250,25, 0
294,250,25, 0
295,250,25, 0
296,250,25, 0
297,250,25, 0
298,250,25, 0
299,250,25, 0
300,250,25, 0
301,250,25, 0
302,250,25, 0
303,250,25, 0
304,250,25, 0
305,250,25, 0
306,250,25, 0
307,250,25, 0
308,250,25, 0
309,250,25, 0
310,250,25, 0
311,250,25, 0
312,250,25, 0
313,250,25, 0
314,250,25, 0
315,250,25, 0
316,250,25, 0
317,250,25, 0
318,250,25, 0
319,250,25, 0
320,250,25, 0
321,250,25, 0
322,250,25, 0
323,250,25, 0
324,250,25, 0
325,250,25, 0
326,250,25, 0
327,250,25, 0
328,250,25, 0
329,250,25, 0
330,250,25, 0
331,250,25, 0
332,250,25, 0
333,250,25, 0
334,250,25, 0
335,250,25, 0
336,250,25, 0
337,250,25, 0
338,250,25, 0
339,250,25, 0
340,250,25, 0
341,250,25, 0
342,250,25, 0
343,250,25, 0
344,250,25, 0
345,250,25, 0
346,250,25, 0
347,250,25, 0
348,250,25, 0
349,250,25, 0
350,250,25, 0
351,250,25, 0
352,250,25, 0
353,250,25, 0
354,250,25, 0
355,250,25, 0
356,250,25, 0
357,250,25, 0
358,250,25, 0
359,250,25, 0
360,250,25, 0
361,250,25, 0
362,250,25, 0
363,250,25, 0
364,250,25, 0
365,250,25, 0
366,250,25, 0
367,250,25, 0
368,250,25, 0
369,250,25, 0
370,250,25, 0
371,250,25, 0
372,250,25, 0
373,250,25, 0
374,250,25, 0
375,250,25, 0
376,250,25, 0
377,250,25, 0
378,250,25, 0
379,250,25, 0
380,250,25, 0
381,250,25, 0
382,250,25, 0
383,250,25, 0
384,250,25, 0
385,250,25, 0
386,250,25, 0
387,250,25, 0
388,250,25, 0
389,250,25, 0
390,250,25, 0
391,250,25, 0
392,250,25, 0
393,250,25, 0
394,250,25, 0
395,250,25, 0
396,250,25, 0
397,250,25, 0
398,250,25, 0
399,250,25, 0
400,250,25, 0
401,250,25, 0
402,250,25, 0
403,250,25, 0
404,250,25, 0
405,250,25, 0
406,250,25, 0
407,250,25, 0
408,250,25, 0
409,250,25, 0
410,250,25, 0
411,250,25, 0
412,250,25, 0
413,250,25, 0
414,250,25, 0
415,250,25, 0
416,250,25, 0
417,250,25, 0
418,250,25, 0
419,250,25, 0
420,250,25, 0
421,250,25, 0
422,250,25, 0
423,250,25, 0
424,250,25, 0
425,250,25, 0
426,250,25, 0
427,250,25, 0
428,250,25, 0
429,250,25, 0
430,250,25, 0
431,250,25, 0
432,250,25, 0
433,250,25, 0
434,250,25, 0
435,250,25, 0
436,250,25, 0
437,250,25, 0
438,250,25, 0
439,250,25, 0
440,250,25, 0
441,250,25, 0
442,250,25, 0
443,250,25, 0
444,250,25, 0
445,250,25, 0
446,250,25, 0
447,250,25, 0
448,250,25, 0
449,250,25, 0
450,250,25, 0
451,250,25, 0
452,250,25, 0
453,250,25, 0
454,250,25, 0
455,250,25, 0
456,250,25, 0
457,250,25, 0
458,250,25, 0
459,250,25, 0
460,250,25, 0
461,250,25, 0
462,250,25, 0
463,250,25, 0
464,250,25, 0
465,250,25, 0
466,250,25, 0
467,250,25, 0
468,250,25, 0
469,250,25, 0
470,250,25, 0
471,250,25, 0
472,250,25, 0
473,250,25, 0
474,250,25, 0
475,250,25, 0
476,250,25, 0
477,250,25, 0
478,250,25, 0
479,250,25, 0
480,250,25, 0
481,250,25, 0
482,250,25, 0
483,250,25, 0
484,250,25, 0
485,250,25, 0
486,250,25, 0
487,250,25, 0
488,250,25, 0
489,250,25, 0
490,250,25, 0
491,250,25, 0
492,250,25, 0
493,250,25, 0
494,250,25, 0
495,250,25, 0
496,250,25, 0
497,250,25, 0
498,250,25, 0
499,250,25, 0
500,250,25, 0
501,250,25, 0
502,250,25, 0
503,250,25, 0
504,250,25, 0
505,250,25, 0
506,250,25, 0
507,250,25, 0
508,250,25, 0
509,250,25, 0
510,250,25, 0
511,250,25, 0
512,250,25, 0
513,250,25, 0
514,250,25, 0
515,250,25, 0
516,250,25, 0
517,250,25, 0
518,250,25, 0
519,250,25, 0
520,250,25, 0
521,250,25, 0
522,250,25, 0
523,250,25, 0
524,250,25, 0
525,250,25, 0
526,250,25, 0
527,250,25, 0
528,250,25, 0
529,250,25, 0
530,250,25, 0
531,250,25, 0
532,250,25, 0
533,249,24, 1
534,248,23, 2
535,248,23, 2
536,248,23, 2
537,248,23, 2
538,248,23, 2
539,248,23, 2
540,248,23, 2
541,248,23, 2
542,248,23, 2
543,248,23, 2
544,248,23, 2
545,248,23, 2
546,248,23, 2
547,248,23, 2
548,248,23, 2
549,248,23, 2
550,248,23, 2
551,248,23, 2
552,248,23, 2
553,248,23, 2
554,248,23, 2
555,248,23, 2
556,248,23, 2
557,248,23, 2
558,248,23, 2
559,248,23, 2
560,248,23, 2
561,248,23, 2
562,248,23, 2
563,248,23, 2
564,248,23, 2
565,248,23, 2
566,248,23, 2
567,248,23, 2
568,248,23, 2
569,248,23, 2
570,248,23, 2
571,248,23, 2
572,248,23, 2
573,248,23, 2
574,248,23, 2
575,248,23, 2
576,248,23, 2
577,248,23, 2
578,248,23, 2
579,248,23, 2
580,248,23, 2
581,248,23, 2
582,248,23, 2
583,248,23, 2
584,248,23, 2
585,248,23, 2
586,248,23, 2
587,248,23, 2
588,248,23, 2
589,248,23, 2
590,248,23, 2
591,248,23, 2
592,248,23, 2
593,248,23, 2
594,248,23, 2
595,248,23, 2
596,248,23, 2
597,248,23, 2
598,248,23, 2
599,248,23, 2
600,248,23, 2
601,248,23, 2
602,248,23, 2
603,248,23, 2
604,248,23, 2
605,248,23, 2
606,248,23, 2
607,248,23, 2
608,248,23, 2
609,248,23, 2
610,248,23, 2
611,248,23, 2
612,248,23, 2
613,248,23, 2
614,248,23, 2
615,248,23, 2
616,248,23, 2
617,248,23, 2
618,248,23, 2
619,248,23, 2
620,248,23, 2
621,248,23, 2
622,248,23, 2
623,248,23, 2
624,248,23, 2
625,248,23, 2
626,248,23, 2
627,248,23, 2
628,248,23, 2
629,248,23, 2
630,248,23, 2
631,248,23, 2
632,248,23, 2
633,248,23, 2
634,248,23, 2
635,248,23, 2
636,248,23, 2
637,248,23, 2
638,248,23, 2
639,248,23, 2
640,248,23, 2
641,248,23, 2
642,248,23, 2
643,248,23, 2
644,248,23, 2
645,248,23, 2
646,248,23, 2
647,248,23, 2
648,248,23, 2
649,248,23, 2
650,248,23, 2
651,248,23, 2
652,248,23, 2
653,248,23, 2
654,248,23, 2
655,248,23, 2
656,248,23, 2
657,248,23, 2
658,248,23, 2
659,248,23, 2
660,248,23, 2
661,248,23, 2
662,248,23, 2
663,248,23, 2
664,248,23, 2
665,248,23, 2
666,248,23, 2
667,248,23, 2
668,248,23, 2
669,248,23, 2
670,248,23, 2
671,248,23, 2
672,248,23, 2
673,248,23, 2
674,248,23, 2
675,248,23, 2
676,248,23, 2
677,248,23, 2
678,248,23, 2
679,248,23, 2
680,248,23, 2
681,248,23, 2
682,248,23, 2
683,248,23, 2
684,248,23, 2
685,248,23, 2
686,248,23, 2
687,248,23, 2
688,248,23, 2
689,248,23, 2
690,248,23, 2
691,248,23, 2
692,248,23, 2
693,248,23, 2
694,248,23, 2
695,248,23, 2
696,248,23, 2
697,248,23, 2
698,248,23, 2
699,248,23, 2
700,248,23, 2
701,248,23, 2
702,248,23, 2
703,248,23, 2
704,248,23, 2
705,248,23, 2
706,248,23, 2
707,248,23, 2
708,248,23, 2
709,248,23, 2
710,248,23, 2
711,248,23, 2
712,248,23, 2
713,248,23, 2
714,248,23, 2
715,248,23, 2
716,248,23, 2
717,248,23, 2
718,248,23, 2
719,248,23, 2
720,248,23, 2
721,248,23, 2
722,248,23, 2
723,248,23, 2
724,248,23, 2
725,248,23, 2
726,248,23, 2
727,248,23, 2
728,248,23, 2
729,248,23, 2
730,248,23, 2
731,248,23, 2
732,248,23, 2
733,248,23, 2
734,248,23, 2
735,248,23, 2
736,248,23, 2
737,248,23, 2
738,248,23, 2
739,248,23, 2
740,248,23, 2
741,248,23, 2
742,248,23, 2
743,248,23, 2
744,248,23, 2
745,248,23, 2
746,248,23, 2
747,248,23, 2
748,248,23, 2
749,248,23, 2
750,248,23, 2
751,248,23, 2
752,248,23, 2
753,248,23, 2
754,248,23, 2
755,248,23, 2
756,248,23, 2
757,248,23, 2
758,248,23, 2
759,248,23, 2
760,248,23, 2
761,248,23, 2
762,248,23, 2
763,248,23, 2
764,248,23, 2
765,248,23, 2
766,248,23, 2
767,248,23, 2
768,248,23, 2
769,248,23, 2
770,248,23, 2
771,248,23, 2
772,248,23, 2
773,248,23, 2
774,248,23, 2
775,248,23, 2
776,248,23, 2
777,248,23, 2
778,248,23, 2
779,248,23, 2
780,248,23, 2
781,248,23, 2
782,248,23, 2
783,248,23, 2
784,248,23, 2
785,248,23, 2
786,248,23, 2
787,248,23, 2
788,248,23, 2
789,248,23, 2
790,248,23, 2
791,248,23, 2
792,248,23, 2
793,248,23, 2
794,248,23, 2
795,248,23, 2
796,248,23, 2
797,248,23, 2
798,248,23, 2
799,248,23, 2
800,248,23, 2
801,248,23, 2
802,248,23, 2
803,248,23, 2
804,248,23, 2
805,248,23, 2
806,248,23, 2
807,248,23, 2
808,248,23, 2
809,248,23, 2
810,248,23, 2
811,248,23, 2
812,248,23, 2
813,248,23, 2
814,248,23, 2
815,248,23, 2
816,248,23, 2
817,248,23, 2
818,248,23, 2
819,248,23, 2
820,248,23, 2
821,248,23, 2
822,248,23, 2
823,248,23, 2
824,248,23, 2
825,248,23, 2
826,248,23, 2
827,248,23, 2
828,248,23, 2
829,248,23, 2
830,248,23, 2
831,248,23, 2
832,248,23, 2
833,248,23, 2
834,248,23, 2
835,248,23, 2
836,248,23, 2
837,248,23, 2
838,248,23, 2
839,248,23, 2
840,248,23, 2
841,248,23, 2
842,248,23, 2
843,248,23, 2
844,248,23, 2
845,248,23, 2
846,248,23, 2
847,248,23, 2
848,248,23, 2
849,248,23, 2
850,248,23, 2
851,248,23, 2
852,248,23, 2
853,248,23, 2
854,248,23, 2
855,248,23, 2
856,248,23, 2
857,248,23, 2
858,248,23, 2
859,248,23, 2
860,248,23, 2
861,248,23, 2
862,248,23, 2
863,248,23, 2
864,248,23, 2
865,248,23, 2
866,248,23, 2
867,248,23, 2
868,248,23, 2
869,248,23, 2
870,248,23, 2
871,248,23, 2
872,248,23, 2
873,248,23, 2
874,248,23, 2
875,248,23, 2
876,248,23, 2
877,248,23, 2
878,248,23, 2
879,248,23, 2
880,248,23, 2
881,248,23, 2
882,248,23, 2
883,248,23, 2
884,248,23, 2
885,248,23, 2
886,248,23, 2
887,248,23, 2
888,248,23, 2
889,248,23, 2
890,248,23, 2
891,248,23, 2
892,248,23, 2
893,248,23, 2
894,248,23, 2
895,248,23, 2
896,248,23, 2
897,248,23, 2
898,248,23, 2
899,248,23, 2
900,248,23, 2
901,248,23, 2
902,248,23, 2
903,248,23, 2
904,248,23, 2
905,248,23, 2
906,248,23, 2
907,248,23, 2
908,248,23, 2
909,248,23, 2
910,248,23, 2
911,248,23, 2
912,248,23, 2
913,248,23, 2
914,248,23, 2
915,248,23, 2
916,248,23, 2
917,248,23, 2
918,248,23, 2
919,248,23, 2
920,248,23, 2
921,248,23, 2
922,248,23, 2
923,248,23, 2
924,248,23, 2
925,248,23, 2
926,248,23, 2
927,248,23, 2
928,248,23, 2
929,248,23, 2
930,248,23, 2
931,248,23, 2
932,248,23, 2
933,248,23, 2
934,248,23, 2
935,248,23, 2
936,248,23, 2
937,248,23, 2
938,248,23, 2
939,248,23, 2
940,248,23, 2
941,248,23, 2
942,248,23, 2
943,248,23, 2
944,248,23, 2
945,248,23, 2
946,248,23, 2
947,248,23, 2
948,248,23, 2
949,248,23, 2
950,248,23, 2
951,248,23, 2
952,248,23, 2
953,248,23, 2
954,248,23, 2
955,248,23, 2
956,248,23, 2
957,248,23, 2
958,248,23, 2
959,248,23, 2
960,248,23, 2
961,248,23, 2
962,248,23, 2
963,248,23, 2
964,248,23, 2
965,248,23, 2
966,248,23, 2
967,248,23, 2
968,248,23, 2
969,248,23, 2
970,248,23, 2
971,248,23, 2
972,248,23, 2
973,248,23, 2
974,248,23, 2
975,248,23, 2
976,248,23, 2
977,248,23, 2
978,248,23, 2
979,248,23, 2
980,248,23, 2
981,248,23, 2
982,248,23, 2
983,248,23, 2
984,248,23, 2
985,248,23, 2
986,248,23, 2
987,248,23, 2
988,248,23, 2
989,248,23, 2
990,248,23, 2
991,248,23, 2
992,248,23, 2
993,248,23, 2
994,248,23, 2
995,248,23, 2
996,248,23, 2
997,248,23, 2
998,248,23, 2
999,248,23, 2
1000,248,23, 2
1001,248,23, 2
1002,248,23, 2
1003,248,23, 2
1004,248,23, 2
1005,248,23, 2
1006,248,23, 2
1007,248,23, 2
1008,248,23, 2
1009,248,23, 2
1010,248,23, 2
1011,248,23, 2
1012,248,23, 2
1013,248,23, 2
1014,248,23, 2
1015,248,23, 2
1016,248,23, 2
1017,248,23, 2
1018,248,23, 2
1019,248,23, 2
1020,248,23, 2
1021,248,23, 2
1022,248,23, 2
1023,248,23, 2
1024,248,23, 2
1025,248,23, 2
1026,248,23, 2
1027,248,23, 2
1028,248,23, 2
1029,248,23, 2
1030,248,23, 2
1031,248,23, 2
1032,248,23, 2
1033,248,23, 2
1034,248,23, 2
1035,248,23, 2
1036,248,23, 2
1037,248,23, 2
1038,248,23, 2
1039,248,23, 2
1040,248,23, 2
1041,248,23, 2
1042,248,23, 2
1043,248,23, 2
1044,248,23, 2
1045,248,23, 2
1046,248,23, 2
1047,248,23, 2
1048,248,23, 2
1049,248,23, 2
1050,248,23, 2
1051,248,23, 2
1052,248,23, 2
1053,248,23, 2
1054,248,23, 2
1055,248,23, 2
1056,248,23, 2
1057,248,23, 2
1058,248,23, 2
1059,248,23, 2
1060,248,23, 2
1061,248,23, 2
1062,248,23, 2
1063,248,23, 2
1064,248,23, 2
1065,248,23, 2
1066,248,23, 2
1067,248,23, 2
1068,248,23, 2
1069,248,23, 2
1070,248,23, 2
1071,248,23, 2
1072,248,23, 2
1073,248,23, 2
1074,248,23, 2
1075,248,23, 2
1076,248,23, 2
1077,248,23, 2
1078,248,23, 2
1079,248,23, 2
1080,248,23, 2
1081,248,23, 2
1082,248,23, 2
1083,248,23, 2
1084,248,23, 2
1085,248,23, 2
1086,248,23, 2
1087,248,23, 2
1088,248,23, 2
1089,248,23, 2
1090,248,23, 2
1091,248,23, 2
1092,248,23, 2
1093,248,23, 2
1094,248,23, 2
1095,247,22, 3
1096,247,22, 3
1097,247,22, 3
1098,247,22, 3
1099,247,22, 3
1100,247,22, 3
1101,247,22, 3
1102,247,22, 3
1103,247,22, 3
1104,247,22, 3
1105,247,22, 3
1106,247,22, 3
1107,247,22, 3
1108,247,22, 3
1109,247,22, 3
1110,247,22, 3
1111,247,22, 3
1112,247,22, 3
1113,247,22, 3
1114,247,22, 3
1115,247,22, 3
1116,247,22, 3
1117,247,22, 3
1118,247,22, 3
1119,247,22, 3
1120,247,22, 3
1121,247,22, 3
1122,247,22, 3
1123,247,22, 3
1124,247,22, 3
1125,247,22, 3
1126,247,22, 3
1127,247,22, 3
1128,247,22, 3
1129,247,22, 3
1130,247,22, 3
1131,247,22, 3
1132,247,22, 3
1133,247,22, 3
1134,247,22, 3
1135,247,22, 3
1136,247,22, 3
1137,247,22, 3
1138,247,22, 3
1139,247,22, 3
1140,247,22, 3
1141,247,22, 3
1142,247,22, 3
1143,247,22, 3
1144,247,22, 3
1145,247,22, 3
1146,247,22, 3
1147,247,22, 3
1148,247,22, 3
1149,247,22, 3
1150,247,22, 3
1151,247,22, 3
1152,247,22, 3
1153,247,22, 3
1154,247,22, 3
1155,247,22, 3
1156,247,22, 3
1157,247,22, 3
1158,247,22, 3
1159,247,22, 3
1160,247,22, 3
1161,247,22, 3
1162,247,22, 3
1163,247,22, 3
1164,247,22, 3
1165,247,22, 3
1166,247,22, 3
1167,247,22, 3
1168,247,22, 3
1169,247,22, 3
1170,247,22, 3
1171,247,22, 3
1172,247,22, 3
1173,247,22, 3
1174,247,22, 3
1175,247,22, 3
1176,247,22, 3
1177,247,22, 3
1178,247,22, 3
1179,247,22, 3
1180,247,22, 3
1181,247,22, 3
1182,247,22, 3
1183,247,22, 3
1184,247,22, 3
1185,247,22, 3
1186,247,22, 3
1187,247,22, 3
1188,247,22, 3
1189,247,22, 3
1190,247,22, 3
1191,247,22, 3
1192,247,22, 3
1193,247,22, 3
1194,247,22, 3
1195,247,22, 3
1196,247,22, 3
1197,247,22, 3
1198,247,22, 3
1199,247,22, 3
1200,247,22, 3
1201,247,22, 3
1202,247,22, 3
1203,247,22, 3
1204,247,22, 3
1205,247,22, 3
1206,247,22, 3
1207,247,22, 3
1208,247,22, 3
1209,247,22, 3
1210,247,22, 3
1211,247,22, 3
1212,247,22, 3
1213,246,21, 4
1214,246,21, 4
1215,246,21, 4
1216,246,21, 4
1217,246,21, 4
1218,246,21, 4
1219,246,21, 4
1220,246,21, 4
1221,246,21, 4
1222,246,21, 4
1223,246,21, 4
1224,246,21, 4
1225,246,21, 4
1226,246,21, 4
1227,246,21, 4
1228,246,21, 4
1229,246,21, 4
1230,246,21, 4
1231,246,21, 4
1232,246,21, 4
1233,246,21, 4
1234,246,21, 4
1235,246,21, 4
1236,246,21, 4
1237,246,21, 4
1238,246,21, 4
1239,246,21, 4
1240,246,21, 4
1241,246,21, 4
1242,246,21, 4
1243,246,21, 4
1244,246,21, 4
1245,246,21, 4
1246,246,21, 4
1247,246,21, 4
1248,246,21, 4
1249,246,21, 4
1250,246,21, 4
1251,246,21, 4
1252,246,21, 4
1253,246,21, 4
1254,246,21, 4
1255,246,21, 4
1256,246,21, 4
1257,246,21, 4
1258,246,21, 4
1259,246,21, 4
1260,246,21, 4
1261,246,21, 4
1262,246,21, 4
1263,246,21, 4
1264,246,21, 4
1265,246,21, 4
1266,246,21, 4
1267,246,21, 4
1268,246,21, 4
1269,246,21, 4
1270,246,21, 4
1271,246,21, 4
1272,246,21, 4
1273,246,21, 4
1274,246,21, 4
1275,246,21, 4
1276,246,21, 4
1277,246,21, 4
1278,246,21, 4
1279,246,21, 4
1280,246,21, 4
1281,246,21, 4
1282,246,21, 4
1283,246,21, 4
1284,246,21, 4
1285,246,21, 4
1286,246,21, 4
1287,246,21, 4
1288,246,21, 4
1289,246,21, 4
1290,246,21, 4
1291,246,21, 4
1292,246,21, 4
1293,246,21, 4
1294,246,21, 4
1295,246,21, 4
1296,246,21, 4
1297,246,21, 4
1298,246,21, 4
1299,246,21, 4
1300,246,21, 4
1301,246,21, 4
1302,246,21, 4
1303,246,21, 4
1304,246,21, 4
1305,246,21, 4
1306,246,21, 4
1307,246,21, 4
1308,246,21, 4
1309,246,21, 4
1310,246,21, 4
1311,246,21, 4
1312,246,21, 4
1313,246,21, 4
1314,246,21, 4
1315,246,21, 4
1316,246,21, 4
1317,246,21, 4
1318,246,21, 4
1319,246,21, 4
1320,246,21, 4
1321,246,21, 4
1322,246,21, 4
1323,246,21, 4
1324,246,21, 4
1325,246,21, 4
1326,246,21, 4
1327,246,21, 4
1328,246,21, 4
1329,246,21, 4
1330,246,21, 4
1331,246,21, 4
1332,246,21, 4
1333,246,21, 4
1334,246,21, 4
1335,246,21, 4
1336,246,21, 4
1337,246,21, 4
1338,246,21, 4
1339,246,21, 4
1340,246,21, 4
1341,246,21, 4
1342,246,21, 4
1343,246,21, 4
1344,246,21, 4
1345,246,21, 4
1346,246,21, 4
1347,246,21, 4
1348,246,21, 4
1349,246,21, 4
1350,246,21, 4
1351,246,21, 4
1352,246,21, 4
1353,246,21, 4
1354,246,21, 4
1355,246,21, 4
1356,246,21, 4
1357,246,21, 4
1358,246,21, 4
1359,246,21, 4
1360,246,21, 4
1361,246,21, 4
1362,246,21, 4
1363,246,21, 4
1364,246,21, 4
1365,246,21, 4
1366,246,21, 4
1367,246,21, 4
1368,246,21, 4
1369,246,21, 4
1370,246,21, 4
1371,246,21, 4
1372,246,21, 4
1373,246,21, 4
1374,246,21, 4
1375,246,21, 4
1376,246,21, 4
1377,246,21, 4
1378,246,21, 4
1379,246,21, 4
1380,246,21, 4
1381,246,21, 4
1382,246,21, 4
1383,246,21, 4
1384,246,21, 4
1385,246,21, 4
1386,246,21, 4
1387,246,21, 4
1388,246,21, 4
1389,246,21, 4
1390,246,21, 4
1391,246,21, 4
1392,246,21, 4
1393,246,21, 4
1394,246,21, 4
1395,246,21, 4
1396,246,21, 4
1397,246,21, 4
1398,246,21, 4
1399,246,21, 4
1400,246,21, 4
1401,246,21, 4
1402,246,21, 4
1403,246,21, 4
1404,246,21, 4
1405,246,21, 4
1406,246,21, 4
1407,246,21, 4
1408,246,21, 4
1409,246,21, 4
1410,246,21, 4
1411,246,21, 4
1412,246,21, 4
1413,246,21, 4
1414,246,21, 4
1415,246,21, 4
1416,246,21, 4
1417,246,21, 4
1418,246,21, 4
1419,246,21, 4
1420,246,21, 4
1421,246,21, 4
1422,246,21, 4
1423,246,21, 4
1424,246,21, 4
1425,246,21, 4
1426,246,21, 4
1427,246,21, 4
1428,246,21, 4
1429,246,21, 4
1430,246,21, 4
1431,246,21, 4
1432,246,21, 4
1433,246,21, 4
1434,246,21, 4
1435,246,21, 4
1436,246,21, 4
1437,246,21, 4
1438,246,21, 4
1439,246,21, 4
1440,246,21, 4
1441,246,21, 4
1442,246,21, 4
1443,246,21, 4
1444,246,21, 4
1445,246,21, 4
1446,246,21, 4
1447,246,21, 4
1448,246,21, 4
1449,246,21, 4
1450,246,21, 4
1451,246,21, 4
1452,246,21, 4
1453,246,21, 4
1454,246,21, 4
1455,246,21, 4
1456,246,21, 4
1457,246,21, 4
1458,246,21, 4
1459,246,21, 4
1460,246,21, 4
1461,246,21, 4
1462,246,21, 4
1463,246,21, 4
1464,246,21, 4
1465,246,21, 4
1466,246,21, 4
1467,246,21, 4
1468,246,21, 4
1469,246,21, 4
1470,246,21, 4
1471,246,21, 4
1472,246,21, 4
1473,246,21, 4
1474,246,21, 4
1475,246,21, 4
1476,246,21, 4
1477,246,21, 4
1478,246,21, 4
1479,246,21, 4
1480,246,21, 4
1481,246,21, 4
1482,246,21, 4
1483,246,21, 4
1484,246,21, 4
1485,246,21, 4
1486,246,21, 4
1487,246,21, 4
1488,246,21, 4
1489,246,21, 4
1490,246,21, 4
1491,246,21, 4
1492,246,21, 4
1493,246,21, 4
1494,246,21, 4
1495,246,21, 4
1496,246,21, 4
1497,246,21, 4
1498,246,21, 4
1499,246,21, 4
