0,250,25, 0
1,250,25, 0
2,250,25, 0
3,250,25, 0
4,250,25, 0
5,250,25, 0
6,250,25, 0
7,250,25, 0
8,250,25, 0
9,250,25, 0
10,250,25, 0
11,250,25, 0
12,250,25, 0
13,250,25, 0
14,250,25, 0
15,250,25, 0
16,250,25, 0
17,250,25, 0
18,250,25, 0
19,250,25, 0
20,250,25, 0
21,250,25, 0
22,250,25, 0
23,250,25, 0
24,250,25, 0
25,250,25, 0
26,250,25, 0
27,250,25, 0
28,250,25, 0
29,250,25, 0
30,250,25, 0
31,250,25, 0
32,250,25, 0
33,250,25, 0
34,250,25, 0
35,250,25, 0
36,250,25, 0
37,250,25, 0
38,250,25, 0
39,250,25, 0
40,250,25, 0
41,250,25, 0
42,250,25, 0
43,250,25, 0
44,250,25, 0
45,250,25, 0
46,250,25, 0
47,250,25, 0
48,250,25, 0
49,250,25, 0
50,250,25, 0
51,250,25, 0
52,250,25, 0
53,250,25, 0
54,250,25, 0
55,250,25, 0
56,250,25, 0
57,250,25, 0
58,250,25, 0
59,250,25, 0
60,250,25, 0
61,250,25, 0
62,250,25, 0
63,250,25, 0
64,250,25, 0
65,250,25, 0
66,250,25, 0
67,250,25, 0
68,250,25, 0
69,250,25, 0
70,250,25, 0
71,250,25, 0
72,250,25, 0
73,250,25, 0
74,250,25, 0
75,250,25, 0
76,250,25, 0
77,250,25, 0
78,250,25, 0
79,250,25, 0
80,250,25, 0
81,250,25, 0
82,250,25, 0
83,250,25, 0
84,250,25, 0
85,250,25, 0
86,250,25, 0
87,250,25, 0
88,250,25, 0
89,250,25, 0
90,250,25, 0
91,250,25, 0
92,250,25, 0
93,250,25, 0
94,250,25, 0
95,250,25, 0
96,250,25, 0
97,250,25, 0
98,250,25, 0
99,250,25, 0
100,250,25, 0
101,250,25, 0
102,250,25, 0
103,250,25, 0
104,250,25, 0
105,250,25, 0
106,250,25, 0
107,250,25, 0
108,250,25, 0
109,250,25, 0
110,250,25, 0
111,250,25, 0
112,250,25, 0
113,250,25, 0
114,250,25, 0
115,250,25, 0
116,250,25, 0
117,250,25, 0
118,250,25, 0
119,250,25, 0
120,249,24, 1
121,249,24, 1
122,249,24, 1
123,249,24, 1
124,249,24, 1
125,249,24, 1
126,249,24, 1
127,249,24, 1
128,249,24, 1
129,249,24, 1
130,249,24, 1
131,249,24, 1
132,249,24, 1
133,249,24, 1
134,249,24, 1
135,249,24, 1
136,249,24, 1
137,249,24, 1
138,249,24, 1
139,249,24, 1
140,249,24, 1
141,249,24, 1
142,249,24, 1
143,249,24, 1
144,249,24, 1
145,249,24, 1
146,249,24, 1
147,249,24, 1
148,249,24, 1
149,249,24, 1
150,249,24, 1
151,249,24, 1
152,249,24, 1
153,249,24, 1
154,249,24, 1
155,249,24, 1
156,249,24, 1
157,249,24, 1
158,249,24, 1
159,249,24, 1
160,249,24, 1
161,249,24, 1
162,249,24, 1
163,249,24, 1
164,249,24, 1
165,249,24, 1
166,249,24, 1
167,249,24, 1
168,249,24, 1
169,249,24, 1
170,249,24, 1
171,249,24, 1
172,249,24, 1
173,249,24, 1
174,249,24, 1
175,249,24, 1
176,249,24, 1
177,249,24, 1
178,249,24, 1
179,249,24, 1
180,249,24, 1
181,249,24, 1
182,249,24, 1
183,249,24, 1
184,249,24, 1
185,249,24, 1
186,249,24, 1
187,249,24, 1
188,249,24, 1
189,249,24, 1
190,249,24, 1
191,249,24, 1
192,249,24, 1
193,249,24, 1
194,249,24, 1
195,249,24, 1
196,249,24, 1
197,249,24, 1
198,249,24, 1
199,249,24, 1
200,249,24, 1
201,249,24, 1
202,249,24, 1
203,249,24, 1
204,249,24, 1
205,249,24, 1
206,249,24, 1
207,249,24, 1
208,249,24, 1
209,249,24, 1
210,249,24, 1
211,249,24, 1
212,249,24, 1
213,249,24, 1
214,249,24, 1
215,249,24, 1
216,249,24, 1
217,249,24, 1
218,249,24, 1
219,249,24, 1
220,249,24, 1
221,249,24, 1
222,249,24, 1
223,249,24, 1
224,249,24, 1
225,249,24, 1
226,249,24, 1
227,249,24, 1
228,249,24, 1
229,249,24, 1
230,249,24, 1
231,249,24, 1
232,248,23, 2
233,248,23, 2
234,248,23, 2
235,248,23, 2
236,248,23, 2
237,248,23, 2
238,248,23, 2
239,248,23, 2
240,248,23, 2
241,248,23, 2
242,248,23, 2
243,248,23, 2
244,248,23, 2
245,248,23, 2
246,248,23, 2
247,248,23, 2
248,248,23, 2
249,248,23, 2
250,248,23, 2
251,248,23, 2
252,248,23, 2
253,248,23, 2
254,248,23, 2
255,248,23, 2
256,248,23, 2
257,248,23, 2
258,248,23, 2
259,248,23, 2
260,248,23, 2
261,248,23, 2
262,248,23, 2
263,248,23, 2
264,248,23, 2
265,248,23, 2
266,248,23, 2
267,248,23, 2
268,248,23, 2
269,248,23, 2
270,248,23, 2
271,248,23, 2
272,248,23, 2
273,248,23, 2
274,248,23, 2
275,248,23, 2
276,248,23, 2
277,248,23, 2
278,248,23, 2
279,248,23, 2
280,248,23, 2
281,248,23, 2
282,248,23, 2
283,248,23, 2
284,248,23, 2
285,248,23, 2
286,248,23, 2
287,248,23, 2
288,248,23, 2
289,248,23, 2
290,248,23, 2
291,248,23, 2
292,248,23, 2
293,248,23, 2
294,248,23, 2
295,248,23, 2
296,248,23, 2
297,248,23, 2
298,248,23, 2
299,248,23, 2
300,248,23, 2
301,248,23, 2
302,248,23, 2
303,248,23, 2
304,248,23, 2
305,248,23, 2
306,248,23, 2
307,248,23, 2
308,248,23, 2
309,248,23, 2
310,248,23, 2
311,248,23, 2
312,248,23, 2
313,248,23, 2
314,248,23, 2
315,248,23, 2
316,248,23, 2
317,248,23, 2
318,248,23, 2
319,248,23, 2
320,248,23, 2
321,248,23, 2
322,248,23, 2
323,248,23, 2
324,248,23, 2
325,248,23, 2
326,248,23, 2
327,248,23, 2
328,248,23, 2
329,248,23, 2
330,248,23, 2
331,248,23, 2
332,248,23, 2
333,248,23, 2
334,248,23, 2
335,248,23, 2
336,248,23, 2
337,248,23, 2
338,248,23, 2
339,248,23, 2
340,248,23, 2
341,248,23, 2
342,248,23, 2
343,248,23, 2
344,248,23, 2
345,248,23, 2
346,248,23, 2
347,248,23, 2
348,248,23, 2
349,248,23, 2
350,248,23, 2
351,248,23, 2
352,248,23, 2
353,248,23, 2
354,248,23, 2
355,248,23, 2
356,248,23, 2
357,248,23, 2
358,248,23, 2
359,248,23, 2
360,248,23, 2
361,248,23, 2
362,248,23, 2
363,248,23, 2
364,248,23, 2
365,248,23, 2
366,248,23, 2
367,248,23, 2
368,248,23, 2
369,248,23, 2
370,248,23, 2
371,247,22, 3
372,247,22, 3
373,247,22, 3
374,247,22, 3
375,247,22, 3
376,247,22, 3
377,247,22, 3
378,247,22, 3
379,247,22, 3
380,247,22, 3
381,247,22, 3
382,247,22, 3
383,247,22, 3
384,247,22, 3
385,247,22, 3
386,247,22, 3
387,247,22, 3
388,247,22, 3
389,247,22, 3
390,247,22, 3
391,247,22, 3
392,247,22, 3
393,247,22, 3
394,247,22, 3
395,247,22, 3
396,247,22, 3
397,247,22, 3
398,247,22, 3
399,247,22, 3
400,247,22, 3
401,247,22, 3
402,247,22, 3
403,247,22, 3
404,247,22, 3
405,247,22, 3
406,247,22, 3
407,247,22, 3
408,247,22, 3
409,247,22, 3
410,247,22, 3
411,247,22, 3
412,247,22, 3
413,247,22, 3
414,247,22, 3
415,247,22, 3
416,247,22, 3
417,247,22, 3
418,247,22, 3
419,247,22, 3
420,247,22, 3
421,247,22, 3
422,247,22, 3
423,247,22, 3
424,247,22, 3
425,247,22, 3
426,247,22, 3
427,247,22, 3
428,247,22, 3
429,247,22, 3
430,247,22, 3
431,247,22, 3
432,247,22, 3
433,247,22, 3
434,247,22, 3
435,247,22, 3
436,247,22, 3
437,247,22, 3
438,247,22, 3
439,247,22, 3
440,247,22, 3
441,247,22, 3
442,247,22, 3
443,247,22, 3
444,247,22, 3
445,247,22, 3
446,247,22, 3
447,247,22, 3
448,247,22, 3
449,247,22, 3
450,247,22, 3
451,247,22, 3
452,247,22, 3
453,247,22, 3
454,247,22, 3
455,247,22, 3
456,247,22, 3
457,247,22, 3
458,247,22, 3
459,247,22, 3
460,247,22, 3
461,247,22, 3
462,247,22, 3
463,247,22, 3
464,247,22, 3
465,247,22, 3
466,247,22, 3
467,247,22, 3
468,247,22, 3
469,247,22, 3
470,247,22, 3
471,247,22, 3
472,247,22, 3
473,247,22, 3
474,247,22, 3
475,247,22, 3
476,247,22, 3
477,247,22, 3
478,247,22, 3
479,247,22, 3
480,247,22, 3
481,247,22, 3
482,247,22, 3
483,247,22, 3
484,247,22, 3
485,247,22, 3
486,247,22, 3
487,247,22, 3
488,247,22, 3
489,247,22, 3
490,247,22, 3
491,247,22, 3
492,247,22, 3
493,247,22, 3
494,247,22, 3
495,247,22, 3
496,247,22, 3
497,247,22, 3
498,247,22, 3
499,247,22, 3
500,247,22, 3
501,247,22, 3
502,247,22, 3
503,247,22, 3
504,247,22, 3
505,247,22, 3
506,247,22, 3
507,247,22, 3
508,247,22, 3
509,247,22, 3
510,247,22, 3
511,247,22, 3
512,247,22, 3
513,247,22, 3
514,247,22, 3
515,247,22, 3
516,247,22, 3
517,247,22, 3
518,247,22, 3
519,247,22, 3
520,247,22, 3
521,247,22, 3
522,247,22, 3
523,247,22, 3
524,247,22, 3
525,247,22, 3
526,247,22, 3
527,247,22, 3
528,247,22, 3
529,247,22, 3
530,247,22, 3
531,247,22, 3
532,247,22, 3
533,247,22, 3
534,247,22, 3
535,247,22, 3
536,247,22, 3
537,247,22, 3
538,247,22, 3
539,247,22, 3
540,247,22, 3
541,247,22, 3
542,247,22, 3
543,247,22, 3
544,247,22, 3
545,247,22, 3
546,247,22, 3
547,247,22, 3
548,247,22, 3
549,247,22, 3
550,247,22, 3
551,247,22, 3
552,247,22, 3
553,247,22, 3
554,247,22, 3
555,247,22, 3
556,247,22, 3
557,247,22, 3
558,247,22, 3
559,247,22, 3
560,247,22, 3
561,247,22, 3
562,247,22, 3
563,247,22, 3
564,247,22, 3
565,247,22, 3
566,247,22, 3
567,247,22, 3
568,247,22, 3
569,247,22, 3
570,247,22, 3
571,247,22, 3
572,247,22, 3
573,247,22, 3
574,247,22, 3
575,247,22, 3
576,247,22, 3
577,247,22, 3
578,247,22, 3
579,247,22, 3
580,247,22, 3
581,247,22, 3
582,247,22, 3
583,247,22, 3
584,247,22, 3
585,247,22, 3
586,247,22, 3
587,247,22, 3
588,247,22, 3
589,247,22, 3
590,247,22, 3
591,247,22, 3
592,247,22, 3
593,247,22, 3
594,247,22, 3
595,247,22, 3
596,247,22, 3
597,247,22, 3
598,246,21, 4
599,246,21, 4
600,246,21, 4
601,246,21, 4
602,246,21, 4
603,246,21, 4
604,246,21, 4
605,246,21, 4
606,246,21, 4
607,246,21, 4
608,246,21, 4
609,246,21, 4
610,246,21, 4
611,246,21, 4
612,246,21, 4
613,246,21, 4
614,246,21, 4
615,246,21, 4
616,246,21, 4
617,246,21, 4
618,246,21, 4
619,246,21, 4
620,246,21, 4
621,246,21, 4
622,246,21, 4
623,246,21, 4
624,246,21, 4
625,246,21, 4
626,246,21, 4
627,246,21, 4
628,246,21, 4
629,246,21, 4
630,246,21, 4
631,246,21, 4
632,246,21, 4
633,246,21, 4
634,246,21, 4
635,246,21, 4
636,246,21, 4
637,246,21, 4
638,246,21, 4
639,246,21, 4
640,246,21, 4
641,246,21, 4
642,246,21, 4
643,246,21, 4
644,246,21, 4
645,246,21, 4
646,246,21, 4
647,246,21, 4
648,246,21, 4
649,246,21, 4
650,246,21, 4
651,246,21, 4
652,246,21, 4
653,246,21, 4
654,246,21, 4
655,246,21, 4
656,246,21, 4
657,246,21, 4
658,246,21, 4
659,246,21, 4
660,246,21, 4
661,246,21, 4
662,246,21, 4
663,246,21, 4
664,246,21, 4
665,246,21, 4
666,246,21, 4
667,246,21, 4
668,246,21, 4
669,246,21, 4
670,246,21, 4
671,246,21, 4
672,246,21, 4
673,246,21, 4
674,246,21, 4
675,246,21, 4
676,246,21, 4
677,246,21, 4
678,246,21, 4
679,246,21, 4
680,246,21, 4
681,246,21, 4
682,246,21, 4
683,246,21, 4
684,246,21, 4
685,246,21, 4
686,246,21, 4
687,246,21, 4
688,246,21, 4
689,246,21, 4
690,246,21, 4
691,246,21, 4
692,246,21, 4
693,246,21, 4
694,246,21, 4
695,246,21, 4
696,246,21, 4
697,246,21, 4
698,246,21, 4
699,246,21, 4
700,246,21, 4
701,246,21, 4
702,246,21, 4
703,246,21, 4
704,246,21, 4
705,246,21, 4
706,246,21, 4
707,246,21, 4
708,246,21, 4
709,246,21, 4
710,246,21, 4
711,246,21, 4
712,246,21, 4
713,246,21, 4
714,246,21, 4
715,246,21, 4
716,246,21, 4
717,246,21, 4
718,246,21, 4
719,246,21, 4
720,246,21, 4
721,246,21, 4
722,246,21, 4
723,246,21, 4
724,246,21, 4
725,246,21, 4
726,246,21, 4
727,246,21, 4
728,246,21, 4
729,246,21, 4
730,246,21, 4
731,246,21, 4
732,246,21, 4
733,246,21, 4
734,246,21, 4
735,246,21, 4
736,246,21, 4
737,246,21, 4
738,246,21, 4
739,246,21, 4
740,246,21, 4
741,246,21, 4
742,246,21, 4
743,246,21, 4
744,246,21, 4
745,246,21, 4
746,246,21, 4
747,246,21, 4
748,246,21, 4
749,246,21, 4
750,246,21, 4
751,246,21, 4
752,246,21, 4
753,246,21, 4
754,246,21, 4
755,246,21, 4
756,246,21, 4
757,246,21, 4
758,246,21, 4
759,246,21, 4
760,246,21, 4
761,246,21, 4
762,246,21, 4
763,246,21, 4
764,246,21, 4
765,246,21, 4
766,246,21, 4
767,246,21, 4
768,246,21, 4
769,246,21, 4
770,246,21, 4
771,246,21, 4
772,246,21, 4
773,246,21, 4
774,246,21, 4
775,246,21, 4
776,246,21, 4
777,246,21, 4
778,246,21, 4
779,246,21, 4
780,246,21, 4
781,246,21, 4
782,246,21, 4
783,246,21, 4
784,246,21, 4
785,246,21, 4
786,246,21, 4
787,246,21, 4
788,246,21, 4
789,246,21, 4
790,246,21, 4
791,246,21, 4
792,246,21, 4
793,246,21, 4
794,246,21, 4
795,246,21, 4
796,246,21, 4
797,246,21, 4
798,246,21, 4
799,246,21, 4
800,246,21, 4
801,246,21, 4
802,246,21, 4
803,246,21, 4
804,246,21, 4
805,246,21, 4
806,246,21, 4
807,246,21, 4
808,246,21, 4
809,246,21, 4
810,246,21, 4
811,246,21, 4
812,246,21, 4
813,246,21, 4
814,246,21, 4
815,246,21, 4
816,246,21, 4
817,246,21, 4
818,246,21, 4
819,246,21, 4
820,246,21, 4
821,246,21, 4
822,246,21, 4
823,246,21, 4
824,246,21, 4
825,246,21, 4
826,246,21, 4
827,246,21, 4
828,246,21, 4
829,246,21, 4
830,246,21, 4
831,246,21, 4
832,246,21, 4
833,246,21, 4
834,246,21, 4
835,246,21, 4
836,246,21, 4
837,246,21, 4
838,246,21, 4
839,246,21, 4
840,246,21, 4
841,246,21, 4
842,246,21, 4
843,246,21, 4
844,246,21, 4
845,246,21, 4
846,246,21, 4
847,246,21, 4
848,246,21, 4
849,246,21, 4
850,246,21, 4
851,246,21, 4
852,246,21, 4
853,246,21, 4
854,246,21, 4
855,246,21, 4
856,246,21, 4
857,246,21, 4
858,246,21, 4
859,246,21, 4
860,246,21, 4
861,246,21, 4
862,246,21, 4
863,246,21, 4
864,246,21, 4
865,246,21, 4
866,246,21, 4
867,246,21, 4
868,246,21, 4
869,246,21, 4
870,246,21, 4
871,246,21, 4
872,246,21, 4
873,246,21, 4
874,246,21, 4
875,246,21, 4
876,246,21, 4
877,246,21, 4
878,246,21, 4
879,246,21, 4
880,246,21, 4
881,246,21, 4
882,246,21, 4
883,246,21, 4
884,246,21, 4
885,246,21, 4
886,246,21, 4
887,246,21, 4
888,246,21, 4
889,246,21, 4
890,246,21, 4
891,246,21, 4
892,246,21, 4
893,246,21, 4
894,246,21, 4
895,246,21, 4
896,246,21, 4
897,246,21, 4
898,246,21, 4
899,246,21, 4
900,246,21, 4
901,246,21, 4
902,246,21, 4
903,246,21, 4
904,246,21, 4
905,246,21, 4
906,246,21, 4
907,246,21, 4
908,246,21, 4
909,246,21, 4
910,246,21, 4
911,246,21, 4
912,246,21, 4
913,246,21, 4
914,246,21, 4
915,246,21, 4
916,246,21, 4
917,246,21, 4
918,246,21, 4
919,246,21, 4
920,246,21, 4
921,246,21, 4
922,246,21, 4
923,246,21, 4
924,246,21, 4
925,246,21, 4
926,246,21, 4
927,246,21, 4
928,246,21, 4
929,246,21, 4
930,246,21, 4
931,246,21, 4
932,246,21, 4
933,246,21, 4
934,246,21, 4
935,246,21, 4
936,246,21, 4
937,246,21, 4
938,246,21, 4
939,246,21, 4
940,246,21, 4
941,246,21, 4
942,246,21, 4
943,246,21, 4
944,246,21, 4
945,246,21, 4
946,246,21, 4
947,246,21, 4
948,246,21, 4
949,246,21, 4
950,246,21, 4
951,246,21, 4
952,246,21, 4
953,246,21, 4
954,246,21, 4
955,246,21, 4
956,246,21, 4
957,246,21, 4
958,246,21, 4
959,246,21, 4
960,246,21, 4
961,246,21, 4
962,246,21, 4
963,246,21, 4
964,246,21, 4
965,246,21, 4
966,245,20, 5
967,245,20, 5
968,245,20, 5
969,245,20, 5
970,245,20, 5
971,245,20, 5
972,245,20, 5
973,245,20, 5
974,245,20, 5
975,245,20, 5
976,245,20, 5
977,245,20, 5
978,245,20, 5
979,245,20, 5
980,245,20, 5
981,245,20, 5
982,245,20, 5
983,245,20, 5
984,245,20, 5
985,245,20, 5
986,245,20, 5
987,245,20, 5
988,245,20, 5
989,245,20, 5
990,245,20, 5
991,245,20, 5
992,245,20, 5
993,245,20, 5
994,245,20, 5
995,245,20, 5
996,245,20, 5
997,245,20, 5
998,245,20, 5
999,245,20, 5
1000,245,20, 5
1001,245,20, 5
1002,245,20, 5
1003,245,20, 5
1004,245,20, 5
1005,245,20, 5
1006,245,20, 5
1007,245,20, 5
1008,245,20, 5
1009,245,20, 5
1010,245,20, 5
1011,245,20, 5
1012,245,20, 5
1013,245,20, 5
1014,245,20, 5
1015,245,20, 5
1016,245,20, 5
1017,245,20, 5
1018,245,20, 5
1019,245,20, 5
1020,245,20, 5
1021,245,20, 5
1022,245,20, 5
1023,245,20, 5
1024,245,20, 5
1025,245,20, 5
1026,245,20, 5
1027,245,20, 5
1028,245,20, 5
1029,245,20, 5
1030,245,20, 5
1031,245,20, 5
1032,245,20, 5
1033,245,20, 5
1034,245,20, 5
1035,245,20, 5
1036,245,20, 5
1037,245,20, 5
1038,245,20, 5
1039,245,20, 5
1040,245,20, 5
1041,245,20, 5
1042,245,20, 5
1043,245,20, 5
1044,245,20, 5
1045,245,20, 5
1046,245,20, 5
1047,245,20, 5
1048,245,20, 5
1049,245,20, 5
1050,245,20, 5
1051,245,20, 5
1052,245,20, 5
1053,245,20, 5
1054,245,20, 5
1055,245,20, 5
1056,245,20, 5
1057,245,20, 5
1058,245,20, 5
1059,245,20, 5
1060,245,20, 5
1061,245,20, 5
1062,245,20, 5
1063,245,20, 5
1064,245,20, 5
1065,245,20, 5
1066,245,20, 5
1067,245,20, 5
1068,245,20, 5
1069,245,20, 5
1070,245,20, 5
1071,245,20, 5
1072,245,20, 5
1073,245,20, 5
1074,245,20, 5
1075,245,20, 5
1076,245,20, 5
1077,245,20, 5
1078,245,20, 5
1079,245,20, 5
1080,245,20, 5
1081,245,20, 5
1082,245,20, 5
1083,245,20, 5
1084,245,20, 5
1085,245,20, 5
1086,245,20, 5
1087,245,20, 5
1088,245,20, 5
1089,245,20, 5
1090,245,20, 5
1091,245,20, 5
1092,245,20, 5
1093,245,20, 5
1094,245,20, 5
1095,245,20, 5
1096,245,20, 5
1097,245,20, 5
1098,245,20, 5
1099,245,20, 5
1100,245,20, 5
1101,245,20, 5
1102,245,20, 5
1103,245,20, 5
1104,245,20, 5
1105,245,20, 5
1106,245,20, 5
1107,245,20, 5
1108,245,20, 5
1109,245,20, 5
1110,245,20, 5
1111,245,20, 5
1112,245,20, 5
1113,245,20, 5
1114,245,20, 5
1115,245,20, 5
1116,245,20, 5
1117,245,20, 5
1118,245,20, 5
1119,245,20, 5
1120,245,20, 5
1121,245,20, 5
1122,245,20, 5
1123,245,20, 5
1124,245,20, 5
1125,245,20, 5
1126,245,20, 5
1127,245,20, 5
1128,245,20, 5
1129,245,20, 5
1130,245,20, 5
1131,245,20, 5
1132,245,20, 5
1133,245,20, 5
1134,245,20, 5
1135,245,20, 5
1136,245,20, 5
1137,245,20, 5
1138,245,20, 5
1139,245,20, 5
1140,245,20, 5
1141,245,20, 5
1142,245,20, 5
1143,245,20, 5
1144,245,20, 5
1145,245,20, 5
1146,245,20, 5
1147,245,20, 5
1148,245,20, 5
1149,245,20, 5
1150,245,20, 5
1151,245,20, 5
1152,245,20, 5
1153,245,20, 5
1154,245,20, 5
1155,245,20, 5
1156,245,20, 5
1157,245,20, 5
1158,245,20, 5
1159,245,20, 5
1160,245,20, 5
1161,245,20, 5
1162,245,20, 5
1163,245,20, 5
1164,245,20, 5
1165,245,20, 5
1166,245,20, 5
1167,245,20, 5
1168,245,20, 5
1169,245,20, 5
1170,245,20, 5
1171,245,20, 5
1172,245,20, 5
1173,245,20, 5
1174,245,20, 5
1175,245,20, 5
1176,245,20, 5
1177,245,20, 5
1178,245,20, 5
1179,245,20, 5
1180,245,20, 5
1181,245,20, 5
1182,245,20, 5
1183,245,20, 5
1184,245,20, 5
1185,245,20, 5
1186,245,20, 5
1187,245,20, 5
1188,245,20, 5
1189,245,20, 5
1190,245,20, 5
1191,244,19, 6
1192,244,19, 6
1193,243,18, 7
1194,243,18, 7
1195,243,18, 7
1196,243,18, 7
1197,243,18, 7
1198,243,18, 7
1199,243,18, 7
1200,243,18, 7
1201,243,18, 7
1202,243,18, 7
1203,243,18, 7
1204,243,18, 7
1205,243,18, 7
1206,243,18, 7
1207,243,18, 7
1208,243,18, 7
1209,243,18, 7
1210,243,18, 7
1211,243,18, 7
1212,243,18, 7
1213,243,18, 7
1214,243,18, 7
1215,243,18, 7
1216,243,18, 7
1217,243,18, 7
1218,243,18, 7
1219,243,18, 7
1220,243,18, 7
1221,243,18, 7
1222,243,18, 7
1223,243,18, 7
1224,243,18, 7
1225,243,18, 7
1226,243,18, 7
1227,243,18, 7
1228,243,18, 7
1229,243,18, 7
1230,243,18, 7
1231,243,18, 7
1232,243,18, 7
1233,243,18, 7
1234,243,18, 7
1235,243,18, 7
1236,243,18, 7
1237,243,18, 7
1238,243,18, 7
1239,243,18, 7
1240,243,18, 7
1241,243,18, 7
1242,243,18, 7
1243,243,18, 7
1244,243,18, 7
1245,243,18, 7
1246,243,18, 7
1247,243,18, 7
1248,243,18, 7
1249,243,18, 7
1250,243,18, 7
1251,243,18, 7
1252,243,18, 7
1253,243,18, 7
1254,243,18, 7
1255,243,18, 7
1256,243,18, 7
1257,243,18, 7
1258,243,18, 7
1259,243,18, 7
1260,243,18, 7
1261,243,18, 7
1262,243,18, 7
1263,243,18, 7
1264,243,18, 7
1265,243,18, 7
1266,243,18, 7
1267,243,18, 7
1268,243,18, 7
1269,243,18, 7
1270,243,18, 7
1271,243,18, 7
1272,243,18, 7
1273,243,18, 7
1274,243,18, 7
1275,243,18, 7
1276,243,18, 7
1277,243,18, 7
1278,243,18, 7
1279,243,18, 7
1280,243,18, 7
1281,243,18, 7
1282,243,18, 7
1283,243,18, 7
1284,243,18, 7
1285,243,18, 7
1286,243,18, 7
1287,243,18, 7
1288,243,18, 7
1289,243,18, 7
1290,243,18, 7
1291,243,18, 7
1292,243,18, 7
1293,243,18, 7
1294,243,18, 7
1295,243,18, 7
1296,243,18, 7
1297,243,18, 7
1298,243,18, 7
1299,243,18, 7
1300,243,18, 7
1301,243,18, 7
1302,243,18, 7
1303,243,18, 7
1304,243,18, 7
1305,243,18, 7
1306,243,18, 7
1307,243,18, 7
1308,243,18, 7
1309,243,18, 7
1310,243,18, 7
1311,243,18, 7
1312,243,18, 7
1313,243,18, 7
1314,243,18, 7
1315,243,18, 7
1316,243,18, 7
1317,243,18, 7
1318,243,18, 7
1319,243,18, 7
1320,243,18, 7
1321,243,18, 7
1322,243,18, 7
1323,243,18, 7
1324,243,18, 7
1325,243,18, 7
1326,243,18, 7
1327,243,18, 7
1328,243,18, 7
1329,243,18, 7
1330,243,18, 7
1331,243,18, 7
1332,243,18, 7
1333,243,18, 7
1334,243,18, 7
1335,243,18, 7
1336,243,18, 7
1337,243,18, 7
1338,243,18, 7
1339,243,18, 7
1340,243,18, 7
1341,243,18, 7
1342,243,18, 7
1343,243,18, 7
1344,243,18, 7
1345,243,18, 7
1346,243,18, 7
1347,243,18, 7
1348,243,18, 7
1349,243,18, 7
1350,243,18, 7
1351,243,18, 7
1352,243,18, 7
1353,243,18, 7
1354,243,18, 7
1355,243,18, 7
1356,243,18, 7
1357,243,18, 7
1358,243,18, 7
1359,243,18, 7
1360,243,18, 7
1361,243,18, 7
1362,243,18, 7
1363,243,18, 7
1364,243,18, 7
1365,243,18, 7
1366,243,18, 7
1367,243,18, 7
1368,243,18, 7
1369,243,18, 7
1370,243,18, 7
1371,243,18, 7
1372,243,18, 7
1373,243,18, 7
1374,243,18, 7
1375,243,18, 7
1376,243,18, 7
1377,243,18, 7
1378,243,18, 7
1379,243,18, 7
1380,243,18, 7
1381,243,18, 7
1382,243,18, 7
1383,243,18, 7
1384,243,18, 7
1385,243,18, 7
1386,243,18, 7
1387,243,18, 7
1388,243,18, 7
1389,243,18, 7
1390,243,18, 7
1391,243,18, 7
1392,243,18, 7
1393,243,18, 7
1394,243,18, 7
1395,243,18, 7
1396,243,18, 7
1397,243,18, 7
1398,243,18, 7
1399,243,18, 7
1400,243,18, 7
1401,243,18, 7
1402,243,18, 7
1403,243,18, 7
1404,243,18, 7
1405,243,18, 7
1406,243,18, 7
1407,243,18, 7
1408,243,18, 7
1409,243,18, 7
1410,243,18, 7
1411,243,18, 7
1412,243,18, 7
1413,243,18, 7
1414,243,18, 7
1415,243,18, 7
1416,243,18, 7
1417,243,18, 7
1418,243,18, 7
1419,243,18, 7
1420,243,18, 7
1421,243,18, 7
1422,243,18, 7
1423,243,18, 7
1424,243,18, 7
1425,243,18, 7
1426,243,18, 7
1427,243,18, 7
1428,243,18, 7
1429,243,18, 7
1430,243,18, 7
1431,243,18, 7
1432,243,18, 7
1433,243,18, 7
1434,243,18, 7
1435,243,18, 7
1436,243,18, 7
1437,243,18, 7
1438,243,18, 7
1439,243,18, 7
1440,243,18, 7
1441,243,18, 7
1442,243,18, 7
1443,243,18, 7
1444,243,18, 7
1445,243,18, 7
1446,243,18, 7
1447,243,18, 7
1448,243,18, 7
1449,243,18, 7
1450,243,18, 7
1451,243,18, 7
1452,243,18, 7
1453,243,18, 7
1454,243,18, 7
1455,243,18, 7
1456,243,18, 7
1457,243,18, 7
1458,243,18, 7
1459,243,18, 7
1460,243,18, 7
1461,243,18, 7
1462,243,18, 7
1463,243,18, 7
1464,243,18, 7
1465,243,18, 7
1466,243,18, 7
1467,243,18, 7
1468,243,18, 7
1469,243,18, 7
1470,243,18, 7
1471,243,18, 7
1472,243,18, 7
1473,243,18, 7
1474,243,18, 7
1475,243,18, 7
1476,243,18, 7
1477,243,18, 7
1478,243,18, 7
1479,243,18, 7
1480,243,18, 7
1481,243,18, 7
1482,243,18, 7
1483,243,18, 7
1484,243,18, 7
1485,243,18, 7
1486,243,18, 7
1487,243,18, 7
1488,243,18, 7
1489,243,18, 7
1490,243,18, 7
1491,243,18, 7
1492,243,18, 7
1493,243,18, 7
1494,243,18, 7
1495,243,18, 7
1496,243,18, 7
1497,243,18, 7
1498,243,18, 7
1499,243,18, 7
