0,250,25, 0
1,250,25, 0
2,250,25, 0
3,250,25, 0
4,250,25, 0
5,250,25, 0
6,250,25, 0
7,250,25, 0
8,250,25, 0
9,250,25, 0
10,250,25, 0
11,250,25, 0
12,250,25, 0
13,250,25, 0
14,250,25, 0
15,250,25, 0
16,250,25, 0
17,250,25, 0
18,250,25, 0
19,250,25, 0
20,250,25, 0
21,250,25, 0
22,250,25, 0
23,250,25, 0
24,250,25, 0
25,250,25, 0
26,250,25, 0
27,250,25, 0
28,250,25, 0
29,250,25, 0
30,250,25, 0
31,250,25, 0
32,250,25, 0
33,250,25, 0
34,250,25, 0
35,250,25, 0
36,250,25, 0
37,250,25, 0
38,250,25, 0
39,250,25, 0
40,250,25, 0
41,250,25, 0
42,250,25, 0
43,250,25, 0
44,250,25, 0
45,250,25, 0
46,250,25, 0
47,250,25, 0
48,250,25, 0
49,250,25, 0
50,250,25, 0
51,250,25, 0
52,250,25, 0
53,250,25, 0
54,250,25, 0
55,250,25, 0
56,250,25, 0
57,250,25, 0
58,250,25, 0
59,250,25, 0
60,250,25, 0
61,250,25, 0
62,250,25, 0
63,250,25, 0
64,250,25, 0
65,250,25, 0
66,250,25, 0
67,250,25, 0
68,250,25, 0
69,250,25, 0
70,250,25, 0
71,250,25, 0
72,250,25, 0
73,250,25, 0
74,250,25, 0
75,250,25, 0
76,250,25, 0
77,250,25, 0
78,250,25, 0
79,250,25, 0
80,250,25, 0
81,250,25, 0
82,250,25, 0
83,250,25, 0
84,250,25, 0
85,250,25, 0
86,250,25, 0
87,250,25, 0
88,250,25, 0
89,250,25, 0
90,250,25, 0
91,250,25, 0
92,250,25, 0
93,250,25, 0
94,250,25, 0
95,250,25, 0
96,249,24, 1
97,249,24, 1
98,249,24, 1
99,249,24, 1
100,249,24, 1
101,249,24, 1
102,249,24, 1
103,249,24, 1
104,249,24, 1
105,249,24, 1
106,249,24, 1
107,249,24, 1
108,249,24, 1
109,249,24, 1
110,249,24, 1
111,249,24, 1
112,249,24, 1
113,249,24, 1
114,249,24, 1
115,249,24, 1
116,249,24, 1
117,249,24, 1
118,249,24, 1
119,249,24, 1
120,249,24, 1
121,249,24, 1
122,249,24, 1
123,249,24, 1
124,249,24, 1
125,249,24, 1
126,249,24, 1
127,249,24, 1
128,249,24, 1
129,249,24, 1
130,249,24, 1
131,249,24, 1
132,249,24, 1
133,249,24, 1
134,249,24, 1
135,249,24, 1
136,249,24, 1
137,249,24, 1
138,249,24, 1
139,249,24, 1
140,249,24, 1
141,249,24, 1
142,249,24, 1
143,249,24, 1
144,249,24, 1
145,249,24, 1
146,249,24, 1
147,249,24, 1
148,249,24, 1
149,249,24, 1
150,249,24, 1
151,249,24, 1
152,249,24, 1
153,249,24, 1
154,249,24, 1
155,249,24, 1
156,249,24, 1
157,249,24, 1
158,249,24, 1
159,249,24, 1
160,249,24, 1
161,249,24, 1
162,249,24, 1
163,249,24, 1
164,249,24, 1
165,249,24, 1
166,249,24, 1
167,249,24, 1
168,249,24, 1
169,249,24, 1
170,249,24, 1
171,249,24, 1
172,249,24, 1
173,249,24, 1
174,249,24, 1
175,249,24, 1
176,249,24, 1
177,249,24, 1
178,249,24, 1
179,249,24, 1
180,249,24, 1
181,249,24, 1
182,249,24, 1
183,249,24, 1
184,249,24, 1
185,249,24, 1
186,249,24, 1
187,249,24, 1
188,249,24, 1
189,249,24, 1
190,249,24, 1
191,249,24, 1
192,249,24, 1
193,249,24, 1
194,249,24, 1
195,249,24, 1
196,249,24, 1
197,249,24, 1
198,249,24, 1
199,249,24, 1
200,249,24, 1
201,249,24, 1
202,249,24, 1
203,249,24, 1
204,249,24, 1
205,249,24, 1
206,249,24, 1
207,249,24, 1
208,249,24, 1
209,249,24, 1
210,249,24, 1
211,249,24, 1
212,249,24, 1
213,249,24, 1
214,249,24, 1
215,249,24, 1
216,249,24, 1
217,249,24, 1
218,249,24, 1
219,249,24, 1
220,249,24, 1
221,249,24, 1
222,249,24, 1
223,249,24, 1
224,249,24, 1
225,249,24, 1
226,249,24, 1
227,249,24, 1
228,249,24, 1
229,249,24, 1
230,249,24, 1
231,249,24, 1
232,249,24, 1
233,249,24, 1
234,249,24, 1
235,249,24, 1
236,249,24, 1
237,249,24, 1
238,249,24, 1
239,249,24, 1
240,249,24, 1
241,249,24, 1
242,249,24, 1
243,249,24, 1
244,249,24, 1
245,249,24, 1
246,249,24, 1
247,249,24, 1
248,249,24, 1
249,249,24, 1
250,249,24, 1
251,249,24, 1
252,249,24, 1
253,249,24, 1
254,249,24, 1
255,249,24, 1
256,249,24, 1
257,249,24, 1
258,249,24, 1
259,249,24, 1
260,249,24, 1
261,249,24, 1
262,249,24, 1
263,249,24, 1
264,249,24, 1
265,249,24, 1
266,249,24, 1
267,249,24, 1
268,249,24, 1
269,249,24, 1
270,249,24, 1
271,249,24, 1
272,249,24, 1
273,249,24, 1
274,249,24, 1
275,249,24, 1
276,249,24, 1
277,249,24, 1
278,249,24, 1
279,249,24, 1
280,249,24, 1
281,249,24, 1
282,249,24, 1
283,249,24, 1
284,249,24, 1
285,249,24, 1
286,249,24, 1
287,249,24, 1
288,249,24, 1
289,249,24, 1
290,249,24, 1
291,249,24, 1
292,249,24, 1
293,249,24, 1
294,249,24, 1
295,249,24, 1
296,249,24, 1
297,249,24, 1
298,249,24, 1
299,249,24, 1
300,249,24, 1
301,249,24, 1
302,249,24, 1
303,249,24, 1
304,249,24, 1
305,249,24, 1
306,249,24, 1
307,249,24, 1
308,249,24, 1
309,249,24, 1
310,249,24, 1
311,249,24, 1
312,249,24, 1
313,249,24, 1
314,249,24, 1
315,249,24, 1
316,249,24, 1
317,249,24, 1
318,249,24, 1
319,249,24, 1
320,249,24, 1
321,249,24, 1
322,249,24, 1
323,249,24, 1
324,249,24, 1
325,249,24, 1
326,249,24, 1
327,249,24, 1
328,249,24, 1
329,249,24, 1
330,249,24, 1
331,249,24, 1
332,249,24, 1
333,249,24, 1
334,249,24, 1
335,249,24, 1
336,249,24, 1
337,249,24, 1
338,249,24, 1
339,249,24, 1
340,249,24, 1
341,249,24, 1
342,249,24, 1
343,249,24, 1
344,249,24, 1
345,249,24, 1
346,249,24, 1
347,249,24, 1
348,249,24, 1
349,249,24, 1
350,249,24, 1
351,249,24, 1
352,249,24, 1
353,249,24, 1
354,249,24, 1
355,249,24, 1
356,249,24, 1
357,249,24, 1
358,249,24, 1
359,249,24, 1
360,249,24, 1
361,249,24, 1
362,249,24, 1
363,249,24, 1
364,249,24, 1
365,249,24, 1
366,249,24, 1
367,249,24, 1
368,249,24, 1
369,249,24, 1
370,249,24, 1
371,248,23, 2
372,248,23, 2
373,248,23, 2
374,248,23, 2
375,248,23, 2
376,248,23, 2
377,248,23, 2
378,248,23, 2
379,248,23, 2
380,248,23, 2
381,248,23, 2
382,248,23, 2
383,248,23, 2
384,248,23, 2
385,248,23, 2
386,248,23, 2
387,248,23, 2
388,248,23, 2
389,248,23, 2
390,248,23, 2
391,248,23, 2
392,248,23, 2
393,248,23, 2
394,248,23, 2
395,248,23, 2
396,248,23, 2
397,248,23, 2
398,248,23, 2
399,248,23, 2
400,248,23, 2
401,248,23, 2
402,248,23, 2
403,248,23, 2
404,248,23, 2
405,248,23, 2
406,248,23, 2
407,248,23, 2
408,248,23, 2
409,248,23, 2
410,248,23, 2
411,248,23, 2
412,248,23, 2
413,248,23, 2
414,248,23, 2
415,248,23, 2
416,248,23, 2
417,248,23, 2
418,248,23, 2
419,248,23, 2
420,248,23, 2
421,248,23, 2
422,248,23, 2
423,248,23, 2
424,248,23, 2
425,248,23, 2
426,248,23, 2
427,248,23, 2
428,248,23, 2
429,248,23, 2
430,248,23, 2
431,248,23, 2
432,248,23, 2
433,248,23, 2
434,248,23, 2
435,248,23, 2
436,248,23, 2
437,248,23, 2
438,248,23, 2
439,248,23, 2
440,248,23, 2
441,248,23, 2
442,248,23, 2
443,248,23, 2
444,248,23, 2
445,248,23, 2
446,248,23, 2
447,248,23, 2
448,248,23, 2
449,248,23, 2
450,248,23, 2
451,248,23, 2
452,248,23, 2
453,248,23, 2
454,248,23, 2
455,248,23, 2
456,248,23, 2
457,248,23, 2
458,248,23, 2
459,248,23, 2
460,248,23, 2
461,248,23, 2
462,248,23, 2
463,248,23, 2
464,248,23, 2
465,248,23, 2
466,248,23, 2
467,248,23, 2
468,248,23, 2
469,248,23, 2
470,248,23, 2
471,248,23, 2
472,248,23, 2
473,248,23, 2
474,248,23, 2
475,248,23, 2
476,248,23, 2
477,248,23, 2
478,248,23, 2
479,248,23, 2
480,248,23, 2
481,248,23, 2
482,248,23, 2
483,248,23, 2
484,248,23, 2
485,248,23, 2
486,248,23, 2
487,248,23, 2
488,248,23, 2
489,248,23, 2
490,248,23, 2
491,248,23, 2
492,248,23, 2
493,248,23, 2
494,248,23, 2
495,248,23, 2
496,248,23, 2
497,248,23, 2
498,248,23, 2
499,248,23, 2
500,248,23, 2
501,248,23, 2
502,248,23, 2
503,248,23, 2
504,248,23, 2
505,248,23, 2
506,248,23, 2
507,248,23, 2
508,248,23, 2
509,248,23, 2
510,248,23, 2
511,248,23, 2
512,248,23, 2
513,248,23, 2
514,248,23, 2
515,248,23, 2
516,248,23, 2
517,248,23, 2
518,248,23, 2
519,248,23, 2
520,248,23, 2
521,248,23, 2
522,248,23, 2
523,248,23, 2
524,248,23, 2
525,248,23, 2
526,248,23, 2
527,248,23, 2
528,248,23, 2
529,248,23, 2
530,248,23, 2
531,248,23, 2
532,248,23, 2
533,248,23, 2
534,248,23, 2
535,248,23, 2
536,248,23, 2
537,248,23, 2
538,248,23, 2
539,248,23, 2
540,248,23, 2
541,248,23, 2
542,248,23, 2
543,248,23, 2
544,248,23, 2
545,248,23, 2
546,248,23, 2
547,248,23, 2
548,248,23, 2
549,248,23, 2
550,248,23, 2
551,248,23, 2
552,248,23, 2
553,248,23, 2
554,248,23, 2
555,248,23, 2
556,248,23, 2
557,248,23, 2
558,248,23, 2
559,248,23, 2
560,248,23, 2
561,248,23, 2
562,248,23, 2
563,248,23, 2
564,248,23, 2
565,248,23, 2
566,248,23, 2
567,248,23, 2
568,248,23, 2
569,248,23, 2
570,248,23, 2
571,248,23, 2
572,248,23, 2
573,248,23, 2
574,248,23, 2
575,248,23, 2
576,248,23, 2
577,248,23, 2
578,248,23, 2
579,248,23, 2
580,248,23, 2
581,248,23, 2
582,248,23, 2
583,248,23, 2
584,248,23, 2
585,248,23, 2
586,248,23, 2
587,248,23, 2
588,248,23, 2
589,248,23, 2
590,248,23, 2
591,248,23, 2
592,248,23, 2
593,248,23, 2
594,248,23, 2
595,248,23, 2
596,248,23, 2
597,248,23, 2
598,248,23, 2
599,248,23, 2
600,248,23, 2
601,248,23, 2
602,248,23, 2
603,247,22, 3
604,247,22, 3
605,247,22, 3
606,247,22, 3
607,247,22, 3
608,247,22, 3
609,247,22, 3
610,247,22, 3
611,247,22, 3
612,247,22, 3
613,247,22, 3
614,247,22, 3
615,247,22, 3
616,247,22, 3
617,247,22, 3
618,247,22, 3
619,247,22, 3
620,247,22, 3
621,247,22, 3
622,247,22, 3
623,247,22, 3
624,247,22, 3
625,247,22, 3
626,247,22, 3
627,247,22, 3
628,247,22, 3
629,246,21, 4
630,246,21, 4
631,246,21, 4
632,246,21, 4
633,246,21, 4
634,246,21, 4
635,246,21, 4
636,246,21, 4
637,246,21, 4
638,246,21, 4
639,246,21, 4
640,246,21, 4
641,246,21, 4
642,246,21, 4
643,246,21, 4
644,246,21, 4
645,246,21, 4
646,246,21, 4
647,246,21, 4
648,246,21, 4
649,246,21, 4
650,246,21, 4
651,246,21, 4
652,246,21, 4
653,246,21, 4
654,246,21, 4
655,246,21, 4
656,246,21, 4
657,246,21, 4
658,246,21, 4
659,246,21, 4
660,246,21, 4
661,246,21, 4
662,246,21, 4
663,246,21, 4
664,246,21, 4
665,246,21, 4
666,246,21, 4
667,246,21, 4
668,246,21, 4
669,246,21, 4
670,246,21, 4
671,246,21, 4
672,246,21, 4
673,246,21, 4
674,246,21, 4
675,246,21, 4
676,246,21, 4
677,246,21, 4
678,246,21, 4
679,246,21, 4
680,246,21, 4
681,246,21, 4
682,246,21, 4
683,246,21, 4
684,246,21, 4
685,246,21, 4
686,246,21, 4
687,246,21, 4
688,246,21, 4
689,246,21, 4
690,246,21, 4
691,246,21, 4
692,246,21, 4
693,246,21, 4
694,246,21, 4
695,246,21, 4
696,246,21, 4
697,246,21, 4
698,246,21, 4
699,246,21, 4
700,246,21, 4
701,246,21, 4
702,246,21, 4
703,246,21, 4
704,246,21, 4
705,246,21, 4
706,246,21, 4
707,246,21, 4
708,246,21, 4
709,246,21, 4
710,246,21, 4
711,246,21, 4
712,246,21, 4
713,246,21, 4
714,246,21, 4
715,246,21, 4
716,246,21, 4
717,246,21, 4
718,246,21, 4
719,246,21, 4
720,246,21, 4
721,246,21, 4
722,246,21, 4
723,246,21, 4
724,246,21, 4
725,246,21, 4
726,246,21, 4
727,246,21, 4
728,246,21, 4
729,246,21, 4
730,246,21, 4
731,246,21, 4
732,246,21, 4
733,246,21, 4
734,246,21, 4
735,246,21, 4
736,246,21, 4
737,246,21, 4
738,246,21, 4
739,246,21, 4
740,246,21, 4
741,246,21, 4
742,246,21, 4
743,246,21, 4
744,246,21, 4
745,246,21, 4
746,246,21, 4
747,246,21, 4
748,246,21, 4
749,246,21, 4
750,246,21, 4
751,246,21, 4
752,246,21, 4
753,246,21, 4
754,246,21, 4
755,246,21, 4
756,246,21, 4
757,246,21, 4
758,246,21, 4
759,246,21, 4
760,246,21, 4
761,246,21, 4
762,246,21, 4
763,246,21, 4
764,246,21, 4
765,246,21, 4
766,246,21, 4
767,246,21, 4
768,246,21, 4
769,246,21, 4
770,246,21, 4
771,246,21, 4
772,246,21, 4
773,246,21, 4
774,246,21, 4
775,246,21, 4
776,246,21, 4
777,246,21, 4
778,246,21, 4
779,246,21, 4
780,246,21, 4
781,246,21, 4
782,246,21, 4
783,246,21, 4
784,246,21, 4
785,246,21, 4
786,246,21, 4
787,246,21, 4
788,246,21, 4
789,246,21, 4
790,246,21, 4
791,246,21, 4
792,246,21, 4
793,246,21, 4
794,246,21, 4
795,246,21, 4
796,246,21, 4
797,246,21, 4
798,246,21, 4
799,246,21, 4
800,246,21, 4
801,246,21, 4
802,246,21, 4
803,246,21, 4
804,246,21, 4
805,246,21, 4
806,246,21, 4
807,246,21, 4
808,246,21, 4
809,246,21, 4
810,246,21, 4
811,246,21, 4
812,246,21, 4
813,246,21, 4
814,246,21, 4
815,246,21, 4
816,246,21, 4
817,246,21, 4
818,246,21, 4
819,246,21, 4
820,246,21, 4
821,246,21, 4
822,246,21, 4
823,246,21, 4
824,246,21, 4
825,246,21, 4
826,246,21, 4
827,246,21, 4
828,246,21, 4
829,246,21, 4
830,246,21, 4
831,246,21, 4
832,246,21, 4
833,246,21, 4
834,246,21, 4
835,246,21, 4
836,246,21, 4
837,246,21, 4
838,246,21, 4
839,246,21, 4
840,246,21, 4
841,246,21, 4
842,246,21, 4
843,246,21, 4
844,246,21, 4
845,246,21, 4
846,246,21, 4
847,246,21, 4
848,246,21, 4
849,246,21, 4
850,246,21, 4
851,246,21, 4
852,246,21, 4
853,246,21, 4
854,246,21, 4
855,246,21, 4
856,246,21, 4
857,246,21, 4
858,246,21, 4
859,246,21, 4
860,246,21, 4
861,246,21, 4
862,246,21, 4
863,246,21, 4
864,246,21, 4
865,246,21, 4
866,246,21, 4
867,246,21, 4
868,246,21, 4
869,246,21, 4
870,246,21, 4
871,246,21, 4
872,246,21, 4
873,246,21, 4
874,246,21, 4
875,246,21, 4
876,246,21, 4
877,246,21, 4
878,246,21, 4
879,246,21, 4
880,246,21, 4
881,246,21, 4
882,246,21, 4
883,246,21, 4
884,246,21, 4
885,246,21, 4
886,246,21, 4
887,246,21, 4
888,246,21, 4
889,246,21, 4
890,246,21, 4
891,246,21, 4
892,246,21, 4
893,246,21, 4
894,246,21, 4
895,246,21, 4
896,246,21, 4
897,246,21, 4
898,246,21, 4
899,246,21, 4
900,246,21, 4
901,246,21, 4
902,246,21, 4
903,246,21, 4
904,246,21, 4
905,246,21, 4
906,246,21, 4
907,246,21, 4
908,246,21, 4
909,246,21, 4
910,246,21, 4
911,246,21, 4
912,246,21, 4
913,246,21, 4
914,246,21, 4
915,246,21, 4
916,246,21, 4
917,246,21, 4
918,246,21, 4
919,246,21, 4
920,246,21, 4
921,246,21, 4
922,246,21, 4
923,246,21, 4
924,246,21, 4
925,246,21, 4
926,246,21, 4
927,246,21, 4
928,246,21, 4
929,246,21, 4
930,246,21, 4
931,246,21, 4
932,246,21, 4
933,246,21, 4
934,246,21, 4
935,246,21, 4
936,246,21, 4
937,246,21, 4
938,246,21, 4
939,246,21, 4
940,246,21, 4
941,246,21, 4
942,246,21, 4
943,246,21, 4
944,246,21, 4
945,246,21, 4
946,246,21, 4
947,246,21, 4
948,246,21, 4
949,246,21, 4
950,246,21, 4
951,246,21, 4
952,246,21, 4
953,246,21, 4
954,246,21, 4
955,246,21, 4
956,246,21, 4
957,246,21, 4
958,246,21, 4
959,246,21, 4
960,246,21, 4
961,246,21, 4
962,246,21, 4
963,246,21, 4
964,246,21, 4
965,246,21, 4
966,246,21, 4
967,246,21, 4
968,246,21, 4
969,246,21, 4
970,246,21, 4
971,246,21, 4
972,246,21, 4
973,246,21, 4
974,246,21, 4
975,246,21, 4
976,246,21, 4
977,246,21, 4
978,246,21, 4
979,246,21, 4
980,246,21, 4
981,246,21, 4
982,246,21, 4
983,246,21, 4
984,246,21, 4
985,246,21, 4
986,246,21, 4
987,246,21, 4
988,246,21, 4
989,246,21, 4
990,246,21, 4
991,246,21, 4
992,246,21, 4
993,246,21, 4
994,246,21, 4
995,246,21, 4
996,246,21, 4
997,246,21, 4
998,246,21, 4
999,246,21, 4
1000,246,21, 4
1001,246,21, 4
1002,246,21, 4
1003,246,21, 4
1004,246,21, 4
1005,246,21, 4
1006,246,21, 4
1007,246,21, 4
1008,246,21, 4
1009,246,21, 4
1010,246,21, 4
1011,246,21, 4
1012,246,21, 4
1013,246,21, 4
1014,246,21, 4
1015,246,21, 4
1016,246,21, 4
1017,246,21, 4
1018,246,21, 4
1019,246,21, 4
1020,246,21, 4
1021,246,21, 4
1022,246,21, 4
1023,246,21, 4
1024,245,20, 5
1025,245,20, 5
1026,245,20, 5
1027,245,20, 5
1028,245,20, 5
1029,245,20, 5
1030,245,20, 5
1031,245,20, 5
1032,245,20, 5
1033,245,20, 5
1034,245,20, 5
1035,245,20, 5
1036,245,20, 5
1037,245,20, 5
1038,245,20, 5
1039,245,20, 5
1040,245,20, 5
1041,245,20, 5
1042,245,20, 5
1043,245,20, 5
1044,245,20, 5
1045,245,20, 5
1046,245,20, 5
1047,245,20, 5
1048,245,20, 5
1049,245,20, 5
1050,245,20, 5
1051,245,20, 5
1052,245,20, 5
1053,245,20, 5
1054,245,20, 5
1055,245,20, 5
1056,245,20, 5
1057,245,20, 5
1058,245,20, 5
1059,245,20, 5
1060,245,20, 5
1061,245,20, 5
1062,245,20, 5
1063,245,20, 5
1064,245,20, 5
1065,245,20, 5
1066,245,20, 5
1067,245,20, 5
1068,245,20, 5
1069,245,20, 5
1070,245,20, 5
1071,245,20, 5
1072,245,20, 5
1073,245,20, 5
1074,245,20, 5
1075,245,20, 5
1076,245,20, 5
1077,245,20, 5
1078,245,20, 5
1079,245,20, 5
1080,245,20, 5
1081,245,20, 5
1082,245,20, 5
1083,245,20, 5
1084,245,20, 5
1085,245,20, 5
1086,245,20, 5
1087,245,20, 5
1088,245,20, 5
1089,245,20, 5
1090,245,20, 5
1091,245,20, 5
1092,245,20, 5
1093,245,20, 5
1094,245,20, 5
1095,245,20, 5
1096,245,20, 5
1097,245,20, 5
1098,245,20, 5
1099,245,20, 5
1100,245,20, 5
1101,245,20, 5
1102,245,20, 5
1103,245,20, 5
1104,245,20, 5
1105,245,20, 5
1106,245,20, 5
1107,245,20, 5
1108,245,20, 5
1109,245,20, 5
1110,245,20, 5
1111,245,20, 5
1112,245,20, 5
1113,245,20, 5
1114,245,20, 5
1115,245,20, 5
1116,245,20, 5
1117,245,20, 5
1118,245,20, 5
1119,245,20, 5
1120,245,20, 5
1121,245,20, 5
1122,245,20, 5
1123,245,20, 5
1124,245,20, 5
1125,245,20, 5
1126,245,20, 5
1127,245,20, 5
1128,245,20, 5
1129,245,20, 5
1130,245,20, 5
1131,245,20, 5
1132,245,20, 5
1133,245,20, 5
1134,245,20, 5
1135,245,20, 5
1136,245,20, 5
1137,245,20, 5
1138,245,20, 5
1139,245,20, 5
1140,245,20, 5
1141,245,20, 5
1142,245,20, 5
1143,245,20, 5
1144,245,20, 5
1145,245,20, 5
1146,245,20, 5
1147,245,20, 5
1148,245,20, 5
1149,245,20, 5
1150,245,20, 5
1151,245,20, 5
1152,245,20, 5
1153,245,20, 5
1154,245,20, 5
1155,245,20, 5
1156,245,20, 5
1157,245,20, 5
1158,245,20, 5
1159,245,20, 5
1160,245,20, 5
1161,245,20, 5
1162,245,20, 5
1163,245,20, 5
1164,245,20, 5
1165,245,20, 5
1166,245,20, 5
1167,245,20, 5
1168,245,20, 5
1169,245,20, 5
1170,245,20, 5
1171,245,20, 5
1172,245,20, 5
1173,245,20, 5
1174,245,20, 5
1175,245,20, 5
1176,245,20, 5
1177,245,20, 5
1178,245,20, 5
1179,245,20, 5
1180,245,20, 5
1181,245,20, 5
1182,245,20, 5
1183,245,20, 5
1184,245,20, 5
1185,245,20, 5
1186,245,20, 5
1187,245,20, 5
1188,245,20, 5
1189,245,20, 5
1190,245,20, 5
1191,245,20, 5
1192,245,20, 5
1193,245,20, 5
1194,245,20, 5
1195,245,20, 5
1196,245,20, 5
1197,245,20, 5
1198,245,20, 5
1199,245,20, 5
1200,245,20, 5
1201,245,20, 5
1202,245,20, 5
1203,245,20, 5
1204,245,20, 5
1205,245,20, 5
1206,245,20, 5
1207,245,20, 5
1208,245,20, 5
1209,245,20, 5
1210,245,20, 5
1211,245,20, 5
1212,245,20, 5
1213,245,20, 5
1214,245,20, 5
1215,245,20, 5
1216,245,20, 5
1217,245,20, 5
1218,245,20, 5
1219,245,20, 5
1220,245,20, 5
1221,245,20, 5
1222,245,20, 5
1223,245,20, 5
1224,245,20, 5
1225,245,20, 5
1226,245,20, 5
1227,245,20, 5
1228,245,20, 5
1229,245,20, 5
1230,245,20, 5
1231,245,20, 5
1232,245,20, 5
1233,245,20, 5
1234,245,20, 5
1235,245,20, 5
1236,245,20, 5
1237,245,20, 5
1238,245,20, 5
1239,245,20, 5
1240,245,20, 5
1241,245,20, 5
1242,245,20, 5
1243,245,20, 5
1244,245,20, 5
1245,245,20, 5
1246,245,20, 5
1247,245,20, 5
1248,245,20, 5
1249,245,20, 5
1250,245,20, 5
1251,245,20, 5
1252,245,20, 5
1253,245,20, 5
1254,245,20, 5
1255,245,20, 5
1256,245,20, 5
1257,245,20, 5
1258,245,20, 5
1259,245,20, 5
1260,245,20, 5
1261,245,20, 5
1262,245,20, 5
1263,245,20, 5
1264,245,20, 5
1265,245,20, 5
1266,245,20, 5
1267,245,20, 5
1268,245,20, 5
1269,245,20, 5
1270,245,20, 5
1271,245,20, 5
1272,245,20, 5
1273,245,20, 5
1274,245,20, 5
1275,245,20, 5
1276,245,20, 5
1277,245,20, 5
1278,245,20, 5
1279,245,20, 5
1280,245,20, 5
1281,245,20, 5
1282,245,20, 5
1283,245,20, 5
1284,245,20, 5
1285,245,20, 5
1286,245,20, 5
1287,245,20, 5
1288,245,20, 5
1289,245,20, 5
1290,245,20, 5
1291,245,20, 5
1292,245,20, 5
1293,245,20, 5
1294,245,20, 5
1295,245,20, 5
1296,245,20, 5
1297,245,20, 5
1298,245,20, 5
1299,245,20, 5
1300,245,20, 5
1301,245,20, 5
1302,245,20, 5
1303,245,20, 5
1304,245,20, 5
1305,245,20, 5
1306,245,20, 5
1307,245,20, 5
1308,245,20, 5
1309,245,20, 5
1310,245,20, 5
1311,245,20, 5
1312,245,20, 5
1313,245,20, 5
1314,245,20, 5
1315,245,20, 5
1316,245,20, 5
1317,245,20, 5
1318,245,20, 5
1319,245,20, 5
1320,245,20, 5
1321,245,20, 5
1322,245,20, 5
1323,245,20, 5
1324,245,20, 5
1325,245,20, 5
1326,245,20, 5
1327,245,20, 5
1328,245,20, 5
1329,245,20, 5
1330,245,20, 5
1331,245,20, 5
1332,245,20, 5
1333,245,20, 5
1334,245,20, 5
1335,245,20, 5
1336,245,20, 5
1337,245,20, 5
1338,245,20, 5
1339,245,20, 5
1340,245,20, 5
1341,245,20, 5
1342,245,20, 5
1343,245,20, 5
1344,245,20, 5
1345,245,20, 5
1346,245,20, 5
1347,245,20, 5
1348,245,20, 5
1349,245,20, 5
1350,245,20, 5
1351,245,20, 5
1352,245,20, 5
1353,245,20, 5
1354,245,20, 5
1355,245,20, 5
1356,245,20, 5
1357,245,20, 5
1358,245,20, 5
1359,245,20, 5
1360,245,20, 5
1361,245,20, 5
1362,245,20, 5
1363,245,20, 5
1364,245,20, 5
1365,245,20, 5
1366,245,20, 5
1367,245,20, 5
1368,245,20, 5
1369,245,20, 5
1370,245,20, 5
1371,245,20, 5
1372,245,20, 5
1373,245,20, 5
1374,245,20, 5
1375,245,20, 5
1376,245,20, 5
1377,245,20, 5
1378,245,20, 5
1379,245,20, 5
1380,245,20, 5
1381,245,20, 5
1382,245,20, 5
1383,245,20, 5
1384,245,20, 5
1385,245,20, 5
1386,245,20, 5
1387,245,20, 5
1388,245,20, 5
1389,245,20, 5
1390,245,20, 5
1391,245,20, 5
1392,245,20, 5
1393,245,20, 5
1394,245,20, 5
1395,245,20, 5
1396,245,20, 5
1397,245,20, 5
1398,245,20, 5
1399,245,20, 5
1400,245,20, 5
1401,245,20, 5
1402,245,20, 5
1403,245,20, 5
1404,245,20, 5
1405,245,20, 5
1406,245,20, 5
1407,245,20, 5
1408,245,20, 5
1409,245,20, 5
1410,245,20, 5
1411,245,20, 5
1412,245,20, 5
1413,245,20, 5
1414,245,20, 5
1415,245,20, 5
1416,245,20, 5
1417,245,20, 5
1418,245,20, 5
1419,245,20, 5
1420,245,20, 5
1421,245,20, 5
1422,245,20, 5
1423,245,20, 5
1424,245,20, 5
1425,245,20, 5
1426,245,20, 5
1427,245,20, 5
1428,245,20, 5
1429,245,20, 5
1430,245,20, 5
1431,245,20, 5
1432,245,20, 5
1433,245,20, 5
1434,245,20, 5
1435,245,20, 5
1436,245,20, 5
1437,245,20, 5
1438,245,20, 5
1439,245,20, 5
1440,245,20, 5
1441,245,20, 5
1442,245,20, 5
1443,245,20, 5
1444,245,20, 5
1445,245,20, 5
1446,245,20, 5
1447,245,20, 5
1448,245,20, 5
1449,245,20, 5
1450,245,20, 5
1451,245,20, 5
1452,245,20, 5
1453,245,20, 5
1454,245,20, 5
1455,245,20, 5
1456,245,20, 5
1457,245,20, 5
1458,245,20, 5
1459,245,20, 5
1460,245,20, 5
1461,245,20, 5
1462,245,20, 5
1463,245,20, 5
1464,245,20, 5
1465,245,20, 5
1466,245,20, 5
1467,245,20, 5
1468,245,20, 5
1469,245,20, 5
1470,245,20, 5
1471,245,20, 5
1472,245,20, 5
1473,245,20, 5
1474,245,20, 5
1475,245,20, 5
1476,245,20, 5
1477,245,20, 5
1478,245,20, 5
1479,245,20, 5
1480,245,20, 5
1481,245,20, 5
1482,245,20, 5
1483,245,20, 5
1484,245,20, 5
1485,245,20, 5
1486,245,20, 5
1487,245,20, 5
1488,245,20, 5
1489,245,20, 5
1490,245,20, 5
1491,245,20, 5
1492,245,20, 5
1493,245,20, 5
1494,245,20, 5
1495,245,20, 5
1496,245,20, 5
1497,245,20, 5
1498,245,20, 5
1499,245,20, 5
