0,250,25, 0
1,250,25, 0
2,250,25, 0
3,250,25, 0
4,250,25, 0
5,250,25, 0
6,250,25, 0
7,250,25, 0
8,250,25, 0
9,250,25, 0
10,250,25, 0
11,250,25, 0
12,250,25, 0
13,250,25, 0
14,250,25, 0
15,250,25, 0
16,250,25, 0
17,250,25, 0
18,250,25, 0
19,250,25, 0
20,250,25, 0
21,250,25, 0
22,250,25, 0
23,250,25, 0
24,250,25, 0
25,250,25, 0
26,250,25, 0
27,250,25, 0
28,250,25, 0
29,250,25, 0
30,250,25, 0
31,250,25, 0
32,250,25, 0
33,250,25, 0
34,250,25, 0
35,250,25, 0
36,250,25, 0
37,250,25, 0
38,250,25, 0
39,250,25, 0
40,250,25, 0
41,249,24, 1
42,249,24, 1
43,249,24, 1
44,249,24, 1
45,249,24, 1
46,249,24, 1
47,249,24, 1
48,249,24, 1
49,249,24, 1
50,249,24, 1
51,249,24, 1
52,249,24, 1
53,249,24, 1
54,249,24, 1
55,249,24, 1
56,249,24, 1
57,249,24, 1
58,249,24, 1
59,249,24, 1
60,249,24, 1
61,249,24, 1
62,249,24, 1
63,249,24, 1
64,249,24, 1
65,249,24, 1
66,249,24, 1
67,249,24, 1
68,249,24, 1
69,249,24, 1
70,249,24, 1
71,249,24, 1
72,249,24, 1
73,249,24, 1
74,249,24, 1
75,249,24, 1
76,249,24, 1
77,249,24, 1
78,249,24, 1
79,249,24, 1
80,249,24, 1
81,249,24, 1
82,249,24, 1
83,249,24, 1
84,249,24, 1
85,249,24, 1
86,249,24, 1
87,249,24, 1
88,249,24, 1
89,249,24, 1
90,249,24, 1
91,249,24, 1
92,249,24, 1
93,249,24, 1
94,249,24, 1
95,249,24, 1
96,249,24, 1
97,249,24, 1
98,249,24, 1
99,249,24, 1
100,249,24, 1
101,248,23, 2
102,248,23, 2
103,248,23, 2
104,248,23, 2
105,248,23, 2
106,248,23, 2
107,248,23, 2
108,248,23, 2
109,248,23, 2
110,248,23, 2
111,248,23, 2
112,248,23, 2
113,248,23, 2
114,248,23, 2
115,248,23, 2
116,248,23, 2
117,248,23, 2
118,248,23, 2
119,248,23, 2
120,248,23, 2
121,248,23, 2
122,248,23, 2
123,248,23, 2
124,248,23, 2
125,248,23, 2
126,248,23, 2
127,248,23, 2
128,247,22, 3
129,247,22, 3
130,247,22, 3
131,247,22, 3
132,247,22, 3
133,247,22, 3
134,247,22, 3
135,247,22, 3
136,247,22, 3
137,247,22, 3
138,247,22, 3
139,247,22, 3
140,247,22, 3
141,247,22, 3
142,247,22, 3
143,247,22, 3
144,247,22, 3
145,247,22, 3
146,247,22, 3
147,247,22, 3
148,247,22, 3
149,247,22, 3
150,247,22, 3
151,247,22, 3
152,247,22, 3
153,247,22, 3
154,247,22, 3
155,247,22, 3
156,247,22, 3
157,247,22, 3
158,247,22, 3
159,247,22, 3
160,247,22, 3
161,247,22, 3
162,247,22, 3
163,247,22, 3
164,247,22, 3
165,247,22, 3
166,247,22, 3
167,247,22, 3
168,247,22, 3
169,247,22, 3
170,247,22, 3
171,247,22, 3
172,247,22, 3
173,247,22, 3
174,247,22, 3
175,247,22, 3
176,247,22, 3
177,247,22, 3
178,247,22, 3
179,247,22, 3
180,247,22, 3
181,247,22, 3
182,247,22, 3
183,247,22, 3
184,247,22, 3
185,247,22, 3
186,247,22, 3
187,247,22, 3
188,247,22, 3
189,247,22, 3
190,247,22, 3
191,247,22, 3
192,247,22, 3
193,247,22, 3
194,247,22, 3
195,247,22, 3
196,247,22, 3
197,247,22, 3
198,247,22, 3
199,247,22, 3
200,247,22, 3
201,247,22, 3
202,247,22, 3
203,247,22, 3
204,247,22, 3
205,247,22, 3
206,247,22, 3
207,247,22, 3
208,247,22, 3
209,247,22, 3
210,247,22, 3
211,247,22, 3
212,247,22, 3
213,247,22, 3
214,247,22, 3
215,247,22, 3
216,247,22, 3
217,247,22, 3
218,247,22, 3
219,247,22, 3
220,247,22, 3
221,247,22, 3
222,247,22, 3
223,247,22, 3
224,247,22, 3
225,247,22, 3
226,247,22, 3
227,247,22, 3
228,247,22, 3
229,247,22, 3
230,247,22, 3
231,247,22, 3
232,247,22, 3
233,247,22, 3
234,247,22, 3
235,247,22, 3
236,247,22, 3
237,247,22, 3
238,247,22, 3
239,247,22, 3
240,247,22, 3
241,247,22, 3
242,247,22, 3
243,247,22, 3
244,247,22, 3
245,247,22, 3
246,247,22, 3
247,247,22, 3
248,247,22, 3
249,247,22, 3
250,247,22, 3
251,247,22, 3
252,247,22, 3
253,247,22, 3
254,247,22, 3
255,247,22, 3
256,247,22, 3
257,247,22, 3
258,247,22, 3
259,247,22, 3
260,247,22, 3
261,247,22, 3
262,247,22, 3
263,247,22, 3
264,247,22, 3
265,247,22, 3
266,247,22, 3
267,247,22, 3
268,247,22, 3
269,247,22, 3
270,247,22, 3
271,247,22, 3
272,247,22, 3
273,247,22, 3
274,247,22, 3
275,247,22, 3
276,247,22, 3
277,247,22, 3
278,247,22, 3
279,247,22, 3
280,247,22, 3
281,247,22, 3
282,247,22, 3
283,247,22, 3
284,247,22, 3
285,247,22, 3
286,247,22, 3
287,247,22, 3
288,247,22, 3
289,247,22, 3
290,247,22, 3
291,247,22, 3
292,247,22, 3
293,247,22, 3
294,247,22, 3
295,247,22, 3
296,247,22, 3
297,247,22, 3
298,247,22, 3
299,247,22, 3
300,247,22, 3
301,247,22, 3
302,247,22, 3
303,247,22, 3
304,247,22, 3
305,247,22, 3
306,247,22, 3
307,247,22, 3
308,247,22, 3
309,247,22, 3
310,247,22, 3
311,247,22, 3
312,247,22, 3
313,247,22, 3
314,247,22, 3
315,247,22, 3
316,247,22, 3
317,247,22, 3
318,247,22, 3
319,247,22, 3
320,247,22, 3
321,247,22, 3
322,247,22, 3
323,247,22, 3
324,247,22, 3
325,247,22, 3
326,247,22, 3
327,247,22, 3
328,247,22, 3
329,247,22, 3
330,247,22, 3
331,247,22, 3
332,247,22, 3
333,247,22, 3
334,247,22, 3
335,247,22, 3
336,247,22, 3
337,247,22, 3
338,247,22, 3
339,247,22, 3
340,247,22, 3
341,247,22, 3
342,247,22, 3
343,247,22, 3
344,247,22, 3
345,247,22, 3
346,247,22, 3
347,247,22, 3
348,247,22, 3
349,247,22, 3
350,247,22, 3
351,247,22, 3
352,247,22, 3
353,247,22, 3
354,247,22, 3
355,247,22, 3
356,247,22, 3
357,247,22, 3
358,247,22, 3
359,247,22, 3
360,247,22, 3
361,247,22, 3
362,247,22, 3
363,247,22, 3
364,247,22, 3
365,247,22, 3
366,247,22, 3
367,247,22, 3
368,246,21, 4
369,246,21, 4
370,246,21, 4
371,246,21, 4
372,246,21, 4
373,246,21, 4
374,246,21, 4
375,246,21, 4
376,246,21, 4
377,246,21, 4
378,246,21, 4
379,246,21, 4
380,246,21, 4
381,246,21, 4
382,246,21, 4
383,246,21, 4
384,246,21, 4
385,246,21, 4
386,246,21, 4
387,246,21, 4
388,246,21, 4
389,246,21, 4
390,246,21, 4
391,246,21, 4
392,246,21, 4
393,246,21, 4
394,246,21, 4
395,246,21, 4
396,246,21, 4
397,246,21, 4
398,246,21, 4
399,246,21, 4
400,246,21, 4
401,246,21, 4
402,246,21, 4
403,246,21, 4
404,246,21, 4
405,246,21, 4
406,246,21, 4
407,246,21, 4
408,246,21, 4
409,246,21, 4
410,246,21, 4
411,246,21, 4
412,246,21, 4
413,246,21, 4
414,246,21, 4
415,246,21, 4
416,246,21, 4
417,246,21, 4
418,246,21, 4
419,246,21, 4
420,246,21, 4
421,246,21, 4
422,246,21, 4
423,246,21, 4
424,246,21, 4
425,246,21, 4
426,246,21, 4
427,246,21, 4
428,246,21, 4
429,246,21, 4
430,246,21, 4
431,246,21, 4
432,246,21, 4
433,246,21, 4
434,246,21, 4
435,246,21, 4
436,246,21, 4
437,246,21, 4
438,246,21, 4
439,246,21, 4
440,246,21, 4
441,246,21, 4
442,246,21, 4
443,246,21, 4
444,246,21, 4
445,246,21, 4
446,246,21, 4
447,246,21, 4
448,246,21, 4
449,246,21, 4
450,246,21, 4
451,246,21, 4
452,246,21, 4
453,246,21, 4
454,246,21, 4
455,246,21, 4
456,246,21, 4
457,246,21, 4
458,246,21, 4
459,246,21, 4
460,246,21, 4
461,246,21, 4
462,246,21, 4
463,246,21, 4
464,246,21, 4
465,246,21, 4
466,246,21, 4
467,246,21, 4
468,246,21, 4
469,246,21, 4
470,246,21, 4
471,246,21, 4
472,246,21, 4
473,246,21, 4
474,246,21, 4
475,246,21, 4
476,246,21, 4
477,246,21, 4
478,246,21, 4
479,246,21, 4
480,246,21, 4
481,246,21, 4
482,246,21, 4
483,246,21, 4
484,246,21, 4
485,246,21, 4
486,246,21, 4
487,246,21, 4
488,246,21, 4
489,246,21, 4
490,246,21, 4
491,246,21, 4
492,246,21, 4
493,246,21, 4
494,246,21, 4
495,246,21, 4
496,246,21, 4
497,246,21, 4
498,246,21, 4
499,246,21, 4
500,246,21, 4
501,246,21, 4
502,246,21, 4
503,246,21, 4
504,246,21, 4
505,246,21, 4
506,246,21, 4
507,246,21, 4
508,246,21, 4
509,246,21, 4
510,246,21, 4
511,246,21, 4
512,246,21, 4
513,246,21, 4
514,246,21, 4
515,246,21, 4
516,246,21, 4
517,246,21, 4
518,246,21, 4
519,246,21, 4
520,246,21, 4
521,246,21, 4
522,246,21, 4
523,246,21, 4
524,246,21, 4
525,246,21, 4
526,246,21, 4
527,246,21, 4
528,246,21, 4
529,246,21, 4
530,246,21, 4
531,246,21, 4
532,246,21, 4
533,246,21, 4
534,246,21, 4
535,246,21, 4
536,246,21, 4
537,246,21, 4
538,246,21, 4
539,246,21, 4
540,246,21, 4
541,246,21, 4
542,246,21, 4
543,246,21, 4
544,246,21, 4
545,246,21, 4
546,246,21, 4
547,246,21, 4
548,246,21, 4
549,246,21, 4
550,246,21, 4
551,246,21, 4
552,246,21, 4
553,246,21, 4
554,246,21, 4
555,246,21, 4
556,246,21, 4
557,246,21, 4
558,246,21, 4
559,246,21, 4
560,246,21, 4
561,246,21, 4
562,246,21, 4
563,246,21, 4
564,246,21, 4
565,246,21, 4
566,246,21, 4
567,246,21, 4
568,246,21, 4
569,246,21, 4
570,246,21, 4
571,246,21, 4
572,246,21, 4
573,246,21, 4
574,246,21, 4
575,246,21, 4
576,246,21, 4
577,246,21, 4
578,246,21, 4
579,246,21, 4
580,246,21, 4
581,246,21, 4
582,246,21, 4
583,246,21, 4
584,246,21, 4
585,245,20, 5
586,245,20, 5
587,245,20, 5
588,245,20, 5
589,245,20, 5
590,245,20, 5
591,245,20, 5
592,245,20, 5
593,245,20, 5
594,245,20, 5
595,245,20, 5
596,245,20, 5
597,245,20, 5
598,245,20, 5
599,245,20, 5
600,245,20, 5
601,245,20, 5
602,245,20, 5
603,245,20, 5
604,245,20, 5
605,245,20, 5
606,245,20, 5
607,245,20, 5
608,245,20, 5
609,245,20, 5
610,245,20, 5
611,245,20, 5
612,245,20, 5
613,245,20, 5
614,245,20, 5
615,245,20, 5
616,245,20, 5
617,245,20, 5
618,245,20, 5
619,245,20, 5
620,245,20, 5
621,245,20, 5
622,245,20, 5
623,245,20, 5
624,245,20, 5
625,245,20, 5
626,245,20, 5
627,245,20, 5
628,245,20, 5
629,245,20, 5
630,245,20, 5
631,245,20, 5
632,245,20, 5
633,245,20, 5
634,245,20, 5
635,245,20, 5
636,245,20, 5
637,245,20, 5
638,245,20, 5
639,245,20, 5
640,245,20, 5
641,245,20, 5
642,245,20, 5
643,245,20, 5
644,245,20, 5
645,245,20, 5
646,245,20, 5
647,245,20, 5
648,245,20, 5
649,245,20, 5
650,245,20, 5
651,245,20, 5
652,245,20, 5
653,245,20, 5
654,245,20, 5
655,245,20, 5
656,245,20, 5
657,245,20, 5
658,245,20, 5
659,245,20, 5
660,245,20, 5
661,245,20, 5
662,245,20, 5
663,245,20, 5
664,245,20, 5
665,245,20, 5
666,245,20, 5
667,245,20, 5
668,245,20, 5
669,245,20, 5
670,245,20, 5
671,245,20, 5
672,245,20, 5
673,245,20, 5
674,245,20, 5
675,245,20, 5
676,245,20, 5
677,245,20, 5
678,245,20, 5
679,245,20, 5
680,245,20, 5
681,245,20, 5
682,245,20, 5
683,245,20, 5
684,245,20, 5
685,245,20, 5
686,245,20, 5
687,245,20, 5
688,245,20, 5
689,245,20, 5
690,244,19, 6
691,244,19, 6
692,244,19, 6
693,244,19, 6
694,244,19, 6
695,244,19, 6
696,244,19, 6
697,244,19, 6
698,244,19, 6
699,244,19, 6
700,244,19, 6
701,244,19, 6
702,244,19, 6
703,244,19, 6
704,244,19, 6
705,244,19, 6
706,244,19, 6
707,244,19, 6
708,244,19, 6
709,244,19, 6
710,244,19, 6
711,244,19, 6
712,244,19, 6
713,244,19, 6
714,244,19, 6
715,244,19, 6
716,244,19, 6
717,244,19, 6
718,244,19, 6
719,244,19, 6
720,244,19, 6
721,244,19, 6
722,244,19, 6
723,244,19, 6
724,244,19, 6
725,244,19, 6
726,244,19, 6
727,244,19, 6
728,244,19, 6
729,244,19, 6
730,244,19, 6
731,244,19, 6
732,244,19, 6
733,244,19, 6
734,244,19, 6
735,244,19, 6
736,244,19, 6
737,244,19, 6
738,244,19, 6
739,244,19, 6
740,244,19, 6
741,244,19, 6
742,244,19, 6
743,244,19, 6
744,244,19, 6
745,244,19, 6
746,244,19, 6
747,244,19, 6
748,244,19, 6
749,244,19, 6
750,244,19, 6
751,244,19, 6
752,244,19, 6
753,244,19, 6
754,244,19, 6
755,244,19, 6
756,244,19, 6
757,244,19, 6
758,244,19, 6
759,244,19, 6
760,244,19, 6
761,244,19, 6
762,244,19, 6
763,244,19, 6
764,244,19, 6
765,244,19, 6
766,244,19, 6
767,244,19, 6
768,244,19, 6
769,244,19, 6
770,244,19, 6
771,244,19, 6
772,244,19, 6
773,244,19, 6
774,244,19, 6
775,244,19, 6
776,244,19, 6
777,244,19, 6
778,244,19, 6
779,244,19, 6
780,244,19, 6
781,244,19, 6
782,244,19, 6
783,244,19, 6
784,244,19, 6
785,244,19, 6
786,244,19, 6
787,244,19, 6
788,244,19, 6
789,244,19, 6
790,244,19, 6
791,244,19, 6
792,244,19, 6
793,244,19, 6
794,244,19, 6
795,244,19, 6
796,244,19, 6
797,244,19, 6
798,244,19, 6
799,244,19, 6
800,244,19, 6
801,244,19, 6
802,244,19, 6
803,244,19, 6
804,244,19, 6
805,244,19, 6
806,244,19, 6
807,244,19, 6
808,244,19, 6
809,244,19, 6
810,244,19, 6
811,244,19, 6
812,244,19, 6
813,244,19, 6
814,244,19, 6
815,244,19, 6
816,244,19, 6
817,244,19, 6
818,244,19, 6
819,244,19, 6
820,244,19, 6
821,244,19, 6
822,244,19, 6
823,244,19, 6
824,244,19, 6
825,244,19, 6
826,244,19, 6
827,244,19, 6
828,244,19, 6
829,244,19, 6
830,244,19, 6
831,244,19, 6
832,244,19, 6
833,244,19, 6
834,244,19, 6
835,244,19, 6
836,244,19, 6
837,244,19, 6
838,244,19, 6
839,244,19, 6
840,244,19, 6
841,244,19, 6
842,244,19, 6
843,244,19, 6
844,244,19, 6
845,244,19, 6
846,244,19, 6
847,244,19, 6
848,244,19, 6
849,244,19, 6
850,244,19, 6
851,244,19, 6
852,244,19, 6
853,244,19, 6
854,244,19, 6
855,244,19, 6
856,244,19, 6
857,244,19, 6
858,244,19, 6
859,244,19, 6
860,244,19, 6
861,244,19, 6
862,244,19, 6
863,244,19, 6
864,244,19, 6
865,244,19, 6
866,244,19, 6
867,244,19, 6
868,244,19, 6
869,244,19, 6
870,244,19, 6
871,244,19, 6
872,244,19, 6
873,244,19, 6
874,244,19, 6
875,244,19, 6
876,244,19, 6
877,244,19, 6
878,244,19, 6
879,244,19, 6
880,244,19, 6
881,244,19, 6
882,244,19, 6
883,244,19, 6
884,244,19, 6
885,244,19, 6
886,244,19, 6
887,244,19, 6
888,244,19, 6
889,244,19, 6
890,244,19, 6
891,244,19, 6
892,244,19, 6
893,244,19, 6
894,244,19, 6
895,244,19, 6
896,244,19, 6
897,244,19, 6
898,244,19, 6
899,244,19, 6
900,244,19, 6
901,244,19, 6
902,244,19, 6
903,244,19, 6
904,244,19, 6
905,244,19, 6
906,244,19, 6
907,244,19, 6
908,244,19, 6
909,244,19, 6
910,244,19, 6
911,244,19, 6
912,244,19, 6
913,244,19, 6
914,244,19, 6
915,244,19, 6
916,244,19, 6
917,244,19, 6
918,244,19, 6
919,244,19, 6
920,244,19, 6
921,244,19, 6
922,244,19, 6
923,244,19, 6
924,244,19, 6
925,244,19, 6
926,244,19, 6
927,244,19, 6
928,244,19, 6
929,244,19, 6
930,244,19, 6
931,244,19, 6
932,244,19, 6
933,244,19, 6
934,244,19, 6
935,244,19, 6
936,244,19, 6
937,244,19, 6
938,244,19, 6
939,244,19, 6
940,244,19, 6
941,244,19, 6
942,244,19, 6
943,244,19, 6
944,244,19, 6
945,244,19, 6
946,244,19, 6
947,244,19, 6
948,244,19, 6
949,244,19, 6
950,244,19, 6
951,244,19, 6
952,244,19, 6
953,244,19, 6
954,244,19, 6
955,244,19, 6
956,244,19, 6
957,244,19, 6
958,244,19, 6
959,244,19, 6
960,244,19, 6
961,244,19, 6
962,244,19, 6
963,244,19, 6
964,244,19, 6
965,244,19, 6
966,244,19, 6
967,244,19, 6
968,244,19, 6
969,244,19, 6
970,244,19, 6
971,244,19, 6
972,244,19, 6
973,244,19, 6
974,244,19, 6
975,244,19, 6
976,244,19, 6
977,244,19, 6
978,244,19, 6
979,244,19, 6
980,244,19, 6
981,244,19, 6
982,244,19, 6
983,244,19, 6
984,244,19, 6
985,244,19, 6
986,244,19, 6
987,244,19, 6
988,244,19, 6
989,244,19, 6
990,244,19, 6
991,244,19, 6
992,244,19, 6
993,244,19, 6
994,244,19, 6
995,244,19, 6
996,244,19, 6
997,244,19, 6
998,244,19, 6
999,244,19, 6
1000,244,19, 6
1001,244,19, 6
1002,244,19, 6
1003,244,19, 6
1004,244,19, 6
1005,244,19, 6
1006,244,19, 6
1007,244,19, 6
1008,244,19, 6
1009,244,19, 6
1010,244,19, 6
1011,244,19, 6
1012,244,19, 6
1013,244,19, 6
1014,244,19, 6
1015,244,19, 6
1016,244,19, 6
1017,244,19, 6
1018,244,19, 6
1019,244,19, 6
1020,244,19, 6
1021,244,19, 6
1022,244,19, 6
1023,244,19, 6
1024,244,19, 6
1025,244,19, 6
1026,244,19, 6
1027,244,19, 6
1028,244,19, 6
1029,244,19, 6
1030,244,19, 6
1031,244,19, 6
1032,244,19, 6
1033,244,19, 6
1034,244,19, 6
1035,244,19, 6
1036,244,19, 6
1037,244,19, 6
1038,244,19, 6
1039,244,19, 6
1040,244,19, 6
1041,244,19, 6
1042,244,19, 6
1043,244,19, 6
1044,244,19, 6
1045,244,19, 6
1046,244,19, 6
1047,244,19, 6
1048,244,19, 6
1049,244,19, 6
1050,244,19, 6
1051,244,19, 6
1052,244,19, 6
1053,244,19, 6
1054,244,19, 6
1055,244,19, 6
1056,244,19, 6
1057,244,19, 6
1058,244,19, 6
1059,244,19, 6
1060,244,19, 6
1061,244,19, 6
1062,244,19, 6
1063,244,19, 6
1064,244,19, 6
1065,244,19, 6
1066,244,19, 6
1067,244,19, 6
1068,244,19, 6
1069,244,19, 6
1070,244,19, 6
1071,244,19, 6
1072,244,19, 6
1073,244,19, 6
1074,244,19, 6
1075,244,19, 6
1076,244,19, 6
1077,244,19, 6
1078,244,19, 6
1079,244,19, 6
1080,244,19, 6
1081,244,19, 6
1082,244,19, 6
1083,244,19, 6
1084,244,19, 6
1085,244,19, 6
1086,244,19, 6
1087,244,19, 6
1088,244,19, 6
1089,244,19, 6
1090,244,19, 6
1091,244,19, 6
1092,244,19, 6
1093,244,19, 6
1094,244,19, 6
1095,244,19, 6
1096,244,19, 6
1097,244,19, 6
1098,244,19, 6
1099,244,19, 6
1100,244,19, 6
1101,244,19, 6
1102,244,19, 6
1103,244,19, 6
1104,244,19, 6
1105,244,19, 6
1106,244,19, 6
1107,244,19, 6
1108,244,19, 6
1109,244,19, 6
1110,244,19, 6
1111,244,19, 6
1112,244,19, 6
1113,244,19, 6
1114,244,19, 6
1115,244,19, 6
1116,244,19, 6
1117,244,19, 6
1118,244,19, 6
1119,244,19, 6
1120,244,19, 6
1121,244,19, 6
1122,244,19, 6
1123,244,19, 6
1124,244,19, 6
1125,244,19, 6
1126,244,19, 6
1127,244,19, 6
1128,244,19, 6
1129,244,19, 6
1130,244,19, 6
1131,244,19, 6
1132,244,19, 6
1133,244,19, 6
1134,244,19, 6
1135,244,19, 6
1136,244,19, 6
1137,244,19, 6
1138,244,19, 6
1139,244,19, 6
1140,244,19, 6
1141,244,19, 6
1142,244,19, 6
1143,244,19, 6
1144,244,19, 6
1145,244,19, 6
1146,244,19, 6
1147,244,19, 6
1148,244,19, 6
1149,244,19, 6
1150,244,19, 6
1151,244,19, 6
1152,244,19, 6
1153,244,19, 6
1154,244,19, 6
1155,244,19, 6
1156,244,19, 6
1157,244,19, 6
1158,244,19, 6
1159,244,19, 6
1160,244,19, 6
1161,244,19, 6
1162,244,19, 6
1163,244,19, 6
1164,244,19, 6
1165,244,19, 6
1166,244,19, 6
1167,244,19, 6
1168,244,19, 6
1169,244,19, 6
1170,244,19, 6
1171,244,19, 6
1172,244,19, 6
1173,244,19, 6
1174,244,19, 6
1175,244,19, 6
1176,244,19, 6
1177,244,19, 6
1178,244,19, 6
1179,244,19, 6
1180,244,19, 6
1181,244,19, 6
1182,244,19, 6
1183,244,19, 6
1184,244,19, 6
1185,244,19, 6
1186,244,19, 6
1187,244,19, 6
1188,244,19, 6
1189,244,19, 6
1190,244,19, 6
1191,244,19, 6
1192,244,19, 6
1193,244,19, 6
1194,244,19, 6
1195,244,19, 6
1196,244,19, 6
1197,244,19, 6
1198,244,19, 6
1199,244,19, 6
1200,244,19, 6
1201,244,19, 6
1202,244,19, 6
1203,244,19, 6
1204,244,19, 6
1205,244,19, 6
1206,244,19, 6
1207,244,19, 6
1208,244,19, 6
1209,244,19, 6
1210,244,19, 6
1211,244,19, 6
1212,244,19, 6
1213,244,19, 6
1214,244,19, 6
1215,244,19, 6
1216,244,19, 6
1217,244,19, 6
1218,244,19, 6
1219,244,19, 6
1220,244,19, 6
1221,244,19, 6
1222,244,19, 6
1223,244,19, 6
1224,244,19, 6
1225,244,19, 6
1226,244,19, 6
1227,244,19, 6
1228,244,19, 6
1229,244,19, 6
1230,244,19, 6
1231,244,19, 6
1232,244,19, 6
1233,244,19, 6
1234,244,19, 6
1235,244,19, 6
1236,244,19, 6
1237,244,19, 6
1238,244,19, 6
1239,244,19, 6
1240,244,19, 6
1241,244,19, 6
1242,244,19, 6
1243,244,19, 6
1244,244,19, 6
1245,244,19, 6
1246,244,19, 6
1247,244,19, 6
1248,244,19, 6
1249,244,19, 6
1250,244,19, 6
1251,244,19, 6
1252,244,19, 6
1253,244,19, 6
1254,244,19, 6
1255,244,19, 6
1256,244,19, 6
1257,244,19, 6
1258,244,19, 6
1259,244,19, 6
1260,244,19, 6
1261,244,19, 6
1262,244,19, 6
1263,244,19, 6
1264,244,19, 6
1265,244,19, 6
1266,244,19, 6
1267,244,19, 6
1268,244,19, 6
1269,244,19, 6
1270,244,19, 6
1271,244,19, 6
1272,244,19, 6
1273,244,19, 6
1274,244,19, 6
1275,244,19, 6
1276,244,19, 6
1277,244,19, 6
1278,244,19, 6
1279,244,19, 6
1280,244,19, 6
1281,244,19, 6
1282,244,19, 6
1283,244,19, 6
1284,244,19, 6
1285,244,19, 6
1286,244,19, 6
1287,244,19, 6
1288,244,19, 6
1289,244,19, 6
1290,244,19, 6
1291,244,19, 6
1292,244,19, 6
1293,244,19, 6
1294,244,19, 6
1295,244,19, 6
1296,244,19, 6
1297,244,19, 6
1298,244,19, 6
1299,244,19, 6
1300,244,19, 6
1301,244,19, 6
1302,244,19, 6
1303,244,19, 6
1304,244,19, 6
1305,244,19, 6
1306,244,19, 6
1307,244,19, 6
1308,244,19, 6
1309,244,19, 6
1310,244,19, 6
1311,244,19, 6
1312,244,19, 6
1313,244,19, 6
1314,244,19, 6
1315,244,19, 6
1316,244,19, 6
1317,244,19, 6
1318,244,19, 6
1319,244,19, 6
1320,244,19, 6
1321,244,19, 6
1322,244,19, 6
1323,244,19, 6
1324,244,19, 6
1325,244,19, 6
1326,244,19, 6
1327,244,19, 6
1328,244,19, 6
1329,244,19, 6
1330,244,19, 6
1331,244,19, 6
1332,244,19, 6
1333,244,19, 6
1334,244,19, 6
1335,244,19, 6
1336,244,19, 6
1337,244,19, 6
1338,244,19, 6
1339,244,19, 6
1340,244,19, 6
1341,244,19, 6
1342,244,19, 6
1343,244,19, 6
1344,244,19, 6
1345,244,19, 6
1346,244,19, 6
1347,244,19, 6
1348,244,19, 6
1349,244,19, 6
1350,244,19, 6
1351,244,19, 6
1352,244,19, 6
1353,244,19, 6
1354,244,19, 6
1355,244,19, 6
1356,244,19, 6
1357,244,19, 6
1358,244,19, 6
1359,244,19, 6
1360,244,19, 6
1361,244,19, 6
1362,244,19, 6
1363,244,19, 6
1364,244,19, 6
1365,244,19, 6
1366,244,19, 6
1367,244,19, 6
1368,244,19, 6
1369,244,19, 6
1370,244,19, 6
1371,244,19, 6
1372,244,19, 6
1373,244,19, 6
1374,244,19, 6
1375,244,19, 6
1376,244,19, 6
1377,244,19, 6
1378,244,19, 6
1379,244,19, 6
1380,244,19, 6
1381,244,19, 6
1382,244,19, 6
1383,244,19, 6
1384,244,19, 6
1385,244,19, 6
1386,244,19, 6
1387,244,19, 6
1388,244,19, 6
1389,244,19, 6
1390,244,19, 6
1391,244,19, 6
1392,244,19, 6
1393,244,19, 6
1394,244,19, 6
1395,244,19, 6
1396,244,19, 6
1397,244,19, 6
1398,244,19, 6
1399,244,19, 6
1400,244,19, 6
1401,244,19, 6
1402,244,19, 6
1403,244,19, 6
1404,244,19, 6
1405,244,19, 6
1406,244,19, 6
1407,244,19, 6
1408,244,19, 6
1409,244,19, 6
1410,244,19, 6
1411,244,19, 6
1412,244,19, 6
1413,244,19, 6
1414,244,19, 6
1415,244,19, 6
1416,244,19, 6
1417,244,19, 6
1418,244,19, 6
1419,244,19, 6
1420,244,19, 6
1421,244,19, 6
1422,244,19, 6
1423,244,19, 6
1424,244,19, 6
1425,244,19, 6
1426,244,19, 6
1427,244,19, 6
1428,244,19, 6
1429,244,19, 6
1430,244,19, 6
1431,244,19, 6
1432,244,19, 6
1433,244,19, 6
1434,244,19, 6
1435,244,19, 6
1436,244,19, 6
1437,244,19, 6
1438,244,19, 6
1439,244,19, 6
1440,244,19, 6
1441,244,19, 6
1442,244,19, 6
1443,244,19, 6
1444,244,19, 6
1445,244,19, 6
1446,244,19, 6
1447,244,19, 6
1448,244,19, 6
1449,244,19, 6
1450,244,19, 6
1451,244,19, 6
1452,244,19, 6
1453,244,19, 6
1454,244,19, 6
1455,244,19, 6
1456,244,19, 6
1457,244,19, 6
1458,244,19, 6
1459,244,19, 6
1460,244,19, 6
1461,244,19, 6
1462,244,19, 6
1463,244,19, 6
1464,244,19, 6
1465,244,19, 6
1466,244,19, 6
1467,244,19, 6
1468,244,19, 6
1469,244,19, 6
1470,244,19, 6
1471,244,19, 6
1472,244,19, 6
1473,244,19, 6
1474,244,19, 6
1475,244,19, 6
1476,244,19, 6
1477,244,19, 6
1478,244,19, 6
1479,244,19, 6
1480,244,19, 6
1481,244,19, 6
1482,244,19, 6
1483,244,19, 6
1484,244,19, 6
1485,244,19, 6
1486,244,19, 6
1487,244,19, 6
1488,244,19, 6
1489,244,19, 6
1490,244,19, 6
1491,244,19, 6
1492,244,19, 6
1493,244,19, 6
1494,244,19, 6
1495,244,19, 6
1496,244,19, 6
1497,244,19, 6
1498,244,19, 6
1499,244,19, 6
