0,250,25, 0
1,250,25, 0
2,250,25, 0
3,250,25, 0
4,250,25, 0
5,250,25, 0
6,250,25, 0
7,250,25, 0
8,250,25, 0
9,250,25, 0
10,250,25, 0
11,250,25, 0
12,250,25, 0
13,250,25, 0
14,250,25, 0
15,250,25, 0
16,250,25, 0
17,250,25, 0
18,250,25, 0
19,250,25, 0
20,250,25, 0
21,250,25, 0
22,250,25, 0
23,250,25, 0
24,250,25, 0
25,250,25, 0
26,250,25, 0
27,250,25, 0
28,250,25, 0
29,250,25, 0
30,250,25, 0
31,250,25, 0
32,250,25, 0
33,250,25, 0
34,250,25, 0
35,250,25, 0
36,250,25, 0
37,250,25, 0
38,250,25, 0
39,250,25, 0
40,250,25, 0
41,250,25, 0
42,250,25, 0
43,250,25, 0
44,250,25, 0
45,250,25, 0
46,250,25, 0
47,250,25, 0
48,250,25, 0
49,250,25, 0
50,250,25, 0
51,250,25, 0
52,250,25, 0
53,250,25, 0
54,250,25, 0
55,250,25, 0
56,250,25, 0
57,250,25, 0
58,250,25, 0
59,250,25, 0
60,250,25, 0
61,250,25, 0
62,250,25, 0
63,250,25, 0
64,250,25, 0
65,250,25, 0
66,250,25, 0
67,250,25, 0
68,250,25, 0
69,250,25, 0
70,250,25, 0
71,250,25, 0
72,250,25, 0
73,250,25, 0
74,250,25, 0
75,250,25, 0
76,250,25, 0
77,250,25, 0
78,250,25, 0
79,250,25, 0
80,250,25, 0
81,250,25, 0
82,250,25, 0
83,250,25, 0
84,250,25, 0
85,250,25, 0
86,250,25, 0
87,250,25, 0
88,250,25, 0
89,250,25, 0
90,250,25, 0
91,250,25, 0
92,250,25, 0
93,250,25, 0
94,250,25, 0
95,250,25, 0
96,250,25, 0
97,250,25, 0
98,250,25, 0
99,250,25, 0
100,250,25, 0
101,250,25, 0
102,250,25, 0
103,250,25, 0
104,250,25, 0
105,250,25, 0
106,250,25, 0
107,250,25, 0
108,250,25, 0
109,250,25, 0
110,250,25, 0
111,250,25, 0
112,250,25, 0
113,250,25, 0
114,250,25, 0
115,250,25, 0
116,250,25, 0
117,250,25, 0
118,250,25, 0
119,250,25, 0
120,250,25, 0
121,250,25, 0
122,250,25, 0
123,250,25, 0
124,250,25, 0
125,250,25, 0
126,250,25, 0
127,250,25, 0
128,250,25, 0
129,250,25, 0
130,250,25, 0
131,250,25, 0
132,250,25, 0
133,250,25, 0
134,250,25, 0
135,250,25, 0
136,250,25, 0
137,250,25, 0
138,250,25, 0
139,250,25, 0
140,250,25, 0
141,250,25, 0
142,250,25, 0
143,250,25, 0
144,250,25, 0
145,250,25, 0
146,250,25, 0
147,250,25, 0
148,250,25, 0
149,250,25, 0
150,250,25, 0
151,250,25, 0
152,250,25, 0
153,250,25, 0
154,250,25, 0
155,250,25, 0
156,250,25, 0
157,250,25, 0
158,250,25, 0
159,250,25, 0
160,250,25, 0
161,250,25, 0
162,250,25, 0
163,250,25, 0
164,250,25, 0
165,250,25, 0
166,250,25, 0
167,250,25, 0
168,250,25, 0
169,250,25, 0
170,250,25, 0
171,250,25, 0
172,250,25, 0
173,250,25, 0
174,250,25, 0
175,250,25, 0
176,250,25, 0
177,250,25, 0
178,250,25, 0
179,250,25, 0
180,250,25, 0
181,250,25, 0
182,250,25, 0
183,250,25, 0
184,250,25, 0
185,250,25, 0
186,250,25, 0
187,250,25, 0
188,250,25, 0
189,250,25, 0
190,250,25, 0
191,250,25, 0
192,250,25, 0
193,250,25, 0
194,250,25, 0
195,250,25, 0
196,250,25, 0
197,250,25, 0
198,250,25, 0
199,250,25, 0
200,250,25, 0
201,250,25, 0
202,250,25, 0
203,250,25, 0
204,250,25, 0
205,250,25, 0
206,250,25, 0
207,250,25, 0
208,250,25, 0
209,250,25, 0
210,250,25, 0
211,250,25, 0
212,250,25, 0
213,250,25, 0
214,250,25, 0
215,250,25, 0
216,250,25, 0
217,250,25, 0
218,250,25, 0
219,250,25, 0
220,250,25, 0
221,250,25, 0
222,250,25, 0
223,250,25, 0
224,250,25, 0
225,250,25, 0
226,250,25, 0
227,250,25, 0
228,250,25, 0
229,250,25, 0
230,250,25, 0
231,250,25, 0
232,250,25, 0
233,250,25, 0
234,250,25, 0
235,250,25, 0
236,250,25, 0
237,250,25, 0
238,250,25, 0
239,250,25, 0
240,250,25, 0
241,250,25, 0
242,250,25, 0
243,250,25, 0
244,250,25, 0
245,250,25, 0
246,250,25, 0
247,250,25, 0
248,250,25, 0
249,250,25, 0
250,250,25, 0
251,250,25, 0
252,250,25, 0
253,250,25, 0
254,250,25, 0
255,250,25, 0
256,250,25, 0
257,250,25, 0
258,250,25, 0
259,250,25, 0
260,250,25, 0
261,250,25, 0
262,250,25, 0
263,250,25, 0
264,250,25, 0
265,250,25, 0
266,250,25, 0
267,250,25, 0
268,250,25, 0
269,250,25, 0
270,250,25, 0
271,250,25, 0
272,250,25, 0
273,250,25, 0
274,250,25, 0
275,250,25, 0
276,250,25, 0
277,250,25, 0
278,250,25, 0
279,250,25, 0
280,250,25, 0
281,250,25, 0
282,250,25, 0
283,250,25, 0
284,250,25, 0
285,250,25, 0
286,250,25, 0
287,250,25, 0
288,250,25, 0
289,250,25, 0
290,250,25, 0
291,250,25, 0
292,250,25, 0
293,250,25, 0
294,250,25, 0
295,250,25, 0
296,250,25, 0
297,250,25, 0
298,250,25, 0
299,250,25, 0
300,250,25, 0
301,250,25, 0
302,250,25, 0
303,250,25, 0
304,250,25, 0
305,250,25, 0
306,250,25, 0
307,250,25, 0
308,250,25, 0
309,250,25, 0
310,250,25, 0
311,250,25, 0
312,250,25, 0
313,250,25, 0
314,250,25, 0
315,250,25, 0
316,250,25, 0
317,250,25, 0
318,250,25, 0
319,250,25, 0
320,250,25, 0
321,250,25, 0
322,250,25, 0
323,250,25, 0
324,250,25, 0
325,250,25, 0
326,250,25, 0
327,250,25, 0
328,250,25, 0
329,250,25, 0
330,250,25, 0
331,250,25, 0
332,250,25, 0
333,250,25, 0
334,250,25, 0
335,250,25, 0
336,250,25, 0
337,250,25, 0
338,250,25, 0
339,250,25, 0
340,250,25, 0
341,250,25, 0
342,250,25, 0
343,250,25, 0
344,250,25, 0
345,250,25, 0
346,250,25, 0
347,250,25, 0
348,250,25, 0
349,250,25, 0
350,250,25, 0
351,250,25, 0
352,250,25, 0
353,250,25, 0
354,250,25, 0
355,250,25, 0
356,250,25, 0
357,250,25, 0
358,250,25, 0
359,250,25, 0
360,250,25, 0
361,250,25, 0
362,250,25, 0
363,250,25, 0
364,250,25, 0
365,250,25, 0
366,250,25, 0
367,250,25, 0
368,250,25, 0
369,250,25, 0
370,250,25, 0
371,250,25, 0
372,250,25, 0
373,250,25, 0
374,250,25, 0
375,250,25, 0
376,250,25, 0
377,250,25, 0
378,250,25, 0
379,250,25, 0
380,250,25, 0
381,250,25, 0
382,250,25, 0
383,250,25, 0
384,250,25, 0
385,250,25, 0
386,250,25, 0
387,250,25, 0
388,250,25, 0
389,250,25, 0
390,250,25, 0
391,250,25, 0
392,250,25, 0
393,250,25, 0
394,250,25, 0
395,250,25, 0
396,250,25, 0
397,250,25, 0
398,250,25, 0
399,250,25, 0
400,250,25, 0
401,250,25, 0
402,250,25, 0
403,250,25, 0
404,250,25, 0
405,250,25, 0
406,250,25, 0
407,250,25, 0
408,250,25, 0
409,250,25, 0
410,250,25, 0
411,250,25, 0
412,249,24, 1
413,249,24, 1
414,249,24, 1
415,249,24, 1
416,249,24, 1
417,249,24, 1
418,249,24, 1
419,249,24, 1
420,249,24, 1
421,249,24, 1
422,249,24, 1
423,249,24, 1
424,249,24, 1
425,249,24, 1
426,249,24, 1
427,249,24, 1
428,249,24, 1
429,249,24, 1
430,249,24, 1
431,249,24, 1
432,249,24, 1
433,249,24, 1
434,249,24, 1
435,249,24, 1
436,249,24, 1
437,249,24, 1
438,249,24, 1
439,249,24, 1
440,249,24, 1
441,249,24, 1
442,249,24, 1
443,249,24, 1
444,249,24, 1
445,249,24, 1
446,249,24, 1
447,249,24, 1
448,249,24, 1
449,249,24, 1
450,249,24, 1
451,249,24, 1
452,249,24, 1
453,249,24, 1
454,249,24, 1
455,249,24, 1
456,249,24, 1
457,249,24, 1
458,249,24, 1
459,249,24, 1
460,249,24, 1
461,249,24, 1
462,249,24, 1
463,249,24, 1
464,249,24, 1
465,249,24, 1
466,249,24, 1
467,249,24, 1
468,249,24, 1
469,249,24, 1
470,249,24, 1
471,249,24, 1
472,249,24, 1
473,249,24, 1
474,249,24, 1
475,249,24, 1
476,249,24, 1
477,249,24, 1
478,249,24, 1
479,249,24, 1
480,249,24, 1
481,249,24, 1
482,249,24, 1
483,249,24, 1
484,249,24, 1
485,249,24, 1
486,249,24, 1
487,249,24, 1
488,249,24, 1
489,249,24, 1
490,249,24, 1
491,249,24, 1
492,249,24, 1
493,249,24, 1
494,249,24, 1
495,249,24, 1
496,249,24, 1
497,249,24, 1
498,249,24, 1
499,249,24, 1
500,249,24, 1
501,249,24, 1
502,249,24, 1
503,249,24, 1
504,249,24, 1
505,249,24, 1
506,249,24, 1
507,249,24, 1
508,249,24, 1
509,249,24, 1
510,249,24, 1
511,249,24, 1
512,249,24, 1
513,249,24, 1
514,249,24, 1
515,249,24, 1
516,249,24, 1
517,249,24, 1
518,249,24, 1
519,249,24, 1
520,249,24, 1
521,249,24, 1
522,249,24, 1
523,249,24, 1
524,249,24, 1
525,249,24, 1
526,249,24, 1
527,249,24, 1
528,249,24, 1
529,249,24, 1
530,249,24, 1
531,249,24, 1
532,249,24, 1
533,249,24, 1
534,249,24, 1
535,249,24, 1
536,249,24, 1
537,249,24, 1
538,249,24, 1
539,249,24, 1
540,249,24, 1
541,249,24, 1
542,249,24, 1
543,249,24, 1
544,249,24, 1
545,249,24, 1
546,249,24, 1
547,249,24, 1
548,249,24, 1
549,249,24, 1
550,249,24, 1
551,249,24, 1
552,249,24, 1
553,249,24, 1
554,249,24, 1
555,249,24, 1
556,249,24, 1
557,249,24, 1
558,249,24, 1
559,249,24, 1
560,249,24, 1
561,249,24, 1
562,249,24, 1
563,249,24, 1
564,249,24, 1
565,249,24, 1
566,249,24, 1
567,249,24, 1
568,249,24, 1
569,249,24, 1
570,249,24, 1
571,249,24, 1
572,249,24, 1
573,249,24, 1
574,249,24, 1
575,249,24, 1
576,249,24, 1
577,249,24, 1
578,249,24, 1
579,249,24, 1
580,249,24, 1
581,249,24, 1
582,249,24, 1
583,249,24, 1
584,249,24, 1
585,249,24, 1
586,249,24, 1
587,249,24, 1
588,249,24, 1
589,249,24, 1
590,249,24, 1
591,249,24, 1
592,249,24, 1
593,249,24, 1
594,249,24, 1
595,249,24, 1
596,249,24, 1
597,249,24, 1
598,249,24, 1
599,249,24, 1
600,249,24, 1
601,249,24, 1
602,249,24, 1
603,249,24, 1
604,249,24, 1
605,249,24, 1
606,249,24, 1
607,249,24, 1
608,249,24, 1
609,249,24, 1
610,249,24, 1
611,249,24, 1
612,249,24, 1
613,249,24, 1
614,249,24, 1
615,249,24, 1
616,249,24, 1
617,249,24, 1
618,249,24, 1
619,249,24, 1
620,249,24, 1
621,249,24, 1
622,249,24, 1
623,249,24, 1
624,249,24, 1
625,249,24, 1
626,249,24, 1
627,249,24, 1
628,249,24, 1
629,249,24, 1
630,249,24, 1
631,249,24, 1
632,249,24, 1
633,249,24, 1
634,249,24, 1
635,249,24, 1
636,249,24, 1
637,249,24, 1
638,249,24, 1
639,249,24, 1
640,249,24, 1
641,249,24, 1
642,249,24, 1
643,249,24, 1
644,249,24, 1
645,249,24, 1
646,249,24, 1
647,249,24, 1
648,249,24, 1
649,249,24, 1
650,249,24, 1
651,249,24, 1
652,249,24, 1
653,249,24, 1
654,249,24, 1
655,249,24, 1
656,249,24, 1
657,249,24, 1
658,249,24, 1
659,249,24, 1
660,249,24, 1
661,249,24, 1
662,249,24, 1
663,249,24, 1
664,249,24, 1
665,249,24, 1
666,249,24, 1
667,249,24, 1
668,249,24, 1
669,249,24, 1
670,249,24, 1
671,249,24, 1
672,249,24, 1
673,249,24, 1
674,249,24, 1
675,249,24, 1
676,249,24, 1
677,249,24, 1
678,249,24, 1
679,249,24, 1
680,249,24, 1
681,249,24, 1
682,249,24, 1
683,249,24, 1
684,249,24, 1
685,249,24, 1
686,249,24, 1
687,249,24, 1
688,249,24, 1
689,249,24, 1
690,249,24, 1
691,249,24, 1
692,249,24, 1
693,249,24, 1
694,249,24, 1
695,249,24, 1
696,249,24, 1
697,249,24, 1
698,249,24, 1
699,249,24, 1
700,249,24, 1
701,249,24, 1
702,249,24, 1
703,249,24, 1
704,249,24, 1
705,249,24, 1
706,249,24, 1
707,249,24, 1
708,249,24, 1
709,249,24, 1
710,249,24, 1
711,249,24, 1
712,249,24, 1
713,249,24, 1
714,249,24, 1
715,249,24, 1
716,249,24, 1
717,249,24, 1
718,249,24, 1
719,249,24, 1
720,249,24, 1
721,249,24, 1
722,249,24, 1
723,249,24, 1
724,249,24, 1
725,249,24, 1
726,249,24, 1
727,249,24, 1
728,249,24, 1
729,249,24, 1
730,249,24, 1
731,249,24, 1
732,249,24, 1
733,249,24, 1
734,249,24, 1
735,249,24, 1
736,249,24, 1
737,249,24, 1
738,249,24, 1
739,249,24, 1
740,249,24, 1
741,249,24, 1
742,249,24, 1
743,249,24, 1
744,249,24, 1
745,249,24, 1
746,249,24, 1
747,249,24, 1
748,249,24, 1
749,249,24, 1
750,249,24, 1
751,249,24, 1
752,249,24, 1
753,249,24, 1
754,249,24, 1
755,249,24, 1
756,249,24, 1
757,249,24, 1
758,249,24, 1
759,249,24, 1
760,249,24, 1
761,249,24, 1
762,249,24, 1
763,249,24, 1
764,249,24, 1
765,249,24, 1
766,249,24, 1
767,249,24, 1
768,249,24, 1
769,249,24, 1
770,249,24, 1
771,249,24, 1
772,249,24, 1
773,249,24, 1
774,249,24, 1
775,248,23, 2
776,247,22, 3
777,247,22, 3
778,247,22, 3
779,247,22, 3
780,247,22, 3
781,247,22, 3
782,247,22, 3
783,247,22, 3
784,247,22, 3
785,247,22, 3
786,247,22, 3
787,247,22, 3
788,247,22, 3
789,247,22, 3
790,247,22, 3
791,247,22, 3
792,247,22, 3
793,247,22, 3
794,247,22, 3
795,247,22, 3
796,247,22, 3
797,247,22, 3
798,247,22, 3
799,247,22, 3
800,247,22, 3
801,247,22, 3
802,247,22, 3
803,247,22, 3
804,247,22, 3
805,247,22, 3
806,247,22, 3
807,247,22, 3
808,247,22, 3
809,247,22, 3
810,247,22, 3
811,247,22, 3
812,247,22, 3
813,247,22, 3
814,247,22, 3
815,247,22, 3
816,247,22, 3
817,247,22, 3
818,247,22, 3
819,247,22, 3
820,247,22, 3
821,247,22, 3
822,247,22, 3
823,247,22, 3
824,247,22, 3
825,247,22, 3
826,247,22, 3
827,247,22, 3
828,247,22, 3
829,247,22, 3
830,247,22, 3
831,247,22, 3
832,247,22, 3
833,247,22, 3
834,247,22, 3
835,247,22, 3
836,247,22, 3
837,247,22, 3
838,247,22, 3
839,247,22, 3
840,247,22, 3
841,247,22, 3
842,247,22, 3
843,247,22, 3
844,247,22, 3
845,247,22, 3
846,247,22, 3
847,247,22, 3
848,247,22, 3
849,247,22, 3
850,247,22, 3
851,247,22, 3
852,247,22, 3
853,247,22, 3
854,247,22, 3
855,247,22, 3
856,247,22, 3
857,247,22, 3
858,247,22, 3
859,247,22, 3
860,247,22, 3
861,247,22, 3
862,247,22, 3
863,247,22, 3
864,247,22, 3
865,247,22, 3
866,247,22, 3
867,247,22, 3
868,247,22, 3
869,247,22, 3
870,247,22, 3
871,247,22, 3
872,247,22, 3
873,247,22, 3
874,247,22, 3
875,247,22, 3
876,247,22, 3
877,247,22, 3
878,246,21, 4
879,245,20, 5
880,245,20, 5
881,245,20, 5
882,245,20, 5
883,245,20, 5
884,245,20, 5
885,245,20, 5
886,245,20, 5
887,245,20, 5
888,245,20, 5
889,245,20, 5
890,245,20, 5
891,245,20, 5
892,245,20, 5
893,245,20, 5
894,245,20, 5
895,245,20, 5
896,245,20, 5
897,245,20, 5
898,245,20, 5
899,245,20, 5
900,245,20, 5
901,245,20, 5
902,245,20, 5
903,245,20, 5
904,245,20, 5
905,245,20, 5
906,245,20, 5
907,245,20, 5
908,245,20, 5
909,245,20, 5
910,245,20, 5
911,245,20, 5
912,245,20, 5
913,245,20, 5
914,245,20, 5
915,245,20, 5
916,245,20, 5
917,245,20, 5
918,245,20, 5
919,245,20, 5
920,245,20, 5
921,245,20, 5
922,245,20, 5
923,245,20, 5
924,245,20, 5
925,245,20, 5
926,245,20, 5
927,245,20, 5
928,245,20, 5
929,245,20, 5
930,245,20, 5
931,245,20, 5
932,245,20, 5
933,245,20, 5
934,245,20, 5
935,245,20, 5
936,245,20, 5
937,245,20, 5
938,245,20, 5
939,245,20, 5
940,245,20, 5
941,245,20, 5
942,245,20, 5
943,245,20, 5
944,245,20, 5
945,245,20, 5
946,245,20, 5
947,245,20, 5
948,245,20, 5
949,245,20, 5
950,245,20, 5
951,245,20, 5
952,245,20, 5
953,245,20, 5
954,245,20, 5
955,245,20, 5
956,245,20, 5
957,245,20, 5
958,245,20, 5
959,245,20, 5
960,245,20, 5
961,245,20, 5
962,245,20, 5
963,245,20, 5
964,245,20, 5
965,245,20, 5
966,245,20, 5
967,245,20, 5
968,245,20, 5
969,245,20, 5
970,245,20, 5
971,245,20, 5
972,245,20, 5
973,245,20, 5
974,245,20, 5
975,245,20, 5
976,245,20, 5
977,245,20, 5
978,245,20, 5
979,245,20, 5
980,245,20, 5
981,245,20, 5
982,245,20, 5
983,245,20, 5
984,245,20, 5
985,245,20, 5
986,245,20, 5
987,245,20, 5
988,245,20, 5
989,245,20, 5
990,245,20, 5
991,245,20, 5
992,245,20, 5
993,245,20, 5
994,245,20, 5
995,245,20, 5
996,245,20, 5
997,245,20, 5
998,245,20, 5
999,245,20, 5
1000,245,20, 5
1001,245,20, 5
1002,245,20, 5
1003,245,20, 5
1004,245,20, 5
1005,245,20, 5
1006,245,20, 5
1007,245,20, 5
1008,245,20, 5
1009,245,20, 5
1010,245,20, 5
1011,245,20, 5
1012,245,20, 5
1013,245,20, 5
1014,245,20, 5
1015,245,20, 5
1016,245,20, 5
1017,245,20, 5
1018,245,20, 5
1019,245,20, 5
1020,245,20, 5
1021,245,20, 5
1022,245,20, 5
1023,245,20, 5
1024,245,20, 5
1025,245,20, 5
1026,245,20, 5
1027,245,20, 5
1028,245,20, 5
1029,245,20, 5
1030,245,20, 5
1031,245,20, 5
1032,245,20, 5
1033,245,20, 5
1034,245,20, 5
1035,245,20, 5
1036,245,20, 5
1037,245,20, 5
1038,245,20, 5
1039,245,20, 5
1040,245,20, 5
1041,245,20, 5
1042,245,20, 5
1043,245,20, 5
1044,245,20, 5
1045,245,20, 5
1046,245,20, 5
1047,245,20, 5
1048,245,20, 5
1049,245,20, 5
1050,245,20, 5
1051,245,20, 5
1052,245,20, 5
1053,245,20, 5
1054,245,20, 5
1055,245,20, 5
1056,245,20, 5
1057,245,20, 5
1058,245,20, 5
1059,245,20, 5
1060,245,20, 5
1061,245,20, 5
1062,245,20, 5
1063,245,20, 5
1064,245,20, 5
1065,245,20, 5
1066,245,20, 5
1067,245,20, 5
1068,245,20, 5
1069,245,20, 5
1070,245,20, 5
1071,245,20, 5
1072,245,20, 5
1073,245,20, 5
1074,245,20, 5
1075,245,20, 5
1076,245,20, 5
1077,245,20, 5
1078,245,20, 5
1079,245,20, 5
1080,245,20, 5
1081,245,20, 5
1082,245,20, 5
1083,245,20, 5
1084,245,20, 5
1085,245,20, 5
1086,245,20, 5
1087,245,20, 5
1088,245,20, 5
1089,245,20, 5
1090,245,20, 5
1091,245,20, 5
1092,245,20, 5
1093,245,20, 5
1094,245,20, 5
1095,245,20, 5
1096,245,20, 5
1097,245,20, 5
1098,245,20, 5
1099,245,20, 5
1100,245,20, 5
1101,245,20, 5
1102,245,20, 5
1103,245,20, 5
1104,245,20, 5
1105,245,20, 5
1106,245,20, 5
1107,245,20, 5
1108,245,20, 5
1109,245,20, 5
1110,245,20, 5
1111,245,20, 5
1112,245,20, 5
1113,245,20, 5
1114,245,20, 5
1115,245,20, 5
1116,245,20, 5
1117,245,20, 5
1118,245,20, 5
1119,245,20, 5
1120,245,20, 5
1121,245,20, 5
1122,245,20, 5
1123,245,20, 5
1124,245,20, 5
1125,245,20, 5
1126,245,20, 5
1127,245,20, 5
1128,245,20, 5
1129,245,20, 5
1130,245,20, 5
1131,245,20, 5
1132,245,20, 5
1133,245,20, 5
1134,245,20, 5
1135,245,20, 5
1136,245,20, 5
1137,245,20, 5
1138,245,20, 5
1139,245,20, 5
1140,245,20, 5
1141,245,20, 5
1142,245,20, 5
1143,245,20, 5
1144,245,20, 5
1145,245,20, 5
1146,245,20, 5
1147,245,20, 5
1148,245,20, 5
1149,245,20, 5
1150,245,20, 5
1151,245,20, 5
1152,245,20, 5
1153,245,20, 5
1154,245,20, 5
1155,245,20, 5
1156,245,20, 5
1157,245,20, 5
1158,245,20, 5
1159,245,20, 5
1160,245,20, 5
1161,245,20, 5
1162,245,20, 5
1163,245,20, 5
1164,245,20, 5
1165,245,20, 5
1166,245,20, 5
1167,245,20, 5
1168,245,20, 5
1169,245,20, 5
1170,245,20, 5
1171,245,20, 5
1172,245,20, 5
1173,245,20, 5
1174,245,20, 5
1175,245,20, 5
1176,245,20, 5
1177,245,20, 5
1178,245,20, 5
1179,245,20, 5
1180,245,20, 5
1181,245,20, 5
1182,245,20, 5
1183,245,20, 5
1184,245,20, 5
1185,245,20, 5
1186,245,20, 5
1187,245,20, 5
1188,245,20, 5
1189,245,20, 5
1190,245,20, 5
1191,245,20, 5
1192,245,20, 5
1193,245,20, 5
1194,245,20, 5
1195,245,20, 5
1196,245,20, 5
1197,245,20, 5
1198,245,20, 5
1199,245,20, 5
1200,245,20, 5
1201,245,20, 5
1202,245,20, 5
1203,245,20, 5
1204,245,20, 5
1205,245,20, 5
1206,245,20, 5
1207,245,20, 5
1208,245,20, 5
1209,245,20, 5
1210,245,20, 5
1211,245,20, 5
1212,245,20, 5
1213,245,20, 5
1214,245,20, 5
1215,245,20, 5
1216,245,20, 5
1217,245,20, 5
1218,245,20, 5
1219,245,20, 5
1220,245,20, 5
1221,245,20, 5
1222,245,20, 5
1223,245,20, 5
1224,245,20, 5
1225,245,20, 5
1226,245,20, 5
1227,245,20, 5
1228,245,20, 5
1229,244,19, 6
1230,243,18, 7
1231,243,18, 7
1232,243,18, 7
1233,243,18, 7
1234,243,18, 7
1235,243,18, 7
1236,243,18, 7
1237,243,18, 7
1238,243,18, 7
1239,243,18, 7
1240,243,18, 7
1241,243,18, 7
1242,243,18, 7
1243,243,18, 7
1244,243,18, 7
1245,243,18, 7
1246,243,18, 7
1247,243,18, 7
1248,243,18, 7
1249,243,18, 7
1250,243,18, 7
1251,243,18, 7
1252,243,18, 7
1253,243,18, 7
1254,243,18, 7
1255,243,18, 7
1256,243,18, 7
1257,243,18, 7
1258,243,18, 7
1259,243,18, 7
1260,243,18, 7
1261,243,18, 7
1262,243,18, 7
1263,243,18, 7
1264,243,18, 7
1265,243,18, 7
1266,243,18, 7
1267,243,18, 7
1268,243,18, 7
1269,243,18, 7
1270,243,18, 7
1271,243,18, 7
1272,242,17, 8
1273,242,17, 8
1274,242,17, 8
1275,242,17, 8
1276,242,17, 8
1277,242,17, 8
1278,242,17, 8
1279,242,17, 8
1280,242,17, 8
1281,242,17, 8
1282,242,17, 8
1283,242,17, 8
1284,242,17, 8
1285,242,17, 8
1286,242,17, 8
1287,242,17, 8
1288,242,17, 8
1289,242,17, 8
1290,242,17, 8
1291,242,17, 8
1292,242,17, 8
1293,242,17, 8
1294,242,17, 8
1295,242,17, 8
1296,242,17, 8
1297,242,17, 8
1298,242,17, 8
1299,242,17, 8
1300,242,17, 8
1301,242,17, 8
1302,242,17, 8
1303,242,17, 8
1304,242,17, 8
1305,242,17, 8
1306,242,17, 8
1307,242,17, 8
1308,242,17, 8
1309,242,17, 8
1310,242,17, 8
1311,242,17, 8
1312,242,17, 8
1313,242,17, 8
1314,242,17, 8
1315,242,17, 8
1316,242,17, 8
1317,242,17, 8
1318,242,17, 8
1319,242,17, 8
1320,242,17, 8
1321,242,17, 8
1322,242,17, 8
1323,242,17, 8
1324,242,17, 8
1325,242,17, 8
1326,242,17, 8
1327,242,17, 8
1328,242,17, 8
1329,242,17, 8
1330,242,17, 8
1331,242,17, 8
1332,242,17, 8
1333,242,17, 8
1334,242,17, 8
1335,242,17, 8
1336,242,17, 8
1337,242,17, 8
1338,242,17, 8
1339,242,17, 8
1340,242,17, 8
1341,242,17, 8
1342,242,17, 8
1343,242,17, 8
1344,242,17, 8
1345,242,17, 8
1346,242,17, 8
1347,242,17, 8
1348,242,17, 8
1349,242,17, 8
1350,242,17, 8
1351,242,17, 8
1352,242,17, 8
1353,242,17, 8
1354,242,17, 8
1355,242,17, 8
1356,242,17, 8
1357,242,17, 8
1358,242,17, 8
1359,242,17, 8
1360,242,17, 8
1361,242,17, 8
1362,242,17, 8
1363,242,17, 8
1364,242,17, 8
1365,242,17, 8
1366,242,17, 8
1367,242,17, 8
1368,242,17, 8
1369,242,17, 8
1370,242,17, 8
1371,242,17, 8
1372,242,17, 8
1373,242,17, 8
1374,242,17, 8
1375,242,17, 8
1376,242,17, 8
1377,242,17, 8
1378,242,17, 8
1379,242,17, 8
1380,242,17, 8
1381,242,17, 8
1382,242,17, 8
1383,242,17, 8
1384,242,17, 8
1385,242,17, 8
1386,242,17, 8
1387,242,17, 8
1388,242,17, 8
1389,242,17, 8
1390,242,17, 8
1391,242,17, 8
1392,242,17, 8
1393,242,17, 8
1394,242,17, 8
1395,242,17, 8
1396,242,17, 8
1397,242,17, 8
1398,242,17, 8
1399,242,17, 8
1400,242,17, 8
1401,242,17, 8
1402,242,17, 8
1403,242,17, 8
1404,242,17, 8
1405,242,17, 8
1406,242,17, 8
1407,242,17, 8
1408,242,17, 8
1409,242,17, 8
1410,242,17, 8
1411,242,17, 8
1412,242,17, 8
1413,242,17, 8
1414,242,17, 8
1415,242,17, 8
1416,242,17, 8
1417,242,17, 8
1418,242,17, 8
1419,242,17, 8
1420,242,17, 8
1421,242,17, 8
1422,242,17, 8
1423,242,17, 8
1424,242,17, 8
1425,242,17, 8
1426,242,17, 8
1427,242,17, 8
1428,242,17, 8
1429,242,17, 8
1430,242,17, 8
1431,242,17, 8
1432,242,17, 8
1433,242,17, 8
1434,242,17, 8
1435,242,17, 8
1436,242,17, 8
1437,242,17, 8
1438,242,17, 8
1439,242,17, 8
1440,242,17, 8
1441,242,17, 8
1442,242,17, 8
1443,242,17, 8
1444,242,17, 8
1445,242,17, 8
1446,242,17, 8
1447,242,17, 8
1448,242,17, 8
1449,242,17, 8
1450,242,17, 8
1451,242,17, 8
1452,242,17, 8
1453,242,17, 8
1454,242,17, 8
1455,242,17, 8
1456,242,17, 8
1457,242,17, 8
1458,242,17, 8
1459,242,17, 8
1460,242,17, 8
1461,242,17, 8
1462,242,17, 8
1463,242,17, 8
1464,242,17, 8
1465,242,17, 8
1466,242,17, 8
1467,242,17, 8
1468,242,17, 8
1469,242,17, 8
1470,242,17, 8
1471,242,17, 8
1472,242,17, 8
1473,242,17, 8
1474,242,17, 8
1475,242,17, 8
1476,242,17, 8
1477,242,17, 8
1478,242,17, 8
1479,242,17, 8
1480,242,17, 8
1481,242,17, 8
1482,242,17, 8
1483,242,17, 8
1484,242,17, 8
1485,242,17, 8
1486,242,17, 8
1487,242,17, 8
1488,242,17, 8
1489,242,17, 8
1490,242,17, 8
1491,242,17, 8
1492,242,17, 8
1493,242,17, 8
1494,242,17, 8
1495,242,17, 8
1496,242,17, 8
1497,242,17, 8
1498,242,17, 8
1499,242,17, 8
