pct	A0:B0	radius	Models	k1	k2	tau_eta	h_zeta	chi2	Scientist	Det
0	1:01	1	MA/MA	4.52E-07	1.79E-04	0	0	8.61E-01	4.58E+00	9.90E-01
0	1:01	1	ST/MA	3.37E-05	1.68E-12	1.34E+02	6.96E-01	6.75E-04	1.17E+01	1.00E+00
0	1:01	1	SV/MA	2.52E-17	8.56E-13	5.46E+00	6.55E-02	9.70E-03	9.06E+00	1.00E+00
0	1:01	1	ST/ST	3.37E-05	5.39E-09	1.34E+02	6.96E-01	6.75E-04	1.17E+01	1.00E+00
16000	1:01	1	MA/MA	2.39E-07	2.33E-04	0	0	6.61E-01	4.58E+00	9.90E-01
16000	1:01	1	ST/MA	3.04E-05	8.26E-12	2.21E+02	7.57E-01	2.33E-03	5.76E+00	9.97E-01
16000	1:01	1	SV/MA	2.38E-23	2.50E-13	2.31E+00	3.12E+00	8.39E-03	8.95E+00	1.00E+00
16000	1:01	1	ST/ST	3.03E-05	1.96E-08	2.21E+02	7.57E-01	2.33E-03	1.02E+01	1.00E+00
32000	1:01	1	MA/MA	3.25E-07	2.45E-04	0	0	1.25E+00	4.12E+00	9.84E-01
32000	1:01	1	ST/MA	5.29E-05	7.79E-13	1.69E+02	8.13E-01	4.12E-03	9.84E+00	1.00E+00
32000	1:01	1	SV/MA	4.68E-23	0.00E+00	5.39E+00	1.60E-02	5.68E-03	9.52E+00	1.00E+00
32000	1:01	1	ST/ST	5.29E-05	2.10E-08	1.69E+02	8.13E-01	4.12E-03	1.12E+00	6.74E-01
48000	1:01	1	MA/MA	4.61E-07	2.55E-04	0	0	1.81E+00	3.53E+00	9.71E-01
48000	1:01	1	ST/MA	6.43E-05	4.33E-13	1.04E+02	8.19E-01	2.99E-03	6.42E-01	4.74E-01
48000	1:01	1	SV/MA	4.24E-22	1.58E-12	3.21E+00	1.96E+00	3.85E-03	9.69E+00	1.00E+00
48000	1:01	1	ST/ST	6.43E-05	5.31E-09	1.04E+02	8.19E-01	2.99E-03	6.39E-01	4.72E-01
0	1:01	5	MA/MA	1.26E-06	4.67E-04	0	0	1.71E-02	6.28E+00	9.98E-01
0	1:01	5	ST/MA	2.26E-06	9.34E-05	3.63E-10	1.38E-01	4.48E-03	7.62E+00	1.00E+00
0	1:01	5	SV/MA	1.27E-13	5.96E-10	1.14E-02	2.92E+00	1.10E-02	6.72E+00	9.99E-01
0	1:01	5	ST/ST	2.24E-06	2.60E-04	1.91E-08	1.35E-01	4.55E-03	7.60E+00	1.00E+00
1500	1:01	5	MA/MA	8.02E-07	1.35E-03	0	0	5.06E-02	5.51E+00	9.96E-01
1500	1:01	5	ST/MA	2.12E-05	2.37E-12	7.67E+01	6.53E-01	6.76E-04	9.82E+00	1.00E+00
1500	1:01	5	SV/MA	5.22E-18	7.36E-04	4.55E+00	1.27E-01	3.92E-02	5.76E+00	9.97E-01
1500	1:01	5	ST/ST	2.12E-05	8.08E-08	7.67E+01	6.53E-01	6.76E-04	9.82E+00	1.00E+00
3000	1:01	5	MA/MA	9.22E-07	2.00E-03	0	0	7.34E-02	4.74E+00	9.91E-01
3000	1:01	5	ST/MA	9.17E-06	1.92E-04	1.77E+01	5.33E-01	5.45E-04	9.65E+00	1.00E+00
3000	1:01	5	SV/MA	6.54E-14	1.50E-03	2.99E+00	4.14E-05	6.75E-02	4.83E+00	9.92E-01
3000	1:01	5	ST/ST	5.15E-06	7.23E-03	1.05E+01	3.88E-01	5.70E-04	9.60E+00	1.00E+00
4500	1:01	5	MA/MA	1.08E-06	2.85E-03	0	0	4.26E-02	4.89E+00	9.92E-01
4500	1:01	5	ST/MA	1.31E-04	7.72E-05	7.23E+01	1.00E+00	9.45E-04	8.70E+00	1.00E+00
4500	1:01	5	SV/MA	1.00E-14	2.11E=03	2.32E+00	3.45E+00	3.86E-02	4.98E+00	9.93E-01
4500	1:01	5	ST/ST	1.46E-05	2.89E-02	4.37E+01	5.45E-01	8.60E-04	8.79E+00	1.00E+00
0	10:01	1	MA/MA	5.75E-07	3.75E-05	0	0	1.88E-01	5.54E+00	9.96E-01
0	10:01	1	ST/MA	6.47E-05	2.51E-13	1.04E+03	3.70E-01	1.56E-03	1.03E+01	1.00E+00
0	10:01	1	SV/MA	1.52E-09	2.85E-12	5.58E-01	5.13E-01	5.07E-03	9.16E+00	1.00E+00
0	10:01	1	ST/ST	6.46E-05	2.50E-09	1.04E+03	6.30E-01	1.56E-03	1.03E+01	1.00E+00
16000	10:01	1	MA/MA	2.52E-07	1.08E-04	0	0	1.47E-01	5.21E+00	9.95E-01
16000	10:01	1	ST/MA	6.87E-06	3.50E-12	2.62E+02	4.92E-01	8.09E-04	1.04E+01	1.00E+00
16000	10:01	1	SV/MA	2.43E-11	3.51E-11	3.75E-01	1.51E+00	2.22E-02	7.10E+00	9.99E-01
16000	10:01	1	ST/ST	6.87E-06	6.31E-10	2.62E+02	4.92E-01	8.09E-04	1.04E+01	1.00E+00
32000	10:01	1	MA/MA	4.00E-07	1.29E-04	0	0	3.40E-01	4.71E+00	9.91E-01
32000	10:01	1	ST/MA	4.07E-05	0.00E+00	3.30E+02	6.86E-01	1.64E-03	1.00E+01	1.00E+00
32000	10:01	1	SV/MA	3.27E-12	4.63E-11	7.00E-01	1.59E+00	1.69E-02	7.71E+00	1.00E+00
32000	10:01	1	ST/ST	4.07E-05	9.55E-10	3.30E+02	6.86E-01	1.64E-03	1.00E+01	1.00E+00
48000	10:01	1	MA/MA	6.41E-07	1.33E-04	0	0	4.26E-01	4.28E+00	9.86E-01
48000	10:01	1	ST/MA	1.32E-04	5.67E-06	3.50E+02	7.93E-01	7.00E+00	1.07E+01	1.00E+00
48000	10:01	1	SV/MA	5.23E-11	2.15E-06	4.70E-01	1.47E+00	1.36E-03	1.00E+01	1.00E+00
48000	10:01	1	ST/ST	4.77E-05	4.43E-03	2.69E+02	6.46E-01	5.86E-04	1.09E+01	1.00E+00
0	10:01	5	MA/MA	1.21E-06	3.52E-04	0	0	5.54E-03	5.50E+00	9.96E-01
0	10:01	5	ST/MA	2.20E-06	2.39E-09	1.01E-03	1.37E-01	3.23E-03	6.04E+00	9.98E-01
0	10:01	5	SV/MA	1.48E-11	9.19E-10	1.08E+00	1.67E+00	5.14E-03	5.57E+00	9.96E-01
0	10:01	5	ST/ST	2.20E-06	1.08E-08	1.01E-03	1.37E-01	3.23E-03	6.04E+00	9.98E-01
1500	10:01	5	MA/MA	7.44E-07	1.16E-03	0	0	3.72E-03	5.72E+00	9.97E-01
1500	10:01	5	ST/MA	1.93E-06	3.20E-04	3.00E-01	2.30E-01	6.09E-04	3.75E+00	9.76E-01
1500	10:01	5	SV/MA	5.48E-23	3.58E-05	3.16E-03	1.16E+01	1.58E-03	6.58E+00	9.99E-01
1500	10:01	5	ST/ST	1.77E-06	1.72E-03	2.47E-04	2.01E-01	6.09E-04	7.53E+00	9.99E-01
3000	10:01	5	MA/MA	8.87E-07	1.74E-03	0	0	2.45E-03	6.06E+00	9.98E-01
3000	10:01	5	ST/MA	1.21E-04	1.58E-04	2.09E+02	8.80E-01	8.17E-04	7.15E+00	9.99E-01
3000	10:01	5	SV/MA	1.05E-19	5.46E-04	1.71E-05	9.28E+00	1.19E-03	6.78E+00	9.99E-01
3000	10:01	5	ST/ST	6.93E-06	1.07E-02	1.31E+02	3.78E-01	8.21E-04	7.15E+00	9.99E-01
4500	10:01	5	MA/MA	1.21E-06	2.84E-03	0	0	1.05E-02	4.22E+00	9.85E-01
4500	10:01	5	ST/MA	9.26E-05	1.81E-12	4.50E+01	9.50E-01	7.78E-04	6.83E+00	9.99E-01
4500	10:01	5	SV/MA	1.13E-23	8.86E-04	2.37E-05	1.22E+01	6.24E-03	4.75E+00	9.91E-01
4500	10:01	5	ST/ST	9.24E-05	1.47E-06	4.50E+01	9.50E-01	7.78E-04	-2.16E+00	-7.70E+00
