79.0	84.71578903249575	2.6329931618554516	1	0
60.0	17.16580753730952	74.48469228349535	1	0
48.0	20.629909152447276	94.08061022576078	1	0
49.0	82.40638795573724	98.97958971132714	1	0
79.0	40.837168574084174	53.25578117937447	1	0
89.0	29.29016319029167	90.81462390204987	1	0
65.0	5.04145188432738	22.22891110412088	1	0
99.0	1.5773502691896257	61.420746988651736	1	0
6.0	41.4145188432738	2.6329931618554516	1	0
15.0	53.53887449625592	35.292856398964496	1	0
39.0	58.157676649772924	66.31972647421809	1	0
86.0	3.309401076758503	90.81462390204987	1	0
47.0	44.301270189221924	63.05374015050719	1	0
4.0	51.80682368868705	90.81462390204987	1	0
34.0	27.55811238272279	32.02687007525359	1	0
90.0	63.35382907247955	20.595917942265427	1	0
35.0	33.908965343808674	23.86190426597633	1	0
84.0	48.3427220735493	58.15476066494083	1	0
16.0	56.42562584220405	33.65986323710904	1	0
28.0	34.4863156129983	67.95271963607354	1	0
47.0	72.01408311032395	59.78775382679628	1	0
39.0	88.17989064763351	22.22891110412088	1	0
99.0	30.44486372867092	85.91564441648352	1	0
31.0	82.40638795573724	23.86190426597633	1	0
17.0	91.64399226277128	61.420746988651736	1	0
72.0	32.1769145362398	30.39387691339814	1	0
38.0	4.464101615137754	20.595917942265427	1	0
20.0	13.701705922171763	94.08061022576078	1	0
98.0	80.67433714816836	17.32993161855452	1	0
71.0	51.229473419497424	36.92584956081995	1	0
24.0	14.856406460551016	53.25578117937447	1	0
78.0	14.856406460551016	98.97958971132714	1	0
49.0	39.68246803570492	28.76088375154269	1	0
7.0	6.196152422706632	95.71360338761623	1	0
7.0	26.980762113533164	46.72380853195266	1	0
48.0	72.59143337951357	32.02687007525359	1	0
51.0	89.33459118601277	40.19183588453085	1	0
63.0	47.765371804359674	46.72380853195266	1	0
43.0	85.87048957087501	36.92584956081995	1	0
91.0	70.85938257194469	84.28265125462806	1	0
81.0	53.53887449625592	81.01666493091716	1	0
65.0	8.505553499465133	51.62278801751902	1	0
49.0	61.621778264910674	63.05374015050719	1	0
35.0	84.71578903249575	74.48469228349535	1	0
73.0	46.61067126598042	58.15476066494083	1	0
88.0	77.2102355330306	82.64965809277261	1	0
87.0	11.969655114602887	84.28265125462806	1	0
82.0	62.199128534100296	94.08061022576078	1	0
63.0	20.05255888325765	46.72380853195266	1	0
98.0	4.464101615137754	30.39387691339814	1	0
47.0	50.07477288111817	25.494897427831784	1	0
48.0	7.928203230275509	56.52176750308538	1	0
5.0	58.157676649772924	4.265986323710903	1	0
31.0	32.75426480542942	5.898979485566355	1	0
12.0	14.856406460551016	63.05374015050719	1	0
62.0	3.309401076758503	15.696938456699069	1	0
73.0	98.5721954930468	28.76088375154269	1	0
72.0	96.84014468547792	61.420746988651736	1	0
3.0	68.54998149518619	92.44761706390533	1	0
74.0	79.5196366097891	51.62278801751902	1	0
60.0	76.05553499465134	15.696938456699069	1	0
58.0	46.0333209967908	36.92584956081995	1	0
89.0	58.157676649772924	92.44761706390533	1	0
45.0	20.05255888325765	66.31972647421809	1	0
57.0	78.94228634059948	33.65986323710904	1	0
91.0	37.373066958946424	95.71360338761623	1	0
49.0	92.79869280115054	98.97958971132714	1	0
32.0	82.98373822492687	38.5588427226754	1	0
28.0	97.99484522385718	76.1176854453508	1	0
96.0	96.84014468547792	28.76088375154269	1	0
33.0	78.94228634059948	27.127890589687237	1	0
53.0	1.5773502691896257	2.6329931618554516	1	0
4.0	48.3427220735493	35.292856398964496	1	0
28.0	32.1769145362398	33.65986323710904	1	0
23.0	65.08587988004842	63.05374015050719	1	0
79.0	39.68246803570492	84.28265125462806	1	0
47.0	2.732050807568877	43.45782220824176	1	0
27.0	91.64399226277128	54.888774341229926	1	0
46.0	14.856406460551016	36.92584956081995	1	0
79.0	78.94228634059948	30.39387691339814	1	0
97.0	9.660254037844386	49.98979485566357	1	0
31.0	15.43375672974064	2.6329931618554516	1	0
71.0	11.969655114602887	5.898979485566355	1	0
95.0	84.71578903249575	51.62278801751902	1	0
47.0	29.29016319029167	71.21870595978444	1	0
56.0	80.67433714816836	10.797958971132712	1	0
76.0	72.59143337951357	35.292856398964496	1	0
39.0	9.660254037844386	30.39387691339814	1	0
2.0	79.5196366097891	58.15476066494083	1	0
99.0	65.08587988004842	4.265986323710903	1	0
87.0	36.21836642056717	18.962924780409974	1	0
42.0	48.3427220735493	15.696938456699069	1	0
70.0	39.1051177665153	66.31972647421809	1	0
93.0	89.33459118601277	72.8516991216399	1	0
51.0	88.17989064763351	48.356801693808116	1	0
95.0	60.46707772653142	9.164965809277259	1	0
37.0	22.361959960016154	15.696938456699069	1	0
6.0	18.32050807568877	4.265986323710903	1	0
36.0	86.44783984006463	41.824829046386306	1	0
10.0	55.2709253038248	54.888774341229926	1	0
86.0	14.856406460551016	14.063945294843617	1	0
97.0	84.71578903249575	94.08061022576078	1	0
17.0	82.40638795573724	27.127890589687237	1	0
57.0	9.660254037844386	1.0	1	0
94.0	41.4145188432738	54.888774341229926	1	0
40.0	87.60254037844389	95.71360338761623	1	0
42.0	94.53074360871942	92.44761706390533	1	0
37.0	82.40638795573724	66.31972647421809	1	0
42.0	69.12733176437581	45.09081537009721	1	0
9.0	8.505553499465133	25.494897427831784	1	0
14.0	65.66323014923805	25.494897427831784	1	0
89.0	11.969655114602887	18.962924780409974	1	0
19.0	40.837168574084174	98.97958971132714	1	0
55.0	23.516660498395407	82.64965809277261	1	0
45.0	46.61067126598042	74.48469228349535	1	0
44.0	42.56921938165305	85.91564441648352	1	0
78.0	14.856406460551016	40.19183588453085	1	0
84.0	82.98373822492687	54.888774341229926	1	0
28.0	94.53074360871942	4.265986323710903	1	0
40.0	84.13843876330613	76.1176854453508	1	0
98.0	39.1051177665153	4.265986323710903	1	0
36.0	72.59143337951357	94.08061022576078	1	0
30.0	44.87862045841155	94.08061022576078	1	0
47.0	63.93117934166917	74.48469228349535	1	0
83.0	63.93117934166917	81.01666493091716	1	0
19.0	30.44486372867092	49.98979485566357	1	0
5.0	77.78758580222022	35.292856398964496	1	0
23.0	8.505553499465133	22.22891110412088	1	0
13.0	32.75426480542942	48.356801693808116	1	0
20.0	27.55811238272279	71.21870595978444	1	0
24.0	82.98373822492687	25.494897427831784	1	0
50.0	72.59143337951357	28.76088375154269	1	0
47.0	53.53887449625592	71.21870595978444	1	0
17.0	88.17989064763351	61.420746988651736	1	0
12.0	66.8179306876173	76.1176854453508	1	0
53.0	61.621778264910674	69.58571279792899	1	0
42.0	11.392304845413262	17.32993161855452	1	0
10.0	1.0	56.52176750308538	1	0
86.0	77.2102355330306	92.44761706390533	1	0
40.0	77.2102355330306	92.44761706390533	1	0
50.0	51.80682368868705	74.48469228349535	1	0
11.0	46.61067126598042	97.34659654947168	1	0
15.0	11.969655114602887	35.292856398964496	1	0
69.0	68.54998149518619	56.52176750308538	1	0
40.0	69.12733176437581	45.09081537009721	1	0
47.0	92.79869280115054	89.18163074019442	1	0
40.0	44.87862045841155	84.28265125462806	1	0
10.0	62.199128534100296	87.54863757833897	1	0
93.0	88.17989064763351	28.76088375154269	1	0
85.0	37.373066958946424	49.98979485566357	1	0
63.0	22.361959960016154	58.15476066494083	1	0
92.0	63.35382907247955	95.71360338761623	1	0
55.0	50.07477288111817	41.824829046386306	1	0
58.0	89.9119414552024	22.22891110412088	1	0
3.0	51.229473419497424	92.44761706390533	1	0
84.0	56.42562584220405	4.265986323710903	1	0
19.0	44.301270189221924	36.92584956081995	1	0
12.0	10.23760430703401	54.888774341229926	1	0
21.0	57.00297611139367	61.420746988651736	1	0
45.0	9.660254037844386	95.71360338761623	1	0
95.0	18.897858344878397	84.28265125462806	1	0
51.0	61.621778264910674	89.18163074019442	1	0
56.0	13.701705922171763	25.494897427831784	1	0
82.0	62.199128534100296	25.494897427831784	1	0
77.0	82.40638795573724	53.25578117937447	1	0
34.0	11.392304845413262	46.72380853195266	1	0
82.0	84.13843876330613	69.58571279792899	1	0
87.0	98.5721954930468	77.75067860720625	1	0
39.0	5.04145188432738	35.292856398964496	1	0
28.0	25.248711305964285	46.72380853195266	1	0
2.0	31.022213997860547	45.09081537009721	1	0
63.0	51.229473419497424	7.5319726474218065	1	0
60.0	7.928203230275509	95.71360338761623	1	0
1.0	68.54998149518619	59.78775382679628	1	0
12.0	27.55811238272279	38.5588427226754	1	0
56.0	72.59143337951357	2.6329931618554516	1	0
5.0	26.980762113533164	72.8516991216399	1	0
83.0	89.33459118601277	7.5319726474218065	1	0
43.0	37.373066958946424	1.0	1	0
76.0	66.8179306876173	49.98979485566357	1	0
22.0	39.1051177665153	33.65986323710904	1	0
55.0	8.505553499465133	25.494897427831784	1	0
25.0	37.373066958946424	23.86190426597633	1	0
49.0	65.08587988004842	72.8516991216399	1	0
9.0	39.68246803570492	61.420746988651736	1	0
52.0	21.784609690826528	43.45782220824176	1	0
57.0	53.53887449625592	32.02687007525359	1	0
79.0	23.516660498395407	79.3836717690617	1	0
48.0	17.16580753730952	51.62278801751902	1	0
25.0	68.54998149518619	98.97958971132714	1	0
54.0	1.0	7.5319726474218065	1	0
19.0	84.71578903249575	9.164965809277259	1	0
94.0	13.701705922171763	18.962924780409974	1	0
26.0	77.2102355330306	92.44761706390533	1	0
87.0	65.08587988004842	72.8516991216399	1	0
29.0	36.21836642056717	54.888774341229926	1	0
65.0	78.94228634059948	63.05374015050719	1	0
64.0	24.094010767585033	84.28265125462806	1	0
7.0	8.505553499465133	77.75067860720625	1	0
16.0	27.55811238272279	35.292856398964496	1	0
70.0	6.773502691896256	51.62278801751902	1	0
32.0	91.06664199358165	43.45782220824176	1	0
89.0	36.21836642056717	45.09081537009721	1	0
33.0	68.54998149518619	23.86190426597633	1	0
91.0	61.621778264910674	76.1176854453508	1	0
9.0	65.08587988004842	72.8516991216399	1	0
49.0	72.01408311032395	72.8516991216399	1	0
43.0	43.14656965084267	9.164965809277259	1	0
18.0	37.95041722813605	51.62278801751902	1	0
58.0	62.199128534100296	48.356801693808116	1	0
47.0	51.229473419497424	76.1176854453508	1	0
87.0	30.44486372867092	40.19183588453085	1	0
71.0	51.229473419497424	85.91564441648352	1	0
36.0	4.464101615137754	72.8516991216399	1	0
50.0	72.59143337951357	12.430952132988164	1	0
74.0	7.928203230275509	63.05374015050719	1	0
98.0	6.773502691896256	18.962924780409974	1	0
19.0	13.124355652982139	14.063945294843617	1	0
98.0	44.87862045841155	12.430952132988164	1	0
71.0	22.361959960016154	61.420746988651736	1	0
51.0	72.01408311032395	63.05374015050719	1	0
97.0	70.85938257194469	87.54863757833897	1	0
70.0	59.8897274573418	46.72380853195266	1	0
75.0	96.2627944162883	36.92584956081995	1	0
66.0	58.73502691896255	87.54863757833897	1	0
58.0	65.66323014923805	97.34659654947168	1	0
39.0	51.229473419497424	33.65986323710904	1	0
72.0	20.629909152447276	81.01666493091716	1	0
84.0	55.2709253038248	81.01666493091716	1	0
34.0	86.44783984006463	5.898979485566355	1	0
54.0	62.199128534100296	64.68673331236263	1	0
15.0	22.361959960016154	84.28265125462806	1	0
35.0	37.373066958946424	17.32993161855452	1	0
49.0	88.17989064763351	35.292856398964496	1	0
38.0	11.392304845413262	69.58571279792899	1	0
30.0	21.784609690826528	14.063945294843617	1	0
99.0	78.94228634059948	59.78775382679628	1	0
17.0	65.08587988004842	23.86190426597633	1	0
5.0	72.01408311032395	82.64965809277261	1	0
20.0	28.712812921102042	14.063945294843617	1	0
4.0	56.42562584220405	43.45782220824176	1	0
37.0	98.5721954930468	81.01666493091716	1	0
3.0	91.64399226277128	77.75067860720625	1	0
73.0	92.79869280115054	14.063945294843617	1	0
8.0	1.0	14.063945294843617	1	0
18.0	13.701705922171763	58.15476066494083	1	0
61.0	72.01408311032395	92.44761706390533	1	0
36.0	94.53074360871942	69.58571279792899	1	0
68.0	14.856406460551016	4.265986323710903	1	0
1.0	95.10809387790904	9.164965809277259	1	0
33.0	54.693575034635174	69.58571279792899	1	0
49.0	46.61067126598042	97.34659654947168	1	0
18.0	25.248711305964285	56.52176750308538	1	0
20.0	82.98373822492687	61.420746988651736	1	0
40.0	84.13843876330613	79.3836717690617	1	0
14.0	55.2709253038248	28.76088375154269	1	0
47.0	81.25168741735799	45.09081537009721	1	0
60.0	6.773502691896256	32.02687007525359	1	0
20.0	97.99484522385718	43.45782220824176	1	0
87.0	33.908965343808674	59.78775382679628	1	0
2.0	84.13843876330613	49.98979485566357	1	0
20.0	66.8179306876173	1.0	1	0
8.0	11.392304845413262	89.18163074019442	1	0
55.0	57.00297611139367	90.81462390204987	1	0
73.0	46.61067126598042	12.430952132988164	1	0
85.0	72.01408311032395	89.18163074019442	1	0
84.0	21.784609690826528	79.3836717690617	1	0
51.0	57.00297611139367	28.76088375154269	1	0
24.0	66.8179306876173	1.0	1	0
53.0	81.25168741735799	84.28265125462806	1	0
33.0	18.897858344878397	84.28265125462806	1	0
95.0	23.516660498395407	27.127890589687237	1	0
18.0	66.8179306876173	7.5319726474218065	1	0
38.0	24.094010767585033	77.75067860720625	1	0
73.0	37.373066958946424	20.595917942265427	1	0
57.0	36.21836642056717	94.08061022576078	1	0
76.0	80.67433714816836	14.063945294843617	1	0
66.0	35.64101615137755	49.98979485566357	1	0
62.0	35.64101615137755	53.25578117937447	1	0
3.0	84.71578903249575	48.356801693808116	1	0
22.0	24.094010767585033	77.75067860720625	1	0
81.0	23.516660498395407	66.31972647421809	1	0
5.0	20.05255888325765	1.0	1	0
49.0	20.05255888325765	89.18163074019442	1	0
48.0	18.32050807568877	72.8516991216399	1	0
81.0	1.5773502691896257	84.28265125462806	1	0
17.0	63.93117934166917	97.34659654947168	1	0
99.0	54.693575034635174	10.797958971132712	1	0
25.0	85.87048957087501	59.78775382679628	1	0
96.0	79.5196366097891	97.34659654947168	1	0
17.0	53.53887449625592	97.34659654947168	1	0
64.0	31.022213997860547	54.888774341229926	1	0
17.0	57.00297611139367	22.22891110412088	1	0
30.0	32.1769145362398	23.86190426597633	1	0
60.0	24.094010767585033	90.81462390204987	1	0
77.0	82.40638795573724	56.52176750308538	1	0
21.0	92.79869280115054	53.25578117937447	1	0
53.0	89.33459118601277	76.1176854453508	1	0
92.0	79.5196366097891	22.22891110412088	1	0
99.0	5.04145188432738	25.494897427831784	1	0
71.0	1.5773502691896257	25.494897427831784	1	0
60.0	4.464101615137754	30.39387691339814	1	0
43.0	13.124355652982139	7.5319726474218065	1	0
33.0	91.64399226277128	61.420746988651736	1	0
16.0	10.23760430703401	58.15476066494083	1	0
87.0	44.301270189221924	7.5319726474218065	1	0
91.0	51.229473419497424	46.72380853195266	1	0
70.0	18.32050807568877	33.65986323710904	1	0
52.0	37.95041722813605	32.02687007525359	1	0
56.0	6.773502691896256	22.22891110412088	1	0
9.0	85.87048957087501	98.97958971132714	1	0
51.0	85.87048957087501	46.72380853195266	1	0
32.0	32.1769145362398	17.32993161855452	1	0
14.0	14.856406460551016	89.18163074019442	1	0
23.0	43.14656965084267	97.34659654947168	1	0
6.0	94.53074360871942	69.58571279792899	1	0
68.0	48.3427220735493	81.01666493091716	1	0
49.0	84.71578903249575	97.34659654947168	1	0
29.0	32.75426480542942	58.15476066494083	1	0
11.0	6.196152422706632	66.31972647421809	1	0
52.0	56.42562584220405	95.71360338761623	1	0
57.0	53.53887449625592	35.292856398964496	1	0
97.0	26.980762113533164	98.97958971132714	1	0
3.0	8.505553499465133	81.01666493091716	1	0
61.0	63.93117934166917	5.898979485566355	1	0
30.0	18.32050807568877	98.97958971132714	1	0
51.0	82.40638795573724	59.78775382679628	1	0
7.0	13.124355652982139	20.595917942265427	1	0
60.0	25.248711305964285	46.72380853195266	1	0
56.0	46.0333209967908	92.44761706390533	1	0
53.0	88.17989064763351	74.48469228349535	1	0
6.0	76.05553499465134	15.696938456699069	1	0
58.0	35.64101615137755	59.78775382679628	1	0
23.0	68.54998149518619	53.25578117937447	1	0
19.0	6.196152422706632	63.05374015050719	1	0
46.0	14.856406460551016	69.58571279792899	1	0
96.0	89.9119414552024	22.22891110412088	1	0
33.0	68.54998149518619	63.05374015050719	1	0
36.0	27.55811238272279	28.76088375154269	1	0
98.0	69.12733176437581	48.356801693808116	1	0
80.0	17.16580753730952	48.356801693808116	1	0
43.0	18.897858344878397	67.95271963607354	1	0
11.0	46.61067126598042	45.09081537009721	1	0
66.0	89.9119414552024	74.48469228349535	1	0
5.0	58.157676649772924	27.127890589687237	1	0
88.0	82.98373822492687	97.34659654947168	1	0
38.0	48.3427220735493	61.420746988651736	1	0
8.0	17.16580753730952	61.420746988651736	1	0
47.0	98.5721954930468	35.292856398964496	1	0
72.0	80.67433714816836	27.127890589687237	1	0
78.0	31.022213997860547	5.898979485566355	1	0
42.0	3.309401076758503	28.76088375154269	1	0
16.0	51.80682368868705	15.696938456699069	1	0
53.0	9.660254037844386	4.265986323710903	1	0
59.0	72.01408311032395	53.25578117937447	1	0
58.0	7.928203230275509	27.127890589687237	1	0
82.0	10.23760430703401	81.01666493091716	1	0
78.0	42.56921938165305	69.58571279792899	1	0
6.0	80.67433714816836	7.5319726474218065	1	0
42.0	10.23760430703401	90.81462390204987	1	0
75.0	85.87048957087501	17.32993161855452	1	0
75.0	43.14656965084267	28.76088375154269	1	0
69.0	30.44486372867092	76.1176854453508	1	0
49.0	22.361959960016154	28.76088375154269	1	0
4.0	7.928203230275509	89.18163074019442	1	0
78.0	20.629909152447276	54.888774341229926	1	0
9.0	43.14656965084267	81.01666493091716	1	0
19.0	29.29016319029167	9.164965809277259	1	0
15.0	65.08587988004842	59.78775382679628	1	0
56.0	34.4863156129983	38.5588427226754	1	0
90.0	14.856406460551016	7.5319726474218065	1	0
35.0	36.21836642056717	51.62278801751902	1	0
10.0	46.0333209967908	69.58571279792899	1	0
96.0	41.4145188432738	94.08061022576078	1	0
61.0	77.78758580222022	25.494897427831784	1	0
12.0	27.55811238272279	25.494897427831784	1	0
80.0	21.784609690826528	69.58571279792899	1	0
50.0	46.0333209967908	43.45782220824176	1	0
35.0	95.10809387790904	22.22891110412088	1	0
32.0	59.8897274573418	27.127890589687237	1	0
80.0	44.87862045841155	81.01666493091716	1	0
71.0	13.124355652982139	46.72380853195266	1	0
75.0	98.5721954930468	90.81462390204987	1	0
87.0	47.765371804359674	53.25578117937447	1	0
18.0	32.1769145362398	63.05374015050719	1	0
55.0	82.40638795573724	66.31972647421809	1	0
85.0	40.837168574084174	36.92584956081995	1	0
66.0	11.392304845413262	7.5319726474218065	1	0
10.0	79.5196366097891	12.430952132988164	1	0
1.0	85.87048957087501	36.92584956081995	1	0
86.0	39.1051177665153	95.71360338761623	1	0
31.0	18.897858344878397	74.48469228349535	1	0
39.0	47.765371804359674	98.97958971132714	1	0
98.0	34.4863156129983	45.09081537009721	1	0
48.0	49.49742261192855	4.265986323710903	1	0
34.0	7.928203230275509	89.18163074019442	1	0
19.0	82.40638795573724	69.58571279792899	1	0
4.0	82.98373822492687	15.696938456699069	1	0
79.0	43.14656965084267	74.48469228349535	1	0
26.0	58.73502691896255	28.76088375154269	1	0
36.0	48.3427220735493	67.95271963607354	1	0
33.0	98.5721954930468	15.696938456699069	1	0
58.0	27.55811238272279	48.356801693808116	1	0
75.0	81.25168741735799	28.76088375154269	1	0
22.0	27.55811238272279	45.09081537009721	1	0
28.0	44.87862045841155	25.494897427831784	1	0
25.0	20.05255888325765	14.063945294843617	1	0
87.0	77.78758580222022	2.6329931618554516	1	0
23.0	96.2627944162883	49.98979485566357	1	0
80.0	94.53074360871942	43.45782220824176	1	0
83.0	70.85938257194469	35.292856398964496	1	0
88.0	77.2102355330306	14.063945294843617	1	0
21.0	84.71578903249575	51.62278801751902	1	0
5.0	81.25168741735799	87.54863757833897	1	0
12.0	27.55811238272279	45.09081537009721	1	0
19.0	46.61067126598042	12.430952132988164	1	0
41.0	98.5721954930468	71.21870595978444	1	0
50.0	86.44783984006463	12.430952132988164	1	0
7.0	11.969655114602887	90.81462390204987	1	0
76.0	72.59143337951357	90.81462390204987	1	0
82.0	11.392304845413262	33.65986323710904	1	0
80.0	34.4863156129983	48.356801693808116	1	0
67.0	23.516660498395407	85.91564441648352	1	0
78.0	82.98373822492687	25.494897427831784	1	0
44.0	55.2709253038248	90.81462390204987	1	0
1.0	72.01408311032395	92.44761706390533	1	0
53.0	98.5721954930468	48.356801693808116	1	0
85.0	53.53887449625592	9.164965809277259	1	0
61.0	50.07477288111817	81.01666493091716	1	0
34.0	97.99484522385718	49.98979485566357	1	0
95.0	54.693575034635174	72.8516991216399	1	0
49.0	18.897858344878397	87.54863757833897	1	0
85.0	6.196152422706632	53.25578117937447	1	0
72.0	66.8179306876173	30.39387691339814	1	0
65.0	95.10809387790904	48.356801693808116	1	0
53.0	50.07477288111817	35.292856398964496	1	0
49.0	78.94228634059948	59.78775382679628	1	0
11.0	6.196152422706632	79.3836717690617	1	0
11.0	47.765371804359674	56.52176750308538	1	0
98.0	17.16580753730952	22.22891110412088	1	0
79.0	11.969655114602887	32.02687007525359	1	0
57.0	75.47818472546172	7.5319726474218065	1	0
2.0	10.23760430703401	87.54863757833897	1	0
72.0	35.64101615137755	92.44761706390533	1	0
23.0	23.516660498395407	23.86190426597633	1	0
71.0	75.47818472546172	36.92584956081995	1	0
54.0	46.0333209967908	33.65986323710904	1	0
79.0	54.693575034635174	53.25578117937447	1	0
55.0	47.765371804359674	53.25578117937447	1	0
12.0	69.12733176437581	54.888774341229926	1	0
70.0	4.464101615137754	4.265986323710903	1	0
30.0	24.094010767585033	64.68673331236263	1	0
93.0	82.40638795573724	20.595917942265427	1	0
94.0	58.73502691896255	71.21870595978444	1	0
23.0	16.588457268119893	43.45782220824176	1	0
26.0	31.022213997860547	90.81462390204987	1	0
83.0	51.229473419497424	69.58571279792899	1	0
81.0	2.732050807568877	40.19183588453085	1	0
33.0	96.2627944162883	23.86190426597633	1	0
77.0	68.54998149518619	7.5319726474218065	1	0
81.0	72.01408311032395	30.39387691339814	1	0
78.0	48.3427220735493	48.356801693808116	1	0
50.0	49.49742261192855	85.91564441648352	1	0
81.0	82.40638795573724	69.58571279792899	1	0
81.0	2.732050807568877	95.71360338761623	1	0
81.0	82.40638795573724	30.39387691339814	1	0
92.0	87.60254037844389	49.98979485566357	1	0
54.0	96.84014468547792	28.76088375154269	1	0
10.0	70.28203230275507	76.1176854453508	1	0
98.0	46.0333209967908	63.05374015050719	1	0
38.0	82.98373822492687	12.430952132988164	1	0
23.0	96.2627944162883	1.0	1	0
57.0	40.837168574084174	92.44761706390533	1	0
83.0	82.40638795573724	69.58571279792899	1	0
4.0	28.712812921102042	76.1176854453508	1	0
30.0	21.784609690826528	69.58571279792899	1	0
12.0	1.0	49.98979485566357	1	0
20.0	93.37604307034016	45.09081537009721	1	0
29.0	1.5773502691896257	87.54863757833897	1	0
76.0	65.66323014923805	90.81462390204987	1	0
80.0	66.8179306876173	4.265986323710903	1	0
37.0	85.87048957087501	79.3836717690617	1	0
82.0	17.16580753730952	18.962924780409974	1	0
83.0	20.05255888325765	59.78775382679628	1	0
36.0	55.2709253038248	48.356801693808116	1	0
66.0	65.66323014923805	25.494897427831784	1	0
78.0	17.16580753730952	54.888774341229926	1	0
48.0	11.392304845413262	79.3836717690617	1	0
11.0	72.01408311032395	82.64965809277261	1	0
43.0	1.5773502691896257	38.5588427226754	1	0
80.0	41.4145188432738	71.21870595978444	1	0
16.0	17.16580753730952	25.494897427831784	1	0
85.0	8.505553499465133	94.08061022576078	1	0
95.0	5.04145188432738	81.01666493091716	1	0
76.0	25.248711305964285	36.92584956081995	1	0
44.0	14.856406460551016	59.78775382679628	1	0
52.0	52.9615242270663	72.8516991216399	1	0
62.0	24.094010767585033	15.696938456699069	1	0
1.0	54.693575034635174	4.265986323710903	1	0
33.0	13.124355652982139	23.86190426597633	1	0
90.0	62.199128534100296	41.824829046386306	1	0
89.0	82.40638795573724	40.19183588453085	1	0
95.0	96.2627944162883	14.063945294843617	1	0
12.0	51.80682368868705	32.02687007525359	1	0
51.0	9.660254037844386	23.86190426597633	1	0
7.0	25.82606157515391	15.696938456699069	1	0
82.0	18.32050807568877	7.5319726474218065	1	0
32.0	6.773502691896256	18.962924780409974	1	0
39.0	89.33459118601277	53.25578117937447	1	0
5.0	36.21836642056717	38.5588427226754	1	0
20.0	73.74613391789283	7.5319726474218065	1	0
18.0	58.73502691896255	64.68673331236263	1	0
67.0	89.33459118601277	1.0	1	0
61.0	75.47818472546172	76.1176854453508	1	0
44.0	41.4145188432738	22.22891110412088	1	0
9.0	16.588457268119893	27.127890589687237	1	0
97.0	44.301270189221924	30.39387691339814	1	0
76.0	37.95041722813605	94.08061022576078	1	0
72.0	87.60254037844389	7.5319726474218065	1	0
73.0	81.25168741735799	25.494897427831784	1	0
39.0	11.969655114602887	87.54863757833897	1	0
83.0	47.765371804359674	4.265986323710903	1	0
73.0	26.980762113533164	7.5319726474218065	1	0
77.0	29.29016319029167	77.75067860720625	1	0
25.0	13.124355652982139	17.32993161855452	1	0
1.0	20.05255888325765	14.063945294843617	1	0
46.0	20.629909152447276	18.962924780409974	1	0
19.0	88.17989064763351	94.08061022576078	1	0
10.0	94.53074360871942	79.3836717690617	1	0
68.0	91.06664199358165	72.8516991216399	1	0
93.0	89.33459118601277	43.45782220824176	1	0
91.0	11.969655114602887	77.75067860720625	1	0
72.0	86.44783984006463	41.824829046386306	1	0
38.0	79.5196366097891	12.430952132988164	1	0
14.0	28.712812921102042	23.86190426597633	1	0
55.0	81.25168741735799	41.824829046386306	1	0
50.0	49.49742261192855	66.31972647421809	1	0
76.0	6.773502691896256	15.696938456699069	1	0
75.0	51.229473419497424	53.25578117937447	1	0
63.0	33.908965343808674	72.8516991216399	1	0
14.0	94.53074360871942	14.063945294843617	1	0
95.0	36.21836642056717	45.09081537009721	1	0
66.0	76.05553499465134	35.292856398964496	1	0
30.0	48.3427220735493	18.962924780409974	1	0
57.0	36.21836642056717	15.696938456699069	1	0
48.0	11.392304845413262	7.5319726474218065	1	0
19.0	33.908965343808674	63.05374015050719	1	0
62.0	69.12733176437581	74.48469228349535	1	0
56.0	59.8897274573418	33.65986323710904	1	0
51.0	37.373066958946424	89.18163074019442	1	0
25.0	67.39528095680693	81.01666493091716	1	0
36.0	80.67433714816836	85.91564441648352	1	0
94.0	28.712812921102042	69.58571279792899	1	0
85.0	54.693575034635174	40.19183588453085	1	0
87.0	77.78758580222022	64.68673331236263	1	0
68.0	89.9119414552024	5.898979485566355	1	0
19.0	43.14656965084267	41.824829046386306	1	0
42.0	96.84014468547792	74.48469228349535	1	0
93.0	98.5721954930468	28.76088375154269	1	0
69.0	98.5721954930468	87.54863757833897	1	0
51.0	60.46707772653142	2.6329931618554516	1	0
80.0	13.701705922171763	97.34659654947168	1	0
8.0	18.32050807568877	17.32993161855452	1	0
87.0	8.505553499465133	5.898979485566355	1	0
29.0	51.229473419497424	33.65986323710904	1	0
36.0	51.80682368868705	71.21870595978444	1	0
4.0	6.773502691896256	18.962924780409974	1	0
87.0	98.5721954930468	32.02687007525359	1	0
17.0	13.124355652982139	85.91564441648352	1	0
94.0	46.0333209967908	49.98979485566357	1	0
18.0	79.5196366097891	38.5588427226754	1	0
3.0	46.61067126598042	38.5588427226754	1	0
43.0	22.361959960016154	90.81462390204987	1	0
56.0	42.56921938165305	17.32993161855452	1	0
58.0	10.23760430703401	12.430952132988164	1	0
3.0	58.157676649772924	56.52176750308538	1	0
93.0	5.04145188432738	5.898979485566355	1	0
56.0	51.80682368868705	61.420746988651736	1	0
8.0	97.99484522385718	49.98979485566357	1	0
87.0	44.301270189221924	46.72380853195266	1	0
94.0	91.06664199358165	95.71360338761623	1	0
88.0	42.56921938165305	7.5319726474218065	1	0
70.0	14.856406460551016	95.71360338761623	1	0
70.0	79.5196366097891	15.696938456699069	1	0
64.0	80.67433714816836	14.063945294843617	1	0
93.0	26.980762113533164	59.78775382679628	1	0
92.0	52.9615242270663	79.3836717690617	1	0
84.0	37.95041722813605	61.420746988651736	1	0
16.0	84.13843876330613	4.265986323710903	1	0
87.0	33.908965343808674	33.65986323710904	1	0
69.0	61.621778264910674	27.127890589687237	1	0
58.0	42.56921938165305	30.39387691339814	1	0
83.0	91.64399226277128	90.81462390204987	1	0
94.0	1.0	95.71360338761623	1	0
5.0	65.08587988004842	10.797958971132712	1	0
74.0	65.66323014923805	25.494897427831784	1	0
94.0	7.928203230275509	7.5319726474218065	1	0
76.0	32.1769145362398	72.8516991216399	1	0
90.0	65.66323014923805	71.21870595978444	1	0
60.0	10.23760430703401	15.696938456699069	1	0
56.0	70.28203230275507	89.18163074019442	1	0
17.0	16.588457268119893	53.25578117937447	1	0
51.0	39.68246803570492	84.28265125462806	1	0
51.0	15.43375672974064	67.95271963607354	1	0
61.0	40.837168574084174	49.98979485566357	1	0
65.0	39.68246803570492	74.48469228349535	1	0
44.0	37.95041722813605	87.54863757833897	1	0
66.0	10.23760430703401	18.962924780409974	1	0
49.0	5.04145188432738	38.5588427226754	1	0
78.0	76.05553499465134	58.15476066494083	1	0
2.0	86.44783984006463	84.28265125462806	1	0
95.0	9.660254037844386	66.31972647421809	1	0
5.0	98.5721954930468	2.6329931618554516	1	0
21.0	67.39528095680693	28.76088375154269	1	0
34.0	51.80682368868705	74.48469228349535	1	0
37.0	70.85938257194469	81.01666493091716	1	0
54.0	63.35382907247955	56.52176750308538	1	0
26.0	97.99484522385718	59.78775382679628	1	0
61.0	50.07477288111817	58.15476066494083	1	0
12.0	4.464101615137754	82.64965809277261	1	0
78.0	52.9615242270663	49.98979485566357	1	0
94.0	96.84014468547792	22.22891110412088	1	0
43.0	18.897858344878397	58.15476066494083	1	0
1.0	92.79869280115054	43.45782220824176	1	0
69.0	6.196152422706632	95.71360338761623	1	0
40.0	41.4145188432738	81.01666493091716	1	0
13.0	82.40638795573724	46.72380853195266	1	0
52.0	34.4863156129983	25.494897427831784	1	0
57.0	13.124355652982139	36.92584956081995	1	0
74.0	3.309401076758503	77.75067860720625	1	0
12.0	56.42562584220405	63.05374015050719	1	0
14.0	31.022213997860547	12.430952132988164	1	0
49.0	29.29016319029167	77.75067860720625	1	0
1.0	70.85938257194469	25.494897427831784	1	0
11.0	61.621778264910674	72.8516991216399	1	0
15.0	20.05255888325765	53.25578117937447	1	0
48.0	69.12733176437581	38.5588427226754	1	0
20.0	10.23760430703401	35.292856398964496	1	0
8.0	55.2709253038248	38.5588427226754	1	0
84.0	48.3427220735493	25.494897427831784	1	0
38.0	31.022213997860547	87.54863757833897	1	0
8.0	46.0333209967908	23.86190426597633	1	0
39.0	22.361959960016154	64.68673331236263	1	0
84.0	79.5196366097891	18.962924780409974	1	0
30.0	56.42562584220405	66.31972647421809	1	0
84.0	24.094010767585033	15.696938456699069	1	0
20.0	46.0333209967908	72.8516991216399	1	0
16.0	6.773502691896256	64.68673331236263	1	0
73.0	88.17989064763351	74.48469228349535	1	0
34.0	56.42562584220405	4.265986323710903	1	0
70.0	34.4863156129983	2.6329931618554516	1	0
52.0	93.37604307034016	15.696938456699069	1	0
90.0	63.35382907247955	20.595917942265427	1	0
66.0	51.80682368868705	87.54863757833897	1	0
40.0	4.464101615137754	10.797958971132712	1	0
60.0	7.928203230275509	43.45782220824176	1	0
27.0	36.21836642056717	84.28265125462806	1	0
9.0	37.373066958946424	66.31972647421809	1	0
69.0	5.04145188432738	71.21870595978444	1	0
48.0	3.309401076758503	67.95271963607354	1	0
92.0	59.8897274573418	63.05374015050719	1	0
87.0	37.373066958946424	10.797958971132712	1	0
95.0	51.229473419497424	76.1176854453508	1	0
49.0	6.196152422706632	69.58571279792899	1	0
93.0	26.980762113533164	43.45782220824176	1	0
12.0	49.49742261192855	85.91564441648352	1	0
15.0	95.10809387790904	84.28265125462806	1	0
5.0	20.05255888325765	85.91564441648352	1	0
77.0	40.837168574084174	49.98979485566357	1	0
36.0	79.5196366097891	71.21870595978444	1	0
49.0	33.908965343808674	20.595917942265427	1	0
41.0	22.361959960016154	54.888774341229926	1	0
44.0	58.73502691896255	58.15476066494083	1	0
65.0	15.43375672974064	12.430952132988164	1	0
95.0	18.897858344878397	25.494897427831784	1	0
16.0	56.42562584220405	14.063945294843617	1	0
60.0	70.28203230275507	72.8516991216399	1	0
43.0	85.87048957087501	43.45782220824176	1	0
18.0	20.629909152447276	9.164965809277259	1	0
60.0	80.67433714816836	89.18163074019442	1	0
72.0	51.80682368868705	74.48469228349535	1	0
20.0	70.28203230275507	36.92584956081995	1	0
61.0	70.85938257194469	15.696938456699069	1	0
54.0	89.9119414552024	28.76088375154269	1	0
7.0	8.505553499465133	64.68673331236263	1	0
81.0	88.17989064763351	74.48469228349535	1	0
68.0	55.2709253038248	41.824829046386306	1	0
8.0	86.44783984006463	25.494897427831784	1	0
47.0	95.10809387790904	35.292856398964496	1	0
59.0	9.660254037844386	20.595917942265427	1	0
34.0	37.95041722813605	97.34659654947168	1	0
66.0	56.42562584220405	10.797958971132712	1	0
53.0	26.980762113533164	59.78775382679628	1	0
72.0	14.856406460551016	92.44761706390533	1	0
29.0	68.54998149518619	33.65986323710904	1	0
64.0	28.712812921102042	23.86190426597633	1	0
59.0	11.969655114602887	97.34659654947168	1	0
72.0	70.28203230275507	85.91564441648352	1	0
46.0	77.2102355330306	46.72380853195266	1	0
28.0	3.309401076758503	32.02687007525359	1	0
75.0	54.693575034635174	33.65986323710904	1	0
80.0	37.95041722813605	61.420746988651736	1	0
21.0	78.94228634059948	27.127890589687237	1	0
97.0	50.07477288111817	77.75067860720625	1	0
68.0	52.9615242270663	85.91564441648352	1	0
73.0	6.196152422706632	17.32993161855452	1	0
13.0	61.621778264910674	59.78775382679628	1	0
6.0	63.35382907247955	63.05374015050719	1	0
20.0	86.44783984006463	32.02687007525359	1	0
35.0	63.93117934166917	45.09081537009721	1	0
20.0	52.9615242270663	59.78775382679628	1	0
87.0	96.2627944162883	49.98979485566357	1	0
29.0	22.361959960016154	9.164965809277259	1	0
38.0	97.99484522385718	20.595917942265427	1	0
80.0	24.094010767585033	61.420746988651736	1	0
14.0	84.13843876330613	56.52176750308538	1	0
97.0	9.660254037844386	14.063945294843617	1	0
69.0	40.837168574084174	36.92584956081995	1	0
38.0	49.49742261192855	33.65986323710904	1	0
40.0	7.928203230275509	79.3836717690617	1	0
35.0	40.837168574084174	17.32993161855452	1	0
6.0	25.248711305964285	40.19183588453085	1	0
92.0	21.784609690826528	69.58571279792899	1	0
52.0	80.67433714816836	76.1176854453508	1	0
34.0	58.73502691896255	25.494897427831784	1	0
51.0	54.693575034635174	85.91564441648352	1	0
18.0	72.59143337951357	18.962924780409974	1	0
93.0	54.693575034635174	82.64965809277261	1	0
79.0	47.765371804359674	53.25578117937447	1	0
77.0	88.17989064763351	58.15476066494083	1	0
90.0	77.2102355330306	49.98979485566357	1	0
92.0	34.4863156129983	67.95271963607354	1	0
80.0	39.1051177665153	7.5319726474218065	1	0
58.0	24.094010767585033	51.62278801751902	1	0
23.0	18.897858344878397	2.6329931618554516	1	0
80.0	1.0	30.39387691339814	1	0
55.0	8.505553499465133	67.95271963607354	1	0
65.0	54.693575034635174	17.32993161855452	1	0
36.0	66.8179306876173	69.58571279792899	1	0
64.0	25.248711305964285	53.25578117937447	1	0
45.0	25.82606157515391	84.28265125462806	1	0
57.0	33.908965343808674	76.1176854453508	1	0
33.0	20.05255888325765	76.1176854453508	1	0
68.0	96.84014468547792	54.888774341229926	1	0
4.0	66.8179306876173	89.18163074019442	1	0
95.0	54.693575034635174	7.5319726474218065	1	0
52.0	48.3427220735493	2.6329931618554516	1	0
27.0	11.969655114602887	48.356801693808116	1	0
3.0	60.46707772653142	84.28265125462806	1	0
1.0	65.08587988004842	85.91564441648352	1	0
16.0	32.1769145362398	10.797958971132712	1	0
82.0	56.42562584220405	17.32993161855452	1	0
97.0	70.85938257194469	18.962924780409974	1	0
76.0	62.199128534100296	87.54863757833897	1	0
31.0	75.47818472546172	59.78775382679628	1	0
11.0	8.505553499465133	25.494897427831784	1	0
36.0	21.784609690826528	72.8516991216399	1	0
74.0	42.56921938165305	17.32993161855452	1	0
83.0	44.301270189221924	33.65986323710904	1	0
35.0	96.2627944162883	66.31972647421809	1	0
81.0	92.79869280115054	27.127890589687237	1	0
62.0	82.98373822492687	35.292856398964496	1	0
52.0	44.87862045841155	87.54863757833897	1	0
77.0	74.32348418708246	45.09081537009721	1	0
69.0	47.765371804359674	7.5319726474218065	1	0
64.0	62.199128534100296	18.962924780409974	1	0
60.0	93.37604307034016	35.292856398964496	1	0
25.0	85.87048957087501	40.19183588453085	1	0
60.0	63.35382907247955	63.05374015050719	1	0
94.0	21.784609690826528	14.063945294843617	1	0
26.0	97.99484522385718	89.18163074019442	1	0
85.0	95.10809387790904	32.02687007525359	1	0
38.0	42.56921938165305	17.32993161855452	1	0
23.0	40.837168574084174	92.44761706390533	1	0
95.0	9.660254037844386	43.45782220824176	1	0
57.0	75.47818472546172	69.58571279792899	1	0
25.0	65.08587988004842	43.45782220824176	1	0
84.0	59.8897274573418	14.063945294843617	1	0
48.0	51.80682368868705	94.08061022576078	1	0
22.0	13.701705922171763	45.09081537009721	1	0
23.0	1.5773502691896257	51.62278801751902	1	0
79.0	89.33459118601277	66.31972647421809	1	0
22.0	96.84014468547792	90.81462390204987	1	0
83.0	25.82606157515391	28.76088375154269	1	0
59.0	85.87048957087501	95.71360338761623	1	0
46.0	10.23760430703401	38.5588427226754	1	0
18.0	31.022213997860547	90.81462390204987	1	0
75.0	95.10809387790904	74.48469228349535	1	0
43.0	1.5773502691896257	38.5588427226754	1	0
35.0	13.124355652982139	7.5319726474218065	1	0
53.0	51.229473419497424	40.19183588453085	1	0
66.0	55.2709253038248	54.888774341229926	1	0
99.0	30.44486372867092	4.265986323710903	1	0
6.0	56.42562584220405	95.71360338761623	1	0
45.0	16.588457268119893	56.52176750308538	1	0
73.0	23.516660498395407	7.5319726474218065	1	0
90.0	94.53074360871942	40.19183588453085	1	0
35.0	29.29016319029167	58.15476066494083	1	0
87.0	77.78758580222022	28.76088375154269	1	0
93.0	5.04145188432738	2.6329931618554516	1	0
77.0	47.765371804359674	33.65986323710904	1	0
46.0	3.309401076758503	97.34659654947168	1	0
29.0	46.61067126598042	51.62278801751902	1	0
61.0	72.01408311032395	89.18163074019442	1	0
16.0	1.0	43.45782220824176	1	0
79.0	91.64399226277128	64.68673331236263	1	0
40.0	52.9615242270663	66.31972647421809	1	0
87.0	81.25168741735799	87.54863757833897	1	0
48.0	32.1769145362398	46.72380853195266	1	0
81.0	5.04145188432738	54.888774341229926	1	0
25.0	77.78758580222022	64.68673331236263	1	0
62.0	10.23760430703401	61.420746988651736	1	0
12.0	96.84014468547792	28.76088375154269	1	0
76.0	10.23760430703401	71.21870595978444	1	0
55.0	2.732050807568877	17.32993161855452	1	0
16.0	13.701705922171763	61.420746988651736	1	0
80.0	25.248711305964285	56.52176750308538	1	0
56.0	70.28203230275507	82.64965809277261	1	0
77.0	6.196152422706632	95.71360338761623	1	0
88.0	94.53074360871942	43.45782220824176	1	0
46.0	10.23760430703401	81.01666493091716	1	0
21.0	67.39528095680693	81.01666493091716	1	0
11.0	5.04145188432738	45.09081537009721	1	0
51.0	43.14656965084267	94.08061022576078	1	0
89.0	44.301270189221924	10.797958971132712	1	0
21.0	11.969655114602887	87.54863757833897	1	0
5.0	22.361959960016154	77.75067860720625	1	0
25.0	23.516660498395407	27.127890589687237	1	0
51.0	72.01408311032395	79.3836717690617	1	0
24.0	25.248711305964285	46.72380853195266	1	0
77.0	26.980762113533164	40.19183588453085	1	0
6.0	34.4863156129983	90.81462390204987	1	0
32.0	73.74613391789283	43.45782220824176	1	0
90.0	39.1051177665153	14.063945294843617	1	0
7.0	70.85938257194469	18.962924780409974	1	0
29.0	16.588457268119893	49.98979485566357	1	0
98.0	32.1769145362398	79.3836717690617	1	0
97.0	6.196152422706632	89.18163074019442	1	0
6.0	80.67433714816836	14.063945294843617	1	0
78.0	37.95041722813605	90.81462390204987	1	0
21.0	88.17989064763351	5.898979485566355	1	0
78.0	66.8179306876173	63.05374015050719	1	0
93.0	92.79869280115054	36.92584956081995	1	0
40.0	39.1051177665153	95.71360338761623	1	0
5.0	16.588457268119893	46.72380853195266	1	0
98.0	91.06664199358165	66.31972647421809	1	0
24.0	41.4145188432738	84.28265125462806	1	0
65.0	63.93117934166917	12.430952132988164	1	0
99.0	78.94228634059948	46.72380853195266	1	0
45.0	75.47818472546172	63.05374015050719	1	0
96.0	35.64101615137755	95.71360338761623	1	0
66.0	51.80682368868705	22.22891110412088	1	0
42.0	72.59143337951357	15.696938456699069	1	0
11.0	46.61067126598042	97.34659654947168	1	0
63.0	23.516660498395407	59.78775382679628	1	0
99.0	75.47818472546172	20.595917942265427	1	0
24.0	87.60254037844389	66.31972647421809	1	0
33.0	82.40638795573724	69.58571279792899	1	0
21.0	88.17989064763351	87.54863757833897	1	0
40.0	96.84014468547792	15.696938456699069	1	0
41.0	95.10809387790904	51.62278801751902	1	0
38.0	91.06664199358165	46.72380853195266	1	0
12.0	62.199128534100296	87.54863757833897	1	0
48.0	27.55811238272279	32.02687007525359	1	0
54.0	18.32050807568877	4.265986323710903	1	0
70.0	77.2102355330306	59.78775382679628	1	0
96.0	76.05553499465134	61.420746988651736	1	0
64.0	4.464101615137754	53.25578117937447	1	0
65.0	89.33459118601277	92.44761706390533	1	0
36.0	73.74613391789283	33.65986323710904	1	0
84.0	27.55811238272279	67.95271963607354	1	0
54.0	77.2102355330306	36.92584956081995	1	0
36.0	62.199128534100296	32.02687007525359	1	0
4.0	41.4145188432738	77.75067860720625	1	0
56.0	7.928203230275509	46.72380853195266	1	0
99.0	75.47818472546172	40.19183588453085	1	0
88.0	73.74613391789283	17.32993161855452	1	0
81.0	16.588457268119893	89.18163074019442	1	0
27.0	77.78758580222022	81.01666493091716	1	0
29.0	39.68246803570492	61.420746988651736	1	0
70.0	93.37604307034016	5.898979485566355	1	0
56.0	65.66323014923805	48.356801693808116	1	0
26.0	39.1051177665153	30.39387691339814	1	0
47.0	92.79869280115054	63.05374015050719	1	0
97.0	91.64399226277128	25.494897427831784	1	0
58.0	97.99484522385718	33.65986323710904	1	0
74.0	46.0333209967908	10.797958971132712	1	0
15.0	98.5721954930468	35.292856398964496	1	0
99.0	54.693575034635174	40.19183588453085	1	0
83.0	65.08587988004842	43.45782220824176	1	0
71.0	70.85938257194469	45.09081537009721	1	0
31.0	25.82606157515391	45.09081537009721	1	0
74.0	72.59143337951357	77.75067860720625	1	0
62.0	65.66323014923805	90.81462390204987	1	0
82.0	56.42562584220405	56.52176750308538	1	0
55.0	53.53887449625592	15.696938456699069	1	0
58.0	97.99484522385718	76.1176854453508	1	0
10.0	14.856406460551016	72.8516991216399	1	0
99.0	23.516660498395407	4.265986323710903	1	0
79.0	32.75426480542942	64.68673331236263	1	0
52.0	76.05553499465134	48.356801693808116	1	0
69.0	5.04145188432738	97.34659654947168	1	0
70.0	31.022213997860547	38.5588427226754	1	0
78.0	93.37604307034016	41.824829046386306	1	0
14.0	49.49742261192855	43.45782220824176	1	0
9.0	81.25168741735799	12.430952132988164	1	0
59.0	26.980762113533164	95.71360338761623	1	0
39.0	29.29016319029167	25.494897427831784	1	0
92.0	14.856406460551016	4.265986323710903	1	0
62.0	14.856406460551016	23.86190426597633	1	0
68.0	34.4863156129983	22.22891110412088	1	0
48.0	70.28203230275507	98.97958971132714	1	0
86.0	24.094010767585033	2.6329931618554516	1	0
80.0	17.16580753730952	38.5588427226754	1	0
79.0	53.53887449625592	84.28265125462806	1	0
91.0	63.93117934166917	28.76088375154269	1	0
1.0	40.837168574084174	10.797958971132712	1	0
98.0	97.99484522385718	7.5319726474218065	1	0
86.0	65.66323014923805	22.22891110412088	1	0
81.0	30.44486372867092	95.71360338761623	1	0
97.0	23.516660498395407	66.31972647421809	1	0
76.0	66.8179306876173	89.18163074019442	1	0
32.0	89.9119414552024	97.34659654947168	1	0
76.0	24.094010767585033	25.494897427831784	1	0
35.0	23.516660498395407	4.265986323710903	1	0
76.0	39.1051177665153	89.18163074019442	1	0
22.0	77.2102355330306	40.19183588453085	1	0
7.0	37.373066958946424	53.25578117937447	1	0
1.0	20.05255888325765	27.127890589687237	1	0
4.0	94.53074360871942	46.72380853195266	1	0
6.0	73.74613391789283	98.97958971132714	1	0
34.0	10.23760430703401	61.420746988651736	1	0
29.0	92.79869280115054	14.063945294843617	1	0
84.0	44.87862045841155	90.81462390204987	1	0
74.0	96.84014468547792	90.81462390204987	1	0
61.0	47.765371804359674	89.18163074019442	1	0
60.0	20.629909152447276	67.95271963607354	1	0
1.0	50.07477288111817	90.81462390204987	1	0
12.0	46.0333209967908	14.063945294843617	1	0
7.0	82.40638795573724	56.52176750308538	1	0
6.0	48.3427220735493	81.01666493091716	1	0
15.0	70.85938257194469	58.15476066494083	1	0
62.0	94.53074360871942	63.05374015050719	1	0
26.0	73.74613391789283	10.797958971132712	1	0
99.0	36.21836642056717	32.02687007525359	1	0
98.0	1.0	23.86190426597633	1	0
97.0	32.75426480542942	84.28265125462806	1	0
55.0	68.54998149518619	23.86190426597633	1	0
82.0	94.53074360871942	14.063945294843617	1	0
29.0	50.07477288111817	54.888774341229926	1	0
69.0	2.732050807568877	46.72380853195266	1	0
12.0	76.05553499465134	58.15476066494083	1	0
10.0	34.4863156129983	87.54863757833897	1	0
59.0	95.10809387790904	97.34659654947168	1	0
2.0	59.8897274573418	82.64965809277261	1	0
11.0	23.516660498395407	17.32993161855452	1	0
98.0	18.32050807568877	76.1176854453508	1	0
10.0	13.701705922171763	28.76088375154269	1	0
85.0	6.196152422706632	95.71360338761623	1	0
41.0	92.79869280115054	92.44761706390533	1	0
59.0	46.61067126598042	25.494897427831784	1	0
33.0	75.47818472546172	56.52176750308538	1	0
95.0	65.08587988004842	1.0	1	0
36.0	37.95041722813605	41.824829046386306	1	0
9.0	46.61067126598042	81.01666493091716	1	0
76.0	44.87862045841155	32.02687007525359	1	0
88.0	58.73502691896255	38.5588427226754	1	0
49.0	74.32348418708246	25.494897427831784	1	0
65.0	74.32348418708246	77.75067860720625	1	0
82.0	44.87862045841155	74.48469228349535	1	0
79.0	70.85938257194469	41.824829046386306	1	0
92.0	72.59143337951357	2.6329931618554516	1	0
42.0	62.199128534100296	90.81462390204987	1	0
61.0	67.39528095680693	41.824829046386306	1	0
83.0	6.196152422706632	56.52176750308538	1	0
38.0	27.55811238272279	45.09081537009721	1	0
12.0	62.199128534100296	22.22891110412088	1	0
65.0	22.361959960016154	61.420746988651736	1	0
38.0	62.199128534100296	84.28265125462806	1	0
73.0	50.07477288111817	2.6329931618554516	1	0
34.0	89.9119414552024	94.08061022576078	1	0
25.0	26.980762113533164	33.65986323710904	1	0
51.0	58.157676649772924	69.58571279792899	1	0
98.0	11.392304845413262	43.45782220824176	1	0
35.0	6.196152422706632	56.52176750308538	1	0
16.0	31.022213997860547	15.696938456699069	1	0
68.0	7.928203230275509	79.3836717690617	1	0
8.0	93.37604307034016	94.08061022576078	1	0
32.0	91.06664199358165	20.595917942265427	1	0
41.0	78.94228634059948	95.71360338761623	1	0
80.0	69.12733176437581	35.292856398964496	1	0
66.0	44.87862045841155	67.95271963607354	1	0
32.0	3.309401076758503	5.898979485566355	1	0
18.0	20.629909152447276	97.34659654947168	1	0
18.0	86.44783984006463	38.5588427226754	1	0
87.0	92.79869280115054	23.86190426597633	1	0
51.0	81.25168741735799	35.292856398964496	1	0
81.0	5.04145188432738	67.95271963607354	1	0
6.0	65.66323014923805	28.76088375154269	1	0
96.0	13.701705922171763	94.08061022576078	1	0
32.0	96.84014468547792	22.22891110412088	1	1
98.0	24.094010767585033	41.824829046386306	1	1
86.0	65.66323014923805	25.494897427831784	1	1
21.0	25.82606157515391	54.888774341229926	1	1
92.0	3.309401076758503	2.6329931618554516	1	1
73.0	91.64399226277128	87.54863757833897	1	1
6.0	58.73502691896255	48.356801693808116	1	1
6.0	27.55811238272279	41.824829046386306	1	1
71.0	26.980762113533164	79.3836717690617	1	1
21.0	1.5773502691896257	15.696938456699069	1	1
43.0	39.68246803570492	22.22891110412088	1	1
51.0	54.693575034635174	63.05374015050719	1	1
66.0	63.35382907247955	66.31972647421809	1	1
82.0	52.9615242270663	92.44761706390533	1	1
38.0	69.12733176437581	67.95271963607354	1	1
91.0	92.79869280115054	43.45782220824176	1	1
21.0	63.93117934166917	45.09081537009721	1	1
9.0	85.87048957087501	63.05374015050719	1	1
9.0	44.301270189221924	85.91564441648352	1	1
82.0	32.1769145362398	36.92584956081995	1	1
68.0	77.2102355330306	59.78775382679628	1	1
84.0	56.42562584220405	95.71360338761623	1	1
99.0	98.5721954930468	28.76088375154269	1	1
95.0	8.505553499465133	5.898979485566355	1	1
42.0	94.53074360871942	72.8516991216399	1	1
19.0	30.44486372867092	27.127890589687237	1	1
86.0	94.53074360871942	98.97958971132714	1	1
42.0	39.1051177665153	66.31972647421809	1	1
69.0	91.64399226277128	41.824829046386306	1	1
54.0	21.784609690826528	4.265986323710903	1	1
66.0	20.629909152447276	15.696938456699069	1	1
33.0	2.732050807568877	49.98979485566357	1	1
74.0	27.55811238272279	87.54863757833897	1	1
86.0	84.13843876330613	66.31972647421809	1	1
36.0	7.928203230275509	40.19183588453085	1	1
73.0	84.71578903249575	45.09081537009721	1	1
93.0	9.660254037844386	43.45782220824176	1	1
11.0	96.2627944162883	98.97958971132714	1	1
71.0	74.32348418708246	35.292856398964496	1	1
30.0	13.701705922171763	51.62278801751902	1	1
89.0	57.00297611139367	41.824829046386306	1	1
63.0	68.54998149518619	98.97958971132714	1	1
82.0	31.022213997860547	64.68673331236263	1	1
8.0	24.094010767585033	9.164965809277259	1	1
69.0	70.85938257194469	81.01666493091716	1	1
18.0	3.309401076758503	67.95271963607354	1	1
80.0	89.9119414552024	35.292856398964496	1	1
10.0	73.74613391789283	63.05374015050719	1	1
52.0	91.06664199358165	33.65986323710904	1	1
9.0	36.21836642056717	97.34659654947168	1	1
99.0	30.44486372867092	69.58571279792899	1	1
70.0	3.309401076758503	67.95271963607354	1	1
84.0	49.49742261192855	27.127890589687237	1	1
72.0	14.856406460551016	79.3836717690617	1	1
68.0	76.05553499465134	45.09081537009721	1	1
85.0	68.54998149518619	66.31972647421809	1	1
63.0	1.5773502691896257	67.95271963607354	1	1
30.0	6.773502691896256	41.824829046386306	1	1
41.0	16.588457268119893	23.86190426597633	1	1
10.0	91.06664199358165	63.05374015050719	1	1
83.0	81.25168741735799	84.28265125462806	1	1
68.0	91.06664199358165	69.58571279792899	1	1
73.0	50.07477288111817	22.22891110412088	1	1
28.0	82.98373822492687	9.164965809277259	1	1
14.0	18.32050807568877	56.52176750308538	1	1
45.0	98.5721954930468	54.888774341229926	1	1
31.0	36.21836642056717	12.430952132988164	1	1
91.0	75.47818472546172	49.98979485566357	1	1
84.0	10.23760430703401	67.95271963607354	1	1
37.0	65.08587988004842	40.19183588453085	1	1
90.0	84.13843876330613	66.31972647421809	1	1
73.0	96.2627944162883	1.0	1	1
95.0	61.621778264910674	85.91564441648352	1	1
12.0	13.701705922171763	2.6329931618554516	1	1
54.0	20.629909152447276	25.494897427831784	1	1
92.0	55.2709253038248	97.34659654947168	1	1
54.0	34.4863156129983	94.08061022576078	1	1
79.0	5.04145188432738	32.02687007525359	1	1
16.0	91.06664199358165	56.52176750308538	1	1
29.0	15.43375672974064	94.08061022576078	1	1
17.0	44.301270189221924	98.97958971132714	1	1
79.0	57.00297611139367	22.22891110412088	1	1
90.0	28.712812921102042	20.595917942265427	1	1
78.0	93.37604307034016	32.02687007525359	1	1
63.0	95.10809387790904	25.494897427831784	1	1
51.0	96.2627944162883	69.58571279792899	1	1
12.0	21.784609690826528	95.71360338761623	1	1
22.0	62.199128534100296	61.420746988651736	1	1
72.0	84.13843876330613	69.58571279792899	1	1
10.0	48.3427220735493	38.5588427226754	1	1
74.0	25.248711305964285	79.3836717690617	1	1
16.0	58.73502691896255	81.01666493091716	1	1
53.0	39.68246803570492	15.696938456699069	1	1
59.0	25.82606157515391	87.54863757833897	1	1
72.0	13.701705922171763	81.01666493091716	1	1
97.0	5.04145188432738	90.81462390204987	1	1
41.0	13.124355652982139	4.265986323710903	1	1
2.0	73.74613391789283	69.58571279792899	1	1
86.0	34.4863156129983	87.54863757833897	1	1
70.0	76.05553499465134	28.76088375154269	1	1
51.0	9.660254037844386	76.1176854453508	1	1
45.0	46.61067126598042	15.696938456699069	1	1
9.0	44.301270189221924	85.91564441648352	1	1
85.0	74.32348418708246	61.420746988651736	1	1
42.0	24.094010767585033	35.292856398964496	1	1
32.0	18.32050807568877	98.97958971132714	1	1
36.0	91.06664199358165	69.58571279792899	1	1
60.0	91.06664199358165	63.05374015050719	1	1
69.0	78.94228634059948	56.52176750308538	1	1
53.0	13.124355652982139	79.3836717690617	1	1
58.0	21.784609690826528	66.31972647421809	1	1
97.0	40.837168574084174	17.32993161855452	1	1
35.0	70.85938257194469	74.48469228349535	1	1
99.0	81.25168741735799	45.09081537009721	1	1
84.0	20.629909152447276	84.28265125462806	1	1
60.0	3.309401076758503	28.76088375154269	1	1
85.0	88.17989064763351	90.81462390204987	1	1
62.0	4.464101615137754	23.86190426597633	1	1
60.0	34.4863156129983	28.76088375154269	1	1
20.0	91.06664199358165	72.8516991216399	1	1
61.0	85.87048957087501	69.58571279792899	1	1
10.0	11.392304845413262	20.595917942265427	1	1
12.0	13.701705922171763	84.28265125462806	1	1
13.0	77.78758580222022	58.15476066494083	1	1
49.0	74.32348418708246	58.15476066494083	1	1
43.0	32.75426480542942	67.95271963607354	1	1
15.0	50.07477288111817	71.21870595978444	1	1
26.0	55.2709253038248	77.75067860720625	1	1
5.0	11.969655114602887	81.01666493091716	1	1
59.0	37.373066958946424	14.063945294843617	1	1
86.0	1.0	85.91564441648352	1	1
72.0	37.95041722813605	61.420746988651736	1	1
55.0	85.87048957087501	63.05374015050719	1	1
77.0	63.93117934166917	12.430952132988164	1	1
7.0	54.693575034635174	40.19183588453085	1	1
30.0	73.74613391789283	56.52176750308538	1	1
71.0	39.68246803570492	12.430952132988164	1	1
97.0	53.53887449625592	54.888774341229926	1	1
44.0	76.05553499465134	94.08061022576078	1	1
28.0	87.60254037844389	23.86190426597633	1	1
61.0	82.40638795573724	1.0	1	1
46.0	91.06664199358165	72.8516991216399	1	1
50.0	46.0333209967908	36.92584956081995	1	1
29.0	16.588457268119893	59.78775382679628	1	1
56.0	28.712812921102042	27.127890589687237	1	1
97.0	85.87048957087501	4.265986323710903	1	1
60.0	80.67433714816836	10.797958971132712	1	1
27.0	36.21836642056717	48.356801693808116	1	1
89.0	75.47818472546172	89.18163074019442	1	1
99.0	40.837168574084174	49.98979485566357	1	1
16.0	89.9119414552024	18.962924780409974	1	1
44.0	51.80682368868705	67.95271963607354	1	1
49.0	20.05255888325765	85.91564441648352	1	1
30.0	58.73502691896255	77.75067860720625	1	1
66.0	21.784609690826528	85.91564441648352	1	1
29.0	2.732050807568877	46.72380853195266	1	1
10.0	51.80682368868705	32.02687007525359	1	1
59.0	44.301270189221924	20.595917942265427	1	1
42.0	86.44783984006463	28.76088375154269	1	1
95.0	70.85938257194469	81.01666493091716	1	1
15.0	46.61067126598042	41.824829046386306	1	1
68.0	73.74613391789283	10.797958971132712	1	1
30.0	73.74613391789283	95.71360338761623	1	1
94.0	28.712812921102042	23.86190426597633	1	1
78.0	35.64101615137755	43.45782220824176	1	1
73.0	92.79869280115054	43.45782220824176	1	1
87.0	36.21836642056717	15.696938456699069	1	1
19.0	89.33459118601277	72.8516991216399	1	1
47.0	15.43375672974064	9.164965809277259	1	1
95.0	39.68246803570492	18.962924780409974	1	1
90.0	24.094010767585033	90.81462390204987	1	1
61.0	63.93117934166917	51.62278801751902	1	1
45.0	57.00297611139367	48.356801693808116	1	1
96.0	44.87862045841155	12.430952132988164	1	1
31.0	70.85938257194469	64.68673331236263	1	1
47.0	65.08587988004842	59.78775382679628	1	1
1.0	53.53887449625592	87.54863757833897	1	1
99.0	37.373066958946424	14.063945294843617	1	1
38.0	1.0	66.31972647421809	1	1
49.0	16.588457268119893	4.265986323710903	1	1
5.0	39.68246803570492	15.696938456699069	1	1
62.0	20.629909152447276	94.08061022576078	1	1
44.0	14.856406460551016	14.063945294843617	1	1
21.0	96.2627944162883	17.32993161855452	1	1
49.0	29.29016319029167	22.22891110412088	1	1
67.0	78.94228634059948	27.127890589687237	1	1
70.0	3.309401076758503	87.54863757833897	1	1
8.0	37.95041722813605	18.962924780409974	1	1
53.0	8.505553499465133	15.696938456699069	1	1
83.0	96.2627944162883	92.44761706390533	1	1
45.0	85.87048957087501	59.78775382679628	1	1
38.0	37.95041722813605	25.494897427831784	1	1
23.0	22.361959960016154	54.888774341229926	1	1
33.0	25.82606157515391	41.824829046386306	1	1
63.0	96.2627944162883	76.1176854453508	1	1
32.0	11.392304845413262	53.25578117937447	1	1
71.0	65.08587988004842	79.3836717690617	1	1
86.0	77.2102355330306	49.98979485566357	1	1
22.0	20.629909152447276	45.09081537009721	1	1
53.0	2.732050807568877	20.595917942265427	1	1
15.0	57.00297611139367	90.81462390204987	1	1
1.0	13.124355652982139	89.18163074019442	1	1
31.0	9.660254037844386	79.3836717690617	1	1
68.0	63.35382907247955	46.72380853195266	1	1
70.0	93.37604307034016	9.164965809277259	1	1
51.0	75.47818472546172	59.78775382679628	1	1
80.0	37.95041722813605	84.28265125462806	1	1
2.0	35.64101615137755	95.71360338761623	1	1
90.0	37.95041722813605	15.696938456699069	1	1
74.0	21.784609690826528	92.44761706390533	1	1
84.0	11.392304845413262	63.05374015050719	1	1
31.0	32.75426480542942	48.356801693808116	1	1
79.0	25.82606157515391	35.292856398964496	1	1
38.0	51.80682368868705	74.48469228349535	1	1
65.0	50.07477288111817	61.420746988651736	1	1
81.0	32.75426480542942	2.6329931618554516	1	1
35.0	39.68246803570492	2.6329931618554516	1	1
60.0	69.12733176437581	15.696938456699069	1	1
33.0	32.75426480542942	45.09081537009721	1	1
36.0	82.98373822492687	18.962924780409974	1	1
91.0	63.93117934166917	32.02687007525359	1	1
47.0	47.765371804359674	17.32993161855452	1	1
73.0	36.21836642056717	22.22891110412088	1	1
92.0	80.67433714816836	20.595917942265427	1	1
96.0	21.784609690826528	56.52176750308538	1	1
87.0	18.897858344878397	71.21870595978444	1	1
28.0	32.1769145362398	82.64965809277261	1	1
51.0	96.2627944162883	56.52176750308538	1	1
58.0	48.3427220735493	5.898979485566355	1	1
37.0	70.85938257194469	5.898979485566355	1	1
18.0	51.80682368868705	41.824829046386306	1	1
45.0	70.85938257194469	74.48469228349535	1	1
33.0	46.61067126598042	22.22891110412088	1	1
68.0	76.05553499465134	94.08061022576078	1	1
12.0	39.1051177665153	43.45782220824176	1	1
40.0	89.9119414552024	61.420746988651736	1	1
80.0	13.701705922171763	12.430952132988164	1	1
74.0	63.35382907247955	10.797958971132712	1	1
51.0	96.2627944162883	66.31972647421809	1	1
21.0	65.08587988004842	17.32993161855452	1	1
94.0	37.95041722813605	2.6329931618554516	1	1
32.0	56.42562584220405	17.32993161855452	1	1
58.0	84.13843876330613	63.05374015050719	1	1
13.0	47.765371804359674	79.3836717690617	1	1
94.0	58.73502691896255	28.76088375154269	1	1
38.0	51.80682368868705	67.95271963607354	1	1
31.0	53.53887449625592	12.430952132988164	1	1
47.0	78.94228634059948	27.127890589687237	1	1
17.0	30.44486372867092	30.39387691339814	1	1
38.0	42.56921938165305	79.3836717690617	1	1
47.0	75.47818472546172	98.97958971132714	1	1
10.0	63.35382907247955	79.3836717690617	1	1
61.0	39.68246803570492	94.08061022576078	1	1
70.0	37.95041722813605	81.01666493091716	1	1
3.0	92.79869280115054	7.5319726474218065	1	1
94.0	84.13843876330613	79.3836717690617	1	1
83.0	91.64399226277128	94.08061022576078	1	1
80.0	41.4145188432738	35.292856398964496	1	1
48.0	76.05553499465134	94.08061022576078	1	1
83.0	54.693575034635174	14.063945294843617	1	1
97.0	40.837168574084174	46.72380853195266	1	1
43.0	96.2627944162883	82.64965809277261	1	1
62.0	89.9119414552024	5.898979485566355	1	1
8.0	46.0333209967908	95.71360338761623	1	1
78.0	86.44783984006463	18.962924780409974	1	1
93.0	15.43375672974064	35.292856398964496	1	1
3.0	63.93117934166917	18.962924780409974	1	1
23.0	95.10809387790904	32.02687007525359	1	1
61.0	36.21836642056717	12.430952132988164	1	1
94.0	28.712812921102042	4.265986323710903	1	1
22.0	44.87862045841155	64.68673331236263	1	1
39.0	72.01408311032395	43.45782220824176	1	1
74.0	48.3427220735493	12.430952132988164	1	1
98.0	11.392304845413262	46.72380853195266	1	1
68.0	80.67433714816836	95.71360338761623	1	1
72.0	66.8179306876173	49.98979485566357	1	1
54.0	17.16580753730952	74.48469228349535	1	1
91.0	98.5721954930468	67.95271963607354	1	1
94.0	41.4145188432738	94.08061022576078	1	1
36.0	76.05553499465134	22.22891110412088	1	1
53.0	51.229473419497424	23.86190426597633	1	1
54.0	72.59143337951357	84.28265125462806	1	1
9.0	47.765371804359674	89.18163074019442	1	1
12.0	24.094010767585033	71.21870595978444	1	1
31.0	53.53887449625592	45.09081537009721	1	1
38.0	94.53074360871942	17.32993161855452	1	1
67.0	20.05255888325765	4.265986323710903	1	1
90.0	80.67433714816836	7.5319726474218065	1	1
44.0	91.06664199358165	14.063945294843617	1	1
66.0	31.022213997860547	22.22891110412088	1	1
96.0	86.44783984006463	90.81462390204987	1	1
33.0	2.732050807568877	7.5319726474218065	1	1
69.0	39.68246803570492	28.76088375154269	1	1
44.0	79.5196366097891	28.76088375154269	1	1
13.0	23.516660498395407	53.25578117937447	1	1
44.0	3.309401076758503	12.430952132988164	1	1
45.0	8.505553499465133	32.02687007525359	1	1
49.0	74.32348418708246	28.76088375154269	1	1
44.0	31.022213997860547	87.54863757833897	1	1
92.0	6.773502691896256	58.15476066494083	1	1
49.0	82.40638795573724	43.45782220824176	1	1
83.0	57.00297611139367	71.21870595978444	1	1
13.0	29.29016319029167	32.02687007525359	1	1
51.0	78.94228634059948	69.58571279792899	1	1
1.0	29.29016319029167	74.48469228349535	1	1
22.0	63.35382907247955	72.8516991216399	1	1
78.0	76.05553499465134	38.5588427226754	1	1
24.0	11.392304845413262	46.72380853195266	1	1
88.0	42.56921938165305	27.127890589687237	1	1
10.0	91.06664199358165	82.64965809277261	1	1
43.0	54.693575034635174	56.52176750308538	1	1
95.0	39.68246803570492	51.62278801751902	1	1
7.0	78.94228634059948	79.3836717690617	1	1
13.0	81.25168741735799	5.898979485566355	1	1
45.0	47.765371804359674	85.91564441648352	1	1
40.0	7.928203230275509	30.39387691339814	1	1
12.0	84.13843876330613	66.31972647421809	1	1
99.0	98.5721954930468	18.962924780409974	1	1
88.0	97.99484522385718	43.45782220824176	1	1
69.0	50.07477288111817	28.76088375154269	1	1
82.0	20.629909152447276	22.22891110412088	1	1
87.0	46.61067126598042	5.898979485566355	1	1
73.0	95.10809387790904	9.164965809277259	1	1
92.0	44.87862045841155	58.15476066494083	1	1
28.0	18.32050807568877	95.71360338761623	1	1
91.0	22.361959960016154	84.28265125462806	1	1
23.0	75.47818472546172	17.32993161855452	1	1
29.0	1.5773502691896257	67.95271963607354	1	1
65.0	85.87048957087501	53.25578117937447	1	1
59.0	98.5721954930468	38.5588427226754	1	1
82.0	63.35382907247955	27.127890589687237	1	1
97.0	25.82606157515391	87.54863757833897	1	1
14.0	32.1769145362398	46.72380853195266	1	1
37.0	98.5721954930468	51.62278801751902	1	1
92.0	77.2102355330306	85.91564441648352	1	1
72.0	37.95041722813605	32.02687007525359	1	1
80.0	10.23760430703401	94.08061022576078	1	1
98.0	89.9119414552024	54.888774341229926	1	1
69.0	13.124355652982139	20.595917942265427	1	1
88.0	86.44783984006463	81.01666493091716	1	1
57.0	33.908965343808674	46.72380853195266	1	1
72.0	65.66323014923805	5.898979485566355	1	1
60.0	39.1051177665153	98.97958971132714	1	1
25.0	75.47818472546172	4.265986323710903	1	1
99.0	84.71578903249575	15.696938456699069	1	1
56.0	24.094010767585033	90.81462390204987	1	1
7.0	2.732050807568877	20.595917942265427	1	1
72.0	82.98373822492687	15.696938456699069	1	1
34.0	17.16580753730952	97.34659654947168	1	1
72.0	39.1051177665153	56.52176750308538	1	1
75.0	32.75426480542942	41.824829046386306	1	1
20.0	10.23760430703401	5.898979485566355	1	1
16.0	13.701705922171763	2.6329931618554516	1	1
68.0	44.87862045841155	81.01666493091716	1	1
77.0	51.229473419497424	46.72380853195266	1	1
95.0	23.516660498395407	4.265986323710903	1	1
79.0	37.373066958946424	7.5319726474218065	1	1
93.0	53.53887449625592	25.494897427831784	1	1
14.0	21.784609690826528	82.64965809277261	1	1
2.0	42.56921938165305	72.8516991216399	1	1
16.0	72.59143337951357	54.888774341229926	1	1
68.0	32.1769145362398	95.71360338761623	1	1
5.0	43.14656965084267	64.68673331236263	1	1
90.0	91.06664199358165	63.05374015050719	1	1
59.0	43.14656965084267	25.494897427831784	1	1
37.0	91.64399226277128	18.962924780409974	1	1
72.0	25.248711305964285	63.05374015050719	1	1
85.0	11.969655114602887	77.75067860720625	1	1
63.0	81.25168741735799	25.494897427831784	1	1
14.0	86.44783984006463	64.68673331236263	1	1
1.0	11.969655114602887	90.81462390204987	1	1
8.0	42.56921938165305	63.05374015050719	1	1
6.0	49.49742261192855	20.595917942265427	1	1
43.0	18.897858344878397	22.22891110412088	1	1
25.0	9.660254037844386	59.78775382679628	1	1
17.0	5.04145188432738	5.898979485566355	1	1
8.0	46.0333209967908	33.65986323710904	1	1
56.0	51.80682368868705	67.95271963607354	1	1
81.0	88.17989064763351	25.494897427831784	1	1
72.0	18.32050807568877	49.98979485566357	1	1
82.0	49.49742261192855	98.97958971132714	1	1
91.0	91.64399226277128	35.292856398964496	1	1
93.0	46.61067126598042	15.696938456699069	1	1
17.0	84.71578903249575	81.01666493091716	1	1
57.0	47.765371804359674	17.32993161855452	1	1
7.0	23.516660498395407	49.98979485566357	1	1
38.0	49.49742261192855	63.05374015050719	1	1
53.0	67.39528095680693	48.356801693808116	1	1
3.0	61.621778264910674	46.72380853195266	1	1
88.0	72.59143337951357	51.62278801751902	1	1
8.0	94.53074360871942	79.3836717690617	1	1
7.0	53.53887449625592	87.54863757833897	1	1
4.0	93.37604307034016	48.356801693808116	1	1
14.0	48.3427220735493	90.81462390204987	1	1
89.0	43.14656965084267	87.54863757833897	1	1
63.0	53.53887449625592	61.420746988651736	1	1
82.0	14.856406460551016	98.97958971132714	1	1
41.0	84.71578903249575	81.01666493091716	1	1
53.0	53.53887449625592	87.54863757833897	1	1
65.0	65.08587988004842	7.5319726474218065	1	1
92.0	24.094010767585033	64.68673331236263	1	1
95.0	9.660254037844386	20.595917942265427	1	1
44.0	4.464101615137754	14.063945294843617	1	1
8.0	17.16580753730952	61.420746988651736	1	1
1.0	40.837168574084174	30.39387691339814	1	1
80.0	14.856406460551016	98.97958971132714	1	1
72.0	37.95041722813605	90.81462390204987	1	1
5.0	39.68246803570492	94.08061022576078	1	1
9.0	40.837168574084174	66.31972647421809	1	1
82.0	37.95041722813605	38.5588427226754	1	1
96.0	3.309401076758503	81.01666493091716	1	1
4.0	93.37604307034016	71.21870595978444	1	1
47.0	50.07477288111817	45.09081537009721	1	1
97.0	91.64399226277128	54.888774341229926	1	1
84.0	44.87862045841155	90.81462390204987	1	1
45.0	61.621778264910674	23.86190426597633	1	1
98.0	24.094010767585033	48.356801693808116	1	1
93.0	68.54998149518619	98.97958971132714	1	1
27.0	60.46707772653142	18.962924780409974	1	1
30.0	48.3427220735493	77.75067860720625	1	1
47.0	84.71578903249575	12.430952132988164	1	1
41.0	44.301270189221924	85.91564441648352	1	1
17.0	96.2627944162883	17.32993161855452	1	1
1.0	5.04145188432738	12.430952132988164	1	1
64.0	41.4145188432738	71.21870595978444	1	1
30.0	20.629909152447276	84.28265125462806	1	1
33.0	57.00297611139367	58.15476066494083	1	1
67.0	61.621778264910674	85.91564441648352	1	1
98.0	93.37604307034016	77.75067860720625	1	1
56.0	32.1769145362398	7.5319726474218065	1	1
84.0	44.87862045841155	58.15476066494083	1	1
30.0	20.629909152447276	15.696938456699069	1	1
36.0	48.3427220735493	97.34659654947168	1	1
77.0	6.196152422706632	33.65986323710904	1	1
49.0	36.21836642056717	12.430952132988164	1	1
42.0	87.60254037844389	56.52176750308538	1	1
47.0	91.64399226277128	15.696938456699069	1	1
87.0	11.969655114602887	9.164965809277259	1	1
76.0	25.248711305964285	98.97958971132714	1	1
84.0	80.67433714816836	36.92584956081995	1	1
88.0	84.13843876330613	49.98979485566357	1	1
43.0	54.693575034635174	4.265986323710903	1	1
95.0	46.61067126598042	58.15476066494083	1	1
54.0	10.23760430703401	90.81462390204987	1	1
92.0	51.80682368868705	51.62278801751902	1	1
56.0	7.928203230275509	4.265986323710903	1	1
86.0	94.53074360871942	7.5319726474218065	1	1
70.0	18.32050807568877	79.3836717690617	1	1
73.0	46.61067126598042	22.22891110412088	1	1
65.0	85.87048957087501	46.72380853195266	1	1
98.0	93.37604307034016	5.898979485566355	1	1
95.0	75.47818472546172	46.72380853195266	1	1
12.0	73.74613391789283	17.32993161855452	1	1
84.0	1.0	27.127890589687237	1	1
75.0	32.75426480542942	74.48469228349535	1	1
69.0	8.505553499465133	15.696938456699069	1	1
54.0	96.84014468547792	9.164965809277259	1	1
71.0	95.10809387790904	67.95271963607354	1	1
46.0	89.9119414552024	81.01666493091716	1	1
68.0	1.0	76.1176854453508	1	1
52.0	79.5196366097891	28.76088375154269	1	1
9.0	29.29016319029167	5.898979485566355	1	1
11.0	95.10809387790904	41.824829046386306	1	1
84.0	93.37604307034016	90.81462390204987	1	1
20.0	69.12733176437581	74.48469228349535	1	1
4.0	59.8897274573418	46.72380853195266	1	1
43.0	30.44486372867092	49.98979485566357	1	1
20.0	51.80682368868705	2.6329931618554516	1	1
56.0	35.64101615137755	85.91564441648352	1	1
7.0	85.87048957087501	20.595917942265427	1	1
34.0	59.8897274573418	66.31972647421809	1	1
45.0	30.44486372867092	95.71360338761623	1	1
31.0	95.10809387790904	71.21870595978444	1	1
60.0	82.98373822492687	87.54863757833897	1	1
65.0	61.621778264910674	72.8516991216399	1	1
74.0	77.2102355330306	46.72380853195266	1	1
93.0	32.75426480542942	32.02687007525359	1	1
80.0	18.32050807568877	46.72380853195266	1	1
27.0	36.21836642056717	84.28265125462806	1	1
81.0	16.588457268119893	36.92584956081995	1	1
87.0	2.732050807568877	82.64965809277261	1	1
53.0	92.79869280115054	66.31972647421809	1	1
68.0	96.84014468547792	25.494897427831784	1	1
92.0	62.199128534100296	18.962924780409974	1	1
9.0	96.2627944162883	66.31972647421809	1	1
82.0	35.64101615137755	7.5319726474218065	1	1
24.0	13.701705922171763	28.76088375154269	1	1
81.0	98.5721954930468	74.48469228349535	1	1
91.0	67.39528095680693	32.02687007525359	1	1
44.0	96.84014468547792	54.888774341229926	1	1
38.0	3.309401076758503	84.28265125462806	1	1
32.0	84.13843876330613	49.98979485566357	1	1
40.0	21.784609690826528	63.05374015050719	1	1
49.0	36.21836642056717	41.824829046386306	1	1
30.0	80.67433714816836	76.1176854453508	1	1
80.0	70.28203230275507	43.45782220824176	1	1
79.0	70.85938257194469	38.5588427226754	1	1
12.0	1.0	85.91564441648352	1	1
17.0	33.908965343808674	66.31972647421809	1	1
34.0	14.856406460551016	40.19183588453085	1	1
77.0	11.969655114602887	22.22891110412088	1	1
2.0	93.37604307034016	45.09081537009721	1	1
16.0	24.094010767585033	35.292856398964496	1	1
41.0	36.21836642056717	32.02687007525359	1	1
32.0	32.1769145362398	43.45782220824176	1	1
97.0	72.01408311032395	92.44761706390533	1	1
66.0	82.98373822492687	51.62278801751902	1	1
70.0	93.37604307034016	67.95271963607354	1	1
87.0	33.908965343808674	95.71360338761623	1	1
22.0	24.094010767585033	71.21870595978444	1	1
62.0	62.199128534100296	2.6329931618554516	1	1
77.0	57.00297611139367	9.164965809277259	1	1
58.0	10.23760430703401	48.356801693808116	1	1
63.0	84.71578903249575	81.01666493091716	1	1
6.0	44.87862045841155	54.888774341229926	1	1
94.0	73.74613391789283	89.18163074019442	1	1
78.0	27.55811238272279	58.15476066494083	1	1
34.0	72.59143337951357	18.962924780409974	1	1
79.0	50.07477288111817	48.356801693808116	1	1
21.0	26.980762113533164	56.52176750308538	1	1
2.0	79.5196366097891	71.21870595978444	1	1
96.0	27.55811238272279	15.696938456699069	1	1
76.0	10.23760430703401	38.5588427226754	1	1
92.0	76.05553499465134	74.48469228349535	1	1
20.0	73.74613391789283	20.595917942265427	1	1
22.0	17.16580753730952	12.430952132988164	1	1
70.0	97.99484522385718	92.44761706390533	1	1
45.0	92.79869280115054	59.78775382679628	1	1
98.0	96.84014468547792	71.21870595978444	1	1
93.0	18.897858344878397	84.28265125462806	1	1
41.0	2.732050807568877	36.92584956081995	1	1
62.0	48.3427220735493	48.356801693808116	1	1
63.0	70.85938257194469	25.494897427831784	1	1
54.0	62.199128534100296	41.824829046386306	1	1
79.0	26.980762113533164	79.3836717690617	1	1
83.0	67.39528095680693	74.48469228349535	1	1
12.0	7.928203230275509	53.25578117937447	1	1
86.0	56.42562584220405	40.19183588453085	1	1
1.0	78.94228634059948	82.64965809277261	1	1
66.0	4.464101615137754	46.72380853195266	1	1
45.0	58.157676649772924	69.58571279792899	1	1
24.0	31.022213997860547	12.430952132988164	1	1
61.0	15.43375672974064	45.09081537009721	1	1
27.0	9.660254037844386	10.797958971132712	1	1
18.0	76.05553499465134	9.164965809277259	1	1
83.0	58.157676649772924	46.72380853195266	1	1
89.0	60.46707772653142	54.888774341229926	1	1
36.0	59.8897274573418	59.78775382679628	1	1
50.0	13.701705922171763	41.824829046386306	1	1
94.0	86.44783984006463	32.02687007525359	1	1
24.0	77.2102355330306	20.595917942265427	1	1
50.0	14.856406460551016	79.3836717690617	1	1
35.0	30.44486372867092	10.797958971132712	1	1
68.0	56.42562584220405	33.65986323710904	1	1
51.0	1.5773502691896257	2.6329931618554516	1	1
58.0	52.9615242270663	66.31972647421809	1	1
60.0	76.05553499465134	81.01666493091716	1	1
51.0	40.837168574084174	36.92584956081995	1	1
40.0	59.8897274573418	36.92584956081995	1	1
20.0	35.64101615137755	4.265986323710903	1	1
63.0	1.5773502691896257	12.430952132988164	1	1
31.0	63.93117934166917	45.09081537009721	1	1
88.0	77.2102355330306	92.44761706390533	1	1
14.0	1.0	49.98979485566357	1	1
93.0	47.765371804359674	72.8516991216399	1	1
10.0	1.0	66.31972647421809	1	1
65.0	74.32348418708246	38.5588427226754	1	1
87.0	15.43375672974064	22.22891110412088	1	1
21.0	72.01408311032395	46.72380853195266	1	1
6.0	6.773502691896256	54.888774341229926	1	1
55.0	75.47818472546172	98.97958971132714	1	1
21.0	8.505553499465133	87.54863757833897	1	1
71.0	47.765371804359674	63.05374015050719	1	1
23.0	15.43375672974064	25.494897427831784	1	1
94.0	28.712812921102042	49.98979485566357	1	1
60.0	94.53074360871942	56.52176750308538	1	1
69.0	92.79869280115054	17.32993161855452	1	1
43.0	82.40638795573724	85.91564441648352	1	1
77.0	46.61067126598042	77.75067860720625	1	1
73.0	74.32348418708246	87.54863757833897	1	1
98.0	49.49742261192855	14.063945294843617	1	1
37.0	11.969655114602887	77.75067860720625	1	1
70.0	44.87862045841155	38.5588427226754	1	1
69.0	63.93117934166917	51.62278801751902	1	1
43.0	29.29016319029167	12.430952132988164	1	1
10.0	72.59143337951357	35.292856398964496	1	1
34.0	82.98373822492687	5.898979485566355	1	1
42.0	65.66323014923805	9.164965809277259	1	1
89.0	13.124355652982139	59.78775382679628	1	1
66.0	20.629909152447276	32.02687007525359	1	1
53.0	75.47818472546172	14.063945294843617	1	1
22.0	1.0	46.72380853195266	1	1
79.0	81.25168741735799	67.95271963607354	1	1
70.0	89.9119414552024	67.95271963607354	1	1
68.0	52.9615242270663	76.1176854453508	1	1
29.0	92.79869280115054	27.127890589687237	1	1
51.0	85.87048957087501	98.97958971132714	1	1
59.0	91.64399226277128	97.34659654947168	1	1
94.0	3.309401076758503	38.5588427226754	1	1
95.0	46.61067126598042	94.08061022576078	1	1
94.0	1.0	85.91564441648352	1	1
83.0	68.54998149518619	33.65986323710904	1	1
82.0	21.784609690826528	40.19183588453085	1	1
87.0	6.196152422706632	7.5319726474218065	1	1
63.0	1.5773502691896257	51.62278801751902	1	1
65.0	43.14656965084267	58.15476066494083	1	1
64.0	65.66323014923805	25.494897427831784	1	1
61.0	63.93117934166917	67.95271963607354	1	1
36.0	24.094010767585033	12.430952132988164	1	1
28.0	17.16580753730952	35.292856398964496	1	1
42.0	79.5196366097891	9.164965809277259	1	1
86.0	96.84014468547792	94.08061022576078	1	1
49.0	84.71578903249575	74.48469228349535	1	1
58.0	86.44783984006463	32.02687007525359	1	1
66.0	48.3427220735493	22.22891110412088	1	1
10.0	97.99484522385718	85.91564441648352	1	1
18.0	69.12733176437581	64.68673331236263	1	1
47.0	40.837168574084174	14.063945294843617	1	1
10.0	93.37604307034016	51.62278801751902	1	1
16.0	37.95041722813605	22.22891110412088	1	1
60.0	80.67433714816836	27.127890589687237	1	1
19.0	51.229473419497424	85.91564441648352	1	1
19.0	43.14656965084267	35.292856398964496	1	1
35.0	15.43375672974064	28.76088375154269	1	1
76.0	46.0333209967908	27.127890589687237	1	1
72.0	82.98373822492687	9.164965809277259	1	1
88.0	28.712812921102042	36.92584956081995	1	1
42.0	11.392304845413262	23.86190426597633	1	1
52.0	42.56921938165305	92.44761706390533	1	1
69.0	72.01408311032395	7.5319726474218065	1	1
46.0	34.4863156129983	61.420746988651736	1	1
85.0	5.04145188432738	38.5588427226754	1	1
24.0	32.1769145362398	23.86190426597633	1	1
49.0	39.68246803570492	58.15476066494083	1	1
23.0	47.765371804359674	36.92584956081995	1	1
9.0	54.693575034635174	82.64965809277261	1	1
18.0	31.022213997860547	12.430952132988164	1	1
39.0	53.53887449625592	64.68673331236263	1	1
72.0	80.67433714816836	72.8516991216399	1	1
52.0	87.60254037844389	82.64965809277261	1	1
26.0	62.199128534100296	32.02687007525359	1	1
21.0	26.980762113533164	17.32993161855452	1	1
17.0	91.64399226277128	5.898979485566355	1	1
95.0	13.124355652982139	53.25578117937447	1	1
15.0	91.64399226277128	9.164965809277259	1	1
97.0	22.361959960016154	67.95271963607354	1	1
54.0	87.60254037844389	10.797958971132712	1	1
38.0	65.66323014923805	71.21870595978444	1	1
72.0	93.37604307034016	71.21870595978444	1	1
5.0	39.68246803570492	25.494897427831784	1	1
17.0	89.33459118601277	59.78775382679628	1	1
59.0	5.04145188432738	32.02687007525359	1	1
98.0	21.784609690826528	33.65986323710904	1	1
67.0	47.765371804359674	23.86190426597633	1	1
97.0	51.229473419497424	85.91564441648352	1	1
28.0	69.12733176437581	67.95271963607354	1	1
71.0	47.765371804359674	40.19183588453085	1	1
5.0	77.78758580222022	5.898979485566355	1	1
34.0	18.32050807568877	66.31972647421809	1	1
51.0	58.157676649772924	33.65986323710904	1	1
14.0	73.74613391789283	20.595917942265427	1	1
5.0	36.21836642056717	84.28265125462806	1	1
42.0	76.05553499465134	28.76088375154269	1	1
37.0	60.46707772653142	71.21870595978444	1	1
41.0	1.5773502691896257	71.21870595978444	1	1
82.0	42.56921938165305	82.64965809277261	1	1
43.0	11.969655114602887	94.08061022576078	1	1
27.0	25.82606157515391	58.15476066494083	1	1
43.0	18.897858344878397	74.48469228349535	1	1
84.0	76.05553499465134	9.164965809277259	1	1
58.0	94.53074360871942	76.1176854453508	1	1
78.0	73.74613391789283	79.3836717690617	1	1
26.0	28.712812921102042	79.3836717690617	1	1
51.0	84.71578903249575	41.824829046386306	1	1
83.0	16.588457268119893	79.3836717690617	1	1
22.0	34.4863156129983	15.696938456699069	1	1
37.0	8.505553499465133	32.02687007525359	1	1
22.0	6.773502691896256	97.34659654947168	1	1
98.0	87.60254037844389	79.3836717690617	1	1
57.0	29.29016319029167	32.02687007525359	1	1
96.0	11.392304845413262	40.19183588453085	1	1
51.0	65.08587988004842	1.0	1	1
62.0	37.95041722813605	25.494897427831784	1	1
37.0	53.53887449625592	94.08061022576078	1	1
78.0	66.8179306876173	40.19183588453085	1	1
27.0	5.04145188432738	67.95271963607354	1	1
6.0	46.0333209967908	92.44761706390533	1	1
59.0	67.39528095680693	87.54863757833897	1	1
3.0	67.39528095680693	5.898979485566355	1	1
30.0	77.2102355330306	40.19183588453085	1	1
88.0	93.37604307034016	94.08061022576078	1	1
37.0	60.46707772653142	87.54863757833897	1	1
39.0	81.25168741735799	64.68673331236263	1	1
42.0	72.59143337951357	22.22891110412088	1	1
39.0	18.897858344878397	15.696938456699069	1	1
3.0	33.908965343808674	79.3836717690617	1	1
80.0	55.2709253038248	81.01666493091716	1	1
56.0	27.55811238272279	74.48469228349535	1	1
96.0	3.309401076758503	84.28265125462806	1	1
8.0	56.42562584220405	98.97958971132714	1	1
27.0	95.10809387790904	22.22891110412088	1	1
55.0	72.01408311032395	17.32993161855452	1	1
62.0	31.022213997860547	97.34659654947168	1	1
5.0	58.157676649772924	17.32993161855452	1	1
7.0	57.00297611139367	58.15476066494083	1	1
31.0	88.17989064763351	41.824829046386306	1	1
53.0	81.25168741735799	64.68673331236263	1	1
37.0	30.44486372867092	43.45782220824176	1	1
66.0	70.28203230275507	59.78775382679628	1	1
60.0	89.9119414552024	84.28265125462806	1	1
73.0	61.621778264910674	30.39387691339814	1	1
1.0	89.33459118601277	43.45782220824176	1	1
94.0	11.392304845413262	23.86190426597633	1	1
97.0	39.68246803570492	15.696938456699069	1	1
70.0	31.022213997860547	25.494897427831784	1	1
69.0	68.54998149518619	30.39387691339814	1	1
61.0	46.61067126598042	58.15476066494083	1	1
80.0	86.44783984006463	87.54863757833897	1	1
47.0	85.87048957087501	14.063945294843617	1	1
26.0	93.37604307034016	90.81462390204987	1	1
95.0	30.44486372867092	46.72380853195266	1	1
25.0	61.621778264910674	69.58571279792899	1	1
11.0	43.14656965084267	5.898979485566355	1	1
60.0	1.0	33.65986323710904	1	1
88.0	91.06664199358165	95.71360338761623	1	1
43.0	40.837168574084174	66.31972647421809	1	1
83.0	77.78758580222022	67.95271963607354	1	1
96.0	94.53074360871942	59.78775382679628	1	1
68.0	86.44783984006463	15.696938456699069	1	1
86.0	46.0333209967908	30.39387691339814	1	1
1.0	61.621778264910674	30.39387691339814	1	1
73.0	51.229473419497424	7.5319726474218065	1	1
55.0	8.505553499465133	9.164965809277259	1	1
81.0	1.5773502691896257	25.494897427831784	1	1
95.0	29.29016319029167	35.292856398964496	1	1
88.0	49.49742261192855	66.31972647421809	1	1
99.0	84.71578903249575	61.420746988651736	1	1
51.0	40.837168574084174	7.5319726474218065	1	1
43.0	13.124355652982139	43.45782220824176	1	1
16.0	20.629909152447276	67.95271963607354	1	1
65.0	60.46707772653142	61.420746988651736	1	1
81.0	53.53887449625592	61.420746988651736	1	1
26.0	14.856406460551016	98.97958971132714	1	1
67.0	9.660254037844386	49.98979485566357	1	1
63.0	8.505553499465133	74.48469228349535	1	1
74.0	55.2709253038248	71.21870595978444	1	1
24.0	42.56921938165305	40.19183588453085	1	1
16.0	31.022213997860547	97.34659654947168	1	1
97.0	75.47818472546172	1.0	1	1
77.0	11.969655114602887	64.68673331236263	1	1
91.0	53.53887449625592	28.76088375154269	1	1
82.0	87.60254037844389	59.78775382679628	1	1
18.0	28.712812921102042	59.78775382679628	1	1
31.0	61.621778264910674	82.64965809277261	1	1
56.0	46.0333209967908	7.5319726474218065	1	1
53.0	33.908965343808674	82.64965809277261	1	1
82.0	56.42562584220405	43.45782220824176	1	1
7.0	20.05255888325765	4.265986323710903	1	1
88.0	14.856406460551016	85.91564441648352	1	1
87.0	63.93117934166917	9.164965809277259	1	1
94.0	3.309401076758503	32.02687007525359	1	1
84.0	51.80682368868705	38.5588427226754	1	1
6.0	32.1769145362398	20.595917942265427	1	1
94.0	77.2102355330306	82.64965809277261	1	1
6.0	70.28203230275507	20.595917942265427	1	1
76.0	11.392304845413262	63.05374015050719	1	1
27.0	72.01408311032395	95.71360338761623	1	1
75.0	78.94228634059948	79.3836717690617	1	1
14.0	80.67433714816836	46.72380853195266	1	1
45.0	36.21836642056717	74.48469228349535	1	1
43.0	20.05255888325765	40.19183588453085	1	1
46.0	17.16580753730952	45.09081537009721	1	1
34.0	13.701705922171763	9.164965809277259	1	1
85.0	29.29016319029167	90.81462390204987	1	1
26.0	31.022213997860547	51.62278801751902	1	1
84.0	18.32050807568877	7.5319726474218065	1	1
41.0	46.61067126598042	38.5588427226754	1	1
49.0	88.17989064763351	48.356801693808116	1	1
58.0	87.60254037844389	20.595917942265427	1	1
59.0	65.08587988004842	82.64965809277261	1	1
5.0	39.68246803570492	32.02687007525359	1	1
44.0	20.629909152447276	9.164965809277259	1	1
42.0	49.49742261192855	53.25578117937447	1	1
38.0	93.37604307034016	2.6329931618554516	1	1
37.0	98.5721954930468	77.75067860720625	1	1
84.0	24.094010767585033	35.292856398964496	1	1
7.0	57.00297611139367	41.824829046386306	1	1
48.0	41.4145188432738	94.08061022576078	1	1
34.0	66.8179306876173	7.5319726474218065	1	1
31.0	26.980762113533164	27.127890589687237	1	1
35.0	22.361959960016154	74.48469228349535	1	1
62.0	31.022213997860547	61.420746988651736	1	1
52.0	28.712812921102042	49.98979485566357	1	1
98.0	21.784609690826528	27.127890589687237	1	1
33.0	36.21836642056717	94.08061022576078	1	1
85.0	95.10809387790904	45.09081537009721	1	1
16.0	96.84014468547792	67.95271963607354	1	1
42.0	76.05553499465134	45.09081537009721	1	1
35.0	95.10809387790904	32.02687007525359	1	1
78.0	1.0	40.19183588453085	1	1
82.0	25.248711305964285	46.72380853195266	1	1
86.0	28.712812921102042	23.86190426597633	1	1
86.0	65.66323014923805	84.28265125462806	1	1
99.0	23.516660498395407	49.98979485566357	1	1
14.0	48.3427220735493	12.430952132988164	1	1
86.0	72.59143337951357	51.62278801751902	1	1
79.0	6.196152422706632	89.18163074019442	1	1
52.0	37.95041722813605	48.356801693808116	1	1
56.0	94.53074360871942	53.25578117937447	1	1
82.0	31.022213997860547	61.420746988651736	1	1
2.0	31.022213997860547	64.68673331236263	1	1
72.0	91.06664199358165	40.19183588453085	1	1
85.0	1.5773502691896257	41.824829046386306	1	1
73.0	65.08587988004842	20.595917942265427	1	1
4.0	3.309401076758503	51.62278801751902	1	1
25.0	61.621778264910674	17.32993161855452	1	1
38.0	58.73502691896255	2.6329931618554516	1	1
32.0	76.05553499465134	2.6329931618554516	1	1
28.0	49.49742261192855	46.72380853195266	1	1
2.0	51.80682368868705	97.34659654947168	1	1
14.0	3.309401076758503	77.75067860720625	1	1
92.0	24.094010767585033	38.5588427226754	1	1
19.0	6.196152422706632	72.8516991216399	1	1
37.0	22.361959960016154	71.21870595978444	1	1
57.0	5.04145188432738	54.888774341229926	1	1
21.0	85.87048957087501	43.45782220824176	1	1
11.0	23.516660498395407	72.8516991216399	1	1
65.0	6.196152422706632	7.5319726474218065	1	1
53.0	96.2627944162883	17.32993161855452	1	1
48.0	76.05553499465134	94.08061022576078	1	1
92.0	41.4145188432738	74.48469228349535	1	1
11.0	2.732050807568877	40.19183588453085	1	1
1.0	70.85938257194469	71.21870595978444	1	1
34.0	20.629909152447276	9.164965809277259	1	1
6.0	25.248711305964285	53.25578117937447	1	1
60.0	66.8179306876173	66.31972647421809	1	1
21.0	92.79869280115054	79.3836717690617	1	1
71.0	72.01408311032395	69.58571279792899	1	1
76.0	49.49742261192855	36.92584956081995	1	1
72.0	39.1051177665153	82.64965809277261	1	1
85.0	57.00297611139367	5.898979485566355	1	1
70.0	17.16580753730952	81.01666493091716	1	1
19.0	74.32348418708246	45.09081537009721	1	1
61.0	53.53887449625592	32.02687007525359	1	1
58.0	89.9119414552024	5.898979485566355	1	1
40.0	28.712812921102042	7.5319726474218065	1	1
13.0	36.21836642056717	71.21870595978444	1	1
70.0	49.49742261192855	14.063945294843617	1	1
41.0	46.61067126598042	32.02687007525359	1	1
81.0	91.64399226277128	22.22891110412088	1	1
22.0	73.74613391789283	36.92584956081995	1	1
84.0	14.856406460551016	49.98979485566357	1	1
70.0	13.701705922171763	87.54863757833897	1	1
69.0	32.75426480542942	28.76088375154269	1	1
6.0	10.23760430703401	64.68673331236263	1	1
70.0	17.16580753730952	51.62278801751902	1	1
23.0	74.32348418708246	58.15476066494083	1	1
34.0	17.16580753730952	38.5588427226754	1	1
88.0	72.59143337951357	51.62278801751902	1	1
84.0	77.2102355330306	85.91564441648352	1	1
65.0	81.25168741735799	32.02687007525359	1	1
12.0	44.87862045841155	64.68673331236263	1	1
57.0	5.04145188432738	45.09081537009721	1	1
8.0	24.094010767585033	61.420746988651736	1	1
25.0	57.00297611139367	58.15476066494083	1	1
85.0	51.229473419497424	4.265986323710903	1	1
62.0	77.2102355330306	46.72380853195266	1	1
95.0	81.25168741735799	15.696938456699069	1	1
32.0	28.712812921102042	40.19183588453085	1	1
63.0	23.516660498395407	59.78775382679628	1	1
25.0	75.47818472546172	49.98979485566357	1	1
54.0	10.23760430703401	94.08061022576078	1	1
8.0	1.0	76.1176854453508	1	1
84.0	17.16580753730952	74.48469228349535	1	1
54.0	80.67433714816836	49.98979485566357	1	1
68.0	46.0333209967908	23.86190426597633	1	1
58.0	27.55811238272279	84.28265125462806	1	1
87.0	96.2627944162883	14.063945294843617	1	1
74.0	48.3427220735493	81.01666493091716	1	1
5.0	11.969655114602887	45.09081537009721	1	1
66.0	65.66323014923805	81.01666493091716	1	1
31.0	43.14656965084267	48.356801693808116	1	1
76.0	89.9119414552024	58.15476066494083	1	1
19.0	18.897858344878397	48.356801693808116	1	1
62.0	96.84014468547792	67.95271963607354	1	1
42.0	1.0	89.18163074019442	1	1
9.0	8.505553499465133	45.09081537009721	1	1
16.0	84.13843876330613	40.19183588453085	1	1
36.0	66.8179306876173	7.5319726474218065	1	1
34.0	62.199128534100296	61.420746988651736	1	1
23.0	82.40638795573724	40.19183588453085	1	1
85.0	5.04145188432738	12.430952132988164	1	1
6.0	17.16580753730952	84.28265125462806	1	1
58.0	91.06664199358165	4.265986323710903	1	1
16.0	35.64101615137755	66.31972647421809	1	1
8.0	89.9119414552024	74.48469228349535	1	1
45.0	18.897858344878397	94.08061022576078	1	1
70.0	66.8179306876173	92.44761706390533	1	1
27.0	22.361959960016154	81.01666493091716	1	1
88.0	59.8897274573418	69.58571279792899	1	1
13.0	74.32348418708246	77.75067860720625	1	1
86.0	79.5196366097891	18.962924780409974	1	1
89.0	82.40638795573724	98.97958971132714	1	1
52.0	1.0	85.91564441648352	1	1
4.0	66.8179306876173	53.25578117937447	1	1
45.0	89.33459118601277	98.97958971132714	1	1
92.0	3.309401076758503	71.21870595978444	1	1
10.0	63.35382907247955	85.91564441648352	1	1
56.0	58.73502691896255	90.81462390204987	1	1
78.0	17.16580753730952	41.824829046386306	1	1
60.0	56.42562584220405	30.39387691339814	1	1
93.0	70.85938257194469	94.08061022576078	1	1
32.0	31.022213997860547	97.34659654947168	1	1
92.0	13.701705922171763	84.28265125462806	1	1
1.0	51.229473419497424	56.52176750308538	1	1
5.0	70.85938257194469	67.95271963607354	1	1
72.0	66.8179306876173	49.98979485566357	1	1
24.0	37.95041722813605	9.164965809277259	1	1
83.0	36.21836642056717	81.01666493091716	1	1
54.0	80.67433714816836	43.45782220824176	1	1
70.0	25.248711305964285	49.98979485566357	1	1
51.0	6.196152422706632	76.1176854453508	1	1
53.0	30.44486372867092	69.58571279792899	1	1
45.0	16.588457268119893	23.86190426597633	1	1
30.0	96.84014468547792	61.420746988651736	1	1
87.0	68.54998149518619	20.595917942265427	1	1
33.0	96.2627944162883	46.72380853195266	1	1
39.0	84.71578903249575	32.02687007525359	1	1
69.0	47.765371804359674	92.44761706390533	1	1
73.0	32.75426480542942	61.420746988651736	1	1
87.0	43.14656965084267	97.34659654947168	1	1
13.0	36.21836642056717	18.962924780409974	1	1
60.0	1.0	66.31972647421809	1	1
60.0	94.53074360871942	36.92584956081995	1	1
7.0	5.04145188432738	77.75067860720625	1	1
39.0	33.908965343808674	27.127890589687237	1	1
50.0	87.60254037844389	40.19183588453085	1	1
34.0	76.05553499465134	22.22891110412088	1	1
4.0	70.28203230275507	95.71360338761623	1	1
14.0	56.42562584220405	49.98979485566357	1	1
38.0	35.64101615137755	10.797958971132712	1	1
56.0	52.9615242270663	59.78775382679628	1	1
81.0	68.54998149518619	98.97958971132714	1	1
67.0	88.17989064763351	84.28265125462806	1	1
72.0	44.87862045841155	41.824829046386306	1	1
73.0	68.54998149518619	46.72380853195266	1	1
30.0	18.32050807568877	10.797958971132712	1	1
9.0	6.196152422706632	63.05374015050719	1	1
65.0	46.61067126598042	51.62278801751902	1	1
48.0	49.49742261192855	95.71360338761623	1	1
1.0	37.373066958946424	30.39387691339814	1	1
73.0	36.21836642056717	90.81462390204987	1	1
45.0	89.33459118601277	43.45782220824176	1	1
58.0	14.856406460551016	82.64965809277261	1	1
15.0	63.93117934166917	35.292856398964496	1	1
79.0	20.05255888325765	85.91564441648352	1	1
99.0	61.621778264910674	43.45782220824176	1	1
64.0	58.73502691896255	81.01666493091716	1	1
24.0	6.773502691896256	64.68673331236263	1	1
23.0	81.25168741735799	84.28265125462806	1	1
69.0	39.68246803570492	54.888774341229926	1	1
13.0	40.837168574084174	33.65986323710904	1	1
84.0	93.37604307034016	84.28265125462806	1	1
25.0	82.40638795573724	14.063945294843617	1	1
41.0	2.732050807568877	85.91564441648352	1	1
71.0	82.40638795573724	53.25578117937447	1	1
50.0	6.773502691896256	74.48469228349535	1	1
79.0	8.505553499465133	41.824829046386306	1	1
10.0	20.629909152447276	12.430952132988164	1	1
4.0	44.87862045841155	81.01666493091716	1	1
95.0	37.373066958946424	69.58571279792899	1	1
48.0	14.856406460551016	56.52176750308538	1	1
13.0	23.516660498395407	82.64965809277261	1	1
39.0	8.505553499465133	15.696938456699069	1	1
88.0	69.12733176437581	94.08061022576078	1	1
4.0	25.248711305964285	30.39387691339814	1	1
22.0	27.55811238272279	90.81462390204987	1	1
41.0	78.94228634059948	98.97958971132714	1	1
89.0	40.837168574084174	85.91564441648352	1	1
16.0	27.55811238272279	71.21870595978444	1	1
47.0	81.25168741735799	25.494897427831784	1	1
47.0	54.693575034635174	92.44761706390533	1	1
47.0	81.25168741735799	41.824829046386306	1	1
78.0	89.9119414552024	71.21870595978444	1	1
6.0	28.712812921102042	36.92584956081995	1	1
49.0	88.17989064763351	51.62278801751902	1	1
2.0	34.4863156129983	22.22891110412088	1	1
22.0	77.2102355330306	10.797958971132712	1	1
2.0	31.022213997860547	71.21870595978444	1	1
91.0	88.17989064763351	15.696938456699069	1	1
95.0	9.660254037844386	14.063945294843617	1	1
58.0	3.309401076758503	2.6329931618554516	1	1
67.0	95.10809387790904	64.68673331236263	1	1
76.0	69.12733176437581	18.962924780409974	1	1
2.0	51.80682368868705	32.02687007525359	1	1
34.0	79.5196366097891	67.95271963607354	1	1
68.0	93.37604307034016	45.09081537009721	1	1
49.0	15.43375672974064	25.494897427831784	1	1
69.0	63.93117934166917	87.54863757833897	1	1
95.0	89.33459118601277	95.71360338761623	1	1